# source: JorikJooken
# original path: jj_extract\knapsackProblemInstances-master\problemInstances\n_800_c_1000000_g_6_f_0.2_eps_0.01_s_100\test.in
# optimal value: 1003933
# format: n capacity, then weight value
800 1000000
510094 510072
510061 510084
510020 510060
510050 510072
510065 510061
510077 510083
510092 510048
510017 510011
510001 510048
510074 510042
510070 510084
510044 510094
510011 510050
510023 510019
510029 510017
510076 510060
510077 510046
510065 510030
510050 510027
510079 510033
510098 510076
510044 510090
510064 510033
510040 510064
510068 510029
510093 510071
510043 510067
510049 510098
510084 510028
510085 510040
510030 510011
510066 510089
510032 510057
510084 510065
510017 510090
510093 510079
510073 510012
510063 510015
510002 510035
510012 510084
510019 510089
510093 510060
510093 510063
510080 510033
510068 510051
510085 510014
510031 510096
510057 510085
510002 510078
510093 510097
510070 510012
510025 510046
510061 510082
510028 510068
510074 510078
510070 510011
510091 510057
510099 510084
510092 510098
510084 510036
510047 510094
510068 510021
510035 510014
510085 510010
510015 510009
510088 510065
510077 510057
510017 510051
510042 510018
510059 510051
510064 510034
510069 510058
510004 510031
510079 510027
510025 510045
510038 510026
510028 510074
510086 510066
510082 510056
510077 510021
510040 510013
510015 510033
510019 510062
510056 510006
510027 510063
510047 510091
510052 510015
510097 510061
510015 510068
510070 510051
510005 510058
510098 510059
510086 510075
510044 510053
510018 510076
510018 510029
510004 510088
510055 510084
510063 510098
510036 510018
510069 510022
510074 510038
510041 510050
510085 510069
510026 510052
510010 510080
510083 510013
510015 510039
510045 510041
510054 510052
510049 510032
510074 510070
510059 510075
510036 510058
510081 510062
510069 510025
510014 510042
510072 510004
510074 510050
510071 510069
510015 510051
510076 510023
510071 510096
510030 510058
510084 510066
510067 510066
510089 510047
510027 510058
260098 260058
260029 260098
260069 260091
260010 260005
260040 260033
260043 260023
260096 260055
260005 260008
260071 260007
260029 260009
260008 260090
260045 260084
260020 260048
260020 260099
260015 260086
260090 260094
260029 260099
260008 260073
260061 260061
260021 260068
260013 260094
260065 260063
260084 260010
260093 260076
260094 260013
260035 260021
260060 260031
260051 260090
260008 260031
260090 260017
260078 260014
260005 260089
260059 260095
260021 260061
260074 260040
260034 260045
260005 260032
260083 260016
260092 260014
260010 260042
260040 260075
260004 260069
260057 260044
260027 260083
260005 260050
260031 260077
260082 260068
260013 260023
260039 260017
260096 260045
260022 260059
260025 260086
260046 260027
260079 260097
260098 260011
260020 260082
260045 260085
260049 260046
260089 260023
260093 260083
260065 260039
260071 260075
260046 260044
260088 260076
260019 260060
260001 260074
260093 260022
260094 260003
260014 260098
260070 260078
260098 260043
260064 260089
260083 260080
260093 260093
260085 260055
260036 260074
260057 260022
260031 260068
260098 260039
260048 260087
260002 260028
260068 260092
260022 260092
260093 260037
260056 260077
260089 260014
260025 260033
260046 260007
260015 260057
260018 260001
260007 260085
260090 260058
260098 260001
260096 260001
260088 260056
260071 260099
260083 260015
260065 260008
260050 260005
260083 260008
260076 260022
260061 260074
260020 260050
260087 260041
260096 260029
260092 260018
260013 260027
260075 260021
260028 260012
260006 260026
260069 260045
260026 260028
260094 260012
260028 260007
260013 260096
260023 260093
260041 260063
260041 260015
260046 260082
260096 260012
260026 260015
260097 260024
260050 260014
260021 260052
260093 260038
260048 260005
260029 260001
260039 260054
135079 135075
135086 135010
135011 135081
135021 135026
135013 135064
135099 135034
135016 135010
135002 135053
135005 135049
135067 135049
135057 135064
135007 135092
135100 135086
135099 135098
135023 135079
135052 135035
135045 135084
135048 135098
135060 135021
135065 135005
135062 135003
135046 135059
135048 135047
135028 135031
135003 135073
135039 135031
135063 135044
135009 135083
135035 135080
135037 135008
135033 135030
135006 135084
135003 135007
135004 135061
135054 135009
135005 135098
135044 135027
135065 135087
135093 135092
135018 135071
135013 135002
135069 135087
135017 135061
135065 135092
135080 135049
135084 135099
135045 135014
135075 135071
135091 135098
135024 135050
135079 135073
135038 135009
135097 135053
135062 135055
135063 135033
135094 135100
135017 135083
135029 135041
135013 135096
135009 135089
135050 135063
135056 135024
135073 135099
135096 135093
135091 135074
135086 135016
135090 135098
135019 135035
135057 135087
135053 135061
135033 135061
135037 135016
135082 135099
135086 135084
135061 135072
135020 135062
135094 135018
135035 135053
135031 135045
135006 135029
135094 135067
135040 135049
135001 135065
135024 135060
135021 135040
135030 135098
135036 135095
135039 135086
135055 135013
135070 135098
135073 135021
135042 135073
135034 135056
135065 135054
135078 135084
135055 135016
135057 135098
135060 135099
135054 135097
135043 135051
135092 135015
135087 135088
135043 135088
135070 135086
135092 135062
135096 135070
135098 135034
135037 135076
135036 135003
135062 135011
135093 135099
135006 135018
135090 135014
135010 135003
135089 135029
135082 135096
135023 135054
135099 135010
135049 135022
135092 135072
135052 135083
135068 135026
135075 135061
135057 135062
135076 135034
135097 135047
135049 135079
135049 135073
72572 72586
72543 72595
72548 72566
72533 72587
72531 72575
72509 72503
72572 72509
72584 72548
72594 72547
72590 72565
72577 72582
72572 72557
72551 72577
72580 72544
72548 72523
72579 72506
72550 72547
72521 72598
72507 72513
72555 72507
72572 72575
72503 72534
72562 72568
72535 72563
72561 72535
72517 72526
72562 72594
72515 72516
72536 72530
72551 72562
72589 72583
72571 72552
72533 72537
72515 72586
72579 72571
72591 72525
72565 72513
72509 72511
72555 72533
72522 72570
72560 72568
72581 72568
72556 72580
72559 72580
72550 72549
72573 72506
72501 72513
72565 72589
72512 72549
72538 72570
72576 72533
72514 72557
72556 72582
72594 72563
72545 72597
72561 72526
72529 72596
72519 72564
72560 72567
72595 72537
72507 72573
72570 72576
72590 72578
72587 72538
72564 72573
72502 72535
72598 72600
72523 72583
72571 72538
72501 72550
72553 72559
72501 72580
72579 72592
72575 72563
72585 72532
72570 72582
72569 72571
72556 72556
72521 72596
72510 72502
72510 72520
72531 72587
72544 72576
72518 72527
72501 72555
72536 72517
72502 72512
72585 72591
72580 72582
72540 72551
72574 72559
72506 72501
72594 72558
72514 72508
72503 72537
72546 72574
72530 72501
72520 72573
72528 72502
72549 72519
72591 72582
72536 72566
72554 72597
72567 72512
72592 72543
72523 72537
72555 72535
72525 72524
72587 72505
72513 72579
72528 72522
72545 72566
72594 72587
72537 72506
72523 72569
72545 72592
72565 72570
72526 72595
72527 72505
72599 72561
72530 72550
72560 72510
72530 72585
72530 72504
72542 72503
72532 72571
72515 72537
72526 72536
41325 41325
41273 41333
41328 41253
41330 41283
41269 41340
41318 41349
41266 41256
41325 41293
41331 41287
41304 41325
41309 41287
41288 41309
41336 41298
41297 41258
41341 41317
41288 41314
41254 41343
41302 41277
41294 41350
41344 41309
41263 41262
41286 41305
41349 41302
41336 41308
41337 41335
41332 41313
41325 41266
41330 41269
41314 41338
41286 41314
41312 41260
41297 41265
41271 41306
41315 41309
41289 41323
41276 41292
41251 41350
41345 41306
41350 41261
41302 41267
41307 41254
41321 41329
41274 41321
41266 41276
41294 41297
41309 41343
41295 41272
41293 41347
41312 41281
41341 41303
41320 41298
41325 41288
41266 41307
41269 41294
41318 41282
41286 41269
41279 41271
41270 41284
41295 41296
41299 41256
41310 41274
41338 41279
41350 41336
41319 41265
41283 41316
41323 41320
41323 41257
41271 41261
41298 41257
41349 41280
41253 41297
41259 41330
41330 41278
41324 41350
41298 41266
41308 41292
41319 41315
41291 41308
41261 41308
41276 41289
41255 41258
41252 41317
41280 41326
41323 41346
41266 41269
41252 41288
41329 41262
41289 41339
41254 41341
41286 41348
41272 41283
41298 41304
41333 41305
41281 41274
41259 41292
41290 41284
41284 41300
41315 41260
41299 41288
41290 41293
41258 41272
41252 41312
41284 41304
41284 41306
41316 41294
41348 41328
41251 41274
41326 41312
41268 41314
41272 41315
41311 41315
41277 41319
41338 41266
41261 41315
41309 41288
41269 41252
41330 41254
41341 41317
41313 41331
41344 41325
41301 41278
41329 41278
41326 41331
41287 41258
41347 41270
41326 41284
41285 41349
41311 41325
94 10
63 30
95 24
65 45
66 70
35 96
70 16
70 98
6 67
45 76
73 68
5 80
40 93
73 34
31 20
29 37
70 41
70 22
50 33
22 29
56 88
24 48
14 13
77 31
89 96
93 25
76 96
70 49
65 29
81 34
72 15
18 14
1 88
21 73
55 71
12 7
67 72
37 20
4 77
27 82
98 83
41 39
3 11
92 56
27 60
9 64
95 15
10 50
14 53
38 3
13 94
93 9
68 65
100 30
57 88
7 74
23 32
19 45
85 100
8 98
67 38
2 74
27 69
25 36
31 28
89 4
8 68
96 64
40 35
86 28
28 94
81 54
2 15
35 16
6 32
79 41
6 45
1 63
53 66
57 75
8 76
78 55
3 59
31 92
33 12
45 88
92 18
18 80
47 73
60 85
89 6
82 49
89 82
2 40
48 36
14 10
36 58
1 57
84 17
3 99
40 100
86 86
5 93
52 69
67 66
85 26
75 28
19 63
32 55
63 93
23 24
18 99
34 19
46 58
13 12
71 32
92 50
74 76
11 48
11 77
67 38
53 25
55 10
26 60
43 34
85 39
31 45
88 42
17 87
2 97
28 37
71 85
16 77
17 68
80 91
86 65
57 8
100 87
96 81
38 57
93 55
23 80
92 29
16 36
33 74
36 12
80 3
26 18
32 16
13 5
54 19
11 86
71 38
85 44
76 81
57 99
61 56
30 80
74 78
88 65
