# source: JorikJooken
# original path: jj_extract\knapsackProblemInstances-master\problemInstances\n_1200_c_100000000_g_10_f_0.3_eps_0.01_s_200\test.in
# optimal value: 100021252
# format: n capacity, then weight value
1200 100000000
51000131 51000157
51000089 51000008
51000161 51000058
51000172 51000082
51000022 51000132
51000110 51000051
51000149 51000177
51000151 51000096
51000151 51000046
51000094 51000006
51000076 51000155
51000149 51000134
51000125 51000109
51000184 51000197
51000020 51000043
51000101 51000105
51000079 51000065
51000073 51000119
51000169 51000011
51000174 51000042
51000072 51000145
51000030 51000147
51000018 51000054
51000141 51000003
51000168 51000108
51000015 51000019
51000121 51000167
51000198 51000194
51000102 51000061
51000073 51000024
51000198 51000023
51000137 51000032
51000109 51000197
51000192 51000088
51000046 51000040
51000149 51000116
51000036 51000103
51000080 51000047
51000024 51000172
51000155 51000067
51000074 51000009
51000129 51000135
51000022 51000099
51000154 51000161
51000021 51000057
51000040 51000036
51000163 51000082
51000001 51000179
51000155 51000191
51000128 51000189
51000123 51000059
51000141 51000105
51000136 51000128
51000139 51000184
51000088 51000033
51000091 51000121
51000174 51000069
51000128 51000084
51000057 51000060
51000009 51000074
51000065 51000117
51000042 51000019
51000028 51000062
51000124 51000133
51000036 51000050
51000092 51000181
51000060 51000174
51000116 51000062
51000026 51000022
51000079 51000109
51000103 51000159
51000117 51000044
51000019 51000114
51000056 51000032
51000113 51000025
51000167 51000192
51000145 51000039
51000056 51000122
51000010 51000016
51000131 51000165
51000057 51000073
51000144 51000076
51000189 51000197
51000098 51000130
51000183 51000189
51000186 51000036
51000199 51000050
51000094 51000149
51000030 51000198
51000102 51000009
51000146 51000004
51000013 51000188
51000058 51000193
26000182 26000139
26000014 26000044
26000158 26000172
26000012 26000180
26000049 26000142
26000128 26000058
26000129 26000195
26000199 26000009
26000116 26000121
26000151 26000051
26000108 26000140
26000184 26000093
26000189 26000045
26000158 26000182
26000196 26000157
26000091 26000066
26000079 26000052
26000090 26000035
26000161 26000032
26000167 26000026
26000005 26000195
26000168 26000153
26000159 26000069
26000188 26000146
26000198 26000026
26000083 26000062
26000184 26000178
26000028 26000037
26000154 26000170
26000173 26000190
26000019 26000147
26000027 26000010
26000010 26000134
26000185 26000139
26000063 26000073
26000140 26000059
26000077 26000010
26000126 26000171
26000020 26000176
26000173 26000148
26000066 26000063
26000083 26000190
26000016 26000093
26000151 26000018
26000192 26000091
26000005 26000007
26000124 26000021
26000103 26000093
26000042 26000113
26000182 26000116
26000134 26000090
26000059 26000047
26000072 26000120
26000062 26000054
26000054 26000053
26000027 26000119
26000157 26000130
26000046 26000054
26000189 26000089
26000075 26000047
26000070 26000023
26000095 26000111
26000142 26000148
26000115 26000123
26000037 26000028
26000007 26000168
26000026 26000026
26000124 26000012
26000128 26000012
26000147 26000184
26000015 26000196
26000108 26000010
26000028 26000003
26000199 26000199
26000131 26000053
26000193 26000016
26000147 26000048
26000144 26000105
26000140 26000032
26000199 26000023
26000022 26000192
26000131 26000106
26000060 26000001
26000076 26000045
26000012 26000082
26000103 26000156
26000091 26000025
26000144 26000179
26000200 26000035
26000123 26000009
26000026 26000019
26000123 26000131
26000006 26000189
13500105 13500099
13500068 13500038
13500173 13500051
13500025 13500148
13500148 13500091
13500045 13500104
13500108 13500190
13500174 13500199
13500152 13500158
13500170 13500012
13500009 13500093
13500110 13500148
13500086 13500135
13500060 13500081
13500032 13500179
13500142 13500189
13500139 13500112
13500024 13500045
13500003 13500133
13500042 13500097
13500087 13500130
13500124 13500135
13500113 13500042
13500117 13500145
13500125 13500200
13500030 13500067
13500064 13500044
13500124 13500002
13500056 13500021
13500096 13500149
13500078 13500140
13500084 13500082
13500088 13500146
13500167 13500096
13500160 13500187
13500067 13500031
13500178 13500146
13500084 13500125
13500141 13500127
13500172 13500008
13500146 13500043
13500011 13500012
13500026 13500134
13500060 13500160
13500192 13500066
13500091 13500050
13500159 13500158
13500178 13500030
13500072 13500133
13500054 13500159
13500198 13500103
13500079 13500099
13500185 13500012
13500148 13500141
13500149 13500079
13500062 13500145
13500158 13500068
13500040 13500055
13500161 13500056
13500069 13500146
13500073 13500046
13500119 13500117
13500001 13500149
13500107 13500184
13500093 13500088
13500023 13500055
13500032 13500154
13500112 13500051
13500018 13500004
13500118 13500114
13500108 13500066
13500165 13500074
13500179 13500057
13500185 13500187
13500048 13500146
13500104 13500104
13500178 13500198
13500025 13500129
13500108 13500089
13500028 13500037
13500075 13500043
13500015 13500106
13500051 13500012
13500112 13500058
13500182 13500152
13500102 13500137
13500185 13500149
13500109 13500153
13500105 13500083
13500114 13500063
13500094 13500094
13500025 13500162
13500015 13500090
7250197 7250010
7250162 7250148
7250038 7250076
7250139 7250093
7250040 7250047
7250047 7250110
7250010 7250016
7250074 7250016
7250099 7250091
7250124 7250002
7250106 7250029
7250192 7250045
7250140 7250017
7250022 7250035
7250133 7250123
7250089 7250011
7250070 7250081
7250064 7250094
7250030 7250136
7250167 7250188
7250119 7250039
7250197 7250049
7250089 7250007
7250027 7250172
7250183 7250109
7250030 7250084
7250141 7250134
7250143 7250038
7250076 7250185
7250190 7250024
7250069 7250115
7250146 7250056
7250194 7250034
7250133 7250152
7250018 7250093
7250061 7250030
7250130 7250161
7250177 7250119
7250015 7250033
7250139 7250065
7250042 7250163
7250029 7250018
7250040 7250188
7250065 7250111
7250111 7250081
7250096 7250086
7250144 7250101
7250064 7250010
7250175 7250186
7250108 7250138
7250030 7250016
7250074 7250087
7250113 7250064
7250097 7250017
7250052 7250010
7250162 7250080
7250019 7250148
7250096 7250031
7250040 7250039
7250113 7250027
7250119 7250083
7250196 7250085
7250171 7250069
7250069 7250152
7250172 7250094
7250039 7250080
7250161 7250109
7250069 7250020
7250043 7250096
7250136 7250088
7250074 7250142
7250035 7250008
7250196 7250169
7250137 7250081
7250114 7250054
7250000 7250088
7250100 7250086
7250109 7250161
7250052 7250033
7250031 7250139
7250125 7250074
7250184 7250158
7250096 7250060
7250003 7250031
7250067 7250018
7250092 7250059
7250078 7250077
7250055 7250109
7250039 7250078
7250036 7250044
7250044 7250015
7250027 7250087
7250009 7250093
4125093 4125118
4125044 4125119
4125027 4125042
4125028 4125066
4125152 4125083
4125176 4125070
4125021 4125125
4125167 4125178
4125116 4125175
4125198 4125157
4125200 4125149
4125163 4125084
4125152 4125096
4125134 4125119
4125163 4125099
4125143 4125008
4125075 4125195
4125077 4125025
4125035 4125065
4125128 4125147
4125123 4125074
4125167 4125049
4125141 4125121
4125049 4125158
4125171 4125038
4125115 4125103
4125108 4125115
4125163 4125136
4125067 4125136
4125069 4125121
4125190 4125154
4125044 4125184
4125080 4125055
4125116 4125066
4125018 4125188
4125076 4125180
4125090 4125054
4125196 4125035
4125151 4125159
4125161 4125045
4125033 4125139
4125047 4125144
4125184 4125029
4125164 4125047
4125162 4125009
4125003 4125135
4125103 4125161
4125176 4125037
4125156 4125136
4125198 4125028
4125098 4125106
4125126 4125069
4125183 4125113
4125166 4125049
4125098 4125018
4125197 4125067
4125028 4125114
4125029 4125054
4125075 4125024
4125142 4125071
4125171 4125025
4125158 4125078
4125086 4125110
4125094 4125194
4125095 4125137
4125075 4125081
4125137 4125054
4125124 4125168
4125200 4125138
4125164 4125172
4125024 4125130
4125122 4125145
4125049 4125044
4125116 4125151
4125049 4125147
4125079 4125196
4125196 4125198
4125193 4125055
4125200 4125062
4125150 4125132
4125125 4125009
4125083 4125171
4125042 4125123
4125100 4125184
4125083 4125114
4125004 4125196
4125001 4125040
4125054 4125039
4125140 4125169
4125116 4125073
4125025 4125113
4125125 4125025
4125021 4125105
2562618 2562656
2562663 2562545
2562579 2562561
2562591 2562564
2562538 2562589
2562544 2562699
2562602 2562616
2562672 2562639
2562654 2562675
2562594 2562657
2562551 2562695
2562594 2562538
2562553 2562643
2562582 2562580
2562632 2562584
2562521 2562688
2562641 2562629
2562586 2562624
2562672 2562632
2562526 2562610
2562596 2562630
2562661 2562559
2562698 2562596
2562646 2562654
2562522 2562546
2562642 2562583
2562670 2562526
2562632 2562608
2562576 2562558
2562678 2562601
2562578 2562631
2562639 2562571
2562507 2562697
2562636 2562542
2562600 2562618
2562560 2562668
2562566 2562528
2562594 2562611
2562641 2562674
2562612 2562650
2562552 2562577
2562668 2562604
2562565 2562613
2562530 2562638
2562673 2562536
2562503 2562527
2562506 2562556
2562605 2562551
2562643 2562691
2562638 2562687
2562622 2562607
2562686 2562513
2562616 2562676
2562669 2562546
2562631 2562531
2562696 2562677
2562516 2562633
2562655 2562619
2562679 2562616
2562689 2562591
2562647 2562590
2562690 2562552
2562682 2562605
2562600 2562699
2562615 2562528
2562516 2562510
2562667 2562651
2562528 2562625
2562657 2562680
2562641 2562647
2562690 2562695
2562630 2562597
2562608 2562603
2562512 2562589
2562610 2562695
2562614 2562517
2562668 2562611
2562535 2562627
2562684 2562675
2562577 2562592
2562511 2562583
2562564 2562682
2562682 2562539
2562584 2562533
2562562 2562509
2562645 2562605
2562630 2562670
2562516 2562562
2562541 2562643
2562656 2562666
2562602 2562603
2562582 2562533
2562588 2562617
1781374 1781289
1781361 1781325
1781328 1781411
1781335 1781377
1781279 1781420
1781321 1781435
1781352 1781439
1781435 1781443
1781307 1781297
1781427 1781349
1781449 1781445
1781323 1781339
1781388 1781433
1781408 1781399
1781373 1781434
1781400 1781255
1781301 1781352
1781301 1781407
1781327 1781398
1781262 1781433
1781365 1781363
1781295 1781260
1781374 1781391
1781301 1781431
1781448 1781312
1781321 1781372
1781265 1781362
1781278 1781377
1781277 1781411
1781270 1781272
1781434 1781446
1781268 1781422
1781438 1781334
1781341 1781418
1781283 1781395
1781436 1781312
1781263 1781299
1781338 1781262
1781284 1781331
1781277 1781426
1781384 1781432
1781387 1781365
1781382 1781252
1781252 1781317
1781405 1781256
1781434 1781351
1781424 1781283
1781331 1781434
1781312 1781334
1781432 1781289
1781369 1781329
1781345 1781435
1781275 1781344
1781330 1781412
1781309 1781268
1781288 1781427
1781426 1781402
1781263 1781399
1781272 1781387
1781306 1781325
1781443 1781303
1781313 1781416
1781410 1781265
1781257 1781284
1781262 1781272
1781351 1781355
1781442 1781380
1781271 1781293
1781390 1781306
1781396 1781272
1781270 1781351
1781258 1781432
1781376 1781267
1781274 1781385
1781379 1781316
1781427 1781443
1781280 1781421
1781361 1781304
1781305 1781420
1781387 1781300
1781302 1781343
1781386 1781410
1781319 1781308
1781444 1781333
1781349 1781351
1781311 1781410
1781353 1781340
1781407 1781380
1781417 1781433
1781260 1781401
1781393 1781441
1781416 1781275
1781310 1781258
1390649 1390626
1390785 1390726
1390665 1390732
1390825 1390641
1390642 1390680
1390743 1390632
1390703 1390752
1390728 1390720
1390776 1390737
1390811 1390673
1390681 1390691
1390775 1390752
1390653 1390766
1390639 1390647
1390656 1390643
1390809 1390814
1390764 1390743
1390705 1390644
1390657 1390633
1390702 1390699
1390816 1390631
1390756 1390740
1390641 1390669
1390676 1390640
1390808 1390685
1390730 1390767
1390641 1390729
1390709 1390807
1390824 1390681
1390807 1390685
1390628 1390722
1390705 1390751
1390817 1390715
1390629 1390664
1390754 1390782
1390756 1390646
1390687 1390762
1390756 1390651
1390703 1390743
1390671 1390648
1390804 1390641
1390758 1390680
1390631 1390811
1390733 1390758
1390637 1390719
1390764 1390745
1390823 1390652
1390633 1390678
1390649 1390765
1390754 1390637
1390668 1390666
1390669 1390701
1390670 1390749
1390815 1390820
1390632 1390711
1390728 1390649
1390813 1390806
1390807 1390728
1390776 1390812
1390626 1390694
1390720 1390708
1390752 1390791
1390782 1390756
1390816 1390700
1390659 1390713
1390716 1390707
1390658 1390739
1390728 1390652
1390702 1390723
1390809 1390744
1390771 1390745
1390755 1390759
1390756 1390825
1390637 1390662
1390645 1390719
1390820 1390690
1390707 1390651
1390770 1390657
1390738 1390753
1390704 1390692
1390792 1390647
1390781 1390662
1390653 1390812
1390755 1390778
1390745 1390693
1390824 1390821
1390681 1390751
1390685 1390670
1390746 1390760
1390717 1390648
1390811 1390755
1390682 1390657
1390780 1390807
1195466 1195491
1195466 1195326
1195450 1195368
1195316 1195475
1195477 1195457
1195494 1195396
1195452 1195356
1195485 1195446
1195467 1195488
1195378 1195406
1195496 1195325
1195377 1195412
1195506 1195424
1195401 1195399
1195369 1195373
1195423 1195507
1195483 1195406
1195414 1195447
1195464 1195486
1195370 1195472
1195398 1195365
1195426 1195429
1195361 1195499
1195479 1195488
1195502 1195398
1195448 1195487
1195336 1195459
1195421 1195446
1195481 1195332
1195345 1195382
1195426 1195357
1195408 1195414
1195325 1195422
1195322 1195438
1195446 1195343
1195462 1195470
1195364 1195355
1195502 1195406
1195348 1195425
1195367 1195373
1195344 1195507
1195416 1195408
1195337 1195481
1195448 1195443
1195432 1195372
1195333 1195407
1195365 1195426
1195511 1195359
1195491 1195464
1195494 1195370
1195432 1195361
1195414 1195337
1195453 1195488
1195510 1195423
1195452 1195326
1195426 1195437
1195377 1195505
1195479 1195345
1195469 1195344
1195389 1195470
1195320 1195431
1195382 1195404
1195384 1195452
1195359 1195364
1195420 1195347
1195452 1195505
1195430 1195510
1195414 1195333
1195351 1195368
1195332 1195498
1195492 1195492
1195448 1195440
1195399 1195367
1195410 1195424
1195496 1195430
1195367 1195379
1195348 1195402
1195481 1195348
1195502 1195381
1195486 1195406
1195469 1195326
1195393 1195354
1195453 1195492
1195368 1195446
1195478 1195451
1195389 1195370
1195472 1195346
1195401 1195409
1195314 1195487
1195368 1195329
1195368 1195511
1195483 1195381
1195351 1195461
84 96
159 182
33 51
200 141
81 122
102 76
50 46
4 46
73 93
38 175
83 64
86 4
187 13
200 147
150 93
185 10
65 102
130 47
77 152
179 126
174 61
23 112
77 151
44 98
31 181
13 177
118 29
107 147
154 119
42 94
45 198
49 44
180 106
52 32
26 117
116 180
86 97
131 35
14 60
5 130
175 106
49 71
7 91
4 110
17 18
97 15
118 85
3 48
82 53
151 61
79 36
44 164
4 34
199 162
79 27
114 134
39 200
31 122
67 92
170 189
13 190
174 194
167 41
68 86
42 34
107 26
94 132
47 39
112 175
77 162
31 176
59 143
84 139
151 194
188 108
160 42
28 96
9 162
57 92
63 185
64 42
120 138
102 67
6 118
150 173
124 14
199 128
27 127
110 6
54 77
114 152
82 56
62 172
79 69
88 190
134 174
90 63
189 6
8 81
81 162
87 163
189 5
37 85
80 30
82 111
182 146
197 182
99 136
135 40
91 57
168 52
166 181
38 78
135 168
116 55
174 69
1 49
126 199
118 148
175 161
140 149
172 91
78 198
13 63
50 90
191 170
17 58
41 170
186 180
6 114
2 28
9 131
58 199
14 143
79 105
140 182
143 50
120 155
44 26
134 47
5 49
121 14
70 28
111 119
41 114
31 163
99 10
181 143
91 127
72 66
139 66
199 60
158 32
38 40
24 55
24 89
106 149
50 185
77 70
163 149
10 133
117 47
176 71
26 197
109 193
64 103
18 13
82 171
15 166
89 25
186 19
37 18
87 149
81 146
53 188
150 2
104 35
111 116
17 161
49 82
142 195
34 108
99 55
61 37
117 86
5 117
180 36
186 28
6 160
173 51
176 94
135 181
5 182
51 185
164 186
119 163
148 162
66 71
158 73
117 111
77 99
55 152
123 25
64 15
60 178
84 21
48 63
3 59
67 110
81 176
85 81
151 73
47 57
3 86
72 115
88 65
12 127
117 121
158 97
171 110
135 163
13 23
101 130
21 93
11 183
114 199
66 28
36 139
46 46
127 22
30 108
132 168
155 4
87 105
119 173
187 150
5 172
132 101
12 60
160 16
133 97
193 50
160 80
105 70
134 183
46 46
6 155
39 120
23 60
126 61
137 148
77 169
151 185
122 143
111 67
145 196
3 141
76 115
104 50
74 74
120 144
169 121
111 8
163 100
22 184
75 125
26 35
135 96
137 78
24 190
172 148
101 103
54 121
90 39
34 188
192 200
5 124
161 197
49 50
46 112
189 152
96 114
67 127
131 18
105 87
67 30
151 58
45 31
135 58
97 105
150 6
120 153
144 19
62 193
180 31
8 180
115 197
180 143
146 6
152 190
42 15
85 54
20 50
170 85
92 54
117 8
109 96
54 54
5 143
152 150
197 11
37 91
155 18
122 152
154 2
90 70
108 91
71 182
89 56
133 82
91 104
154 39
42 63
153 137
61 197
184 160
157 108
103 39
11 34
179 52
110 134
167 21
96 190
81 6
55 89
175 170
65 140
34 95
44 182
195 150
76 171
25 136
82 134
22 117
123 97
181 188
73 105
136 50
131 73
111 117
96 87
172 162
75 171
107 113
47 76
100 184
76 195
65 80
135 22
132 37
121 197
12 176
47 100
