# source: JorikJooken
# original path: jj_extract\knapsackProblemInstances-master\problemInstances\n_1200_c_10000000000_g_6_f_0.2_eps_0.001_s_300\test.in
# optimal value: 9997544214
# format: n capacity, then weight value
1200 10000000000
5010000150 5010000144
5010000189 5010000154
5010000092 5010000147
5010000287 5010000004
5010000005 5010000041
5010000206 5010000220
5010000211 5010000212
5010000097 5010000050
5010000263 5010000222
5010000041 5010000071
5010000141 5010000249
5010000092 5010000228
5010000288 5010000091
5010000272 5010000289
5010000029 5010000031
5010000142 5010000137
5010000143 5010000030
5010000138 5010000028
5010000212 5010000251
5010000156 5010000104
5010000168 5010000289
5010000007 5010000175
5010000087 5010000097
5010000086 5010000233
5010000285 5010000002
5010000045 5010000102
5010000122 5010000093
5010000038 5010000177
5010000156 5010000280
5010000099 5010000226
5010000297 5010000190
5010000150 5010000195
5010000139 5010000227
5010000284 5010000078
5010000232 5010000147
5010000004 5010000255
5010000055 5010000165
5010000252 5010000129
5010000188 5010000276
5010000150 5010000150
5010000118 5010000274
5010000212 5010000282
5010000077 5010000005
5010000266 5010000241
5010000273 5010000113
5010000012 5010000011
5010000231 5010000074
5010000179 5010000007
5010000097 5010000154
5010000229 5010000089
5010000267 5010000131
5010000095 5010000293
5010000118 5010000102
5010000071 5010000008
5010000096 5010000279
5010000141 5010000162
5010000256 5010000021
5010000015 5010000024
5010000039 5010000215
5010000060 5010000206
5010000263 5010000096
5010000189 5010000184
5010000030 5010000138
5010000013 5010000074
5010000189 5010000023
5010000091 5010000259
5010000070 5010000274
5010000094 5010000101
5010000281 5010000242
5010000226 5010000106
5010000088 5010000245
5010000039 5010000118
5010000158 5010000073
5010000009 5010000039
5010000020 5010000161
5010000178 5010000207
5010000272 5010000242
5010000218 5010000021
5010000099 5010000212
5010000187 5010000162
5010000153 5010000034
5010000279 5010000103
5010000181 5010000019
5010000091 5010000176
5010000150 5010000216
5010000127 5010000065
5010000006 5010000250
5010000107 5010000289
5010000177 5010000272
5010000015 5010000224
5010000233 5010000040
5010000134 5010000221
5010000179 5010000054
5010000124 5010000159
5010000058 5010000286
5010000087 5010000008
5010000006 5010000100
5010000003 5010000253
5010000187 5010000187
5010000110 5010000213
5010000047 5010000260
5010000173 5010000124
5010000038 5010000276
5010000202 5010000024
5010000264 5010000140
5010000237 5010000219
5010000279 5010000177
5010000250 5010000190
5010000098 5010000111
5010000079 5010000175
5010000020 5010000012
5010000260 5010000246
5010000027 5010000094
5010000299 5010000167
5010000195 5010000246
5010000166 5010000220
5010000147 5010000134
5010000111 5010000184
5010000050 5010000045
5010000124 5010000160
5010000282 5010000228
5010000202 5010000196
5010000089 5010000280
5010000240 5010000271
5010000156 5010000196
5010000247 5010000225
5010000108 5010000192
5010000019 5010000110
5010000068 5010000267
5010000180 5010000043
5010000134 5010000130
5010000212 5010000113
5010000171 5010000122
5010000201 5010000297
5010000022 5010000154
5010000230 5010000252
5010000088 5010000072
5010000071 5010000272
5010000253 5010000179
5010000210 5010000154
5010000060 5010000199
5010000282 5010000053
5010000113 5010000210
5010000102 5010000176
5010000201 5010000055
5010000060 5010000271
5010000087 5010000158
5010000054 5010000107
5010000131 5010000136
5010000268 5010000288
5010000046 5010000066
5010000123 5010000130
5010000042 5010000233
5010000020 5010000184
5010000242 5010000273
5010000039 5010000128
5010000206 5010000265
5010000038 5010000224
5010000132 5010000233
5010000196 5010000147
5010000046 5010000115
5010000186 5010000007
5010000138 5010000218
5010000263 5010000047
5010000241 5010000110
5010000068 5010000067
5010000120 5010000291
5010000252 5010000005
5010000273 5010000045
5010000251 5010000032
5010000203 5010000042
5010000235 5010000128
5010000233 5010000289
5010000068 5010000183
5010000219 5010000300
5010000215 5010000195
5010000197 5010000026
5010000041 5010000140
5010000175 5010000028
5010000249 5010000260
5010000163 5010000260
5010000069 5010000089
5010000291 5010000029
5010000202 5010000192
5010000177 5010000128
5010000287 5010000034
5010000042 5010000021
5010000035 5010000059
5010000191 5010000241
5010000096 5010000118
5010000021 5010000063
5010000050 5010000070
2510000273 2510000092
2510000263 2510000243
2510000173 2510000033
2510000056 2510000067
2510000128 2510000247
2510000208 2510000104
2510000281 2510000176
2510000291 2510000206
2510000037 2510000288
2510000035 2510000103
2510000282 2510000147
2510000124 2510000285
2510000100 2510000279
2510000077 2510000151
2510000238 2510000054
2510000188 2510000207
2510000100 2510000013
2510000017 2510000220
2510000145 2510000270
2510000133 2510000198
2510000091 2510000215
2510000106 2510000064
2510000140 2510000096
2510000026 2510000072
2510000169 2510000079
2510000084 2510000172
2510000060 2510000111
2510000260 2510000170
2510000289 2510000224
2510000138 2510000230
2510000291 2510000261
2510000051 2510000226
2510000259 2510000251
2510000020 2510000212
2510000141 2510000120
2510000048 2510000174
2510000087 2510000245
2510000190 2510000226
2510000281 2510000140
2510000232 2510000189
2510000212 2510000288
2510000083 2510000086
2510000146 2510000076
2510000063 2510000117
2510000251 2510000073
2510000067 2510000188
2510000236 2510000036
2510000122 2510000135
2510000048 2510000181
2510000030 2510000146
2510000288 2510000283
2510000139 2510000039
2510000260 2510000018
2510000194 2510000191
2510000029 2510000243
2510000214 2510000059
2510000161 2510000239
2510000298 2510000216
2510000002 2510000098
2510000130 2510000250
2510000192 2510000141
2510000293 2510000235
2510000255 2510000257
2510000100 2510000013
2510000211 2510000090
2510000056 2510000201
2510000211 2510000115
2510000234 2510000123
2510000244 2510000213
2510000165 2510000288
2510000156 2510000233
2510000191 2510000193
2510000278 2510000006
2510000199 2510000101
2510000236 2510000014
2510000280 2510000053
2510000249 2510000299
2510000237 2510000001
2510000181 2510000244
2510000005 2510000135
2510000020 2510000207
2510000122 2510000290
2510000145 2510000095
2510000177 2510000032
2510000113 2510000220
2510000140 2510000078
2510000256 2510000082
2510000044 2510000290
2510000297 2510000195
2510000182 2510000038
2510000084 2510000148
2510000273 2510000091
2510000200 2510000188
2510000007 2510000089
2510000286 2510000222
2510000035 2510000051
2510000133 2510000109
2510000101 2510000098
2510000130 2510000266
2510000280 2510000220
2510000021 2510000148
2510000293 2510000283
2510000234 2510000188
2510000186 2510000118
2510000276 2510000121
2510000105 2510000216
2510000055 2510000231
2510000169 2510000283
2510000068 2510000275
2510000200 2510000229
2510000180 2510000269
2510000140 2510000085
2510000263 2510000173
2510000035 2510000286
2510000025 2510000190
2510000166 2510000120
2510000102 2510000170
2510000230 2510000135
2510000281 2510000075
2510000291 2510000190
2510000043 2510000095
2510000086 2510000137
2510000090 2510000083
2510000145 2510000299
2510000273 2510000260
2510000277 2510000038
2510000148 2510000001
2510000148 2510000144
2510000182 2510000128
2510000285 2510000054
2510000017 2510000136
2510000117 2510000070
2510000093 2510000184
2510000229 2510000265
2510000260 2510000079
2510000164 2510000105
2510000124 2510000145
2510000125 2510000017
2510000137 2510000235
2510000274 2510000084
2510000061 2510000102
2510000237 2510000042
2510000171 2510000076
2510000296 2510000085
2510000255 2510000200
2510000267 2510000108
2510000004 2510000294
2510000293 2510000270
2510000026 2510000192
2510000230 2510000007
2510000277 2510000010
2510000271 2510000072
2510000296 2510000214
2510000124 2510000245
2510000144 2510000088
2510000234 2510000272
2510000015 2510000278
2510000107 2510000298
2510000225 2510000006
2510000061 2510000172
2510000091 2510000251
2510000132 2510000240
2510000265 2510000250
2510000117 2510000074
2510000280 2510000121
2510000050 2510000119
2510000225 2510000155
2510000075 2510000213
2510000280 2510000218
2510000070 2510000061
2510000124 2510000172
2510000105 2510000106
2510000025 2510000277
2510000091 2510000114
2510000218 2510000279
2510000189 2510000142
2510000057 2510000080
2510000224 2510000268
2510000057 2510000045
2510000218 2510000087
2510000054 2510000099
2510000083 2510000170
2510000210 2510000060
2510000051 2510000270
2510000077 2510000209
2510000242 2510000292
2510000206 2510000185
2510000234 2510000114
2510000160 2510000223
2510000135 2510000017
2510000177 2510000068
2510000074 2510000080
1260000062 1260000164
1260000243 1260000078
1260000169 1260000051
1260000007 1260000049
1260000108 1260000052
1260000271 1260000145
1260000132 1260000245
1260000173 1260000123
1260000171 1260000261
1260000162 1260000059
1260000060 1260000118
1260000061 1260000052
1260000084 1260000295
1260000055 1260000217
1260000259 1260000169
1260000185 1260000077
1260000220 1260000087
1260000146 1260000255
1260000247 1260000161
1260000282 1260000046
1260000215 1260000199
1260000042 1260000276
1260000021 1260000022
1260000298 1260000252
1260000236 1260000035
1260000255 1260000244
1260000190 1260000057
1260000110 1260000165
1260000004 1260000042
1260000247 1260000172
1260000054 1260000245
1260000129 1260000081
1260000061 1260000248
1260000133 1260000003
1260000272 1260000282
1260000056 1260000216
1260000075 1260000090
1260000187 1260000115
1260000035 1260000164
1260000074 1260000205
1260000169 1260000272
1260000082 1260000044
1260000199 1260000021
1260000155 1260000197
1260000155 1260000099
1260000219 1260000268
1260000010 1260000163
1260000041 1260000276
1260000210 1260000181
1260000242 1260000097
1260000211 1260000060
1260000194 1260000101
1260000136 1260000213
1260000122 1260000289
1260000222 1260000192
1260000083 1260000256
1260000003 1260000163
1260000216 1260000156
1260000216 1260000086
1260000085 1260000111
1260000004 1260000298
1260000146 1260000053
1260000292 1260000296
1260000070 1260000190
1260000031 1260000146
1260000108 1260000135
1260000110 1260000115
1260000260 1260000251
1260000246 1260000133
1260000199 1260000212
1260000115 1260000039
1260000178 1260000133
1260000148 1260000117
1260000285 1260000066
1260000223 1260000162
1260000160 1260000004
1260000158 1260000164
1260000168 1260000075
1260000071 1260000248
1260000223 1260000191
1260000264 1260000262
1260000255 1260000275
1260000280 1260000186
1260000182 1260000214
1260000099 1260000130
1260000282 1260000007
1260000241 1260000216
1260000192 1260000168
1260000066 1260000050
1260000039 1260000057
1260000224 1260000271
1260000201 1260000029
1260000185 1260000053
1260000235 1260000188
1260000003 1260000195
1260000172 1260000274
1260000296 1260000084
1260000167 1260000106
1260000242 1260000218
1260000058 1260000224
1260000259 1260000157
1260000210 1260000265
1260000190 1260000216
1260000251 1260000249
1260000120 1260000032
1260000193 1260000010
1260000183 1260000107
1260000114 1260000076
1260000263 1260000292
1260000183 1260000073
1260000019 1260000235
1260000262 1260000292
1260000243 1260000123
1260000241 1260000092
1260000013 1260000056
1260000128 1260000249
1260000131 1260000033
1260000121 1260000200
1260000128 1260000212
1260000258 1260000004
1260000127 1260000006
1260000010 1260000228
1260000125 1260000243
1260000250 1260000050
1260000029 1260000029
1260000166 1260000049
1260000248 1260000013
1260000120 1260000273
1260000218 1260000255
1260000076 1260000061
1260000244 1260000141
1260000196 1260000277
1260000147 1260000160
1260000187 1260000244
1260000237 1260000115
1260000106 1260000233
1260000210 1260000075
1260000170 1260000010
1260000267 1260000251
1260000005 1260000272
1260000129 1260000267
1260000009 1260000178
1260000069 1260000055
1260000239 1260000024
1260000300 1260000160
1260000140 1260000145
1260000177 1260000161
1260000283 1260000119
1260000010 1260000190
1260000188 1260000288
1260000246 1260000144
1260000129 1260000190
1260000158 1260000079
1260000067 1260000298
1260000071 1260000030
1260000026 1260000077
1260000054 1260000098
1260000093 1260000033
1260000263 1260000280
1260000115 1260000068
1260000155 1260000077
1260000133 1260000281
1260000215 1260000289
1260000099 1260000044
1260000227 1260000277
1260000240 1260000247
1260000042 1260000098
1260000046 1260000103
1260000271 1260000137
1260000288 1260000256
1260000153 1260000044
1260000066 1260000037
1260000216 1260000013
1260000085 1260000285
1260000028 1260000243
1260000117 1260000180
1260000182 1260000191
1260000131 1260000157
1260000135 1260000031
1260000029 1260000141
1260000095 1260000154
1260000251 1260000287
1260000218 1260000245
1260000291 1260000198
1260000171 1260000209
1260000272 1260000046
1260000019 1260000081
1260000029 1260000012
1260000041 1260000243
1260000281 1260000257
1260000216 1260000130
1260000265 1260000209
635000013 635000129
635000133 635000242
635000083 635000243
635000074 635000145
635000093 635000196
635000181 635000074
635000119 635000131
635000224 635000042
635000001 635000079
635000066 635000230
635000221 635000119
635000268 635000169
635000188 635000026
635000268 635000024
635000105 635000115
635000247 635000002
635000225 635000105
635000019 635000087
635000030 635000152
635000114 635000261
635000206 635000097
635000239 635000002
635000209 635000158
635000081 635000253
635000090 635000031
635000223 635000250
635000025 635000059
635000291 635000191
635000148 635000100
635000191 635000241
635000072 635000209
635000131 635000093
635000024 635000019
635000024 635000052
635000081 635000072
635000114 635000161
635000128 635000054
635000038 635000066
635000172 635000019
635000129 635000214
635000137 635000024
635000234 635000144
635000172 635000032
635000293 635000154
635000085 635000239
635000087 635000249
635000090 635000152
635000221 635000109
635000268 635000229
635000177 635000290
635000085 635000154
635000166 635000163
635000262 635000093
635000295 635000072
635000119 635000046
635000250 635000249
635000119 635000092
635000068 635000221
635000277 635000038
635000187 635000040
635000228 635000069
635000048 635000116
635000094 635000032
635000191 635000284
635000028 635000214
635000238 635000167
635000081 635000113
635000088 635000291
635000237 635000147
635000132 635000134
635000217 635000143
635000097 635000160
635000193 635000215
635000191 635000187
635000045 635000056
635000053 635000252
635000207 635000109
635000050 635000230
635000048 635000094
635000197 635000026
635000232 635000071
635000003 635000212
635000203 635000030
635000033 635000063
635000274 635000003
635000032 635000225
635000081 635000239
635000247 635000263
635000286 635000132
635000157 635000220
635000017 635000049
635000267 635000222
635000283 635000297
635000232 635000015
635000036 635000143
635000149 635000232
635000287 635000123
635000186 635000295
635000114 635000180
635000057 635000196
635000206 635000147
635000193 635000299
635000242 635000007
635000187 635000198
635000154 635000293
635000151 635000282
635000268 635000224
635000209 635000137
635000218 635000159
635000092 635000249
635000164 635000115
635000025 635000119
635000125 635000272
635000034 635000273
635000110 635000058
635000011 635000272
635000099 635000054
635000118 635000007
635000265 635000255
635000283 635000293
635000029 635000203
635000248 635000240
635000122 635000094
635000041 635000018
635000121 635000234
635000007 635000294
635000248 635000296
635000244 635000050
635000224 635000219
635000267 635000132
635000266 635000267
635000218 635000199
635000278 635000294
635000166 635000145
635000119 635000003
635000102 635000197
635000022 635000229
635000043 635000004
635000165 635000187
635000278 635000026
635000029 635000239
635000014 635000080
635000136 635000136
635000142 635000012
635000206 635000153
635000003 635000049
635000270 635000154
635000120 635000249
635000117 635000040
635000114 635000178
635000297 635000021
635000135 635000275
635000104 635000244
635000102 635000173
635000091 635000072
635000156 635000165
635000187 635000171
635000136 635000044
635000068 635000056
635000200 635000106
635000271 635000118
635000235 635000023
635000124 635000245
635000021 635000033
635000096 635000132
635000111 635000075
635000296 635000175
635000141 635000066
635000182 635000025
635000168 635000267
635000168 635000101
635000195 635000124
635000016 635000276
635000070 635000250
635000113 635000177
635000251 635000265
635000167 635000265
635000026 635000249
635000151 635000026
635000297 635000069
635000265 635000029
635000213 635000083
635000127 635000240
635000190 635000217
635000103 635000144
635000120 635000080
635000134 635000135
635000199 635000134
635000168 635000043
635000059 635000292
635000044 635000083
635000241 635000025
322500011 322500031
322500254 322500300
322500138 322500069
322500064 322500203
322500185 322500284
322500162 322500225
322500001 322500084
322500085 322500015
322500067 322500258
322500122 322500104
322500051 322500265
322500286 322500050
322500277 322500267
322500300 322500052
322500202 322500079
322500144 322500255
322500136 322500179
322500127 322500274
322500178 322500260
322500292 322500266
322500204 322500236
322500172 322500260
322500115 322500176
322500212 322500127
322500251 322500138
322500238 322500220
322500160 322500074
322500244 322500170
322500282 322500021
322500039 322500019
322500263 322500021
322500018 322500144
322500264 322500050
322500003 322500063
322500165 322500199
322500119 322500222
322500182 322500218
322500141 322500086
322500088 322500064
322500160 322500229
322500280 322500252
322500218 322500205
322500129 322500080
322500248 322500227
322500182 322500216
322500210 322500112
322500097 322500186
322500293 322500224
322500228 322500192
322500027 322500067
322500095 322500034
322500231 322500259
322500284 322500291
322500185 322500272
322500103 322500287
322500181 322500084
322500074 322500101
322500153 322500258
322500270 322500188
322500276 322500086
322500286 322500122
322500145 322500018
322500127 322500284
322500153 322500182
322500260 322500229
322500187 322500228
322500063 322500267
322500224 322500068
322500130 322500092
322500090 322500288
322500246 322500061
322500062 322500181
322500081 322500025
322500095 322500300
322500139 322500107
322500171 322500251
322500157 322500299
322500078 322500136
322500012 322500230
322500115 322500223
322500236 322500153
322500183 322500267
322500108 322500092
322500183 322500254
322500185 322500083
322500249 322500048
322500271 322500172
322500237 322500173
322500206 322500182
322500006 322500029
322500046 322500298
322500157 322500243
322500048 322500147
322500266 322500162
322500216 322500030
322500066 322500044
322500236 322500242
322500026 322500062
322500009 322500071
322500299 322500222
322500176 322500221
322500192 322500072
322500149 322500236
322500036 322500161
322500212 322500088
322500279 322500049
322500199 322500266
322500019 322500170
322500280 322500057
322500060 322500116
322500262 322500162
322500188 322500029
322500213 322500101
322500051 322500237
322500299 322500246
322500187 322500003
322500164 322500180
322500112 322500258
322500070 322500038
322500158 322500064
322500268 322500079
322500287 322500145
322500294 322500134
322500233 322500066
322500279 322500239
322500282 322500270
322500138 322500280
322500176 322500244
322500255 322500096
322500281 322500187
322500011 322500133
322500236 322500251
322500236 322500103
322500274 322500060
322500161 322500035
322500254 322500240
322500287 322500101
322500187 322500146
322500294 322500032
322500048 322500239
322500091 322500053
322500164 322500224
322500298 322500200
322500272 322500125
322500051 322500105
322500203 322500202
322500139 322500012
322500109 322500181
322500109 322500095
322500108 322500181
322500003 322500191
322500157 322500292
322500248 322500140
322500027 322500235
322500005 322500063
322500096 322500276
322500112 322500273
322500047 322500265
322500125 322500103
322500246 322500051
322500144 322500027
322500243 322500011
322500022 322500121
322500261 322500154
322500266 322500084
322500008 322500218
322500157 322500166
322500167 322500211
322500013 322500225
322500004 322500049
322500251 322500126
322500220 322500154
322500249 322500198
322500175 322500169
322500066 322500056
322500195 322500019
322500085 322500082
322500299 322500296
322500122 322500209
322500178 322500125
322500016 322500209
322500236 322500200
322500011 322500117
322500282 322500002
322500081 322500147
322500164 322500274
322500075 322500068
322500129 322500070
322500188 322500012
322500231 322500072
322500180 322500245
322500163 322500128
241 216
91 273
54 216
206 50
153 89
103 129
180 168
142 132
237 181
253 150
198 1
280 24
143 36
85 291
291 237
69 99
35 58
152 28
282 136
119 119
132 117
219 76
277 286
259 272
282 94
291 140
129 175
24 141
2 149
66 144
215 118
130 115
140 104
127 79
54 158
158 26
35 159
298 106
178 203
248 150
119 182
218 76
23 9
256 211
115 162
56 296
214 300
249 295
40 129
244 148
236 4
292 17
127 205
184 110
157 58
34 130
97 195
76 127
4 105
34 86
242 297
15 168
273 18
248 131
247 236
206 164
167 148
125 247
211 13
28 38
293 234
66 203
254 187
134 178
192 112
161 296
83 243
289 177
260 61
166 158
259 133
58 236
200 211
254 174
197 127
239 248
4 238
4 120
68 68
106 86
32 93
103 155
196 128
218 12
273 219
141 136
30 154
198 200
262 215
97 231
26 134
167 37
102 246
47 263
111 55
55 7
200 39
40 207
254 166
166 280
75 104
173 227
108 146
124 300
119 91
254 151
246 138
258 75
140 89
135 196
36 272
48 91
287 17
249 91
202 69
60 13
91 45
185 157
131 245
215 92
284 195
271 194
38 236
131 46
183 252
266 11
226 277
37 293
151 4
230 208
253 228
5 165
225 260
30 258
25 256
63 264
249 123
124 76
248 227
61 159
201 106
78 176
184 74
226 115
41 285
21 77
100 276
64 147
15 222
219 144
154 248
142 11
41 59
64 209
13 235
238 134
200 118
89 205
271 190
67 286
80 57
169 291
151 63
19 31
284 77
229 74
131 89
189 298
219 233
11 222
195 271
230 10
175 179
37 54
134 158
159 197
28 51
17 20
224 155
110 144
80 73
58 154
55 197
87 53
112 102
43 168
41 95
250 17
2 53
280 224
190 171
62 89
70 256
122 271
85 38
55 24
293 68
88 91
125 138
175 116
87 229
76 185
263 71
77 225
93 20
158 83
70 23
141 294
65 272
284 15
69 125
25 108
224 97
240 122
287 99
34 143
144 51
21 111
64 4
29 209
185 275
262 173
93 251
177 139
183 278
202 216
99 216
257 148
155 238
165 293
