# source: JorikJooken
# original path: jj_extract\knapsackProblemInstances-master\problemInstances\n_600_c_10000000000_g_6_f_0.3_eps_0.1_s_100\test.in
# optimal value: 9937509317
# format: n capacity, then weight value
600 10000000000
6000000054 6000000088
6000000089 6000000041
6000000073 6000000061
6000000014 6000000069
6000000097 6000000092
6000000050 6000000095
6000000029 6000000096
6000000050 6000000080
6000000086 6000000001
6000000067 6000000032
6000000009 6000000019
6000000025 6000000001
6000000098 6000000023
6000000069 6000000056
6000000065 6000000074
6000000036 6000000057
6000000001 6000000050
6000000027 6000000089
6000000081 6000000027
6000000020 6000000087
6000000025 6000000048
6000000094 6000000019
6000000017 6000000029
6000000014 6000000029
6000000010 6000000024
6000000100 6000000025
6000000092 6000000062
6000000008 6000000016
6000000030 6000000070
6000000040 6000000076
6000000038 6000000033
6000000081 6000000010
6000000041 6000000093
6000000100 6000000029
6000000036 6000000010
6000000100 6000000023
6000000011 6000000037
6000000075 6000000026
6000000038 6000000099
6000000058 6000000096
6000000019 6000000093
6000000046 6000000028
6000000041 6000000080
6000000012 6000000004
6000000040 6000000097
6000000085 6000000014
6000000063 6000000027
6000000024 6000000051
6000000028 6000000074
6000000043 6000000049
6000000003 6000000055
6000000029 6000000038
6000000012 6000000009
6000000012 6000000020
6000000020 6000000075
6000000026 6000000069
6000000093 6000000100
6000000028 6000000093
6000000057 6000000093
6000000086 6000000039
6000000001 6000000018
6000000014 6000000012
6000000049 6000000058
6000000001 6000000088
6000000095 6000000070
6000000093 6000000028
6000000037 6000000011
6000000069 6000000039
6000000056 6000000092
6000000095 6000000052
6000000078 6000000053
6000000096 6000000031
6000000011 6000000010
6000000097 6000000041
6000000012 6000000021
6000000035 6000000016
6000000019 6000000075
6000000005 6000000096
6000000087 6000000098
6000000036 6000000027
6000000011 6000000081
6000000015 6000000100
6000000008 6000000022
6000000073 6000000017
3500000051 3500000059
3500000026 3500000005
3500000028 3500000033
3500000003 3500000098
3500000070 3500000063
3500000045 3500000044
3500000031 3500000001
3500000078 3500000017
3500000024 3500000014
3500000032 3500000075
3500000030 3500000047
3500000035 3500000002
3500000011 3500000031
3500000052 3500000067
3500000041 3500000025
3500000079 3500000040
3500000078 3500000095
3500000065 3500000092
3500000068 3500000072
3500000077 3500000025
3500000098 3500000029
3500000019 3500000089
3500000088 3500000067
3500000065 3500000049
3500000050 3500000022
3500000066 3500000035
3500000039 3500000096
3500000039 3500000088
3500000027 3500000056
3500000077 3500000017
3500000013 3500000059
3500000047 3500000070
3500000028 3500000016
3500000032 3500000065
3500000081 3500000033
3500000092 3500000055
3500000058 3500000096
3500000030 3500000053
3500000049 3500000006
3500000070 3500000007
3500000005 3500000076
3500000095 3500000040
3500000070 3500000074
3500000020 3500000039
3500000075 3500000040
3500000008 3500000030
3500000001 3500000054
3500000093 3500000046
3500000034 3500000062
3500000045 3500000037
3500000037 3500000046
3500000072 3500000014
3500000087 3500000090
3500000095 3500000090
3500000007 3500000086
3500000004 3500000022
3500000026 3500000016
3500000062 3500000011
3500000031 3500000002
3500000023 3500000093
3500000055 3500000075
3500000021 3500000094
3500000097 3500000042
3500000095 3500000037
3500000037 3500000032
3500000099 3500000097
3500000008 3500000052
3500000007 3500000095
3500000042 3500000051
3500000035 3500000042
3500000069 3500000023
3500000089 3500000027
3500000018 3500000030
3500000077 3500000026
3500000034 3500000099
3500000017 3500000065
3500000063 3500000079
3500000044 3500000085
3500000007 3500000069
3500000024 3500000028
3500000069 3500000052
3500000002 3500000059
3500000002 3500000092
3500000053 3500000042
2250000018 2250000077
2250000033 2250000022
2250000055 2250000021
2250000086 2250000016
2250000095 2250000066
2250000077 2250000078
2250000044 2250000026
2250000034 2250000073
2250000079 2250000028
2250000028 2250000013
2250000077 2250000048
2250000099 2250000069
2250000025 2250000092
2250000015 2250000036
2250000025 2250000005
2250000003 2250000087
2250000053 2250000039
2250000007 2250000096
2250000045 2250000001
2250000100 2250000081
2250000006 2250000021
2250000087 2250000041
2250000036 2250000069
2250000041 2250000071
2250000036 2250000094
2250000063 2250000005
2250000068 2250000004
2250000033 2250000076
2250000078 2250000080
2250000049 2250000099
2250000091 2250000059
2250000052 2250000041
2250000016 2250000034
2250000001 2250000057
2250000061 2250000058
2250000046 2250000041
2250000050 2250000089
2250000065 2250000062
2250000035 2250000085
2250000083 2250000100
2250000018 2250000028
2250000001 2250000043
2250000065 2250000096
2250000046 2250000048
2250000076 2250000053
2250000076 2250000007
2250000009 2250000034
2250000085 2250000037
2250000054 2250000007
2250000028 2250000005
2250000086 2250000072
2250000045 2250000055
2250000053 2250000078
2250000072 2250000030
2250000093 2250000083
2250000063 2250000079
2250000082 2250000037
2250000080 2250000086
2250000020 2250000020
2250000041 2250000059
2250000068 2250000074
2250000084 2250000082
2250000064 2250000059
2250000037 2250000008
2250000091 2250000026
2250000091 2250000024
2250000017 2250000001
2250000090 2250000064
2250000018 2250000084
2250000020 2250000079
2250000088 2250000030
2250000086 2250000049
2250000100 2250000040
2250000095 2250000055
2250000076 2250000086
2250000033 2250000091
2250000040 2250000042
2250000070 2250000067
2250000092 2250000066
2250000049 2250000008
2250000019 2250000063
2250000069 2250000086
2250000003 2250000037
2250000079 2250000011
1625000093 1625000092
1625000057 1625000054
1625000018 1625000003
1625000035 1625000063
1625000049 1625000067
1625000019 1625000018
1625000022 1625000051
1625000008 1625000021
1625000016 1625000022
1625000099 1625000062
1625000074 1625000078
1625000058 1625000023
1625000009 1625000009
1625000029 1625000038
1625000073 1625000057
1625000074 1625000032
1625000047 1625000082
1625000064 1625000015
1625000096 1625000085
1625000047 1625000010
1625000057 1625000018
1625000065 1625000052
1625000041 1625000050
1625000019 1625000001
1625000061 1625000006
1625000056 1625000062
1625000026 1625000006
1625000008 1625000078
1625000013 1625000078
1625000092 1625000100
1625000029 1625000043
1625000012 1625000089
1625000090 1625000072
1625000082 1625000053
1625000040 1625000049
1625000069 1625000076
1625000010 1625000081
1625000059 1625000029
1625000027 1625000030
1625000030 1625000072
1625000053 1625000096
1625000008 1625000060
1625000001 1625000047
1625000097 1625000057
1625000066 1625000004
1625000093 1625000010
1625000016 1625000027
1625000025 1625000056
1625000056 1625000080
1625000089 1625000033
1625000069 1625000069
1625000088 1625000072
1625000047 1625000035
1625000002 1625000094
1625000023 1625000073
1625000073 1625000044
1625000038 1625000100
1625000072 1625000092
1625000026 1625000013
1625000035 1625000021
1625000089 1625000031
1625000010 1625000090
1625000081 1625000030
1625000052 1625000037
1625000089 1625000075
1625000068 1625000033
1625000006 1625000095
1625000074 1625000088
1625000019 1625000021
1625000041 1625000046
1625000004 1625000056
1625000098 1625000027
1625000005 1625000006
1625000038 1625000090
1625000089 1625000014
1625000078 1625000011
1625000063 1625000076
1625000012 1625000024
1625000100 1625000094
1625000074 1625000032
1625000009 1625000060
1625000093 1625000087
1625000043 1625000024
1625000095 1625000018
1312500086 1312500079
1312500053 1312500078
1312500066 1312500032
1312500092 1312500017
1312500054 1312500006
1312500070 1312500078
1312500058 1312500006
1312500068 1312500098
1312500084 1312500039
1312500008 1312500010
1312500052 1312500063
1312500073 1312500018
1312500073 1312500098
1312500097 1312500036
1312500065 1312500063
1312500056 1312500081
1312500083 1312500026
1312500070 1312500004
1312500038 1312500059
1312500022 1312500070
1312500096 1312500041
1312500027 1312500078
1312500047 1312500090
1312500004 1312500022
1312500003 1312500075
1312500023 1312500010
1312500080 1312500034
1312500019 1312500019
1312500050 1312500060
1312500044 1312500001
1312500071 1312500033
1312500019 1312500095
1312500018 1312500025
1312500027 1312500056
1312500054 1312500006
1312500051 1312500092
1312500017 1312500057
1312500073 1312500092
1312500075 1312500005
1312500009 1312500080
1312500071 1312500092
1312500028 1312500074
1312500043 1312500041
1312500066 1312500045
1312500055 1312500009
1312500020 1312500021
1312500027 1312500068
1312500055 1312500005
1312500004 1312500003
1312500029 1312500061
1312500068 1312500094
1312500060 1312500083
1312500038 1312500088
1312500013 1312500008
1312500061 1312500073
1312500002 1312500013
1312500090 1312500007
1312500066 1312500059
1312500014 1312500033
1312500021 1312500075
1312500061 1312500061
1312500007 1312500022
1312500041 1312500095
1312500010 1312500055
1312500033 1312500079
1312500096 1312500013
1312500093 1312500060
1312500005 1312500067
1312500073 1312500046
1312500097 1312500046
1312500084 1312500097
1312500041 1312500046
1312500047 1312500076
1312500091 1312500033
1312500034 1312500025
1312500035 1312500009
1312500066 1312500067
1312500086 1312500072
1312500033 1312500093
1312500044 1312500044
1312500019 1312500014
1312500047 1312500039
1312500090 1312500026
1312500078 1312500037
71 6
38 12
49 54
62 10
28 74
92 31
23 86
48 8
53 96
13 90
17 96
23 81
87 69
40 89
42 9
60 86
61 71
82 42
97 90
23 46
11 7
77 80
24 12
5 59
96 96
46 32
66 93
6 54
65 96
64 90
34 84
28 94
97 38
30 9
33 8
82 11
72 26
59 20
37 42
52 53
95 28
15 75
20 14
79 30
11 1
49 1
17 20
18 49
25 91
57 78
85 97
96 41
99 1
96 83
2 80
75 91
32 61
87 2
87 80
87 11
1 72
40 64
43 37
33 80
30 27
13 73
49 34
58 18
25 17
75 18
35 78
84 6
93 4
20 80
22 59
79 81
43 6
32 16
99 86
60 1
24 83
94 95
7 80
69 70
4 89
15 14
24 30
10 86
34 89
58 96
83 65
83 50
4 72
83 55
42 1
77 91
9 18
3 85
18 97
47 54
82 74
63 14
39 42
1 93
96 89
27 15
59 37
75 8
52 14
25 69
14 13
50 97
13 38
49 19
75 70
55 97
83 38
55 32
69 49
43 28
89 74
90 92
39 85
14 84
16 70
99 60
81 55
62 85
94 71
92 31
69 25
85 25
22 73
65 15
62 30
96 81
33 67
41 14
37 72
72 23
18 18
48 35
54 35
68 36
58 8
88 7
91 28
84 48
97 7
85 33
72 83
88 25
66 63
18 46
49 78
61 81
85 95
77 24
93 31
80 9
84 41
13 6
91 1
43 52
50 53
30 46
36 67
20 16
93 57
27 14
69 25
21 59
99 14
37 19
98 58
2 22
56 51
68 57
9 51
41 94
