# source: JorikJooken
# original path: jj_extract\knapsackProblemInstances-master\problemInstances\n_600_c_10000000000_g_10_f_0.3_eps_0_s_100\test.in
# optimal value: 9980486048
# format: n capacity, then weight value
600 10000000000
5000000026 5000000041
5000000063 5000000097
5000000050 5000000060
5000000003 5000000013
5000000082 5000000005
5000000065 5000000044
5000000056 5000000019
5000000035 5000000043
5000000006 5000000100
5000000063 5000000006
5000000091 5000000018
5000000082 5000000084
5000000099 5000000001
5000000029 5000000009
5000000058 5000000014
5000000029 5000000027
5000000051 5000000097
5000000018 5000000023
5000000028 5000000036
5000000032 5000000011
5000000042 5000000001
5000000015 5000000061
5000000043 5000000069
5000000024 5000000059
5000000016 5000000085
5000000014 5000000012
5000000098 5000000100
5000000002 5000000091
5000000054 5000000078
5000000088 5000000075
5000000032 5000000090
5000000093 5000000034
5000000072 5000000091
5000000046 5000000028
5000000014 5000000076
5000000017 5000000066
5000000059 5000000025
5000000094 5000000032
5000000007 5000000027
5000000034 5000000085
5000000085 5000000018
5000000007 5000000063
5000000050 5000000029
5000000048 5000000018
5000000094 5000000099
5000000078 5000000092
2500000007 2500000046
2500000043 2500000054
2500000054 2500000074
2500000091 2500000059
2500000100 2500000017
2500000082 2500000058
2500000074 2500000059
2500000091 2500000093
2500000038 2500000034
2500000009 2500000061
2500000079 2500000004
2500000071 2500000032
2500000067 2500000012
2500000019 2500000048
2500000050 2500000008
2500000015 2500000074
2500000033 2500000088
2500000002 2500000045
2500000023 2500000079
2500000043 2500000034
2500000031 2500000079
2500000089 2500000055
2500000089 2500000092
2500000091 2500000008
2500000066 2500000070
2500000028 2500000015
2500000019 2500000010
2500000046 2500000007
2500000034 2500000017
2500000010 2500000080
2500000012 2500000091
2500000057 2500000002
2500000018 2500000093
2500000057 2500000062
2500000032 2500000048
2500000007 2500000075
2500000043 2500000044
2500000005 2500000046
2500000069 2500000029
2500000015 2500000097
2500000008 2500000100
2500000096 2500000011
2500000024 2500000063
2500000035 2500000036
2500000012 2500000016
2500000078 2500000065
1250000015 1250000072
1250000036 1250000020
1250000014 1250000007
1250000090 1250000092
1250000042 1250000075
1250000090 1250000073
1250000085 1250000007
1250000010 1250000083
1250000096 1250000036
1250000087 1250000050
1250000099 1250000055
1250000046 1250000012
1250000055 1250000061
1250000072 1250000043
1250000029 1250000037
1250000012 1250000099
1250000061 1250000070
1250000092 1250000070
1250000080 1250000020
1250000075 1250000062
1250000055 1250000033
1250000021 1250000052
1250000089 1250000015
1250000035 1250000079
1250000009 1250000036
1250000078 1250000039
1250000074 1250000008
1250000069 1250000095
1250000006 1250000028
1250000004 1250000081
1250000017 1250000070
1250000028 1250000087
1250000095 1250000058
1250000039 1250000056
1250000073 1250000017
1250000088 1250000067
1250000030 1250000056
1250000088 1250000065
1250000052 1250000014
1250000093 1250000076
1250000037 1250000061
1250000094 1250000086
1250000041 1250000081
1250000096 1250000067
1250000066 1250000065
1250000036 1250000013
625000041 625000039
625000060 625000007
625000065 625000084
625000056 625000062
625000065 625000061
625000042 625000061
625000093 625000091
625000051 625000014
625000067 625000065
625000055 625000077
625000032 625000049
625000042 625000004
625000006 625000048
625000080 625000085
625000033 625000082
625000056 625000035
625000040 625000052
625000072 625000051
625000083 625000059
625000020 625000008
625000030 625000001
625000062 625000089
625000018 625000046
625000045 625000021
625000086 625000031
625000083 625000013
625000088 625000093
625000016 625000042
625000056 625000094
625000077 625000061
625000045 625000049
625000006 625000048
625000038 625000084
625000076 625000038
625000030 625000075
625000063 625000068
625000017 625000024
625000047 625000037
625000014 625000074
625000053 625000006
625000096 625000004
625000046 625000024
625000032 625000047
625000072 625000056
625000088 625000010
625000081 625000016
312500058 312500048
312500076 312500014
312500055 312500016
312500081 312500031
312500046 312500058
312500044 312500027
312500045 312500058
312500090 312500098
312500069 312500084
312500094 312500040
312500069 312500023
312500021 312500055
312500011 312500023
312500012 312500085
312500068 312500083
312500026 312500081
312500012 312500035
312500015 312500024
312500084 312500026
312500057 312500025
312500006 312500092
312500046 312500023
312500071 312500035
312500076 312500046
312500044 312500014
312500087 312500046
312500023 312500100
312500093 312500025
312500016 312500020
312500027 312500013
312500023 312500100
312500009 312500073
312500095 312500086
312500004 312500035
312500032 312500074
312500006 312500099
312500079 312500038
312500073 312500043
312500008 312500015
312500039 312500012
312500083 312500097
312500034 312500080
312500076 312500077
312500020 312500050
312500053 312500094
312500053 312500037
156250022 156250077
156250026 156250030
156250096 156250035
156250014 156250023
156250023 156250024
156250021 156250014
156250028 156250085
156250075 156250089
156250090 156250028
156250083 156250002
156250008 156250049
156250094 156250017
156250047 156250018
156250013 156250032
156250087 156250003
156250055 156250048
156250013 156250007
156250033 156250016
156250039 156250049
156250041 156250052
156250090 156250027
156250100 156250042
156250030 156250064
156250046 156250027
156250091 156250008
156250075 156250038
156250036 156250046
156250073 156250037
156250026 156250066
156250012 156250011
156250064 156250062
156250033 156250028
156250044 156250054
156250001 156250091
156250053 156250099
156250058 156250094
156250005 156250091
156250097 156250023
156250100 156250059
156250096 156250087
156250026 156250086
156250092 156250049
156250060 156250087
156250022 156250083
156250058 156250011
156250050 156250076
78125010 78125051
78125027 78125025
78125040 78125066
78125005 78125058
78125017 78125032
78125081 78125031
78125097 78125059
78125053 78125072
78125083 78125060
78125069 78125078
78125033 78125010
78125034 78125047
78125013 78125041
78125080 78125025
78125050 78125074
78125090 78125023
78125011 78125014
78125050 78125032
78125068 78125094
78125091 78125039
78125048 78125077
78125033 78125005
78125005 78125023
78125031 78125027
78125007 78125089
78125080 78125015
78125043 78125059
78125025 78125041
78125049 78125063
78125054 78125020
78125085 78125040
78125089 78125014
78125094 78125022
78125067 78125028
78125038 78125050
78125032 78125100
78125037 78125006
78125062 78125009
78125046 78125045
78125014 78125021
78125066 78125094
78125037 78125075
78125083 78125009
78125048 78125092
78125069 78125081
78125042 78125059
39062522 39062541
39062577 39062512
39062574 39062599
39062537 39062547
39062566 39062517
39062547 39062583
39062584 39062598
39062508 39062511
39062577 39062590
39062599 39062599
39062519 39062509
39062574 39062505
39062549 39062591
39062508 39062502
39062572 39062523
39062583 39062584
39062546 39062579
39062561 39062560
39062538 39062560
39062514 39062576
39062531 39062597
39062557 39062527
39062573 39062573
39062512 39062569
39062536 39062514
39062537 39062576
39062541 39062580
39062538 39062548
39062577 39062571
39062537 39062548
39062558 39062596
39062560 39062550
39062570 39062544
39062570 39062538
39062510 39062569
39062539 39062567
39062577 39062516
39062591 39062550
39062582 39062578
39062550 39062580
39062580 39062525
39062544 39062522
39062501 39062526
39062586 39062544
39062501 39062552
39062532 39062503
19531267 19531296
19531346 19531307
19531316 19531342
19531260 19531263
19531321 19531306
19531283 19531343
19531330 19531300
19531263 19531269
19531306 19531274
19531300 19531292
19531264 19531267
19531311 19531317
19531304 19531292
19531285 19531319
19531306 19531287
19531281 19531312
19531292 19531265
19531258 19531344
19531325 19531308
19531311 19531318
19531267 19531267
19531321 19531261
19531289 19531259
19531284 19531287
19531251 19531268
19531288 19531291
19531265 19531312
19531256 19531337
19531264 19531347
19531292 19531275
19531275 19531295
19531291 19531311
19531264 19531338
19531307 19531306
19531293 19531327
19531264 19531340
19531260 19531286
19531261 19531306
19531334 19531285
19531325 19531332
19531302 19531314
19531327 19531276
19531301 19531270
19531307 19531329
19531314 19531340
19531264 19531252
74 27
85 60
16 39
46 81
12 40
53 4
60 13
62 45
37 40
88 7
78 58
45 2
83 77
54 59
26 31
23 49
12 83
8 88
58 57
85 10
71 39
99 35
19 53
99 16
10 22
76 32
61 64
54 22
86 82
68 21
19 38
27 50
7 1
54 70
93 42
28 5
80 61
44 29
44 45
24 50
82 65
6 87
65 70
41 45
3 2
8 71
63 39
17 64
14 43
10 1
37 29
56 100
74 34
92 12
81 3
53 73
91 40
8 100
32 29
59 28
49 26
95 24
6 96
1 37
85 25
35 32
26 10
28 8
79 54
86 25
47 91
8 26
45 15
99 10
60 22
29 47
26 95
81 51
54 17
86 46
54 23
49 60
18 21
89 19
9 20
88 51
98 1
33 97
5 43
38 65
18 23
53 15
44 15
82 42
59 32
45 5
80 75
57 35
76 1
36 80
77 50
60 21
1 40
8 45
47 67
96 72
44 99
65 74
98 77
66 56
84 91
81 51
64 20
4 96
37 41
12 92
80 16
7 90
85 5
24 24
4 34
68 64
22 89
88 80
87 59
83 91
94 16
43 42
84 65
26 97
3 3
44 87
42 52
68 63
24 18
2 58
8 76
37 6
55 69
64 74
3 50
80 26
62 6
58 36
73 14
32 17
56 39
32 33
59 60
13 39
47 15
96 19
27 74
19 36
71 10
15 63
66 95
39 55
81 14
14 71
25 64
84 76
89 44
35 95
47 48
1 82
93 93
62 50
47 20
84 87
90 62
79 59
45 94
45 38
8 84
42 57
16 36
96 10
81 7
11 61
80 24
37 76
98 62
40 39
11 41
33 66
