# source: JorikJooken
# original path: jj_extract\knapsackProblemInstances-master\problemInstances\n_600_c_1000000_g_6_f_0.1_eps_1e-05_s_300\test.in
# optimal value: 985086
# format: n capacity, then weight value
600 1000000
500182 500284
500266 500205
500113 500168
500247 500025
500236 500306
500018 500065
500189 500283
500277 500308
500120 500235
500120 500211
500010 500099
500212 500037
500140 500253
500187 500093
500292 500015
500146 500064
500239 500013
500158 500038
500048 500224
500293 500033
500210 500134
500010 500265
500162 500021
500261 500121
500070 500099
500301 500021
500223 500163
500298 500275
500187 500088
500267 500195
500130 500106
500225 500052
500288 500231
500115 500201
500270 500146
500032 500256
500135 500024
500108 500298
500235 500103
500084 500126
500237 500014
500091 500291
500268 500261
500045 500036
500254 500234
500280 500279
500295 500100
500041 500303
500269 500291
500241 500073
500234 500275
500190 500123
500309 500102
500229 500029
500177 500028
500281 500291
500237 500052
500080 500103
500226 500097
500068 500250
500217 500073
500182 500136
500069 500245
500170 500152
500281 500019
500172 500013
500066 500267
500166 500292
500170 500156
500268 500233
500153 500039
500164 500167
500155 500257
500095 500304
500191 500307
500105 500233
500153 500088
500177 500194
500210 500064
500199 500119
500257 500124
500028 500209
500146 500018
500204 500085
500226 500195
500011 500235
500278 500117
500253 500178
500103 500261
500182 500046
500195 500295
500051 500281
500070 500263
500175 500198
500081 500088
500294 500220
500149 500177
500150 500267
500117 500155
500191 500085
500114 500299
500193 500128
500284 500066
500045 500039
500290 500120
500263 500164
500307 500172
500237 500081
250276 250194
250061 250015
250214 250241
250074 250299
250015 250224
250160 250246
250058 250155
250107 250047
250064 250037
250299 250310
250251 250062
250018 250177
250166 250050
250254 250270
250118 250096
250094 250115
250285 250061
250292 250011
250061 250082
250234 250121
250217 250106
250116 250280
250048 250210
250073 250229
250295 250120
250240 250115
250216 250062
250074 250151
250198 250057
250196 250219
250146 250046
250186 250059
250132 250033
250156 250222
250151 250077
250233 250136
250186 250134
250305 250160
250044 250111
250112 250296
250217 250097
250120 250160
250191 250016
250031 250042
250012 250266
250114 250213
250020 250035
250135 250032
250020 250092
250301 250116
250231 250258
250086 250052
250137 250148
250310 250310
250054 250063
250148 250176
250264 250261
250196 250226
250093 250111
250119 250217
250167 250279
250054 250131
250069 250106
250229 250120
250101 250179
250039 250050
250072 250054
250048 250281
250136 250271
250177 250025
250289 250071
250302 250071
250263 250150
250093 250190
250028 250184
250115 250156
250247 250140
250297 250085
250212 250209
250230 250179
250149 250182
250294 250027
250014 250088
250061 250145
250069 250122
250230 250149
250011 250309
250091 250083
250084 250115
250172 250021
250202 250157
250177 250276
250166 250239
250213 250117
250091 250079
250146 250035
250274 250025
250269 250088
250296 250125
250249 250185
250058 250277
250094 250051
250273 250220
250284 250035
250188 250129
250195 250085
250044 250073
250012 250104
125107 125219
125290 125200
125030 125257
125102 125292
125207 125024
125221 125020
125021 125210
125143 125155
125295 125198
125077 125088
125020 125133
125067 125285
125292 125272
125071 125298
125177 125244
125208 125264
125113 125269
125208 125073
125044 125055
125124 125058
125072 125181
125201 125033
125179 125094
125262 125170
125270 125132
125254 125269
125180 125091
125157 125290
125179 125289
125117 125257
125118 125149
125171 125056
125241 125215
125011 125088
125265 125305
125240 125130
125187 125058
125079 125102
125129 125018
125309 125068
125273 125301
125131 125308
125081 125043
125262 125305
125223 125230
125084 125075
125122 125280
125171 125103
125170 125185
125149 125164
125064 125168
125279 125148
125224 125254
125069 125194
125234 125229
125161 125223
125122 125030
125165 125265
125285 125042
125105 125051
125089 125149
125230 125088
125257 125276
125266 125144
125234 125251
125093 125205
125207 125271
125099 125275
125204 125155
125276 125058
125273 125208
125239 125053
125150 125155
125250 125152
125272 125249
125078 125025
125244 125251
125089 125288
125077 125074
125130 125133
125183 125055
125161 125228
125024 125065
125191 125237
125145 125094
125193 125304
125152 125194
125289 125100
125060 125188
125219 125051
125162 125166
125140 125023
125089 125158
125247 125159
125175 125185
125049 125248
125168 125124
125060 125232
125038 125150
125034 125029
125260 125092
125289 125264
125159 125074
125117 125293
125136 125012
125253 125271
125162 125116
125187 125112
62615 62564
62658 62705
62529 62742
62716 62609
62774 62597
62682 62678
62722 62623
62693 62728
62549 62754
62605 62668
62779 62528
62570 62592
62804 62762
62534 62808
62512 62745
62529 62625
62662 62717
62789 62736
62573 62547
62739 62703
62537 62511
62698 62560
62566 62637
62735 62749
62535 62568
62680 62801
62655 62782
62520 62623
62757 62532
62603 62682
62758 62648
62671 62746
62554 62547
62743 62696
62749 62536
62671 62624
62704 62782
62762 62538
62620 62538
62807 62558
62764 62674
62658 62612
62583 62548
62688 62790
62650 62624
62738 62617
62708 62582
62673 62802
62799 62570
62707 62685
62641 62737
62545 62644
62795 62613
62744 62646
62773 62592
62642 62648
62785 62576
62728 62559
62513 62623
62673 62720
62564 62542
62724 62633
62738 62534
62770 62696
62742 62603
62613 62744
62535 62542
62660 62787
62741 62787
62710 62766
62789 62662
62606 62724
62660 62707
62683 62765
62573 62554
62752 62743
62753 62584
62517 62630
62760 62615
62609 62632
62753 62676
62517 62718
62776 62624
62770 62791
62648 62731
62762 62555
62713 62753
62604 62658
62618 62750
62620 62675
62586 62635
62533 62794
62727 62517
62534 62714
62546 62597
62769 62676
62708 62654
62727 62594
62536 62588
62690 62655
62779 62519
62797 62678
62692 62549
62524 62650
62748 62674
62798 62596
62768 62622
62768 62572
31294 31325
31262 31553
31274 31493
31416 31431
31540 31522
31316 31302
31458 31264
31280 31407
31526 31290
31407 31368
31267 31278
31262 31384
31325 31395
31340 31262
31510 31466
31495 31481
31326 31494
31478 31336
31498 31393
31331 31261
31321 31321
31378 31274
31324 31488
31399 31419
31321 31505
31338 31467
31426 31449
31422 31454
31499 31358
31524 31474
31431 31560
31313 31332
31385 31507
31544 31503
31357 31482
31511 31532
31412 31350
31409 31478
31348 31473
31261 31289
31368 31386
31315 31287
31540 31377
31348 31534
31490 31325
31456 31288
31474 31299
31350 31335
31529 31557
31494 31478
31341 31493
31411 31522
31290 31299
31417 31424
31289 31460
31313 31309
31490 31396
31285 31283
31266 31456
31463 31321
31294 31558
31380 31363
31390 31444
31505 31468
31472 31374
31264 31322
31411 31532
31542 31541
31430 31451
31379 31475
31265 31505
31267 31377
31492 31483
31271 31410
31522 31489
31344 31306
31424 31332
31479 31524
31520 31431
31291 31293
31491 31411
31531 31436
31450 31531
31515 31331
31423 31412
31453 31281
31401 31499
31548 31333
31303 31514
31300 31276
31279 31515
31301 31336
31543 31264
31404 31277
31383 31350
31364 31544
31276 31414
31415 31463
31293 31390
31525 31449
31334 31379
31392 31432
31304 31543
31272 31263
31543 31514
31346 31388
31266 31273
31381 31418
256 262
269 244
161 207
27 234
97 80
53 184
25 112
125 143
280 145
286 23
223 3
62 8
193 104
276 176
57 298
142 213
197 195
129 59
53 283
287 133
108 126
84 28
17 231
32 183
165 24
44 83
205 242
113 93
67 153
190 296
214 222
193 181
151 50
273 73
278 196
149 135
255 6
253 229
26 60
159 137
178 62
258 251
215 30
126 199
62 66
183 165
74 271
224 2
170 142
60 105
155 62
95 143
56 77
266 102
158 147
68 41
258 234
8 93
279 21
33 23
