# source: JorikJooken
# original path: jj_extract\knapsackProblemInstances-master\problemInstances\n_600_c_1000000_g_2_f_0.2_eps_0.01_s_200\test.in
# optimal value: 522499
# format: n capacity, then weight value
600 1000000
510120 510032
510084 510072
510190 510149
510189 510157
510145 510175
510100 510142
510127 510056
510001 510163
510021 510062
510048 510010
510139 510013
510156 510068
510150 510082
510110 510042
510193 510116
510182 510101
510102 510189
510162 510067
510175 510009
510081 510059
510096 510094
510189 510072
510063 510046
510016 510033
510126 510132
510114 510022
510059 510027
510109 510081
510187 510118
510072 510132
510159 510023
510078 510200
510094 510113
510141 510132
510151 510094
510024 510038
510003 510101
510188 510108
510099 510012
510116 510120
510189 510013
510069 510023
510023 510048
510153 510078
510068 510052
510099 510038
510011 510034
510185 510173
510173 510196
510081 510011
510045 510135
510006 510196
510007 510136
510137 510108
510075 510055
510067 510070
510026 510112
510091 510191
510032 510196
510098 510011
510172 510032
510008 510129
510196 510046
510055 510018
510165 510089
510164 510193
510095 510010
510195 510114
510069 510007
510041 510002
510112 510071
510030 510010
510020 510110
510167 510188
510053 510146
510029 510150
510038 510098
510108 510031
510097 510199
510125 510178
510116 510073
510044 510167
510139 510049
510196 510196
510005 510014
510065 510056
510120 510179
510198 510126
510088 510104
510082 510116
510073 510013
510021 510172
510032 510052
510199 510127
510126 510032
510051 510022
510127 510199
510126 510142
510034 510027
510176 510017
510051 510133
510155 510189
510173 510066
510049 510126
510197 510109
510155 510122
510045 510134
510060 510103
510036 510006
510004 510042
510036 510148
510068 510054
510130 510162
510104 510158
510042 510049
510037 510080
510002 510130
510134 510186
510097 510135
510005 510107
510145 510166
510095 510079
510058 510032
510100 510165
510117 510125
510094 510119
510158 510040
510068 510023
510094 510106
510041 510166
510176 510187
510024 510101
510069 510137
510133 510178
510068 510025
510063 510042
510171 510171
510119 510061
510166 510162
510008 510050
510172 510142
510063 510153
510161 510076
510095 510121
510093 510091
510026 510184
510024 510048
510130 510023
510020 510150
510073 510026
510186 510058
510152 510166
510073 510161
510110 510036
510078 510007
510168 510088
510045 510174
510194 510164
510116 510137
510135 510199
510041 510060
510133 510061
510083 510021
510127 510043
510089 510055
510028 510188
510072 510086
510179 510194
510102 510031
510116 510146
510172 510092
510076 510059
510003 510157
510016 510145
510130 510089
510200 510111
510081 510003
510179 510158
510018 510121
510054 510165
510073 510161
510037 510184
510113 510085
510144 510158
510112 510004
510051 510200
510126 510123
510070 510077
510076 510124
510141 510159
510184 510097
510112 510079
510061 510010
510048 510193
510121 510100
510200 510126
510040 510064
510004 510039
510021 510105
510009 510174
510184 510058
510105 510043
510051 510073
510041 510100
510048 510079
510014 510130
510100 510128
510197 510122
510078 510191
510104 510182
510015 510025
510134 510093
510003 510194
510061 510052
510189 510006
510120 510015
510050 510009
510145 510189
510148 510129
510044 510081
510174 510167
510016 510103
510149 510157
510190 510196
510056 510001
510066 510159
510154 510015
510003 510183
510097 510076
510061 510154
510195 510116
510016 510026
510110 510070
510043 510169
510004 510049
510077 510041
510047 510138
510093 510060
510146 510176
510091 510148
510068 510143
510084 510093
510193 510057
510186 510162
510004 510030
510030 510197
510077 510096
510052 510100
510058 510076
510086 510178
510171 510161
510106 510088
510112 510125
510165 510151
510143 510169
510018 510197
510080 510139
510180 510012
510100 510126
510120 510029
510183 510136
510140 510194
510156 510049
510137 510191
510109 510110
510018 510070
510130 510148
510038 510028
510103 510004
510002 510025
510040 510110
510015 510012
510104 510035
510050 510106
510179 510132
510001 510052
510189 510070
510020 510101
510016 510089
510108 510102
510071 510090
510045 510107
510044 510119
510180 510032
510012 510032
510177 510191
510090 510126
510123 510191
510128 510116
510047 510077
510143 510135
510133 510150
510123 510117
510133 510123
510108 510089
510077 510160
510045 510043
510004 510026
510033 510063
510144 510138
510058 510030
510043 510119
510177 510176
510009 510089
510127 510073
510091 510120
510032 510071
510137 510096
510018 510103
510196 510054
510139 510018
510090 510110
510079 510157
510156 510015
510022 510069
510027 510161
510079 510074
510086 510104
510141 510200
510077 510024
510123 510004
510166 510032
510091 510130
510058 510050
510049 510006
510176 510137
510129 510006
510047 510166
510195 510044
510148 510148
510091 510033
510117 510013
510141 510132
510039 510110
510009 510199
510179 510174
510069 510182
510094 510033
510077 510164
510193 510037
510095 510065
510180 510174
510180 510148
510183 510140
510082 510094
510167 510012
510039 510071
510042 510053
510199 510156
510156 510003
510096 510033
510041 510129
510060 510012
510187 510147
510147 510173
510032 510146
510046 510129
510169 510085
510185 510025
510197 510090
510106 510111
510058 510145
510127 510083
510123 510195
510119 510050
510083 510185
510033 510037
510029 510024
510052 510124
510116 510056
510161 510136
510136 510114
510083 510121
510018 510153
510143 510014
510046 510116
510090 510055
510155 510195
510016 510108
510171 510111
510037 510013
510119 510095
510087 510187
510096 510054
510002 510143
510178 510106
510060 510021
510192 510165
510012 510062
510017 510137
510061 510150
510132 510166
510191 510054
510012 510091
510079 510003
510042 510044
510101 510177
510029 510178
510138 510044
510196 510155
510020 510014
510019 510023
510176 510111
510010 510093
510072 510138
510173 510178
510160 510144
510158 510188
510068 510153
510166 510141
510100 510148
510016 510158
510079 510118
510047 510067
510135 510092
510193 510136
510098 510043
510078 510035
510143 510018
510139 510003
510085 510191
510057 510108
510157 510062
510011 510165
510114 510127
510137 510194
510024 510117
510108 510156
510183 510135
510185 510082
510170 510098
510118 510158
510106 510086
510192 510105
510073 510051
510030 510054
510067 510104
510102 510101
510063 510194
510147 510085
510146 510080
510177 510129
510013 510134
510094 510181
510045 510156
510131 510102
510129 510173
510177 510059
510128 510147
510120 510040
510144 510132
510040 510028
510194 510086
510104 510141
510075 510099
510177 510079
510014 510054
510143 510063
510039 510039
510038 510102
510185 510003
510062 510080
510072 510012
510002 510038
510056 510118
510040 510036
510102 510055
510075 510039
510049 510038
510125 510045
510135 510096
510089 510141
510013 510050
510105 510171
510123 510081
510046 510074
510115 510062
510127 510104
510020 510161
510154 510110
136 192
161 158
175 120
11 77
118 132
99 93
185 19
57 192
186 14
25 55
155 150
72 99
124 79
49 118
121 169
38 162
69 1
112 25
90 114
85 176
159 159
126 35
15 96
40 37
140 5
83 171
199 69
43 9
154 55
173 109
74 95
104 134
195 58
155 70
187 106
71 161
36 134
193 158
183 144
197 167
90 53
125 174
127 135
60 129
159 165
154 171
172 196
71 98
165 186
162 150
23 191
96 12
200 58
147 91
133 152
43 78
5 73
109 85
25 137
136 163
70 161
191 138
49 89
18 196
58 9
34 154
148 199
152 147
130 80
120 25
24 64
112 170
142 65
143 50
180 30
34 169
46 178
6 6
25 14
193 141
35 96
124 77
94 9
54 20
47 94
33 52
30 154
185 27
29 87
132 89
89 200
66 38
71 74
65 42
171 112
184 26
41 46
62 52
78 116
102 69
92 154
111 22
66 53
130 46
95 162
189 87
40 3
179 167
20 151
124 107
180 63
69 136
63 46
121 152
79 79
93 167
121 104
167 147
7 102
52 172
