# source: JorikJooken
# original path: jj_extract\knapsackProblemInstances-master\problemInstances\n_1000_c_10000000000_g_6_f_0.2_eps_0_s_200\test.in
# optimal value: 9687527146
# format: n capacity, then weight value
1000 10000000000
5000000161 5000000127
5000000132 5000000096
5000000071 5000000194
5000000129 5000000184
5000000159 5000000048
5000000143 5000000195
5000000014 5000000176
5000000104 5000000110
5000000064 5000000128
5000000181 5000000004
5000000158 5000000001
5000000198 5000000078
5000000164 5000000175
5000000056 5000000120
5000000193 5000000004
5000000142 5000000106
5000000053 5000000158
5000000104 5000000113
5000000180 5000000145
5000000128 5000000134
5000000026 5000000006
5000000026 5000000086
5000000021 5000000055
5000000100 5000000161
5000000170 5000000021
5000000053 5000000198
5000000015 5000000156
5000000007 5000000188
5000000187 5000000101
5000000160 5000000008
5000000156 5000000076
5000000182 5000000012
5000000117 5000000111
5000000014 5000000079
5000000105 5000000099
5000000035 5000000054
5000000045 5000000097
5000000016 5000000053
5000000115 5000000139
5000000128 5000000024
5000000006 5000000093
5000000020 5000000076
5000000171 5000000093
5000000119 5000000017
5000000170 5000000103
5000000117 5000000037
5000000017 5000000080
5000000045 5000000045
5000000065 5000000122
5000000193 5000000027
5000000092 5000000002
5000000016 5000000069
5000000161 5000000076
5000000126 5000000133
5000000014 5000000160
5000000059 5000000114
5000000053 5000000153
5000000193 5000000078
5000000104 5000000179
5000000116 5000000157
5000000059 5000000176
5000000146 5000000043
5000000136 5000000091
5000000184 5000000067
5000000108 5000000149
5000000135 5000000172
5000000193 5000000066
5000000146 5000000121
5000000093 5000000023
5000000124 5000000035
5000000125 5000000150
5000000102 5000000005
5000000072 5000000103
5000000099 5000000042
5000000002 5000000029
5000000157 5000000126
5000000194 5000000024
5000000066 5000000123
5000000034 5000000190
5000000193 5000000150
5000000188 5000000134
5000000103 5000000019
5000000197 5000000005
5000000087 5000000118
5000000011 5000000173
5000000109 5000000188
5000000153 5000000030
5000000108 5000000068
5000000058 5000000185
5000000181 5000000063
5000000134 5000000018
5000000124 5000000086
5000000013 5000000112
5000000022 5000000189
5000000076 5000000105
5000000059 5000000025
5000000088 5000000105
5000000088 5000000108
5000000183 5000000108
5000000039 5000000120
5000000012 5000000057
5000000005 5000000155
5000000054 5000000094
5000000007 5000000138
5000000176 5000000047
5000000004 5000000092
5000000046 5000000068
5000000012 5000000200
5000000158 5000000114
5000000189 5000000200
5000000184 5000000013
5000000163 5000000149
5000000168 5000000058
5000000100 5000000142
5000000104 5000000053
5000000058 5000000052
5000000040 5000000129
5000000025 5000000152
5000000004 5000000035
5000000149 5000000120
5000000200 5000000187
5000000069 5000000041
5000000181 5000000128
5000000129 5000000177
5000000109 5000000129
5000000181 5000000070
5000000127 5000000068
5000000141 5000000158
5000000145 5000000057
5000000079 5000000101
5000000110 5000000028
5000000118 5000000172
5000000122 5000000095
5000000112 5000000179
5000000190 5000000197
5000000090 5000000129
5000000173 5000000165
5000000083 5000000011
5000000071 5000000059
5000000070 5000000006
5000000188 5000000040
5000000179 5000000121
5000000082 5000000111
5000000165 5000000096
5000000091 5000000097
5000000163 5000000032
5000000119 5000000038
5000000011 5000000026
5000000108 5000000050
5000000114 5000000146
5000000140 5000000131
5000000025 5000000178
5000000188 5000000016
5000000024 5000000073
5000000043 5000000190
5000000045 5000000133
5000000138 5000000171
5000000170 5000000027
5000000155 5000000055
5000000188 5000000102
2500000167 2500000150
2500000077 2500000157
2500000122 2500000053
2500000170 2500000153
2500000032 2500000128
2500000180 2500000191
2500000099 2500000087
2500000001 2500000042
2500000169 2500000060
2500000197 2500000200
2500000042 2500000091
2500000099 2500000060
2500000117 2500000021
2500000185 2500000193
2500000090 2500000058
2500000105 2500000005
2500000041 2500000095
2500000194 2500000124
2500000178 2500000090
2500000092 2500000053
2500000182 2500000092
2500000173 2500000015
2500000006 2500000126
2500000195 2500000112
2500000099 2500000087
2500000116 2500000032
2500000173 2500000194
2500000027 2500000012
2500000063 2500000080
2500000081 2500000043
2500000083 2500000058
2500000096 2500000115
2500000153 2500000118
2500000112 2500000189
2500000141 2500000005
2500000127 2500000121
2500000169 2500000133
2500000073 2500000015
2500000099 2500000148
2500000170 2500000012
2500000080 2500000079
2500000114 2500000042
2500000086 2500000076
2500000050 2500000181
2500000042 2500000127
2500000139 2500000098
2500000061 2500000014
2500000180 2500000033
2500000023 2500000146
2500000103 2500000034
2500000062 2500000026
2500000005 2500000078
2500000020 2500000057
2500000177 2500000115
2500000141 2500000047
2500000131 2500000190
2500000084 2500000011
2500000131 2500000049
2500000174 2500000158
2500000089 2500000147
2500000031 2500000101
2500000112 2500000076
2500000019 2500000137
2500000035 2500000195
2500000049 2500000172
2500000134 2500000127
2500000095 2500000081
2500000198 2500000070
2500000048 2500000165
2500000075 2500000021
2500000122 2500000125
2500000067 2500000070
2500000072 2500000110
2500000122 2500000114
2500000142 2500000044
2500000198 2500000096
2500000138 2500000176
2500000117 2500000188
2500000047 2500000118
2500000143 2500000006
2500000086 2500000070
2500000194 2500000010
2500000152 2500000125
2500000164 2500000005
2500000044 2500000024
2500000199 2500000140
2500000065 2500000076
2500000010 2500000006
2500000078 2500000156
2500000112 2500000022
2500000017 2500000189
2500000096 2500000164
2500000023 2500000016
2500000188 2500000095
2500000146 2500000090
2500000050 2500000196
2500000052 2500000108
2500000015 2500000127
2500000090 2500000141
2500000060 2500000099
2500000106 2500000183
2500000158 2500000152
2500000120 2500000013
2500000136 2500000072
2500000021 2500000007
2500000178 2500000087
2500000199 2500000071
2500000006 2500000027
2500000184 2500000196
2500000190 2500000151
2500000090 2500000140
2500000050 2500000076
2500000038 2500000044
2500000106 2500000027
2500000141 2500000025
2500000079 2500000086
2500000101 2500000003
2500000191 2500000113
2500000103 2500000031
2500000076 2500000060
2500000035 2500000178
2500000044 2500000147
2500000045 2500000178
2500000015 2500000186
2500000160 2500000074
2500000111 2500000083
2500000190 2500000143
2500000078 2500000180
2500000155 2500000072
2500000026 2500000005
2500000070 2500000070
2500000056 2500000067
2500000073 2500000161
2500000041 2500000092
2500000163 2500000057
2500000080 2500000093
2500000190 2500000078
2500000051 2500000065
2500000173 2500000088
2500000119 2500000188
2500000012 2500000185
2500000065 2500000119
2500000091 2500000018
2500000185 2500000026
2500000014 2500000153
2500000028 2500000118
2500000036 2500000191
2500000169 2500000097
2500000184 2500000167
2500000141 2500000011
2500000136 2500000013
2500000176 2500000092
2500000076 2500000200
2500000192 2500000153
2500000067 2500000168
2500000067 2500000174
2500000128 2500000022
2500000110 2500000007
2500000177 2500000123
2500000140 2500000166
1250000011 1250000124
1250000014 1250000009
1250000025 1250000114
1250000038 1250000046
1250000151 1250000007
1250000140 1250000107
1250000156 1250000010
1250000122 1250000087
1250000109 1250000160
1250000158 1250000162
1250000124 1250000072
1250000149 1250000019
1250000170 1250000051
1250000034 1250000138
1250000046 1250000146
1250000185 1250000160
1250000121 1250000097
1250000130 1250000058
1250000168 1250000109
1250000018 1250000115
1250000052 1250000014
1250000113 1250000055
1250000178 1250000199
1250000123 1250000002
1250000029 1250000184
1250000109 1250000179
1250000090 1250000040
1250000121 1250000184
1250000095 1250000137
1250000047 1250000172
1250000183 1250000060
1250000074 1250000075
1250000097 1250000024
1250000053 1250000138
1250000194 1250000155
1250000004 1250000095
1250000109 1250000193
1250000062 1250000018
1250000156 1250000086
1250000074 1250000185
1250000168 1250000095
1250000129 1250000070
1250000094 1250000038
1250000159 1250000192
1250000007 1250000060
1250000187 1250000135
1250000139 1250000071
1250000086 1250000079
1250000028 1250000125
1250000017 1250000098
1250000017 1250000011
1250000141 1250000024
1250000105 1250000145
1250000171 1250000167
1250000191 1250000116
1250000101 1250000175
1250000027 1250000010
1250000026 1250000134
1250000162 1250000146
1250000076 1250000168
1250000141 1250000186
1250000071 1250000183
1250000109 1250000131
1250000020 1250000021
1250000015 1250000136
1250000142 1250000045
1250000021 1250000186
1250000037 1250000137
1250000149 1250000109
1250000155 1250000133
1250000178 1250000140
1250000128 1250000064
1250000071 1250000121
1250000199 1250000075
1250000044 1250000172
1250000069 1250000024
1250000083 1250000003
1250000041 1250000161
1250000035 1250000080
1250000170 1250000053
1250000065 1250000189
1250000073 1250000017
1250000063 1250000024
1250000090 1250000061
1250000011 1250000170
1250000167 1250000067
1250000129 1250000026
1250000176 1250000024
1250000145 1250000175
1250000027 1250000035
1250000023 1250000075
1250000115 1250000092
1250000127 1250000097
1250000034 1250000049
1250000032 1250000164
1250000199 1250000121
1250000145 1250000058
1250000109 1250000053
1250000070 1250000075
1250000156 1250000191
1250000049 1250000104
1250000192 1250000050
1250000055 1250000184
1250000076 1250000168
1250000041 1250000075
1250000075 1250000017
1250000035 1250000051
1250000110 1250000093
1250000176 1250000188
1250000119 1250000099
1250000184 1250000025
1250000041 1250000115
1250000025 1250000123
1250000065 1250000058
1250000131 1250000169
1250000141 1250000066
1250000165 1250000090
1250000057 1250000114
1250000012 1250000143
1250000171 1250000170
1250000047 1250000012
1250000011 1250000118
1250000150 1250000185
1250000125 1250000195
1250000131 1250000141
1250000045 1250000074
1250000074 1250000009
1250000114 1250000163
1250000181 1250000115
1250000083 1250000028
1250000177 1250000098
1250000160 1250000073
1250000126 1250000112
1250000061 1250000170
1250000092 1250000096
1250000061 1250000185
1250000135 1250000177
1250000082 1250000123
1250000018 1250000096
1250000142 1250000145
1250000197 1250000097
1250000107 1250000185
1250000032 1250000194
1250000016 1250000027
1250000031 1250000190
1250000197 1250000152
1250000023 1250000135
1250000011 1250000170
1250000129 1250000016
1250000131 1250000064
1250000179 1250000080
1250000129 1250000152
1250000068 1250000095
1250000182 1250000045
1250000164 1250000006
1250000036 1250000148
1250000066 1250000066
1250000196 1250000068
1250000184 1250000004
1250000192 1250000067
625000043 625000149
625000138 625000010
625000048 625000152
625000153 625000093
625000142 625000111
625000003 625000027
625000122 625000031
625000177 625000150
625000013 625000173
625000074 625000072
625000151 625000023
625000028 625000163
625000005 625000078
625000106 625000049
625000110 625000149
625000076 625000012
625000055 625000143
625000092 625000180
625000002 625000003
625000114 625000145
625000170 625000178
625000090 625000159
625000069 625000115
625000099 625000135
625000160 625000079
625000196 625000179
625000075 625000044
625000152 625000070
625000154 625000145
625000073 625000077
625000184 625000200
625000010 625000081
625000051 625000081
625000073 625000076
625000147 625000165
625000006 625000171
625000187 625000152
625000186 625000035
625000002 625000116
625000056 625000175
625000024 625000078
625000166 625000184
625000163 625000092
625000192 625000156
625000102 625000049
625000107 625000069
625000143 625000176
625000115 625000030
625000142 625000051
625000099 625000101
625000157 625000191
625000057 625000189
625000101 625000089
625000162 625000110
625000033 625000187
625000106 625000151
625000084 625000148
625000196 625000185
625000130 625000077
625000108 625000103
625000114 625000063
625000079 625000016
625000099 625000124
625000050 625000148
625000146 625000168
625000175 625000054
625000061 625000186
625000052 625000191
625000025 625000096
625000092 625000009
625000013 625000169
625000156 625000052
625000150 625000114
625000172 625000196
625000087 625000080
625000013 625000112
625000050 625000145
625000167 625000049
625000066 625000170
625000097 625000010
625000076 625000061
625000099 625000160
625000177 625000164
625000030 625000082
625000028 625000097
625000114 625000083
625000146 625000033
625000179 625000151
625000129 625000020
625000036 625000063
625000125 625000123
625000187 625000060
625000071 625000076
625000188 625000066
625000176 625000048
625000052 625000010
625000065 625000179
625000002 625000130
625000039 625000036
625000161 625000043
625000044 625000018
625000157 625000008
625000068 625000103
625000163 625000197
625000126 625000029
625000190 625000108
625000072 625000021
625000109 625000037
625000070 625000005
625000192 625000073
625000193 625000037
625000104 625000179
625000052 625000185
625000042 625000045
625000069 625000142
625000111 625000048
625000026 625000088
625000024 625000022
625000172 625000116
625000069 625000089
625000171 625000186
625000108 625000147
625000018 625000162
625000010 625000075
625000041 625000062
625000148 625000052
625000050 625000152
625000070 625000002
625000025 625000014
625000125 625000041
625000034 625000186
625000102 625000016
625000094 625000107
625000094 625000137
625000163 625000025
625000155 625000167
625000017 625000066
625000097 625000176
625000101 625000053
625000074 625000184
625000074 625000113
625000075 625000115
625000039 625000175
625000117 625000110
625000169 625000158
625000013 625000189
625000075 625000127
625000161 625000031
625000062 625000141
625000010 625000132
625000007 625000047
625000077 625000188
625000076 625000022
625000041 625000168
625000144 625000121
625000030 625000147
625000186 625000005
625000047 625000092
625000050 625000164
625000050 625000141
312500044 312500086
312500200 312500016
312500004 312500054
312500110 312500146
312500149 312500178
312500109 312500193
312500171 312500090
312500024 312500013
312500058 312500098
312500013 312500099
312500172 312500160
312500188 312500083
312500010 312500034
312500033 312500071
312500076 312500057
312500062 312500186
312500112 312500099
312500043 312500158
312500043 312500030
312500187 312500093
312500009 312500050
312500036 312500131
312500054 312500136
312500005 312500068
312500084 312500012
312500107 312500011
312500093 312500176
312500019 312500158
312500176 312500028
312500164 312500066
312500146 312500155
312500117 312500159
312500133 312500154
312500123 312500010
312500095 312500162
312500129 312500156
312500096 312500067
312500041 312500071
312500131 312500021
312500007 312500023
312500054 312500083
312500034 312500132
312500141 312500184
312500018 312500097
312500152 312500024
312500198 312500132
312500151 312500062
312500151 312500024
312500080 312500105
312500046 312500186
312500103 312500077
312500084 312500135
312500143 312500131
312500011 312500169
312500130 312500193
312500005 312500120
312500039 312500059
312500196 312500087
312500161 312500072
312500038 312500150
312500113 312500188
312500066 312500006
312500197 312500164
312500015 312500148
312500014 312500131
312500188 312500183
312500120 312500069
312500195 312500067
312500179 312500016
312500040 312500172
312500072 312500157
312500064 312500166
312500178 312500180
312500181 312500029
312500093 312500030
312500146 312500163
312500147 312500023
312500023 312500138
312500037 312500139
312500167 312500008
312500098 312500065
312500115 312500104
312500170 312500045
312500069 312500104
312500088 312500113
312500195 312500145
312500147 312500061
312500044 312500190
312500099 312500077
312500019 312500123
312500024 312500186
312500169 312500070
312500029 312500018
312500194 312500064
312500080 312500159
312500068 312500190
312500053 312500172
312500157 312500035
312500117 312500133
312500161 312500028
312500168 312500170
312500094 312500145
312500097 312500022
312500132 312500192
312500035 312500188
312500048 312500077
312500066 312500051
312500198 312500027
312500129 312500003
312500032 312500100
312500155 312500168
312500190 312500025
312500073 312500080
312500169 312500041
312500080 312500042
312500117 312500106
312500129 312500129
312500090 312500168
312500086 312500017
312500048 312500052
312500106 312500197
312500077 312500174
312500176 312500125
312500056 312500039
312500092 312500053
312500145 312500133
312500065 312500021
312500114 312500176
312500098 312500060
312500200 312500049
312500114 312500065
312500059 312500177
312500146 312500125
312500106 312500129
312500127 312500180
312500116 312500185
312500107 312500032
312500175 312500066
312500076 312500134
312500060 312500199
312500171 312500088
312500143 312500018
312500122 312500176
312500179 312500126
312500038 312500166
312500153 312500185
312500127 312500101
312500087 312500075
312500108 312500071
312500143 312500017
312500141 312500034
312500187 312500158
312500032 312500129
312500087 312500078
312500040 312500127
312500149 312500140
312500103 312500060
312500157 312500114
312500165 312500005
312500073 312500129
45 32
21 137
78 132
136 194
124 153
95 39
43 64
81 83
32 183
46 127
117 82
11 79
168 133
33 117
105 63
127 135
142 93
123 174
31 139
88 163
184 103
176 52
125 38
137 48
123 134
198 132
10 24
176 105
20 133
170 90
35 34
35 178
62 166
134 158
57 161
167 147
93 168
85 173
70 3
195 57
92 131
82 67
86 120
159 114
121 140
145 63
163 63
7 175
87 102
115 36
59 176
48 180
56 47
68 183
46 189
12 145
84 13
77 76
92 53
142 58
28 50
6 19
50 63
173 103
43 92
165 9
82 47
58 153
96 172
133 8
40 164
27 28
76 43
1 56
87 9
171 20
169 10
27 190
196 175
121 152
48 39
83 50
104 148
108 162
121 68
44 40
72 195
73 97
106 63
111 6
82 49
143 89
62 78
55 118
87 98
62 125
65 90
15 103
137 190
37 100
115 8
4 69
47 168
124 88
61 83
17 67
45 167
136 183
195 129
141 103
40 181
191 197
89 149
62 101
140 80
29 60
101 166
65 75
175 137
105 126
15 121
130 135
191 155
108 125
160 154
5 109
65 163
25 15
7 48
142 59
63 150
53 173
158 124
13 29
114 62
101 174
52 161
152 167
179 172
102 163
78 166
42 22
105 155
187 200
178 149
94 153
29 117
81 176
173 70
162 87
133 121
156 189
123 159
171 27
156 195
37 45
176 83
107 177
34 27
102 153
48 50
60 174
34 125
24 36
142 150
138 169
146 73
49 69
71 83
22 156
35 159
10 120
190 189
194 193
47 69
36 59
148 174
127 199
200 94
47 93
66 51
16 43
73 98
96 139
14 14
139 95
46 131
92 101
63 77
187 62
30 156
128 40
174 25
77 158
98 76
184 105
139 32
198 167
53 21
103 199
