# source: JorikJooken
# original path: jj_extract\knapsackProblemInstances-master\problemInstances\n_1200_c_1000000_g_2_f_0.1_eps_1e-05_s_200\test.in
# optimal value: 513841
# format: n capacity, then weight value
1200 1000000
500026 500107
500177 500045
500200 500044
500039 500183
500205 500037
500126 500091
500205 500073
500114 500205
500102 500074
500157 500178
500174 500150
500083 500046
500011 500084
500068 500111
500190 500090
500197 500189
500175 500157
500118 500095
500073 500062
500155 500076
500136 500193
500161 500112
500027 500161
500106 500121
500163 500097
500151 500189
500129 500044
500141 500178
500042 500152
500155 500035
500117 500029
500066 500132
500064 500060
500202 500155
500193 500146
500097 500030
500166 500042
500207 500085
500068 500055
500179 500115
500052 500137
500046 500119
500136 500202
500129 500029
500127 500093
500141 500014
500201 500067
500039 500090
500086 500073
500042 500197
500062 500126
500106 500110
500191 500148
500129 500127
500046 500181
500110 500045
500010 500014
500090 500200
500179 500076
500140 500035
500044 500068
500204 500124
500010 500051
500066 500198
500070 500134
500100 500040
500081 500199
500089 500130
500037 500142
500011 500171
500031 500071
500088 500129
500036 500152
500161 500128
500056 500055
500137 500074
500154 500020
500189 500105
500198 500127
500170 500047
500023 500010
500152 500036
500172 500130
500052 500012
500098 500197
500078 500094
500116 500101
500172 500121
500107 500076
500040 500172
500204 500127
500121 500090
500176 500100
500169 500064
500114 500156
500120 500088
500119 500186
500036 500061
500073 500076
500174 500082
500201 500177
500143 500132
500104 500149
500065 500186
500051 500098
500207 500030
500208 500123
500176 500097
500188 500020
500077 500079
500098 500082
500184 500142
500039 500122
500095 500157
500040 500107
500185 500145
500197 500093
500111 500160
500091 500152
500017 500189
500083 500108
500018 500209
500142 500049
500106 500091
500124 500122
500160 500077
500071 500029
500198 500041
500157 500178
500072 500093
500208 500087
500123 500199
500115 500030
500069 500194
500103 500106
500079 500090
500112 500045
500033 500118
500058 500079
500185 500157
500164 500144
500034 500128
500058 500053
500128 500125
500116 500190
500079 500160
500039 500077
500065 500189
500135 500137
500208 500132
500203 500044
500092 500051
500206 500186
500088 500032
500153 500100
500086 500089
500041 500051
500197 500155
500149 500034
500027 500194
500205 500102
500203 500168
500208 500204
500072 500102
500176 500208
500090 500073
500029 500024
500087 500015
500149 500183
500017 500165
500125 500034
500161 500051
500208 500196
500077 500129
500023 500030
500174 500081
500202 500118
500087 500121
500054 500060
500113 500056
500091 500142
500075 500090
500146 500064
500091 500012
500122 500202
500180 500046
500100 500090
500131 500056
500028 500048
500033 500101
500018 500179
500164 500085
500068 500036
500161 500072
500032 500194
500158 500102
500090 500169
500102 500069
500012 500207
500193 500131
500191 500067
500116 500138
500121 500028
500018 500125
500191 500041
500035 500026
500162 500015
500101 500141
500127 500096
500040 500022
500059 500020
500061 500101
500099 500086
500117 500152
500209 500160
500199 500189
500108 500110
500105 500195
500091 500012
500170 500198
500016 500140
500053 500170
500094 500017
500173 500062
500169 500198
500103 500042
500038 500036
500025 500041
500171 500172
500088 500058
500011 500205
500066 500183
500148 500205
500133 500063
500059 500091
500080 500203
500202 500096
500197 500119
500139 500138
500054 500048
500111 500174
500101 500024
500043 500099
500032 500156
500191 500046
500189 500041
500177 500190
500073 500029
500123 500100
500038 500117
500100 500055
500064 500015
500185 500096
500134 500204
500044 500025
500059 500163
500092 500120
500162 500152
500183 500026
500021 500187
500049 500161
500124 500175
500146 500062
500124 500105
500140 500147
500077 500099
500136 500028
500111 500097
500184 500129
500148 500013
500152 500064
500060 500048
500198 500159
500112 500209
500032 500076
500190 500129
500147 500055
500205 500174
500023 500084
500108 500120
500122 500126
500176 500206
500098 500167
500106 500068
500042 500076
500104 500086
500188 500126
500145 500049
500166 500103
500036 500070
500200 500091
500045 500165
500176 500046
500140 500191
500048 500057
500169 500196
500167 500016
500105 500070
500112 500192
500141 500152
500045 500152
500052 500185
500053 500027
500031 500185
500068 500044
500032 500016
500065 500100
500127 500123
500176 500146
500084 500011
500203 500013
500055 500129
500048 500199
500026 500169
500025 500203
500130 500119
500159 500136
500197 500107
500184 500052
500098 500099
500032 500123
500029 500051
500108 500097
500153 500054
500103 500091
500146 500083
500206 500019
500201 500071
500206 500058
500095 500055
500144 500080
500201 500182
500088 500173
500160 500068
500105 500021
500057 500015
500186 500088
500153 500100
500123 500093
500057 500167
500062 500011
500068 500050
500169 500047
500145 500135
500163 500052
500122 500192
500202 500081
500049 500068
500115 500207
500109 500090
500193 500036
500172 500147
500022 500153
500159 500172
500114 500174
500013 500200
500182 500035
500079 500159
500032 500182
500019 500165
500080 500121
500107 500053
500202 500112
500198 500051
500046 500168
500099 500119
500040 500065
500051 500200
500103 500169
500111 500118
500105 500062
500178 500103
500145 500144
500083 500052
500060 500015
500077 500143
500142 500034
500203 500207
500015 500189
500096 500049
500059 500047
500185 500197
500030 500158
500082 500119
500027 500180
500053 500114
500177 500060
500145 500059
500138 500035
500071 500167
500106 500039
500064 500037
500168 500161
500126 500071
500032 500205
500201 500070
500096 500195
500123 500133
500029 500071
500157 500040
500141 500198
500180 500083
500114 500037
500055 500197
500013 500208
500065 500103
500113 500150
500209 500208
500208 500078
500050 500173
500144 500121
500085 500107
500167 500089
500150 500124
500079 500168
500140 500097
500011 500098
500099 500178
500120 500163
500095 500114
500018 500035
500175 500065
500089 500094
500161 500039
500176 500125
500179 500168
500090 500019
500186 500153
500145 500121
500108 500071
500175 500062
500032 500062
500097 500103
500034 500180
500093 500168
500090 500133
500159 500153
500138 500038
500094 500057
500141 500026
500184 500195
500075 500105
500046 500193
500088 500108
500149 500196
500023 500122
500150 500027
500119 500162
500024 500041
500165 500073
500019 500134
500200 500085
500073 500059
500124 500025
500192 500066
500206 500064
500189 500099
500056 500117
500133 500098
500110 500125
500202 500125
500207 500015
500098 500062
500067 500098
500111 500054
500091 500139
500156 500177
500065 500199
500175 500025
500061 500186
500047 500206
500164 500132
500048 500055
500181 500130
500054 500094
500186 500044
500055 500071
500033 500113
500209 500201
500033 500131
500086 500202
500092 500169
500091 500063
500095 500093
500118 500163
500208 500071
500207 500040
500162 500057
500095 500126
500174 500037
500137 500112
500057 500152
500189 500119
500129 500085
500197 500153
500043 500042
500158 500172
500056 500033
500031 500148
500094 500056
500019 500117
500158 500031
500136 500164
500120 500010
500134 500166
500080 500016
500040 500091
500209 500107
500039 500168
500099 500130
500092 500099
500085 500128
500174 500099
500199 500166
500181 500125
500063 500090
500045 500095
500195 500156
500185 500202
500151 500068
500094 500043
500145 500081
500181 500032
500185 500078
500117 500050
500076 500118
500163 500128
500178 500188
500063 500019
500159 500049
500186 500094
500074 500067
500058 500081
500114 500168
500049 500160
500034 500031
500107 500106
500040 500057
500066 500086
500018 500138
500074 500164
500138 500143
500081 500152
500102 500170
500083 500095
500073 500197
500161 500024
500093 500078
500123 500095
500051 500123
500128 500170
500204 500054
500065 500149
500032 500190
500107 500066
500021 500044
500037 500129
500149 500034
500187 500062
500108 500034
500114 500174
500115 500070
500068 500069
500012 500082
500027 500061
500065 500173
500190 500010
500184 500082
500126 500075
500077 500090
500099 500205
500158 500142
500145 500113
500080 500040
500207 500198
500198 500135
500076 500104
500095 500146
500202 500183
500187 500016
500120 500103
500106 500132
500160 500198
500026 500163
500103 500038
500189 500200
500164 500139
500086 500085
500163 500166
500109 500200
500113 500113
500055 500096
500094 500114
500106 500151
500124 500061
500014 500082
500033 500082
500018 500056
500107 500049
500158 500137
500145 500176
500088 500037
500036 500168
500093 500148
500118 500195
500122 500174
500039 500018
500035 500106
500060 500022
500047 500022
500062 500105
500091 500016
500164 500067
500153 500026
500019 500056
500044 500167
500012 500110
500179 500074
500188 500152
500121 500163
500149 500036
500190 500023
500155 500203
500206 500181
500084 500110
500164 500143
500033 500081
500172 500176
500156 500113
500131 500160
500193 500059
500200 500187
500084 500164
500120 500077
500159 500093
500116 500183
500025 500192
500090 500016
500064 500148
500016 500148
500010 500124
500125 500205
500191 500019
500105 500052
500194 500143
500163 500198
500155 500177
500148 500148
500028 500067
500091 500162
500044 500202
500070 500115
500160 500072
500188 500038
500049 500115
500040 500025
500109 500207
500142 500100
500208 500051
500201 500145
500184 500098
500102 500077
500181 500113
500115 500134
500023 500190
500123 500167
500161 500126
500192 500141
500155 500044
500134 500028
500165 500022
500019 500014
500132 500153
500148 500112
500045 500187
500131 500060
500109 500174
500178 500031
500126 500203
500131 500067
500050 500151
500062 500137
500083 500188
500090 500151
500153 500059
500051 500103
500168 500157
500173 500129
500199 500121
500083 500171
500014 500161
500206 500152
500136 500023
500196 500121
500029 500077
500077 500057
500112 500111
500026 500031
500188 500049
500075 500024
500034 500020
500106 500118
500154 500032
500079 500050
500116 500185
500165 500136
500086 500109
500046 500199
500068 500184
500185 500162
500012 500161
500020 500164
500128 500198
500047 500123
500143 500039
500063 500040
500059 500100
500019 500130
500155 500083
500171 500018
500196 500121
500077 500040
500207 500047
500050 500115
500052 500130
500028 500018
500134 500142
500074 500109
500020 500065
500015 500053
500021 500137
500144 500113
500105 500134
500155 500027
500038 500050
500093 500022
500165 500121
500114 500153
500132 500112
500203 500056
500053 500066
500153 500015
500180 500032
500146 500010
500151 500160
500189 500108
500086 500032
500017 500200
500199 500101
500142 500121
500086 500066
500011 500135
500059 500037
500170 500154
500029 500155
500206 500139
500137 500112
500035 500013
500188 500121
500015 500147
500204 500196
500015 500137
500155 500011
500208 500170
500026 500170
500077 500047
500110 500050
500164 500032
500074 500027
500020 500078
500159 500171
500058 500124
500072 500162
500020 500135
500134 500025
500094 500044
500034 500187
500116 500201
500042 500126
500179 500192
500166 500108
500011 500203
500081 500186
500142 500193
500121 500191
500144 500127
500199 500105
500065 500028
500107 500082
500035 500089
500138 500094
500198 500029
500149 500019
500046 500077
500115 500192
500134 500201
500010 500164
500198 500142
500107 500117
500198 500071
500207 500111
500197 500079
500162 500151
500053 500107
500195 500190
500195 500087
500199 500130
500109 500086
500075 500081
500161 500170
500094 500086
500099 500136
500032 500181
500061 500171
500205 500074
500207 500191
500061 500044
500080 500072
500101 500131
500207 500168
500086 500158
500209 500014
500070 500115
500099 500143
500051 500047
500061 500062
500105 500028
500156 500116
500202 500079
500042 500101
500063 500061
500083 500196
500041 500020
500128 500074
500017 500159
500114 500097
500037 500091
500021 500018
500011 500167
500129 500026
500088 500056
500168 500116
500072 500134
500178 500167
500029 500060
500155 500024
500165 500102
500177 500143
500152 500067
500170 500080
500016 500084
500070 500096
500042 500154
500072 500041
500047 500167
500015 500151
500198 500057
500098 500111
500200 500046
500057 500046
500018 500206
500184 500074
500198 500150
500132 500162
500105 500129
500142 500076
500203 500042
500097 500111
500022 500068
500096 500156
500044 500114
500062 500149
500027 500030
500010 500141
500184 500051
500021 500176
500095 500151
500153 500067
500159 500014
500088 500183
500170 500148
500121 500185
500049 500207
500135 500069
500151 500094
500135 500144
500189 500192
500082 500019
500186 500199
500176 500171
500080 500068
500023 500206
500051 500129
500012 500121
500080 500208
500147 500118
500015 500116
500010 500104
500129 500027
500029 500078
500146 500209
500052 500026
500041 500115
500106 500011
500020 500113
500012 500112
500149 500122
500044 500054
500132 500141
500102 500158
500069 500108
500099 500170
500152 500157
500157 500058
500093 500185
500192 500159
500175 500124
500174 500183
500131 500072
500119 500123
500136 500202
500030 500116
500184 500169
500139 500050
500191 500146
500208 500089
500185 500017
500010 500119
500077 500031
500169 500201
500109 500180
500141 500142
500106 500202
500163 500031
500093 500053
500079 500195
500102 500197
500069 500065
500134 500115
500023 500158
500151 500155
500041 500100
500062 500010
500153 500092
500160 500129
500070 500104
500191 500176
500187 500189
500047 500016
500090 500132
500018 500146
500031 500084
500024 500188
500186 500077
500158 500075
500105 500139
500020 500010
500141 500104
500012 500056
500054 500053
500025 500059
500093 500093
500071 500184
500116 500017
500128 500045
500203 500058
500083 500137
500140 500055
500068 500064
500114 500101
500065 500014
500037 500094
500051 500140
500025 500105
500203 500084
500040 500022
500018 500018
500093 500056
500120 500120
500104 500175
500117 500138
500103 500084
500180 500205
500091 500045
500025 500081
500012 500101
500153 500123
500101 500159
500018 500080
500055 500130
500025 500205
500177 500139
500044 500141
500206 500188
500166 500167
500033 500062
500112 500156
500092 500190
500102 500141
500203 500132
500052 500127
500175 500157
500208 500022
500147 500115
500088 500065
500090 500124
500184 500114
500075 500094
500097 500169
500106 500162
500073 500123
500046 500020
500010 500170
500194 500051
500208 500071
500061 500194
500183 500019
500177 500050
500156 500133
500044 500202
500099 500209
500128 500205
500016 500077
500207 500168
500134 500048
500073 500045
500120 500166
500128 500188
500125 500141
500061 500151
500187 500111
500102 500203
500031 500194
500158 500099
500156 500140
500105 500150
500144 500029
500013 500183
500034 500155
500148 500105
500190 500012
500177 500016
500019 500195
500095 500050
500147 500151
500109 500016
500107 500073
500013 500102
500047 500178
500130 500037
500084 500112
500040 500127
500046 500028
500150 500057
500161 500059
500112 500165
500021 500010
500123 500035
500132 500093
500021 500050
500037 500131
500050 500167
500056 500076
500199 500013
500100 500089
500140 500131
500024 500011
500040 500173
500023 500145
500038 500041
500180 500168
500097 500171
500101 500149
500202 500127
500202 500066
500012 500092
500178 500158
500178 500047
500163 500073
500026 500205
38 80
111 58
190 80
189 183
165 86
178 176
114 61
52 195
157 79
30 3
2 69
85 185
70 167
91 132
110 22
16 154
56 7
127 90
101 192
189 150
45 88
89 105
165 114
6 177
181 199
38 93
93 7
10 145
142 36
58 142
15 133
74 142
197 198
51 183
62 142
46 155
134 67
131 55
18 107
137 164
136 181
188 120
60 155
195 151
9 70
18 196
79 45
4 160
160 85
62 171
50 24
33 147
153 165
5 107
73 162
130 51
153 96
162 74
158 87
138 128
106 156
84 4
19 160
187 77
10 1
62 72
175 184
83 128
55 97
99 127
144 149
173 185
166 32
194 33
142 131
168 170
39 168
171 163
19 103
7 187
155 62
158 96
186 85
85 4
81 146
176 105
126 70
5 142
118 66
123 159
118 194
103 12
105 76
61 56
193 112
9 175
133 73
89 162
40 129
89 5
162 57
87 77
117 122
7 101
104 91
183 167
196 192
94 142
8 118
64 167
46 193
115 11
110 99
21 194
82 64
9 131
89 118
98 137
92 155
80 44
