# source: JorikJooken
# original path: jj_extract\knapsackProblemInstances-master\problemInstances\n_800_c_1000000_g_10_f_0.1_eps_0.001_s_300\test.in
# optimal value: 1017278
# format: n capacity, then weight value
800 1000000
501176 501188
501087 501101
501214 501235
501033 501085
501217 501127
501040 501065
501001 501030
501205 501041
501223 501271
501230 501012
501148 501186
501107 501057
501171 501273
501115 501106
501293 501208
501165 501185
501239 501275
501134 501159
501107 501188
501127 501220
501266 501193
501087 501154
501083 501129
501032 501203
501229 501119
501248 501151
501160 501203
501054 501203
501248 501044
501164 501166
501159 501068
501265 501045
501171 501188
501151 501172
501099 501045
501131 501093
501093 501040
501006 501151
501141 501020
501145 501249
501196 501132
501093 501182
501131 501260
501211 501132
501136 501169
501166 501256
501124 501285
501068 501238
501272 501075
501014 501098
501207 501212
501178 501031
501267 501099
501283 501253
501033 501073
501025 501246
501263 501063
501044 501068
501023 501014
501046 501173
501278 501298
501236 501104
501079 501042
501109 501012
501089 501067
501158 501115
501149 501088
501219 501080
501255 501069
501283 501261
501098 501002
501138 501129
501070 501051
501262 501215
501253 501199
501100 501006
501115 501147
501242 501268
501101 501198
501033 501292
251253 251298
251237 251103
251099 251227
251026 251291
251047 251196
251080 251292
251136 251104
251165 251249
251014 251165
251091 251206
251293 251151
251232 251021
251245 251252
251042 251288
251300 251156
251298 251025
251050 251262
251074 251005
251212 251134
251121 251285
251069 251058
251290 251173
251022 251054
251001 251209
251017 251064
251291 251096
251289 251234
251243 251174
251207 251292
251152 251108
251158 251232
251019 251040
251118 251014
251273 251293
251035 251033
251219 251137
251015 251080
251028 251155
251162 251193
251031 251176
251126 251142
251015 251187
251062 251026
251047 251282
251078 251073
251054 251073
251266 251266
251140 251171
251194 251025
251035 251158
251225 251096
251009 251228
251075 251139
251148 251158
251105 251182
251111 251147
251136 251118
251219 251122
251152 251118
251139 251166
251121 251024
251116 251215
251143 251218
251254 251293
251187 251097
251295 251054
251092 251123
251213 251241
251137 251228
251294 251110
251222 251268
251275 251153
251204 251249
251086 251001
251069 251048
251106 251079
251242 251278
251251 251229
251289 251288
251170 251105
126204 126168
126056 126146
126243 126176
126174 126010
126208 126262
126179 126084
126157 126078
126001 126258
126076 126118
126119 126044
126076 126176
126062 126077
126063 126124
126046 126001
126068 126135
126013 126125
126076 126191
126223 126119
126300 126253
126129 126053
126071 126076
126187 126183
126088 126062
126065 126140
126036 126090
126067 126208
126149 126148
126123 126192
126041 126198
126213 126036
126204 126207
126142 126238
126251 126095
126247 126122
126154 126106
126244 126057
126094 126276
126257 126232
126094 126133
126159 126181
126257 126258
126006 126154
126257 126154
126151 126020
126192 126031
126064 126146
126230 126028
126288 126129
126080 126269
126048 126034
126055 126160
126158 126197
126255 126266
126077 126102
126151 126215
126222 126143
126213 126152
126147 126207
126056 126100
126129 126027
126155 126043
126032 126249
126036 126131
126060 126206
126258 126223
126056 126172
126156 126053
126124 126087
126229 126118
126204 126228
126211 126274
126056 126084
126280 126072
126098 126040
126242 126265
126242 126250
126276 126110
126153 126190
126072 126255
126267 126076
63677 63622
63649 63787
63685 63637
63790 63591
63568 63603
63614 63547
63584 63752
63794 63516
63553 63508
63739 63597
63558 63511
63520 63554
63734 63792
63748 63599
63715 63535
63792 63640
63797 63728
63641 63615
63684 63575
63732 63734
63693 63566
63617 63681
63587 63793
63656 63678
63774 63663
63582 63554
63596 63655
63745 63623
63789 63754
63730 63565
63622 63625
63728 63778
63773 63590
63635 63728
63671 63688
63537 63701
63764 63619
63529 63502
63728 63516
63709 63763
63693 63632
63548 63699
63697 63618
63626 63705
63557 63757
63660 63502
63798 63687
63652 63672
63638 63503
63519 63637
63591 63704
63768 63670
63719 63639
63719 63534
63561 63797
63666 63733
63761 63676
63669 63739
63769 63725
63631 63570
63633 63573
63781 63637
63641 63576
63539 63511
63546 63782
63548 63786
63713 63758
63612 63653
63700 63741
63627 63668
63672 63503
63532 63773
63583 63726
63582 63553
63614 63751
63536 63750
63699 63740
63776 63738
63509 63770
63779 63558
32399 32323
32300 32291
32422 32444
32545 32351
32403 32492
32500 32475
32304 32383
32410 32412
32460 32339
32378 32361
32528 32293
32423 32314
32519 32522
32487 32415
32356 32533
32474 32251
32346 32299
32252 32351
32428 32515
32281 32511
32415 32292
32301 32487
32406 32342
32365 32273
32476 32387
32456 32311
32455 32300
32392 32438
32391 32415
32333 32546
32487 32287
32395 32517
32412 32469
32458 32538
32373 32270
32363 32393
32512 32396
32452 32427
32402 32544
32482 32455
32309 32359
32447 32435
32450 32504
32268 32504
32431 32323
32253 32438
32485 32385
32445 32543
32513 32454
32499 32397
32466 32277
32429 32320
32276 32479
32465 32453
32426 32258
32477 32313
32377 32493
32302 32502
32365 32422
32404 32300
32420 32385
32511 32436
32522 32396
32347 32496
32401 32369
32523 32502
32545 32348
32355 32541
32522 32422
32437 32365
32484 32398
32440 32285
32310 32390
32481 32408
32396 32382
32424 32395
32307 32279
32318 32408
32471 32452
32429 32539
16799 16894
16701 16904
16679 16706
16914 16859
16769 16631
16791 16876
16634 16735
16827 16825
16753 16804
16646 16795
16891 16750
16694 16708
16748 16874
16730 16771
16698 16794
16874 16877
16836 16739
16797 16754
16747 16719
16833 16918
16628 16786
16842 16863
16632 16825
16902 16861
16868 16825
16915 16860
16640 16629
16762 16775
16668 16728
16630 16806
16852 16704
16646 16886
16839 16899
16811 16645
16644 16756
16825 16901
16813 16816
16825 16907
16827 16710
16813 16734
16851 16821
16659 16719
16776 16906
16808 16751
16683 16698
16718 16820
16735 16636
16668 16735
16769 16877
16853 16653
16764 16830
16869 16783
16684 16661
16785 16785
16897 16627
16714 16798
16629 16761
16742 16681
16884 16857
16770 16890
16749 16791
16762 16664
16915 16869
16650 16817
16714 16682
16841 16630
16748 16783
16845 16710
16836 16748
16886 16803
16764 16898
16896 16816
16644 16689
16732 16755
16671 16712
16646 16754
16785 16868
16711 16862
16917 16670
16787 16918
8989 8993
9082 9055
9013 9003
8859 8850
8910 8987
9058 8960
9067 8884
9040 8986
8936 8902
8941 8991
8926 8876
8998 9034
8849 8898
9019 9077
9076 8857
8943 8840
9108 9051
8913 9085
8991 8968
8883 8908
8900 8884
8830 8956
8920 8932
8917 8897
8841 8834
8867 8934
9015 8813
8983 8970
9087 9088
8893 8829
9068 8875
8899 8871
8956 8829
8851 8857
8900 8815
8933 8843
9062 8968
8877 9071
9022 8944
8914 8900
9092 9091
8997 8915
9095 9051
9037 8966
8991 9036
8850 8922
9076 8974
8963 9082
9034 9098
8824 8991
8836 8892
8994 8990
9055 8828
9074 9079
8833 8849
8911 8981
8941 8953
9056 9098
8914 8841
8884 9005
8862 8814
8818 8997
9023 9013
8920 8990
8814 8936
8963 8834
9099 8857
9072 8832
8964 8980
9055 8946
9087 9075
8932 8895
8924 8842
9064 8829
8984 9026
8871 9057
8829 8927
9058 8932
8972 8831
8864 8969
5203 5041
5081 5030
4932 5002
5180 5088
5137 4993
5017 5026
5088 5080
5034 4978
5169 4987
5108 5146
5094 4912
4994 4977
5201 5180
5172 4921
5115 4909
5058 4936
5106 4947
5154 5071
5030 4965
5089 5129
5201 5165
5067 5056
4908 4929
4997 5015
4991 4964
5095 5062
5118 4950
5174 5115
5117 5019
5038 5114
4942 5155
4969 5103
5100 4965
4943 5023
5012 5172
4954 5106
4995 4974
5175 5013
5125 5156
5178 5155
5094 5135
4930 5074
5031 4954
4928 5184
5062 5060
4951 4981
5178 5154
4986 4937
5170 4980
4910 5014
4949 5193
5109 4914
5044 5027
5023 5182
5165 5022
5166 5174
4963 4912
5134 5006
4990 4995
5134 4924
5179 5100
4920 4942
5143 4948
5199 5139
4991 4983
5052 5040
4952 5198
5068 5135
4931 5025
5059 5083
4928 4977
5042 5053
4912 4967
4908 5175
5011 5098
5150 5051
5082 5168
4943 5154
4938 4961
4922 5013
2987 3025
3097 2993
2977 2974
3060 3048
3091 3151
3239 3206
3138 2990
3229 3173
3012 3053
3158 3056
3170 3222
3097 2969
2983 2964
3246 3253
3166 3088
3027 3141
3179 2993
3215 3096
3112 3136
2973 3122
3189 3097
2979 3018
2968 3248
3025 3167
3050 3104
3079 3002
3228 3237
3207 3007
3012 3140
3107 2977
3186 3175
3055 3011
3199 3251
3103 3154
3027 3133
3210 3006
3083 3105
3200 2983
3084 3106
3210 3121
3096 3053
3007 3046
3102 3182
3117 3056
3024 3075
3222 3106
3125 3193
3195 3249
3009 3089
3145 3059
3166 3089
3108 3205
3082 2997
3135 3172
3154 3097
3210 3015
3217 3017
3165 3073
2962 3122
3095 3231
2975 3028
3050 3191
3095 3113
3141 2996
2999 2976
3042 3241
3156 2990
2985 2970
3127 2963
3006 3238
3179 3253
2966 2983
3008 3069
3125 3043
3096 3156
3182 3048
2959 3164
3001 3094
3231 2968
2957 3197
236 261
114 1
280 87
214 7
192 126
151 281
131 154
47 95
30 67
75 15
76 200
201 21
115 240
10 292
116 114
142 211
176 288
84 20
6 164
157 300
167 113
300 263
65 59
84 299
158 260
253 11
160 269
298 56
166 297
291 80
132 174
134 7
175 39
232 125
18 253
299 255
288 158
140 49
35 129
197 280
33 124
261 142
122 204
161 48
92 217
12 153
66 297
278 172
57 44
252 147
142 257
161 177
64 4
198 165
44 52
136 14
175 90
165 269
199 44
64 182
225 259
196 145
114 209
267 99
132 46
274 60
217 139
222 125
216 217
235 158
13 104
249 52
90 191
52 49
66 284
271 187
139 163
207 283
100 48
113 157
