# source: JorikJooken
# original path: jj_extract\knapsackProblemInstances-master\problemInstances\n_1000_c_100000000_g_10_f_0.2_eps_0.01_s_200\test.in
# optimal value: 100013925
# format: n capacity, then weight value
1000 100000000
51000118 51000127
51000079 51000146
51000011 51000120
51000067 51000074
51000079 51000060
51000062 51000059
51000142 51000194
51000116 51000158
51000178 51000067
51000050 51000034
51000033 51000176
51000165 51000007
51000194 51000164
51000095 51000115
51000166 51000178
51000002 51000118
51000089 51000191
51000110 51000125
51000044 51000138
51000172 51000149
51000189 51000136
51000137 51000030
51000054 51000186
51000111 51000089
51000084 51000004
51000060 51000188
51000122 51000003
51000145 51000016
51000023 51000179
51000189 51000187
51000106 51000157
51000033 51000100
51000083 51000116
51000189 51000069
51000014 51000025
51000028 51000023
51000168 51000018
51000063 51000090
51000022 51000054
51000102 51000145
51000058 51000150
51000142 51000146
51000046 51000091
51000080 51000128
51000141 51000179
51000104 51000007
51000160 51000083
51000198 51000137
51000040 51000032
51000181 51000198
51000049 51000022
51000178 51000157
51000121 51000108
51000100 51000072
51000132 51000125
51000073 51000128
51000197 51000102
51000114 51000199
51000083 51000196
51000171 51000076
51000081 51000082
51000082 51000097
51000023 51000081
51000021 51000124
51000054 51000054
51000002 51000188
51000110 51000120
51000154 51000068
51000081 51000099
51000089 51000045
51000004 51000003
51000036 51000029
51000035 51000067
51000126 51000188
51000181 51000046
51000091 51000037
51000010 51000055
51000070 51000140
51000123 51000045
51000148 51000143
51000093 51000091
51000142 51000012
51000187 51000040
51000149 51000174
51000139 51000179
51000163 51000065
51000034 51000070
51000154 51000041
26000018 26000116
26000010 26000016
26000197 26000163
26000077 26000006
26000150 26000187
26000034 26000144
26000107 26000092
26000119 26000033
26000008 26000122
26000140 26000020
26000185 26000074
26000071 26000069
26000137 26000183
26000040 26000053
26000042 26000083
26000174 26000083
26000048 26000056
26000071 26000195
26000056 26000060
26000143 26000158
26000131 26000010
26000169 26000166
26000037 26000028
26000162 26000074
26000184 26000026
26000165 26000097
26000188 26000013
26000041 26000021
26000139 26000042
26000038 26000019
26000099 26000174
26000115 26000001
26000114 26000141
26000066 26000085
26000198 26000124
26000004 26000166
26000061 26000150
26000076 26000068
26000068 26000047
26000113 26000180
26000194 26000174
26000125 26000116
26000003 26000150
26000029 26000113
26000074 26000017
26000199 26000048
26000179 26000049
26000045 26000181
26000159 26000183
26000104 26000177
26000105 26000040
26000069 26000044
26000007 26000160
26000109 26000048
26000100 26000200
26000044 26000129
26000034 26000174
26000134 26000049
26000144 26000106
26000041 26000016
26000076 26000026
26000122 26000200
26000091 26000050
26000041 26000119
26000174 26000091
26000059 26000148
26000164 26000153
26000065 26000033
26000181 26000110
26000034 26000081
26000145 26000166
26000095 26000128
26000128 26000184
26000074 26000164
26000156 26000069
26000143 26000046
26000134 26000103
26000158 26000086
26000199 26000018
26000151 26000111
26000128 26000006
26000067 26000021
26000024 26000132
26000097 26000098
26000150 26000052
26000145 26000079
26000161 26000055
26000079 26000020
13500187 13500118
13500161 13500014
13500100 13500057
13500185 13500019
13500086 13500098
13500102 13500190
13500120 13500060
13500090 13500152
13500197 13500004
13500159 13500060
13500132 13500003
13500175 13500198
13500070 13500013
13500063 13500181
13500184 13500155
13500147 13500019
13500151 13500085
13500021 13500038
13500172 13500025
13500198 13500132
13500161 13500082
13500190 13500140
13500129 13500001
13500055 13500047
13500062 13500075
13500061 13500173
13500124 13500092
13500032 13500136
13500119 13500093
13500121 13500099
13500196 13500176
13500102 13500037
13500054 13500009
13500016 13500038
13500084 13500026
13500091 13500132
13500096 13500185
13500051 13500089
13500094 13500130
13500155 13500121
13500135 13500166
13500143 13500122
13500168 13500174
13500168 13500156
13500044 13500091
13500115 13500083
13500200 13500050
13500122 13500059
13500182 13500121
13500129 13500017
13500062 13500011
13500073 13500158
13500083 13500006
13500102 13500082
13500093 13500061
13500168 13500197
13500006 13500087
13500022 13500095
13500173 13500061
13500132 13500143
13500146 13500008
13500126 13500001
13500121 13500118
13500058 13500095
13500050 13500011
13500140 13500187
13500040 13500093
13500120 13500005
13500028 13500029
13500032 13500148
13500019 13500152
13500093 13500175
13500150 13500193
13500178 13500021
13500122 13500180
13500040 13500178
13500174 13500065
13500102 13500018
13500058 13500166
13500126 13500040
13500156 13500159
13500012 13500114
13500086 13500097
13500147 13500064
13500074 13500013
13500090 13500065
13500186 13500118
13500141 13500012
7250135 7250089
7250047 7250067
7250075 7250001
7250101 7250103
7250065 7250182
7250057 7250124
7250102 7250033
7250041 7250011
7250136 7250097
7250175 7250177
7250094 7250148
7250156 7250064
7250097 7250092
7250036 7250191
7250033 7250056
7250099 7250023
7250196 7250067
7250187 7250132
7250038 7250090
7250027 7250162
7250175 7250130
7250163 7250183
7250104 7250094
7250138 7250049
7250088 7250144
7250007 7250018
7250178 7250182
7250064 7250006
7250190 7250107
7250015 7250175
7250081 7250173
7250142 7250093
7250030 7250061
7250001 7250014
7250064 7250047
7250051 7250011
7250022 7250051
7250037 7250038
7250038 7250043
7250069 7250155
7250169 7250154
7250046 7250149
7250061 7250054
7250179 7250112
7250129 7250027
7250010 7250173
7250196 7250129
7250018 7250114
7250142 7250096
7250011 7250009
7250136 7250024
7250184 7250082
7250055 7250165
7250058 7250124
7250188 7250018
7250083 7250183
7250116 7250003
7250148 7250118
7250058 7250007
7250177 7250037
7250102 7250136
7250083 7250161
7250015 7250009
7250040 7250095
7250045 7250000
7250121 7250099
7250073 7250039
7250055 7250073
7250024 7250054
7250143 7250154
7250070 7250077
7250151 7250135
7250037 7250082
7250050 7250131
7250147 7250080
7250065 7250099
7250030 7250065
7250007 7250163
7250123 7250108
7250067 7250067
7250025 7250092
7250032 7250037
7250166 7250075
7250149 7250101
7250031 7250066
7250135 7250051
7250132 7250018
7250164 7250150
4125111 4125122
4125123 4125099
4125174 4125028
4125197 4125145
4125044 4125045
4125024 4125063
4125142 4125025
4125028 4125053
4125035 4125154
4125096 4125112
4125163 4125125
4125030 4125192
4125164 4125182
4125131 4125031
4125168 4125128
4125051 4125089
4125027 4125100
4125143 4125111
4125112 4125151
4125092 4125086
4125040 4125184
4125182 4125080
4125010 4125099
4125170 4125010
4125099 4125149
4125063 4125054
4125188 4125067
4125093 4125184
4125048 4125107
4125040 4125197
4125079 4125142
4125082 4125116
4125005 4125129
4125068 4125077
4125122 4125134
4125052 4125134
4125178 4125076
4125137 4125112
4125180 4125135
4125121 4125031
4125022 4125115
4125176 4125039
4125091 4125151
4125012 4125017
4125190 4125196
4125188 4125033
4125061 4125066
4125144 4125008
4125157 4125068
4125093 4125183
4125042 4125028
4125160 4125004
4125194 4125052
4125095 4125145
4125033 4125156
4125075 4125167
4125194 4125146
4125186 4125083
4125094 4125141
4125193 4125158
4125103 4125022
4125051 4125137
4125005 4125042
4125160 4125122
4125094 4125155
4125082 4125172
4125093 4125066
4125035 4125112
4125017 4125137
4125199 4125002
4125109 4125018
4125134 4125125
4125097 4125037
4125159 4125180
4125027 4125125
4125141 4125188
4125061 4125087
4125059 4125029
4125168 4125052
4125164 4125154
4125140 4125085
4125123 4125090
4125178 4125085
4125095 4125171
4125056 4125037
4125132 4125127
4125086 4125024
4125099 4125100
2562606 2562685
2562656 2562693
2562548 2562697
2562609 2562607
2562528 2562531
2562589 2562515
2562640 2562577
2562619 2562658
2562534 2562686
2562528 2562670
2562572 2562625
2562605 2562662
2562515 2562502
2562641 2562649
2562611 2562515
2562581 2562535
2562588 2562689
2562504 2562609
2562621 2562527
2562629 2562544
2562696 2562537
2562604 2562682
2562690 2562612
2562676 2562691
2562700 2562553
2562525 2562544
2562559 2562543
2562655 2562661
2562618 2562615
2562622 2562675
2562643 2562600
2562502 2562699
2562503 2562568
2562566 2562594
2562589 2562655
2562533 2562562
2562537 2562558
2562689 2562669
2562606 2562679
2562656 2562619
2562625 2562528
2562562 2562691
2562637 2562666
2562622 2562527
2562537 2562544
2562559 2562556
2562604 2562540
2562678 2562609
2562665 2562687
2562591 2562654
2562595 2562690
2562533 2562515
2562693 2562631
2562620 2562628
2562699 2562626
2562609 2562667
2562646 2562601
2562650 2562512
2562571 2562543
2562559 2562694
2562553 2562623
2562687 2562625
2562658 2562663
2562651 2562660
2562657 2562570
2562501 2562547
2562628 2562552
2562593 2562684
2562612 2562502
2562601 2562623
2562631 2562546
2562568 2562543
2562607 2562532
2562654 2562594
2562538 2562700
2562661 2562520
2562668 2562669
2562585 2562527
2562574 2562631
2562590 2562656
2562690 2562699
2562650 2562645
2562623 2562541
2562626 2562695
2562555 2562556
2562558 2562686
2562615 2562690
2562673 2562600
1781438 1781297
1781396 1781256
1781294 1781290
1781340 1781254
1781387 1781380
1781292 1781304
1781439 1781269
1781413 1781407
1781440 1781364
1781286 1781411
1781422 1781283
1781348 1781386
1781363 1781328
1781347 1781442
1781258 1781268
1781419 1781432
1781265 1781257
1781272 1781299
1781346 1781390
1781407 1781355
1781270 1781393
1781346 1781289
1781407 1781399
1781272 1781300
1781401 1781434
1781280 1781276
1781295 1781289
1781392 1781402
1781420 1781379
1781268 1781361
1781433 1781375
1781409 1781257
1781323 1781392
1781319 1781330
1781284 1781263
1781299 1781321
1781321 1781382
1781260 1781385
1781251 1781420
1781396 1781438
1781420 1781349
1781367 1781398
1781316 1781343
1781302 1781334
1781303 1781377
1781267 1781443
1781302 1781258
1781316 1781385
1781379 1781262
1781379 1781317
1781427 1781383
1781426 1781372
1781304 1781384
1781358 1781431
1781396 1781354
1781265 1781448
1781372 1781282
1781331 1781296
1781320 1781409
1781274 1781343
1781424 1781307
1781261 1781289
1781402 1781291
1781274 1781302
1781297 1781416
1781267 1781414
1781400 1781428
1781340 1781356
1781443 1781303
1781420 1781428
1781257 1781287
1781371 1781438
1781409 1781312
1781296 1781326
1781428 1781388
1781419 1781328
1781331 1781396
1781381 1781428
1781311 1781388
1781417 1781318
1781421 1781306
1781349 1781255
1781411 1781277
1781333 1781299
1781427 1781355
1781344 1781378
1781371 1781382
1781327 1781423
1390684 1390632
1390808 1390720
1390665 1390652
1390779 1390818
1390781 1390638
1390814 1390671
1390674 1390763
1390811 1390672
1390714 1390813
1390703 1390765
1390682 1390684
1390812 1390751
1390720 1390637
1390769 1390680
1390643 1390630
1390697 1390713
1390808 1390675
1390783 1390765
1390824 1390658
1390785 1390811
1390756 1390787
1390713 1390803
1390717 1390707
1390727 1390761
1390787 1390748
1390784 1390697
1390635 1390818
1390630 1390810
1390768 1390822
1390720 1390735
1390706 1390675
1390672 1390637
1390656 1390715
1390779 1390639
1390725 1390713
1390736 1390780
1390795 1390771
1390764 1390787
1390778 1390668
1390676 1390821
1390665 1390710
1390648 1390641
1390673 1390764
1390738 1390797
1390806 1390709
1390694 1390734
1390648 1390729
1390715 1390723
1390653 1390699
1390739 1390674
1390811 1390806
1390709 1390728
1390658 1390716
1390794 1390713
1390780 1390819
1390784 1390630
1390799 1390738
1390664 1390800
1390691 1390808
1390722 1390821
1390803 1390775
1390687 1390765
1390717 1390769
1390676 1390769
1390760 1390765
1390780 1390776
1390768 1390687
1390780 1390730
1390714 1390692
1390658 1390711
1390752 1390758
1390755 1390779
1390629 1390795
1390646 1390808
1390807 1390805
1390702 1390713
1390639 1390771
1390791 1390776
1390646 1390659
1390764 1390818
1390804 1390686
1390689 1390646
1390809 1390639
1390807 1390784
1390646 1390716
1390667 1390682
1390676 1390750
1390684 1390817
1195474 1195345
1195496 1195323
1195412 1195435
1195316 1195494
1195476 1195431
1195316 1195446
1195463 1195465
1195397 1195442
1195510 1195471
1195504 1195444
1195424 1195502
1195510 1195442
1195504 1195510
1195483 1195317
1195421 1195424
1195354 1195449
1195317 1195451
1195391 1195502
1195360 1195469
1195493 1195340
1195336 1195464
1195314 1195317
1195337 1195419
1195456 1195390
1195432 1195472
1195442 1195507
1195368 1195394
1195476 1195432
1195358 1195487
1195464 1195397
1195457 1195333
1195340 1195366
1195324 1195373
1195325 1195325
1195453 1195507
1195468 1195425
1195447 1195441
1195399 1195508
1195395 1195507
1195453 1195328
1195333 1195323
1195412 1195375
1195404 1195429
1195492 1195383
1195426 1195415
1195387 1195455
1195459 1195394
1195331 1195497
1195362 1195484
1195475 1195342
1195495 1195422
1195396 1195471
1195417 1195342
1195450 1195323
1195328 1195457
1195317 1195373
1195327 1195494
1195498 1195429
1195405 1195389
1195330 1195317
1195344 1195314
1195366 1195403
1195336 1195509
1195490 1195458
1195419 1195449
1195340 1195477
1195314 1195317
1195451 1195471
1195426 1195490
1195447 1195511
1195469 1195388
1195353 1195453
1195321 1195377
1195498 1195314
1195417 1195461
1195492 1195412
1195330 1195345
1195417 1195432
1195494 1195446
1195470 1195451
1195475 1195411
1195504 1195320
1195378 1195336
1195491 1195471
1195437 1195335
1195431 1195420
1195412 1195367
1195350 1195379
195 2
9 74
88 198
18 93
162 16
75 13
166 29
141 64
187 12
5 116
110 164
156 109
6 76
3 7
62 6
15 24
44 146
170 182
14 52
143 93
50 125
73 182
71 175
164 165
66 109
179 26
153 2
76 22
62 147
111 7
112 68
54 4
80 68
117 189
81 75
20 193
75 138
57 130
93 92
132 27
1 52
101 27
171 178
109 100
29 27
83 79
124 49
77 142
146 130
106 126
48 107
7 122
158 40
169 183
129 192
21 88
37 91
12 179
111 13
105 135
89 116
103 11
1 98
184 32
94 150
146 144
72 10
3 152
177 72
5 51
82 29
130 167
27 57
123 9
79 99
150 106
103 34
156 131
87 118
6 20
187 94
126 10
73 36
163 49
176 166
36 96
32 135
40 137
161 100
50 155
175 58
54 159
89 22
169 123
183 160
121 189
166 197
138 147
79 112
36 11
37 150
124 96
128 55
87 163
192 123
197 199
52 12
93 139
7 81
28 49
127 38
185 182
194 130
17 154
145 24
55 162
153 55
79 30
30 33
121 141
175 14
102 186
3 148
158 141
165 70
78 139
53 11
143 145
6 134
48 68
104 82
101 176
71 179
41 54
127 165
84 18
88 187
108 8
113 122
109 90
52 182
117 146
170 58
178 151
160 30
26 83
105 164
151 109
89 52
183 123
149 105
144 91
120 104
71 139
137 50
62 142
165 58
128 145
126 155
19 15
170 146
140 144
102 16
62 117
114 132
139 150
185 104
46 71
31 111
171 179
127 180
116 63
8 16
161 186
190 171
48 12
128 195
183 100
181 31
95 189
156 198
101 5
3 93
111 16
34 141
161 167
18 48
114 52
69 77
186 106
184 106
74 195
92 26
55 199
63 178
28 147
61 111
76 33
157 52
193 14
173 56
136 145
102 109
164 133
61 5
150 147
182 60
99 139
