# source: JorikJooken
# original path: jj_extract\knapsackProblemInstances-master\problemInstances\n_1200_c_10000000000_g_10_f_0.1_eps_0_s_200\test.in
# optimal value: 9980512372
# format: n capacity, then weight value
1200 10000000000
5000000189 5000000101
5000000082 5000000088
5000000184 5000000196
5000000194 5000000060
5000000067 5000000019
5000000029 5000000183
5000000002 5000000047
5000000180 5000000055
5000000110 5000000177
5000000081 5000000040
5000000064 5000000134
5000000060 5000000124
5000000068 5000000059
5000000168 5000000039
5000000029 5000000191
5000000013 5000000184
5000000134 5000000128
5000000172 5000000136
5000000049 5000000047
5000000150 5000000110
5000000096 5000000166
5000000107 5000000071
5000000105 5000000155
5000000187 5000000121
5000000182 5000000106
5000000186 5000000100
5000000040 5000000157
5000000101 5000000191
5000000091 5000000014
5000000074 5000000177
5000000003 5000000159
5000000191 5000000175
5000000033 5000000013
5000000179 5000000021
5000000004 5000000061
5000000181 5000000101
5000000161 5000000129
5000000117 5000000050
5000000142 5000000185
5000000180 5000000148
5000000141 5000000092
5000000129 5000000094
5000000056 5000000115
5000000142 5000000008
5000000069 5000000066
5000000136 5000000065
5000000167 5000000137
5000000089 5000000107
5000000090 5000000025
5000000097 5000000137
5000000033 5000000020
5000000186 5000000200
5000000082 5000000116
5000000022 5000000003
5000000154 5000000046
5000000154 5000000040
5000000028 5000000098
5000000157 5000000014
5000000198 5000000005
5000000067 5000000177
5000000184 5000000122
5000000143 5000000177
5000000086 5000000130
5000000142 5000000093
5000000100 5000000170
5000000061 5000000128
5000000098 5000000046
5000000166 5000000144
5000000100 5000000173
5000000083 5000000058
5000000130 5000000036
5000000165 5000000083
5000000021 5000000133
5000000053 5000000018
5000000013 5000000154
5000000139 5000000004
5000000035 5000000032
5000000076 5000000128
5000000044 5000000008
5000000137 5000000175
5000000076 5000000008
5000000005 5000000083
5000000152 5000000013
5000000054 5000000108
5000000122 5000000034
5000000196 5000000172
5000000180 5000000018
5000000015 5000000183
5000000087 5000000073
5000000143 5000000087
5000000168 5000000015
5000000170 5000000184
5000000063 5000000153
5000000065 5000000019
5000000043 5000000156
5000000026 5000000097
5000000184 5000000153
5000000092 5000000022
5000000052 5000000073
5000000081 5000000007
5000000191 5000000062
5000000194 5000000065
5000000100 5000000106
5000000156 5000000191
5000000039 5000000081
5000000133 5000000059
5000000121 5000000198
5000000059 5000000179
5000000038 5000000027
5000000183 5000000116
5000000152 5000000043
5000000109 5000000102
5000000103 5000000131
5000000002 5000000060
5000000158 5000000033
5000000166 5000000130
5000000112 5000000029
5000000061 5000000053
5000000054 5000000073
5000000094 5000000016
2500000042 2500000110
2500000173 2500000108
2500000047 2500000097
2500000060 2500000191
2500000158 2500000149
2500000192 2500000034
2500000042 2500000112
2500000036 2500000143
2500000200 2500000090
2500000049 2500000105
2500000134 2500000068
2500000127 2500000139
2500000200 2500000158
2500000137 2500000163
2500000145 2500000013
2500000166 2500000138
2500000151 2500000184
2500000107 2500000153
2500000151 2500000044
2500000112 2500000199
2500000196 2500000155
2500000086 2500000094
2500000100 2500000182
2500000043 2500000031
2500000089 2500000148
2500000035 2500000137
2500000199 2500000120
2500000086 2500000041
2500000187 2500000173
2500000119 2500000194
2500000060 2500000130
2500000046 2500000135
2500000089 2500000106
2500000061 2500000048
2500000048 2500000167
2500000148 2500000039
2500000119 2500000021
2500000121 2500000111
2500000093 2500000171
2500000064 2500000039
2500000015 2500000024
2500000046 2500000189
2500000028 2500000044
2500000176 2500000031
2500000076 2500000088
2500000137 2500000167
2500000113 2500000144
2500000010 2500000155
2500000149 2500000093
2500000200 2500000062
2500000068 2500000115
2500000102 2500000174
2500000187 2500000030
2500000082 2500000170
2500000197 2500000145
2500000172 2500000031
2500000129 2500000049
2500000191 2500000174
2500000103 2500000170
2500000098 2500000104
2500000158 2500000089
2500000006 2500000024
2500000135 2500000113
2500000077 2500000055
2500000001 2500000025
2500000099 2500000044
2500000162 2500000156
2500000188 2500000033
2500000112 2500000037
2500000081 2500000029
2500000113 2500000040
2500000185 2500000156
2500000117 2500000021
2500000060 2500000119
2500000001 2500000180
2500000099 2500000099
2500000054 2500000080
2500000018 2500000016
2500000091 2500000051
2500000085 2500000106
2500000089 2500000091
2500000137 2500000070
2500000173 2500000036
2500000108 2500000182
2500000020 2500000179
2500000091 2500000114
2500000165 2500000033
2500000030 2500000080
2500000068 2500000014
2500000119 2500000174
2500000097 2500000179
2500000136 2500000034
2500000179 2500000034
2500000051 2500000124
2500000084 2500000154
2500000030 2500000034
2500000126 2500000019
2500000198 2500000059
2500000023 2500000136
2500000106 2500000062
2500000048 2500000002
2500000143 2500000071
2500000142 2500000106
2500000007 2500000131
2500000053 2500000200
2500000053 2500000163
2500000085 2500000134
2500000192 2500000176
2500000138 2500000199
2500000021 2500000104
2500000076 2500000142
2500000093 2500000111
2500000104 2500000167
2500000047 2500000043
2500000003 2500000010
2500000004 2500000062
2500000002 2500000154
2500000153 2500000183
2500000111 2500000015
2500000103 2500000036
1250000193 1250000045
1250000080 1250000021
1250000038 1250000032
1250000035 1250000042
1250000021 1250000026
1250000076 1250000160
1250000190 1250000001
1250000061 1250000174
1250000173 1250000108
1250000195 1250000011
1250000174 1250000133
1250000112 1250000191
1250000116 1250000181
1250000025 1250000087
1250000117 1250000095
1250000033 1250000029
1250000013 1250000060
1250000131 1250000118
1250000070 1250000095
1250000140 1250000059
1250000014 1250000042
1250000053 1250000098
1250000185 1250000069
1250000189 1250000014
1250000182 1250000108
1250000020 1250000131
1250000103 1250000098
1250000164 1250000131
1250000171 1250000094
1250000001 1250000024
1250000151 1250000177
1250000158 1250000016
1250000153 1250000159
1250000067 1250000153
1250000160 1250000171
1250000171 1250000104
1250000174 1250000157
1250000007 1250000062
1250000158 1250000169
1250000068 1250000093
1250000046 1250000086
1250000021 1250000090
1250000042 1250000046
1250000170 1250000170
1250000044 1250000175
1250000129 1250000006
1250000088 1250000148
1250000030 1250000189
1250000130 1250000194
1250000038 1250000087
1250000116 1250000045
1250000101 1250000047
1250000168 1250000106
1250000097 1250000088
1250000063 1250000070
1250000137 1250000024
1250000031 1250000028
1250000193 1250000038
1250000146 1250000009
1250000037 1250000084
1250000104 1250000079
1250000106 1250000097
1250000191 1250000013
1250000192 1250000091
1250000054 1250000080
1250000053 1250000043
1250000176 1250000102
1250000069 1250000073
1250000011 1250000111
1250000133 1250000057
1250000071 1250000035
1250000066 1250000060
1250000008 1250000167
1250000062 1250000133
1250000058 1250000101
1250000009 1250000059
1250000137 1250000008
1250000101 1250000155
1250000185 1250000034
1250000054 1250000173
1250000119 1250000047
1250000158 1250000061
1250000171 1250000185
1250000128 1250000019
1250000019 1250000063
1250000125 1250000033
1250000175 1250000002
1250000115 1250000108
1250000096 1250000155
1250000164 1250000195
1250000194 1250000120
1250000009 1250000004
1250000144 1250000077
1250000112 1250000192
1250000093 1250000175
1250000187 1250000053
1250000010 1250000023
1250000093 1250000170
1250000061 1250000115
1250000162 1250000014
1250000124 1250000141
1250000078 1250000055
1250000093 1250000021
1250000082 1250000020
1250000148 1250000112
1250000023 1250000003
1250000033 1250000196
1250000153 1250000088
1250000092 1250000018
1250000089 1250000171
1250000172 1250000091
1250000086 1250000065
1250000029 1250000084
1250000148 1250000094
1250000169 1250000032
1250000017 1250000159
1250000078 1250000074
1250000010 1250000180
1250000158 1250000018
1250000073 1250000079
625000078 625000051
625000136 625000116
625000173 625000060
625000105 625000006
625000082 625000009
625000004 625000183
625000117 625000136
625000042 625000067
625000071 625000062
625000018 625000115
625000048 625000065
625000113 625000135
625000170 625000021
625000035 625000068
625000012 625000018
625000190 625000170
625000133 625000078
625000140 625000188
625000082 625000184
625000030 625000051
625000133 625000161
625000186 625000007
625000045 625000134
625000191 625000123
625000106 625000159
625000095 625000017
625000177 625000075
625000092 625000047
625000176 625000125
625000016 625000026
625000192 625000004
625000067 625000137
625000099 625000170
625000145 625000171
625000050 625000017
625000130 625000068
625000033 625000192
625000200 625000092
625000180 625000006
625000118 625000121
625000179 625000021
625000038 625000134
625000061 625000074
625000157 625000114
625000008 625000094
625000129 625000079
625000025 625000191
625000145 625000044
625000070 625000169
625000183 625000062
625000165 625000180
625000027 625000003
625000192 625000055
625000001 625000105
625000042 625000152
625000179 625000144
625000077 625000197
625000071 625000069
625000130 625000197
625000097 625000146
625000174 625000084
625000091 625000076
625000006 625000021
625000125 625000133
625000138 625000085
625000093 625000184
625000040 625000082
625000168 625000196
625000143 625000024
625000043 625000012
625000114 625000160
625000025 625000124
625000140 625000178
625000031 625000002
625000130 625000017
625000164 625000180
625000101 625000049
625000004 625000088
625000123 625000018
625000027 625000099
625000074 625000063
625000171 625000139
625000107 625000029
625000018 625000167
625000081 625000063
625000138 625000128
625000097 625000146
625000170 625000094
625000119 625000008
625000098 625000117
625000172 625000013
625000014 625000071
625000112 625000074
625000095 625000064
625000052 625000133
625000079 625000172
625000186 625000053
625000050 625000056
625000070 625000088
625000110 625000112
625000085 625000040
625000140 625000190
625000070 625000013
625000110 625000109
625000129 625000133
625000195 625000072
625000153 625000022
625000151 625000042
625000011 625000191
625000128 625000028
625000170 625000146
625000035 625000008
625000130 625000001
625000080 625000152
625000018 625000035
625000054 625000096
625000076 625000150
625000145 625000016
625000192 625000178
625000055 625000173
312500011 312500051
312500038 312500101
312500110 312500158
312500075 312500187
312500105 312500086
312500115 312500071
312500039 312500148
312500162 312500042
312500164 312500101
312500177 312500183
312500008 312500184
312500172 312500069
312500164 312500112
312500018 312500145
312500062 312500007
312500006 312500171
312500060 312500126
312500097 312500087
312500198 312500150
312500030 312500016
312500082 312500181
312500138 312500194
312500083 312500134
312500181 312500136
312500186 312500045
312500067 312500143
312500074 312500147
312500018 312500005
312500005 312500118
312500186 312500045
312500093 312500043
312500135 312500115
312500179 312500170
312500040 312500012
312500037 312500155
312500092 312500048
312500021 312500010
312500131 312500166
312500146 312500095
312500008 312500190
312500117 312500123
312500059 312500061
312500068 312500018
312500189 312500088
312500153 312500105
312500192 312500130
312500195 312500112
312500051 312500155
312500113 312500190
312500018 312500091
312500111 312500037
312500101 312500043
312500139 312500046
312500155 312500068
312500040 312500032
312500062 312500120
312500183 312500017
312500159 312500110
312500047 312500068
312500113 312500191
312500200 312500129
312500069 312500153
312500056 312500103
312500017 312500154
312500055 312500020
312500089 312500132
312500135 312500076
312500134 312500067
312500134 312500069
312500100 312500016
312500020 312500146
312500165 312500115
312500189 312500059
312500054 312500198
312500093 312500175
312500179 312500023
312500052 312500127
312500184 312500067
312500108 312500023
312500153 312500056
312500162 312500072
312500098 312500108
312500134 312500050
312500083 312500144
312500006 312500016
312500107 312500128
312500063 312500026
312500006 312500015
312500145 312500151
312500135 312500058
312500154 312500061
312500160 312500149
312500111 312500148
312500074 312500044
312500103 312500033
312500060 312500048
312500192 312500171
312500128 312500199
312500178 312500032
312500063 312500052
312500001 312500171
312500075 312500108
312500139 312500091
312500111 312500108
312500023 312500170
312500011 312500123
312500042 312500036
312500186 312500037
312500128 312500008
312500199 312500091
312500086 312500149
312500156 312500079
312500150 312500061
312500037 312500090
312500073 312500035
312500129 312500012
312500003 312500105
312500103 312500193
312500200 312500085
312500027 312500070
156250043 156250142
156250071 156250108
156250005 156250196
156250175 156250186
156250173 156250185
156250142 156250167
156250009 156250007
156250126 156250086
156250082 156250189
156250146 156250134
156250004 156250072
156250077 156250178
156250006 156250113
156250113 156250197
156250079 156250137
156250175 156250134
156250146 156250162
156250140 156250043
156250033 156250020
156250117 156250113
156250074 156250078
156250175 156250036
156250047 156250083
156250093 156250190
156250023 156250074
156250190 156250171
156250164 156250116
156250014 156250068
156250040 156250176
156250132 156250013
156250064 156250051
156250092 156250194
156250125 156250069
156250016 156250173
156250131 156250184
156250148 156250145
156250180 156250154
156250181 156250162
156250154 156250169
156250117 156250022
156250080 156250034
156250038 156250096
156250013 156250109
156250133 156250151
156250175 156250144
156250123 156250044
156250019 156250123
156250063 156250129
156250007 156250066
156250032 156250024
156250156 156250069
156250126 156250129
156250148 156250030
156250081 156250002
156250174 156250010
156250042 156250070
156250090 156250041
156250061 156250041
156250020 156250113
156250164 156250197
156250153 156250066
156250103 156250179
156250154 156250195
156250183 156250055
156250167 156250103
156250068 156250107
156250012 156250144
156250152 156250171
156250156 156250119
156250150 156250173
156250079 156250040
156250087 156250073
156250045 156250091
156250042 156250119
156250117 156250012
156250021 156250087
156250036 156250188
156250004 156250160
156250086 156250091
156250074 156250032
156250062 156250078
156250134 156250050
156250069 156250007
156250079 156250023
156250139 156250137
156250198 156250072
156250009 156250139
156250143 156250126
156250004 156250058
156250039 156250180
156250170 156250042
156250162 156250079
156250135 156250076
156250069 156250167
156250127 156250086
156250056 156250174
156250100 156250167
156250100 156250075
156250009 156250184
156250092 156250177
156250060 156250064
156250062 156250071
156250190 156250135
156250164 156250080
156250146 156250177
156250182 156250027
156250112 156250199
156250056 156250061
156250068 156250106
156250042 156250126
156250118 156250081
156250191 156250048
156250183 156250032
156250018 156250191
156250090 156250115
156250046 156250077
156250098 156250015
156250070 156250148
156250175 156250072
156250087 156250151
78125194 78125004
78125144 78125140
78125039 78125141
78125070 78125153
78125048 78125145
78125095 78125065
78125017 78125191
78125134 78125072
78125018 78125198
78125051 78125195
78125161 78125140
78125169 78125069
78125139 78125053
78125073 78125023
78125144 78125175
78125123 78125072
78125046 78125178
78125196 78125087
78125089 78125095
78125057 78125025
78125097 78125164
78125130 78125199
78125197 78125152
78125075 78125086
78125173 78125134
78125088 78125085
78125168 78125181
78125065 78125141
78125148 78125007
78125100 78125119
78125194 78125116
78125035 78125078
78125093 78125186
78125119 78125188
78125107 78125042
78125087 78125040
78125061 78125165
78125050 78125105
78125052 78125189
78125142 78125011
78125078 78125074
78125085 78125102
78125039 78125122
78125151 78125131
78125189 78125190
78125172 78125044
78125194 78125125
78125088 78125162
78125191 78125009
78125026 78125194
78125089 78125011
78125173 78125188
78125099 78125095
78125076 78125104
78125150 78125117
78125065 78125083
78125090 78125184
78125027 78125103
78125087 78125113
78125170 78125070
78125111 78125123
78125083 78125023
78125052 78125031
78125097 78125022
78125058 78125173
78125078 78125052
78125200 78125061
78125128 78125062
78125069 78125174
78125165 78125040
78125069 78125034
78125068 78125127
78125024 78125110
78125169 78125038
78125184 78125003
78125137 78125025
78125198 78125102
78125109 78125104
78125055 78125085
78125123 78125060
78125144 78125122
78125076 78125037
78125056 78125171
78125147 78125181
78125107 78125028
78125104 78125180
78125087 78125030
78125026 78125151
78125158 78125112
78125112 78125005
78125167 78125136
78125199 78125005
78125104 78125192
78125110 78125119
78125041 78125045
78125044 78125016
78125037 78125192
78125044 78125148
78125007 78125169
78125082 78125091
78125068 78125101
78125161 78125189
78125106 78125030
78125188 78125089
78125156 78125087
78125133 78125016
78125115 78125026
78125143 78125200
78125175 78125095
78125109 78125004
78125194 78125079
78125121 78125183
78125183 78125183
78125108 78125093
78125194 78125045
78125171 78125067
78125068 78125055
78125031 78125113
78125142 78125043
78125043 78125144
39062638 39062567
39062568 39062520
39062669 39062629
39062524 39062516
39062580 39062599
39062524 39062569
39062657 39062659
39062698 39062601
39062689 39062515
39062657 39062538
39062518 39062524
39062688 39062625
39062526 39062552
39062609 39062545
39062591 39062648
39062585 39062637
39062561 39062573
39062698 39062578
39062605 39062544
39062686 39062627
39062529 39062536
39062656 39062572
39062574 39062692
39062617 39062502
39062600 39062609
39062593 39062690
39062520 39062533
39062505 39062553
39062542 39062680
39062509 39062553
39062575 39062584
39062681 39062512
39062636 39062503
39062696 39062580
39062516 39062559
39062652 39062681
39062503 39062648
39062613 39062513
39062545 39062516
39062653 39062558
39062688 39062567
39062574 39062562
39062670 39062550
39062548 39062637
39062699 39062503
39062596 39062629
39062669 39062590
39062698 39062579
39062546 39062677
39062673 39062600
39062698 39062690
39062551 39062649
39062521 39062580
39062662 39062644
39062612 39062588
39062504 39062579
39062581 39062602
39062671 39062526
39062620 39062697
39062526 39062639
39062569 39062668
39062525 39062622
39062557 39062627
39062603 39062575
39062550 39062669
39062642 39062592
39062502 39062590
39062512 39062603
39062579 39062540
39062522 39062647
39062624 39062654
39062630 39062530
39062591 39062539
39062696 39062590
39062587 39062692
39062594 39062660
39062680 39062566
39062507 39062518
39062583 39062611
39062587 39062674
39062699 39062548
39062663 39062525
39062580 39062541
39062657 39062594
39062598 39062691
39062673 39062592
39062673 39062583
39062583 39062663
39062512 39062608
39062542 39062635
39062649 39062656
39062557 39062544
39062590 39062591
39062586 39062569
39062534 39062578
39062598 39062683
39062588 39062576
39062607 39062656
39062521 39062547
39062543 39062528
39062558 39062624
39062523 39062669
39062603 39062555
39062563 39062512
39062674 39062647
39062564 39062568
39062571 39062622
39062652 39062679
39062618 39062626
39062577 39062596
39062594 39062694
39062649 39062587
39062688 39062696
39062603 39062508
39062540 39062513
39062521 39062636
39062671 39062654
39062512 39062505
39062501 39062622
39062625 39062635
19531335 19531366
19531286 19531357
19531408 19531340
19531339 19531317
19531339 19531292
19531319 19531259
19531266 19531383
19531391 19531417
19531256 19531378
19531404 19531396
19531365 19531418
19531446 19531344
19531394 19531375
19531345 19531333
19531298 19531346
19531422 19531450
19531402 19531344
19531266 19531376
19531293 19531296
19531405 19531334
19531447 19531296
19531442 19531388
19531306 19531341
19531261 19531315
19531375 19531421
19531281 19531350
19531436 19531415
19531415 19531289
19531363 19531254
19531271 19531445
19531344 19531333
19531371 19531263
19531404 19531253
19531266 19531354
19531430 19531282
19531447 19531402
19531290 19531302
19531383 19531450
19531287 19531436
19531331 19531257
19531280 19531345
19531386 19531254
19531281 19531251
19531340 19531267
19531299 19531294
19531345 19531445
19531422 19531313
19531448 19531425
19531406 19531314
19531381 19531329
19531436 19531265
19531401 19531251
19531341 19531298
19531313 19531444
19531409 19531252
19531262 19531263
19531251 19531362
19531335 19531344
19531419 19531325
19531370 19531443
19531407 19531399
19531306 19531296
19531347 19531435
19531365 19531278
19531296 19531404
19531335 19531328
19531375 19531294
19531345 19531295
19531450 19531441
19531254 19531367
19531278 19531377
19531381 19531318
19531265 19531374
19531289 19531385
19531409 19531286
19531338 19531403
19531314 19531386
19531275 19531251
19531273 19531383
19531357 19531258
19531365 19531277
19531332 19531414
19531382 19531363
19531398 19531433
19531310 19531426
19531353 19531305
19531345 19531387
19531364 19531445
19531436 19531291
19531308 19531286
19531279 19531262
19531258 19531432
19531325 19531384
19531391 19531302
19531438 19531371
19531446 19531356
19531320 19531355
19531386 19531341
19531377 19531364
19531403 19531280
19531325 19531435
19531342 19531388
19531273 19531388
19531276 19531300
19531367 19531354
19531340 19531430
19531343 19531372
19531275 19531428
19531446 19531297
19531341 19531406
19531352 19531420
19531408 19531294
19531424 19531348
19531354 19531401
19531283 19531440
19531414 19531371
19531418 19531363
19531319 19531379
19531383 19531404
19531322 19531257
112 108
198 4
167 88
115 150
25 165
161 193
67 15
83 149
158 113
39 45
140 123
93 137
7 132
194 69
160 83
49 176
124 83
57 34
1 165
179 139
7 160
140 153
148 118
117 198
172 172
169 99
123 156
154 157
171 131
52 133
5 175
162 83
69 81
76 72
78 53
107 54
155 159
165 149
131 143
118 169
77 14
182 104
140 168
180 63
163 1
179 92
1 136
121 95
24 61
96 2
152 105
81 62
125 167
81 96
185 30
154 126
167 179
143 117
153 111
182 163
125 46
100 119
57 6
46 129
185 140
182 107
49 43
118 5
11 83
71 146
181 101
75 27
127 176
174 89
108 68
80 27
159 167
90 109
47 89
183 46
63 141
136 116
194 117
92 35
139 181
152 59
166 23
87 96
10 170
12 40
89 85
76 129
159 130
113 20
54 99
68 50
150 87
105 84
43 137
147 81
29 51
94 191
81 147
117 9
94 152
194 72
110 33
86 69
19 38
113 44
96 110
196 86
73 197
23 151
175 90
55 141
12 96
133 99
195 77
49 48
