# source: JorikJooken
# original path: jj_extract\knapsackProblemInstances-master\problemInstances\n_1200_c_100000000_g_6_f_0.2_eps_1e-05_s_200\test.in
# optimal value: 96936834
# format: n capacity, then weight value
1200 100000000
50001097 50001087
50001107 50001028
50001157 50001147
50001155 50001179
50001138 50001102
50001087 50001024
50001057 50001099
50001032 50001068
50001185 50001171
50001123 50001184
50001136 50001102
50001033 50001141
50001013 50001096
50001121 50001152
50001036 50001183
50001015 50001001
50001021 50001178
50001198 50001011
50001167 50001134
50001066 50001072
50001146 50001185
50001176 50001001
50001062 50001079
50001050 50001015
50001057 50001085
50001153 50001077
50001001 50001099
50001017 50001057
50001057 50001082
50001076 50001188
50001053 50001133
50001079 50001141
50001195 50001164
50001073 50001164
50001131 50001019
50001134 50001102
50001084 50001015
50001141 50001092
50001106 50001025
50001061 50001070
50001118 50001037
50001075 50001196
50001108 50001153
50001045 50001195
50001141 50001076
50001166 50001182
50001198 50001041
50001168 50001173
50001030 50001121
50001054 50001011
50001017 50001013
50001034 50001194
50001018 50001058
50001081 50001154
50001185 50001197
50001127 50001074
50001034 50001122
50001102 50001175
50001004 50001103
50001140 50001061
50001018 50001197
50001168 50001076
50001135 50001101
50001030 50001182
50001116 50001174
50001073 50001113
50001112 50001089
50001062 50001012
50001009 50001078
50001071 50001072
50001123 50001183
50001036 50001073
50001186 50001151
50001189 50001130
50001194 50001010
50001195 50001126
50001037 50001067
50001114 50001038
50001102 50001089
50001193 50001117
50001005 50001174
50001173 50001039
50001119 50001042
50001004 50001013
50001096 50001191
50001030 50001074
50001077 50001103
50001017 50001000
50001185 50001176
50001065 50001061
50001170 50001013
50001114 50001003
50001147 50001130
50001037 50001133
50001143 50001034
50001146 50001170
50001159 50001018
50001179 50001197
50001158 50001008
50001097 50001146
50001168 50001008
50001036 50001015
50001170 50001012
50001150 50001153
50001018 50001153
50001147 50001056
50001052 50001020
50001195 50001199
50001093 50001008
50001127 50001000
50001095 50001003
50001039 50001161
50001179 50001117
50001002 50001066
50001145 50001012
50001146 50001131
50001138 50001032
50001159 50001070
50001097 50001052
50001180 50001095
50001011 50001173
50001137 50001017
50001055 50001163
50001040 50001047
50001080 50001109
50001110 50001143
50001056 50001078
50001017 50001086
50001127 50001078
50001015 50001074
50001045 50001015
50001037 50001048
50001008 50001109
50001024 50001057
50001168 50001017
50001037 50001058
50001106 50001155
50001199 50001101
50001078 50001037
50001114 50001077
50001188 50001103
50001046 50001054
50001168 50001134
50001018 50001145
50001043 50001063
50001188 50001107
50001008 50001018
50001175 50001010
50001086 50001184
50001071 50001018
50001124 50001030
50001014 50001148
50001168 50001126
50001156 50001109
50001186 50001045
50001113 50001097
50001047 50001084
50001110 50001136
50001049 50001063
50001091 50001100
50001164 50001022
50001165 50001052
50001065 50001066
50001030 50001193
50001166 50001075
50001103 50001051
50001118 50001176
50001063 50001185
50001161 50001197
50001193 50001045
50001167 50001063
50001174 50001094
50001132 50001087
50001005 50001197
50001139 50001133
50001167 50001127
50001136 50001136
50001169 50001145
50001133 50001044
50001174 50001144
50001130 50001182
50001106 50001034
50001052 50001022
50001039 50001139
50001114 50001172
50001194 50001132
50001154 50001108
50001095 50001005
50001123 50001045
50001183 50001129
50001005 50001015
50001101 50001148
25001173 25001168
25001167 25001102
25001130 25001018
25001043 25001132
25001169 25001184
25001166 25001094
25001121 25001187
25001139 25001153
25001128 25001017
25001040 25001176
25001174 25001057
25001103 25001005
25001043 25001106
25001073 25001011
25001047 25001142
25001182 25001040
25001046 25001067
25001015 25001024
25001137 25001071
25001033 25001122
25001162 25001150
25001108 25001110
25001022 25001171
25001069 25001030
25001028 25001021
25001184 25001039
25001062 25001092
25001066 25001022
25001104 25001109
25001194 25001132
25001046 25001042
25001144 25001038
25001092 25001032
25001187 25001089
25001173 25001031
25001046 25001200
25001195 25001185
25001103 25001112
25001097 25001195
25001174 25001037
25001169 25001126
25001079 25001047
25001168 25001081
25001167 25001139
25001034 25001063
25001005 25001028
25001044 25001123
25001195 25001132
25001008 25001083
25001024 25001189
25001163 25001141
25001096 25001115
25001142 25001148
25001004 25001149
25001069 25001169
25001019 25001185
25001061 25001154
25001002 25001018
25001067 25001068
25001085 25001114
25001183 25001014
25001022 25001036
25001105 25001013
25001015 25001123
25001117 25001159
25001190 25001127
25001104 25001183
25001146 25001161
25001024 25001135
25001167 25001196
25001153 25001101
25001168 25001091
25001167 25001145
25001164 25001082
25001086 25001015
25001181 25001088
25001180 25001042
25001155 25001023
25001172 25001074
25001115 25001189
25001014 25001162
25001173 25001045
25001061 25001086
25001165 25001155
25001039 25001184
25001157 25001005
25001170 25001112
25001102 25001111
25001194 25001044
25001188 25001117
25001059 25001004
25001187 25001176
25001052 25001154
25001085 25001081
25001177 25001021
25001179 25001042
25001113 25001004
25001170 25001151
25001091 25001066
25001120 25001130
25001117 25001190
25001177 25001030
25001125 25001061
25001150 25001113
25001133 25001010
25001029 25001115
25001142 25001019
25001015 25001066
25001196 25001155
25001049 25001010
25001150 25001135
25001028 25001059
25001087 25001095
25001021 25001090
25001171 25001114
25001080 25001053
25001054 25001033
25001166 25001134
25001132 25001079
25001105 25001092
25001116 25001035
25001016 25001164
25001029 25001119
25001195 25001066
25001094 25001190
25001097 25001186
25001008 25001034
25001101 25001117
25001127 25001037
25001051 25001019
25001035 25001165
25001091 25001152
25001076 25001094
25001178 25001141
25001197 25001029
25001020 25001046
25001172 25001102
25001050 25001059
25001105 25001175
25001135 25001082
25001051 25001177
25001078 25001087
25001169 25001128
25001036 25001175
25001022 25001112
25001188 25001081
25001034 25001041
25001189 25001134
25001012 25001181
25001200 25001028
25001173 25001056
25001040 25001072
25001165 25001036
25001012 25001083
25001197 25001164
25001160 25001148
25001140 25001060
25001179 25001084
25001107 25001005
25001092 25001034
25001143 25001166
25001019 25001072
25001008 25001181
25001171 25001186
25001183 25001002
25001022 25001046
25001108 25001175
25001178 25001141
25001093 25001067
25001187 25001185
25001093 25001050
25001156 25001053
25001132 25001135
25001151 25001159
25001092 25001030
25001161 25001054
25001113 25001109
25001019 25001126
25001120 25001193
25001052 25001189
25001031 25001179
25001128 25001034
25001061 25001188
25001045 25001146
25001116 25001063
25001077 25001137
25001093 25001088
25001022 25001187
25001103 25001060
25001082 25001009
25001033 25001011
25001097 25001105
12501131 12501096
12501135 12501086
12501023 12501095
12501120 12501093
12501120 12501042
12501042 12501012
12501025 12501103
12501170 12501147
12501160 12501194
12501052 12501128
12501068 12501057
12501103 12501121
12501152 12501106
12501127 12501001
12501160 12501164
12501018 12501116
12501001 12501186
12501097 12501080
12501028 12501077
12501181 12501066
12501179 12501067
12501021 12501197
12501055 12501161
12501119 12501116
12501015 12501075
12501159 12501162
12501104 12501150
12501113 12501120
12501004 12501153
12501067 12501139
12501141 12501089
12501052 12501196
12501031 12501079
12501179 12501082
12501108 12501183
12501077 12501160
12501055 12501054
12501130 12501158
12501118 12501133
12501037 12501060
12501138 12501138
12501089 12501084
12501145 12501033
12501181 12501084
12501027 12501046
12501107 12501112
12501116 12501017
12501159 12501027
12501166 12501109
12501073 12501165
12501144 12501184
12501101 12501174
12501120 12501010
12501094 12501031
12501106 12501168
12501185 12501167
12501176 12501158
12501141 12501057
12501040 12501009
12501067 12501017
12501043 12501143
12501017 12501049
12501139 12501172
12501080 12501041
12501136 12501089
12501067 12501088
12501061 12501062
12501051 12501173
12501096 12501030
12501094 12501088
12501160 12501056
12501001 12501118
12501135 12501033
12501130 12501090
12501191 12501079
12501013 12501195
12501115 12501188
12501117 12501136
12501196 12501093
12501075 12501096
12501158 12501014
12501010 12501080
12501132 12501030
12501123 12501003
12501012 12501034
12501059 12501144
12501187 12501159
12501167 12501114
12501152 12501186
12501001 12501042
12501146 12501154
12501017 12501192
12501078 12501181
12501124 12501050
12501047 12501065
12501015 12501190
12501179 12501184
12501076 12501149
12501193 12501150
12501176 12501090
12501004 12501111
12501121 12501173
12501198 12501188
12501100 12501034
12501188 12501064
12501175 12501075
12501085 12501023
12501147 12501028
12501101 12501175
12501070 12501061
12501017 12501154
12501158 12501025
12501060 12501113
12501119 12501153
12501134 12501066
12501021 12501157
12501089 12501047
12501015 12501023
12501141 12501001
12501018 12501164
12501163 12501103
12501171 12501064
12501123 12501044
12501113 12501095
12501033 12501136
12501084 12501059
12501087 12501151
12501083 12501154
12501044 12501180
12501061 12501104
12501147 12501024
12501007 12501164
12501028 12501137
12501035 12501069
12501121 12501127
12501145 12501003
12501150 12501016
12501077 12501115
12501065 12501064
12501084 12501019
12501098 12501126
12501160 12501185
12501022 12501120
12501192 12501076
12501147 12501078
12501160 12501006
12501021 12501177
12501172 12501039
12501050 12501039
12501059 12501040
12501200 12501168
12501130 12501049
12501081 12501127
12501031 12501131
12501151 12501080
12501188 12501149
12501099 12501154
12501006 12501179
12501180 12501049
12501147 12501134
12501063 12501112
12501156 12501004
12501078 12501055
12501174 12501107
12501133 12501013
12501045 12501097
12501095 12501008
12501122 12501020
12501150 12501109
12501023 12501037
12501127 12501180
12501141 12501169
12501051 12501079
12501173 12501002
12501064 12501022
12501027 12501124
12501042 12501116
12501049 12501080
12501175 12501175
12501093 12501117
12501086 12501130
12501164 12501043
12501165 12501100
12501175 12501027
12501041 12501020
12501015 12501128
12501179 12501178
12501042 12501137
12501117 12501009
12501025 12501015
12501140 12501001
12501192 12501031
6251129 6251030
6251044 6251043
6251036 6251125
6251097 6251147
6251134 6251141
6251197 6251024
6251133 6251033
6251020 6251143
6251019 6251112
6251083 6251193
6251125 6251010
6251014 6251148
6251078 6251036
6251200 6251103
6251011 6251192
6251038 6251037
6251039 6251072
6251014 6251063
6251147 6251162
6251138 6251163
6251079 6251076
6251186 6251129
6251135 6251044
6251035 6251132
6251144 6251011
6251037 6251128
6251001 6251041
6251145 6251142
6251025 6251154
6251020 6251150
6251092 6251028
6251152 6251118
6251175 6251076
6251127 6251024
6251149 6251122
6251197 6251197
6251168 6251028
6251011 6251087
6251138 6251139
6251131 6251093
6251108 6251098
6251016 6251015
6251188 6251181
6251046 6251123
6251148 6251130
6251172 6251055
6251144 6251152
6251061 6251026
6251028 6251078
6251089 6251002
6251121 6251061
6251041 6251153
6251124 6251172
6251079 6251055
6251143 6251158
6251018 6251091
6251080 6251197
6251161 6251101
6251178 6251010
6251141 6251059
6251167 6251031
6251133 6251078
6251088 6251049
6251005 6251192
6251140 6251175
6251058 6251177
6251027 6251024
6251132 6251169
6251168 6251060
6251008 6251196
6251078 6251143
6251136 6251074
6251147 6251071
6251135 6251032
6251038 6251126
6251192 6251005
6251168 6251054
6251114 6251170
6251073 6251107
6251103 6251118
6251020 6251031
6251143 6251096
6251165 6251127
6251141 6251103
6251078 6251064
6251139 6251017
6251104 6251056
6251061 6251035
6251145 6251111
6251016 6251032
6251013 6251073
6251085 6251179
6251054 6251178
6251071 6251137
6251096 6251045
6251162 6251150
6251154 6251012
6251018 6251078
6251120 6251168
6251088 6251066
6251166 6251068
6251084 6251072
6251055 6251050
6251140 6251059
6251062 6251094
6251157 6251128
6251032 6251183
6251033 6251142
6251180 6251185
6251200 6251184
6251077 6251133
6251036 6251145
6251011 6251109
6251119 6251195
6251011 6251114
6251079 6251023
6251200 6251179
6251130 6251112
6251159 6251128
6251068 6251015
6251003 6251127
6251130 6251196
6251132 6251034
6251164 6251008
6251052 6251114
6251142 6251189
6251141 6251187
6251065 6251074
6251045 6251087
6251023 6251169
6251056 6251044
6251092 6251103
6251168 6251191
6251005 6251068
6251134 6251136
6251024 6251030
6251184 6251072
6251078 6251074
6251100 6251013
6251061 6251156
6251020 6251107
6251081 6251167
6251161 6251107
6251033 6251027
6251042 6251099
6251107 6251104
6251016 6251158
6251130 6251022
6251114 6251110
6251189 6251102
6251085 6251098
6251115 6251074
6251117 6251029
6251001 6251110
6251002 6251003
6251186 6251181
6251135 6251022
6251191 6251041
6251014 6251125
6251157 6251186
6251140 6251150
6251180 6251150
6251008 6251078
6251063 6251082
6251047 6251059
6251129 6251122
6251017 6251107
6251196 6251011
6251111 6251182
6251200 6251169
6251163 6251120
6251167 6251127
6251109 6251093
6251195 6251150
6251160 6251084
6251101 6251173
6251049 6251037
6251144 6251077
6251105 6251157
6251017 6251134
6251075 6251040
6251123 6251029
6251085 6251132
6251043 6251084
6251088 6251068
6251105 6251018
6251019 6251086
6251128 6251074
6251046 6251184
6251198 6251012
6251136 6251092
6251184 6251192
3126098 3126099
3126182 3126035
3126057 3126054
3126082 3126189
3126102 3126114
3126132 3126094
3126097 3126105
3126160 3126104
3126063 3126030
3126008 3126024
3126044 3126053
3126142 3126133
3126090 3126155
3126093 3126097
3126190 3126020
3126076 3126124
3126117 3126065
3126099 3126109
3126008 3126016
3126045 3126069
3126109 3126059
3126104 3126153
3126200 3126009
3126080 3126097
3126175 3126154
3126082 3126085
3126024 3126077
3126062 3126181
3126177 3126020
3126041 3126062
3126051 3126063
3126135 3126125
3126144 3126019
3126072 3126131
3126002 3126018
3126106 3126005
3126094 3126050
3126015 3126193
3126001 3126023
3126086 3126150
3126102 3126010
3126183 3126010
3126072 3126067
3126182 3126006
3126073 3126053
3126079 3126025
3126119 3126044
3126187 3126094
3126183 3126027
3126043 3126100
3126053 3126102
3126163 3126135
3126046 3126121
3126013 3126008
3126132 3126110
3126093 3126061
3126036 3126126
3126022 3126101
3126089 3126012
3126187 3126005
3126036 3126110
3126138 3126185
3126095 3126166
3126129 3126058
3126169 3126054
3126195 3126040
3126103 3126081
3126002 3126012
3126183 3126074
3126114 3126162
3126098 3126100
3126046 3126149
3126040 3126038
3126093 3126087
3126066 3126010
3126124 3126174
3126056 3126157
3126121 3126145
3126125 3126149
3126168 3126066
3126016 3126096
3126163 3126154
3126136 3126037
3126166 3126041
3126144 3126058
3126132 3126040
3126052 3126100
3126075 3126015
3126001 3126109
3126033 3126094
3126067 3126001
3126150 3126024
3126063 3126033
3126154 3126092
3126023 3126052
3126031 3126082
3126021 3126093
3126192 3126081
3126152 3126085
3126137 3126010
3126042 3126134
3126037 3126181
3126017 3126024
3126056 3126123
3126141 3126032
3126010 3126070
3126111 3126034
3126006 3126138
3126025 3126171
3126168 3126088
3126151 3126038
3126198 3126011
3126082 3126150
3126136 3126124
3126014 3126157
3126089 3126180
3126067 3126088
3126186 3126101
3126068 3126188
3126125 3126037
3126159 3126037
3126125 3126045
3126077 3126160
3126012 3126026
3126025 3126194
3126161 3126010
3126182 3126014
3126135 3126158
3126178 3126151
3126180 3126129
3126178 3126177
3126164 3126167
3126028 3126122
3126173 3126032
3126067 3126073
3126067 3126054
3126076 3126151
3126012 3126024
3126157 3126109
3126015 3126091
3126081 3126182
3126164 3126063
3126193 3126160
3126040 3126068
3126046 3126016
3126038 3126084
3126141 3126136
3126048 3126074
3126149 3126198
3126090 3126154
3126109 3126034
3126164 3126007
3126104 3126021
3126094 3126190
3126144 3126108
3126010 3126199
3126003 3126035
3126060 3126082
3126086 3126037
3126139 3126117
3126057 3126194
3126175 3126142
3126094 3126176
3126100 3126012
3126067 3126101
3126037 3126091
3126055 3126078
3126038 3126027
3126051 3126130
3126041 3126036
3126175 3126054
3126015 3126068
3126178 3126020
3126003 3126196
3126050 3126194
3126176 3126197
3126191 3126118
3126198 3126071
3126193 3126116
3126136 3126167
3126127 3126032
3126050 3126030
3126122 3126093
3126172 3126010
3126175 3126098
3126115 3126110
3126083 3126058
3126053 3126118
3126181 3126005
3126066 3126036
3126002 3126103
3126047 3126024
9 160
53 150
147 106
138 82
16 176
198 112
25 168
158 57
178 72
59 119
2 152
132 194
140 176
55 41
113 72
78 127
147 67
164 56
21 124
39 76
146 139
145 164
150 149
193 107
26 163
167 151
4 113
5 75
113 145
20 99
44 14
179 150
54 110
24 119
187 53
63 182
66 54
65 34
117 35
151 116
164 34
32 10
8 38
191 39
177 35
124 124
51 180
150 189
173 77
138 14
119 62
173 133
55 56
98 125
200 58
61 200
68 95
165 107
118 112
178 50
134 179
157 198
193 180
23 36
24 163
109 22
133 179
69 188
4 139
178 118
157 19
34 20
117 138
9 5
99 54
165 108
68 161
56 147
53 39
198 153
82 94
91 12
56 130
52 183
103 76
112 153
170 196
42 68
68 152
40 172
156 1
97 189
158 123
161 98
174 84
170 44
118 197
118 135
142 100
175 88
53 64
120 117
105 189
16 186
74 149
33 28
95 41
161 30
79 27
79 81
27 13
85 125
133 152
86 170
111 138
144 59
176 73
87 135
76 196
106 135
116 156
1 197
183 117
10 123
5 108
89 3
154 107
8 90
64 180
74 82
41 123
104 193
131 192
2 13
194 61
176 49
97 137
1 50
27 200
163 81
119 188
38 17
55 74
51 199
7 98
195 160
98 71
125 37
83 162
39 177
103 95
91 168
61 108
28 128
115 189
197 41
50 145
164 143
120 109
45 156
48 179
178 82
142 184
28 94
85 183
97 191
73 187
138 198
97 187
167 178
141 165
137 115
120 22
29 5
49 13
131 163
139 69
186 78
162 191
28 62
168 53
26 109
45 120
172 178
189 96
120 53
102 147
20 189
9 55
46 21
55 136
167 123
165 84
85 50
38 65
171 96
140 14
141 176
164 139
51 101
143 43
53 146
68 35
177 19
131 14
134 152
64 191
28 91
80 129
143 134
200 31
194 45
38 187
33 22
174 23
178 62
89 28
115 67
157 131
150 39
37 12
85 96
80 96
169 130
42 9
56 55
108 21
174 177
32 13
176 146
169 15
60 116
70 98
82 152
92 75
156 147
87 79
66 11
118 22
86 149
