# source: JorikJooken
# original path: jj_extract\knapsackProblemInstances-master\problemInstances\n_1000_c_1000000_g_10_f_0.3_eps_0.1_s_300\test.in
# optimal value: 1017914
# format: n capacity, then weight value
1000 1000000
600235 600228
600056 600264
600275 600037
600023 600020
600297 600202
600069 600228
600161 600029
600087 600287
600050 600185
600210 600099
600144 600273
600298 600194
600216 600094
600271 600049
600242 600008
600091 600214
600121 600041
600134 600241
600193 600224
600044 600143
600248 600164
600008 600007
600240 600202
600082 600045
600141 600255
600272 600113
600221 600226
600148 600021
600139 600236
600124 600211
600178 600162
600094 600060
600226 600216
600269 600053
600013 600133
600127 600068
600118 600238
600263 600027
600243 600066
600001 600009
600238 600117
600172 600044
600017 600253
600095 600295
600234 600279
600099 600173
600156 600196
600295 600051
600122 600223
600068 600297
600117 600181
600072 600187
600235 600043
600177 600241
600098 600063
600118 600177
600294 600212
600044 600242
600073 600279
600081 600260
600085 600277
600204 600183
600101 600141
600047 600148
600231 600192
600296 600102
600124 600247
600035 600013
600157 600170
600104 600272
600200 600258
600025 600013
600015 600005
600090 600009
600195 600241
600009 600077
600107 600253
350227 350160
350221 350166
350116 350161
350198 350262
350207 350177
350226 350215
350115 350179
350228 350220
350038 350116
350091 350178
350201 350229
350215 350183
350202 350238
350149 350298
350229 350176
350088 350203
350217 350126
350035 350008
350216 350171
350178 350277
350140 350096
350083 350022
350293 350129
350213 350012
350055 350284
350175 350276
350210 350229
350072 350074
350032 350071
350195 350241
350034 350098
350213 350206
350287 350231
350077 350213
350090 350002
350294 350095
350013 350109
350113 350048
350192 350091
350215 350259
350023 350236
350047 350104
350035 350170
350189 350083
350170 350024
350230 350133
350023 350262
350126 350087
350163 350235
350160 350012
350061 350255
350176 350186
350033 350294
350108 350269
350156 350268
350199 350021
350122 350196
350179 350035
350217 350099
350236 350070
350135 350136
350153 350030
350088 350079
350195 350043
350043 350008
350178 350043
350147 350077
350104 350254
350136 350111
350159 350096
350198 350265
350097 350144
350140 350053
350029 350192
350289 350084
350267 350229
350048 350290
225011 225094
225051 225081
225195 225058
225023 225121
225067 225299
225123 225212
225248 225229
225101 225221
225002 225026
225196 225275
225016 225193
225009 225129
225099 225174
225086 225183
225082 225108
225015 225062
225101 225112
225153 225036
225215 225084
225290 225010
225285 225078
225138 225205
225116 225032
225151 225120
225192 225040
225217 225005
225237 225172
225205 225071
225059 225146
225178 225133
225058 225099
225276 225154
225161 225096
225155 225086
225213 225149
225252 225269
225168 225073
225192 225173
225246 225198
225101 225125
225229 225190
225063 225272
225078 225026
225189 225145
225022 225138
225170 225161
225204 225146
225229 225086
225224 225108
225294 225026
225235 225033
225045 225005
225041 225023
225254 225110
225234 225129
225108 225083
225092 225038
225184 225069
225218 225242
225034 225135
225178 225214
225012 225256
225135 225240
225064 225153
225005 225100
225176 225129
225224 225185
225009 225111
225298 225247
225034 225180
225239 225075
225094 225087
225228 225145
225232 225198
225293 225132
225199 225082
225115 225205
162793 162552
162560 162684
162701 162527
162628 162556
162601 162527
162591 162784
162757 162566
162644 162579
162750 162759
162788 162751
162673 162527
162683 162525
162793 162750
162652 162634
162552 162666
162545 162757
162757 162610
162738 162582
162689 162563
162738 162769
162620 162720
162750 162654
162576 162501
162710 162627
162504 162631
162553 162596
162578 162762
162636 162584
162522 162597
162581 162530
162601 162795
162555 162634
162781 162529
162604 162717
162525 162509
162735 162677
162750 162720
162585 162542
162681 162630
162752 162625
162767 162777
162773 162689
162551 162539
162774 162562
162524 162583
162736 162753
162708 162787
162726 162621
162743 162764
162590 162530
162635 162663
162622 162516
162679 162592
162727 162673
162525 162694
162701 162651
162558 162727
162527 162775
162566 162644
162520 162585
162504 162561
162656 162516
162765 162710
162624 162580
162560 162760
162560 162735
162576 162729
162611 162702
162608 162703
162659 162789
162520 162732
162604 162510
162507 162654
162658 162666
162709 162575
162692 162676
162791 162640
131403 131373
131371 131331
131254 131336
131348 131466
131480 131293
131412 131465
131505 131289
131430 131401
131526 131490
131522 131398
131292 131393
131500 131431
131375 131338
131318 131256
131339 131298
131431 131254
131451 131268
131475 131433
131447 131287
131513 131384
131287 131377
131470 131549
131400 131399
131272 131524
131400 131327
131546 131410
131308 131382
131469 131535
131462 131492
131511 131441
131334 131269
131287 131298
131406 131268
131387 131384
131495 131312
131298 131419
131427 131256
131509 131446
131252 131427
131315 131461
131290 131445
131372 131484
131502 131453
131497 131501
131281 131480
131349 131405
131433 131334
131374 131392
131544 131372
131263 131260
131472 131441
131443 131482
131328 131363
131362 131392
131444 131409
131435 131540
131542 131471
131333 131257
131484 131266
131434 131396
131329 131496
131308 131254
131375 131256
131382 131282
131517 131321
131439 131358
131300 131459
131381 131455
131478 131415
131342 131308
131408 131525
131505 131395
131455 131264
131262 131400
131499 131320
131309 131397
131546 131386
115885 115666
115852 115761
115839 115912
115864 115721
115870 115647
115661 115696
115668 115786
115886 115649
115724 115703
115653 115689
115640 115923
115904 115920
115840 115774
115860 115868
115911 115860
115654 115747
115741 115628
115726 115846
115668 115863
115870 115738
115887 115716
115663 115641
115800 115772
115848 115723
115886 115782
115802 115881
115635 115779
115700 115856
115856 115807
115890 115714
115731 115646
115819 115762
115903 115816
115856 115901
115718 115825
115723 115652
115791 115893
115674 115754
115692 115729
115854 115730
115665 115843
115854 115654
115873 115754
115685 115870
115845 115773
115806 115731
115770 115633
115909 115863
115867 115740
115695 115709
115664 115684
115828 115883
115827 115916
115818 115764
115764 115740
115767 115696
115887 115741
115903 115661
115725 115707
115863 115903
115716 115706
115742 115753
115649 115716
115781 115645
115644 115763
115844 115825
115758 115709
115762 115891
115844 115708
115802 115797
115697 115669
115670 115725
115820 115719
115705 115682
115794 115815
115874 115728
115862 115820
107900 107901
107864 107967
107973 107944
107963 107930
108039 108025
107999 108043
107833 108083
107947 107887
107896 107971
107964 108036
107838 107835
107884 107946
107936 107979
107981 107848
107848 108056
108026 107932
108054 108050
108000 107989
107950 108111
107825 107831
107835 107848
108032 107895
107981 107999
107996 107910
107910 108007
107829 107842
107991 108030
107984 107991
107922 107901
107980 107873
108082 107997
107986 107977
108069 107865
107855 107876
108108 107885
107878 108075
108099 108052
107855 107969
108063 107948
108059 108106
108112 107833
107974 108091
107884 107922
107921 108067
107954 107876
107830 108100
108061 107831
108061 108105
107993 107977
107925 107887
107928 108064
108065 108083
108025 107930
108043 107880
108067 107926
107823 108085
107838 108108
108092 107850
107927 108022
108084 108046
107996 108066
107890 107871
107950 108088
107854 108013
108065 107952
108091 107921
107948 108037
107896 107912
107954 107917
107939 107889
108057 107834
107849 108078
107990 107984
107904 107928
107946 107840
107857 107938
107876 107946
104173 104196
104093 103913
103992 104187
104138 104029
104148 104132
104065 103933
103921 104077
104088 104080
104060 104024
104095 104026
103992 104195
104117 104124
103942 104127
104000 104024
103940 104086
103951 104105
103988 104067
104138 104188
104131 104042
104066 104056
104096 103935
104205 104122
104023 103966
104187 104171
104178 104097
104078 103964
104155 104074
103940 104047
104045 104106
104069 104155
104118 103949
103982 103993
104182 103939
104061 103982
104017 103979
104175 104099
103940 104095
103942 104053
103972 103934
103998 104020
104206 104145
104080 104129
104096 103995
103988 104131
103978 103955
104009 104088
103921 104152
104080 104053
104106 104035
104021 104024
104032 104028
104115 104123
104068 103909
104114 103929
104013 104150
104135 103990
104013 104100
104028 104061
104074 104009
104101 103966
104136 103961
104030 104120
103947 104133
104187 104090
103970 104078
104049 103950
104193 103977
103933 103955
104078 104200
104094 103936
104038 103907
104049 103956
103986 104107
103997 104020
104004 103965
104017 104188
104000 104046
102164 102243
102223 101988
102117 102243
102008 102142
102018 102023
102212 101992
102201 102129
102161 102151
102159 102075
102193 101959
101998 101974
102197 102128
102168 102121
102016 102153
102013 102120
102084 101971
101993 102181
102151 102209
102165 101987
102195 102131
102064 101959
102157 102106
101995 102038
102221 102051
102009 102013
102234 102210
102183 102047
101972 102099
102012 102243
102203 102119
101991 102226
101989 101964
101958 101974
102079 102155
102155 102196
102175 102175
102137 102181
102253 102222
102110 102178
102102 101989
102185 101957
102150 102096
102210 102248
102048 101956
102020 102191
102133 102209
102120 102231
102197 102222
102126 102211
102216 102045
101980 102183
102040 102075
102120 101980
102245 102000
102019 102132
102086 102186
102169 102002
102047 102247
102233 102064
102235 101966
102220 102031
102152 102235
102053 102219
102032 102091
102147 102246
102216 102039
102037 102124
101981 102186
102243 102116
102058 102217
102172 102177
102073 102118
102119 102060
101954 101954
102136 102180
102112 102040
102108 102223
30 167
253 46
185 290
142 101
21 236
27 17
119 177
220 230
150 68
33 254
182 156
259 254
7 41
250 127
176 291
117 215
184 188
72 121
270 121
135 300
184 192
65 191
283 169
133 102
116 243
7 217
77 244
20 258
27 122
212 28
69 48
218 278
178 208
190 27
139 47
206 173
38 230
22 138
221 165
10 203
18 203
119 174
208 271
230 49
25 221
2 111
102 128
208 259
67 30
140 144
39 26
102 189
139 218
138 112
33 21
241 70
275 205
283 294
138 120
19 24
155 295
238 177
154 291
223 86
11 100
160 195
5 288
203 200
140 163
267 247
278 52
270 124
24 284
101 179
284 57
241 256
142 87
36 162
264 20
263 298
199 268
195 227
35 67
43 61
182 63
38 273
186 280
128 270
279 48
103 147
136 148
156 115
79 139
79 29
7 230
109 252
34 267
183 231
44 138
232 5
240 31
285 162
220 31
47 72
157 19
295 188
264 269
275 290
189 169
140 190
190 72
170 231
148 171
95 88
175 251
26 184
37 216
264 159
89 68
15 100
173 236
54 9
62 287
117 197
179 7
52 178
228 291
175 251
240 98
17 3
43 155
50 216
128 105
180 29
85 164
59 22
83 121
253 54
195 57
3 50
91 32
39 137
70 79
203 118
109 250
32 18
73 34
218 61
240 107
61 263
273 289
17 100
25 299
108 159
171 72
232 56
275 293
69 138
53 218
202 10
247 83
115 277
72 3
46 268
33 5
142 10
47 102
221 117
177 175
42 58
207 245
21 300
214 284
121 104
11 56
94 98
268 290
55 63
63 9
248 18
69 242
100 135
78 279
30 171
71 41
240 268
158 23
98 160
267 241
170 58
214 253
275 134
26 96
165 179
3 88
169 30
224 241
283 188
174 127
69 298
261 263
267 262
110 240
123 121
218 287
138 173
64 124
222 18
2 128
70 125
157 15
38 1
132 256
54 121
244 22
204 169
29 234
214 2
88 178
72 162
283 149
129 42
299 107
238 136
20 193
126 131
215 84
167 157
34 174
187 53
82 89
248 119
293 5
154 241
158 223
10 268
147 247
64 87
283 68
230 70
282 294
246 183
287 19
167 39
284 215
23 18
241 221
200 175
102 142
67 167
189 155
292 270
32 99
159 235
271 288
205 116
280 122
275 13
259 70
268 194
254 216
122 56
146 78
129 132
144 32
15 255
31 194
258 174
251 225
150 187
10 66
109 60
229 43
104 5
276 216
186 80
282 128
208 248
239 76
10 177
203 142
2 133
293 192
234 3
35 90
133 174
277 89
44 107
198 160
188 255
227 118
187 290
118 57
168 244
27 119
19 267
256 269
280 21
135 89
225 95
51 171
75 207
291 38
184 101
14 289
296 75
185 293
