# source: JorikJooken
# original path: jj_extract\knapsackProblemInstances-master\problemInstances\n_400_c_1000000_g_14_f_0.3_eps_1e-05_s_300\test.in
# optimal value: 1016842
# format: n capacity, then weight value
400 1000000
500060 500234
500062 500061
500256 500064
500286 500135
500227 500266
500047 500097
500160 500134
500284 500010
500120 500213
500089 500132
500224 500216
500154 500093
500260 500231
500011 500273
500195 500026
500279 500091
500228 500305
500072 500172
500137 500205
500081 500226
500268 500014
250263 250128
250183 250219
250303 250095
250128 250109
250124 250176
250105 250225
250084 250281
250118 250297
250179 250174
250017 250103
250080 250199
250140 250021
250134 250223
250013 250104
250251 250257
250258 250134
250103 250016
250272 250189
250035 250208
250120 250164
250272 250066
125016 125300
125050 125013
125156 125135
125034 125125
125264 125011
125298 125294
125163 125247
125151 125144
125236 125258
125071 125235
125308 125087
125179 125072
125203 125057
125041 125300
125155 125121
125134 125168
125252 125290
125073 125120
125204 125061
125064 125256
125294 125153
62715 62614
62662 62794
62563 62539
62801 62566
62580 62756
62688 62743
62554 62747
62780 62774
62544 62575
62580 62764
62734 62653
62594 62686
62703 62683
62526 62535
62656 62770
62584 62809
62522 62609
62603 62673
62662 62568
62788 62544
62535 62562
31288 31368
31424 31269
31536 31553
31469 31391
31411 31436
31385 31496
31327 31409
31474 31502
31471 31324
31433 31417
31513 31459
31523 31502
31311 31300
31287 31543
31377 31509
31553 31454
31292 31507
31518 31482
31422 31421
31478 31297
31357 31264
15662 15924
15690 15733
15646 15685
15696 15874
15796 15638
15873 15909
15786 15887
15806 15769
15761 15898
15805 15832
15869 15764
15911 15905
15878 15698
15820 15914
15817 15805
15890 15813
15796 15736
15714 15787
15911 15860
15850 15819
15725 15823
8007 7855
7980 7830
7929 7976
7854 7927
7910 7850
7944 8096
7972 8073
7954 7962
8059 7937
8087 8102
8032 7907
8002 7910
7972 7852
7935 7867
7827 8100
7994 7955
8068 8104
7930 7858
7848 7981
7986 8034
7862 7828
4000 3933
3946 3938
4099 4037
3917 4021
3969 4039
4104 3925
4122 4138
4067 4150
3978 4153
4197 3926
4136 4207
4167 4139
3925 3980
4161 3932
3992 4156
3960 4131
4147 4191
4007 4132
3988 3946
4132 4083
4106 4129
1981 2221
2256 2108
2107 2176
2141 2159
2095 2263
2055 2178
2173 2028
2046 2097
2034 2075
2086 2060
2015 1967
2020 2169
2107 2179
2047 1995
1981 2104
2111 2038
2176 2139
2181 1976
1968 2150
2160 2046
2032 2218
1015 1126
1145 1181
1205 1179
1231 1023
1165 1056
1177 1189
1065 1121
1128 1124
1072 1083
1091 1190
1266 1108
1237 1237
990 1188
1182 1074
1225 1175
1094 1072
987 1257
1235 1233
1038 1123
1199 1039
1090 1251
591 509
727 632
617 681
500 726
539 546
622 659
504 770
521 535
772 528
574 697
794 555
706 558
723 635
607 780
568 691
650 532
713 619
689 575
580 724
500 732
544 610
330 326
452 523
455 509
422 282
493 283
490 410
380 385
409 269
314 493
503 553
437 364
519 359
432 318
354 495
422 418
509 398
264 297
524 350
540 524
411 339
414 454
167 215
181 163
314 384
199 348
386 392
354 429
148 397
230 418
333 331
303 287
407 203
311 195
277 308
274 348
425 212
326 348
149 331
370 318
298 314
310 355
218 357
270 284
241 107
105 90
40 208
272 58
116 51
282 234
186 181
136 265
256 279
159 260
270 115
36 24
272 242
33 47
258 228
202 142
149 124
179 78
168 139
16 164
100 132
135 108
85 140
110 81
288 113
72 90
271 80
146 109
41 207
245 14
275 32
236 255
57 149
190 64
145 172
276 246
74 171
299 107
80 14
29 35
119 104
167 152
49 218
158 62
164 51
147 247
181 148
49 26
179 28
221 4
185 97
264 83
21 21
150 240
289 245
99 269
136 30
193 155
217 14
250 257
43 259
290 215
162 275
95 116
52 187
59 212
225 211
261 203
64 154
37 81
199 196
167 105
97 142
18 107
144 178
256 288
23 224
177 275
148 250
21 259
124 249
86 24
253 284
164 154
38 89
273 99
20 221
58 131
108 214
36 36
65 162
13 69
215 41
179 19
113 254
294 20
20 223
160 9
120 42
28 193
268 275
7 278
285 117
191 118
95 160
156 2
158 152
216 90
137 92
279 198
300 163
254 51
292 194
298 62
46 195
270 145
101 260
241 164
19 191
135 264
93 184
56 200
266 7
105 171
198 216
110 199
