# source: JorikJooken
# original path: jj_extract\knapsackProblemInstances-master\problemInstances\n_600_c_1000000_g_6_f_0.2_eps_1e-05_s_100\test.in
# optimal value: 977920
# format: n capacity, then weight value
600 1000000
500081 500067
500079 500093
500066 500092
500062 500058
500049 500054
500082 500063
500092 500085
500047 500016
500107 500044
500059 500109
500107 500045
500036 500024
500035 500014
500066 500097
500050 500069
500085 500088
500034 500049
500090 500083
500039 500096
500031 500037
500024 500021
500075 500043
500049 500019
500048 500094
500044 500034
500086 500060
500079 500071
500014 500024
500049 500032
500068 500095
500104 500042
500095 500010
500074 500079
500094 500083
500066 500083
500079 500078
500051 500081
500048 500074
500055 500107
500103 500107
500068 500030
500098 500109
500086 500064
500065 500041
500019 500017
500099 500027
500093 500040
500057 500097
500107 500096
500022 500051
500071 500090
500078 500040
500058 500105
500088 500048
500025 500062
500012 500105
500092 500076
500074 500105
500044 500031
500036 500046
500071 500046
500078 500031
500107 500069
500052 500036
500067 500065
500073 500013
500052 500060
500027 500028
500063 500010
500086 500106
500049 500085
500019 500064
500029 500055
500079 500058
500030 500071
500072 500095
500044 500072
500087 500094
500103 500109
500018 500022
500061 500070
500108 500077
500083 500065
500093 500075
500010 500025
500031 500052
500042 500086
500097 500044
500084 500061
500063 500010
500089 500064
500099 500043
500096 500093
500107 500059
500016 500050
500063 500084
250097 250062
250080 250020
250102 250025
250031 250086
250031 250073
250083 250023
250049 250016
250106 250032
250077 250056
250020 250078
250011 250047
250052 250065
250052 250095
250099 250097
250082 250068
250087 250035
250039 250031
250036 250016
250070 250097
250075 250054
250081 250019
250051 250023
250067 250036
250103 250058
250050 250052
250033 250035
250013 250059
250079 250095
250046 250065
250039 250039
250048 250105
250055 250096
250093 250025
250096 250087
250110 250026
250068 250047
250050 250046
250063 250038
250082 250011
250016 250043
250076 250065
250026 250106
250048 250054
250038 250087
250013 250034
250087 250081
250023 250108
250106 250092
250011 250035
250011 250102
250058 250040
250028 250054
250096 250085
250028 250031
250067 250063
250103 250077
250026 250089
250022 250085
250087 250093
250055 250036
250108 250049
250058 250079
250094 250044
250099 250020
250072 250084
250110 250100
250080 250073
250069 250042
250091 250076
250091 250102
250051 250061
250081 250013
250079 250035
250015 250106
250078 250093
250028 250069
250058 250021
250109 250028
250043 250109
250015 250040
250095 250075
250098 250055
250051 250037
250032 250058
250038 250105
250052 250096
250059 250043
250102 250042
250040 250071
250091 250085
250034 250107
250083 250031
250102 250047
250064 250065
250104 250086
250074 250070
125048 125088
125033 125085
125026 125026
125067 125030
125063 125083
125095 125099
125070 125071
125056 125107
125103 125067
125083 125058
125086 125099
125021 125063
125026 125056
125030 125089
125060 125032
125099 125046
125058 125073
125078 125052
125051 125093
125015 125060
125044 125075
125074 125081
125056 125057
125031 125108
125040 125047
125060 125064
125041 125050
125018 125064
125026 125101
125068 125063
125040 125052
125014 125055
125033 125018
125038 125098
125055 125049
125039 125054
125084 125045
125053 125051
125046 125057
125058 125066
125081 125023
125092 125089
125083 125034
125020 125048
125022 125040
125079 125031
125084 125045
125022 125107
125106 125064
125106 125074
125068 125053
125106 125016
125064 125090
125109 125076
125099 125103
125095 125089
125048 125092
125059 125031
125028 125086
125040 125055
125019 125085
125015 125110
125057 125064
125078 125039
125017 125048
125023 125094
125066 125075
125100 125019
125089 125086
125056 125064
125034 125035
125078 125053
125015 125013
125025 125105
125090 125089
125105 125054
125014 125092
125051 125105
125011 125049
125084 125066
125107 125085
125049 125015
125109 125073
125098 125037
125056 125034
125046 125054
125038 125046
125089 125100
125105 125061
125040 125044
125085 125061
125036 125016
125077 125023
125052 125080
125047 125016
125016 125053
62513 62536
62548 62515
62598 62587
62591 62561
62531 62547
62586 62594
62553 62601
62593 62515
62589 62518
62523 62562
62553 62585
62602 62514
62524 62526
62570 62563
62594 62566
62539 62571
62559 62547
62545 62511
62555 62596
62607 62518
62598 62606
62538 62579
62593 62607
62519 62522
62522 62533
62511 62515
62568 62600
62527 62581
62602 62531
62550 62538
62607 62537
62546 62512
62535 62568
62593 62534
62540 62571
62559 62557
62591 62521
62521 62517
62571 62538
62603 62609
62584 62561
62578 62577
62596 62566
62520 62521
62514 62537
62607 62584
62538 62555
62537 62558
62534 62584
62543 62561
62510 62595
62527 62529
62518 62512
62571 62597
62563 62573
62513 62576
62567 62534
62598 62571
62580 62602
62543 62536
62587 62516
62589 62540
62539 62584
62543 62512
62549 62573
62558 62582
62601 62585
62519 62550
62523 62511
62530 62581
62547 62538
62592 62526
62540 62608
62558 62568
62512 62581
62518 62573
62609 62573
62598 62602
62560 62524
62524 62525
62515 62567
62536 62535
62574 62573
62588 62571
62558 62609
62530 62511
62524 62525
62580 62518
62537 62570
62606 62512
62597 62584
62578 62586
62589 62574
62554 62562
62519 62590
62536 62586
31283 31261
31289 31318
31302 31356
31333 31281
31285 31357
31275 31332
31345 31345
31348 31351
31261 31305
31328 31272
31275 31344
31350 31350
31356 31295
31312 31297
31318 31294
31261 31298
31341 31344
31276 31325
31284 31303
31353 31279
31349 31273
31291 31311
31268 31360
31291 31267
31358 31283
31313 31332
31358 31276
31315 31317
31297 31271
31285 31280
31354 31338
31297 31356
31347 31300
31281 31296
31341 31295
31314 31318
31264 31320
31358 31354
31333 31285
31285 31335
31269 31310
31335 31300
31321 31282
31271 31299
31346 31333
31338 31350
31324 31297
31348 31358
31323 31352
31283 31263
31342 31293
31264 31350
31356 31323
31360 31286
31331 31276
31266 31266
31336 31292
31347 31344
31291 31285
31268 31290
31287 31330
31310 31352
31267 31343
31329 31329
31318 31342
31328 31278
31358 31301
31311 31306
31302 31337
31283 31343
31292 31336
31339 31277
31294 31269
31331 31306
31272 31319
31276 31280
31289 31286
31270 31360
31309 31356
31298 31317
31292 31291
31330 31278
31289 31286
31305 31333
31268 31265
31261 31340
31316 31294
31266 31338
31311 31332
31310 31350
31284 31281
31358 31331
31273 31305
31316 31281
31320 31310
31335 31322
67 1
2 7
30 85
9 65
13 100
63 47
23 87
3 68
39 28
51 96
39 1
70 39
3 16
26 95
11 42
48 60
31 39
89 63
80 19
94 6
12 62
8 82
99 43
65 4
27 48
3 53
10 69
63 20
19 40
93 84
91 74
68 58
74 51
23 80
42 57
83 63
4 9
40 56
97 49
23 23
26 27
76 90
63 6
34 76
11 58
67 55
24 22
37 85
94 68
100 21
62 14
93 33
29 39
97 83
10 28
19 59
56 48
36 80
84 77
78 74
30 73
9 70
82 19
7 98
63 93
77 44
65 78
25 97
77 5
42 31
91 67
28 14
4 11
38 31
9 77
13 82
83 4
51 65
84 1
4 43
43 24
92 79
62 84
32 18
20 11
7 53
94 60
76 32
35 30
44 35
50 45
88 95
9 44
82 72
38 98
91 70
73 1
30 48
29 3
37 20
75 55
64 70
90 70
88 99
52 9
35 85
78 91
26 57
28 17
58 49
83 32
59 93
100 81
81 89
3 67
79 56
88 69
53 7
41 46
19 82
