# source: JorikJooken
# original path: jj_extract\knapsackProblemInstances-master\problemInstances\n_800_c_1000000_g_10_f_0.2_eps_0.01_s_200\test.in
# optimal value: 1011603
# format: n capacity, then weight value
800 1000000
510200 510043
510119 510100
510107 510034
510071 510076
510031 510138
510177 510083
510027 510196
510038 510111
510193 510114
510156 510137
510179 510051
510146 510064
510161 510163
510185 510142
510060 510073
510200 510006
510062 510072
510165 510181
510191 510107
510105 510095
510127 510117
510118 510142
510156 510046
510096 510127
510196 510125
510095 510162
510026 510104
510150 510037
510171 510082
510024 510154
510164 510087
510148 510173
510127 510010
510048 510115
510095 510135
510064 510065
510123 510084
510044 510083
510161 510019
510116 510149
510010 510190
510075 510082
510025 510186
510181 510152
510193 510039
510093 510109
510001 510141
510041 510010
510168 510090
510083 510103
510064 510110
510054 510062
510176 510156
510074 510010
510005 510109
510008 510040
510036 510118
510147 510092
510161 510068
510165 510113
510093 510185
510145 510120
510094 510132
510125 510104
510052 510027
510193 510126
510180 510108
510075 510054
510026 510175
510198 510032
510066 510126
260117 260066
260137 260120
260057 260074
260007 260078
260181 260067
260039 260076
260031 260032
260018 260080
260061 260143
260176 260008
260065 260042
260043 260047
260098 260126
260013 260129
260159 260130
260033 260144
260014 260077
260096 260192
260156 260065
260103 260101
260168 260038
260129 260130
260142 260031
260178 260100
260021 260012
260093 260090
260147 260021
260125 260137
260065 260022
260099 260184
260075 260176
260070 260111
260137 260033
260017 260144
260193 260127
260002 260002
260188 260094
260005 260152
260163 260181
260043 260168
260141 260121
260120 260164
260144 260038
260143 260143
260180 260106
260073 260078
260153 260133
260110 260101
260146 260041
260163 260053
260002 260106
260033 260156
260108 260176
260155 260149
260174 260009
260112 260120
260008 260040
260141 260025
260060 260077
260035 260070
260099 260084
260144 260051
260068 260028
260103 260157
260001 260003
260055 260048
260126 260175
260176 260197
260042 260080
260044 260151
260089 260025
135023 135183
135176 135078
135065 135180
135130 135101
135019 135026
135153 135096
135003 135198
135033 135156
135071 135189
135024 135026
135062 135191
135021 135137
135089 135116
135136 135030
135199 135140
135192 135108
135033 135172
135037 135155
135025 135079
135046 135125
135193 135183
135036 135137
135153 135156
135089 135055
135056 135091
135149 135069
135064 135161
135153 135067
135132 135144
135063 135009
135018 135076
135158 135096
135117 135189
135023 135109
135058 135161
135006 135088
135097 135024
135106 135002
135166 135154
135014 135135
135031 135165
135196 135164
135043 135099
135076 135080
135172 135176
135044 135044
135144 135140
135110 135156
135085 135183
135111 135107
135181 135126
135165 135054
135160 135103
135159 135165
135145 135110
135154 135069
135086 135099
135197 135198
135178 135180
135001 135007
135156 135113
135186 135095
135162 135061
135190 135077
135073 135091
135198 135035
135078 135041
135136 135172
135153 135151
135116 135190
135043 135156
72577 72586
72616 72651
72619 72511
72583 72528
72560 72602
72590 72668
72626 72629
72629 72577
72571 72629
72584 72618
72602 72659
72580 72541
72606 72566
72653 72512
72635 72563
72595 72673
72535 72595
72625 72656
72610 72543
72565 72549
72633 72510
72557 72657
72639 72588
72628 72647
72587 72523
72618 72674
72555 72556
72615 72591
72680 72619
72535 72651
72589 72685
72536 72530
72523 72673
72535 72581
72598 72548
72594 72545
72574 72641
72686 72545
72659 72572
72520 72675
72531 72616
72607 72608
72601 72600
72622 72606
72526 72657
72621 72518
72580 72591
72536 72608
72518 72521
72654 72670
72683 72531
72592 72572
72639 72501
72670 72643
72597 72527
72510 72625
72515 72552
72660 72517
72622 72548
72521 72534
72653 72679
72529 72586
72663 72591
72606 72650
72576 72600
72607 72680
72584 72659
72531 72594
72639 72520
72530 72664
72630 72669
41335 41400
41357 41424
41268 41431
41301 41386
41429 41386
41344 41270
41416 41316
41336 41271
41406 41349
41398 41377
41274 41274
41435 41398
41289 41274
41253 41333
41322 41267
41330 41252
41380 41416
41349 41333
41328 41401
41446 41290
41408 41390
41397 41265
41399 41300
41339 41269
41329 41441
41390 41339
41314 41417
41271 41254
41417 41412
41314 41412
41263 41293
41315 41357
41376 41335
41309 41273
41315 41254
41395 41269
41288 41383
41365 41279
41297 41413
41342 41444
41370 41396
41422 41448
41366 41386
41445 41394
41418 41406
41381 41292
41331 41445
41284 41331
41345 41383
41271 41426
41254 41412
41299 41427
41320 41321
41381 41297
41258 41359
41342 41410
41414 41276
41263 41288
41254 41294
41382 41259
41254 41328
41277 41368
41417 41354
41277 41365
41350 41388
41330 41449
41310 41446
41410 41407
41286 41373
41269 41277
41355 41283
25737 25667
25770 25787
25739 25662
25785 25712
25820 25644
25748 25626
25804 25750
25810 25783
25677 25711
25801 25721
25680 25709
25815 25712
25820 25807
25786 25731
25802 25797
25667 25704
25637 25677
25746 25786
25779 25825
25715 25660
25663 25693
25703 25824
25708 25706
25720 25670
25821 25630
25786 25700
25799 25710
25628 25674
25799 25820
25797 25688
25766 25787
25716 25728
25807 25790
25816 25795
25728 25754
25704 25792
25816 25642
25742 25774
25800 25731
25734 25658
25757 25720
25733 25777
25697 25794
25805 25728
25766 25682
25812 25825
25759 25813
25634 25721
25678 25820
25707 25775
25626 25816
25782 25798
25630 25745
25697 25673
25783 25701
25778 25777
25825 25786
25652 25685
25781 25767
25822 25652
25674 25646
25656 25674
25770 25648
25664 25632
25745 25649
25797 25732
25797 25649
25798 25788
25782 25795
25775 25637
25731 25818
17920 17819
17983 17857
17815 17829
17885 17836
17951 17960
17815 18008
17872 17945
17848 17858
17915 17993
17904 17922
17968 17958
17956 17816
17819 17837
17869 17865
17846 17882
17958 17969
18004 17840
17931 17834
17891 17882
17898 17926
17925 17882
17835 17916
17944 17894
17888 17885
17879 17844
17956 17938
17924 17997
17841 17961
17824 17837
17971 17855
17914 17820
17842 17991
17939 17946
17933 17971
17817 17918
17905 17900
17879 17987
17814 17916
17916 17924
17979 17863
17946 17918
17944 17864
17950 17915
17885 17846
17861 17864
17971 17830
17999 17914
17969 17962
17911 17878
17932 17907
17924 17830
17951 18007
17919 17838
17818 17831
17972 17929
17947 17818
17918 17930
17981 17947
17941 17836
17818 17880
17853 17941
18005 17953
17950 18001
17856 17864
17965 17834
18011 17888
17992 17926
17834 17840
18005 17977
17815 18007
17970 17838
13928 14082
14082 13984
13915 14028
14053 14077
13934 14042
14059 13945
14064 13965
14027 14064
14034 13956
13975 14004
14100 13963
13907 14008
13963 14021
14097 13982
13920 13931
13988 13935
14002 13959
13962 14094
13924 14095
14068 14055
13950 14038
14074 14029
13916 14046
14030 14010
14030 13926
14091 14039
13936 14015
14077 13931
14032 13969
13923 14090
14022 13990
14035 13953
14085 14096
14027 14081
14019 14027
13982 13928
14050 14007
14012 14039
13964 13995
14105 14062
14054 14091
14059 14026
13943 14001
14031 14102
14006 14082
13971 13932
14045 14031
14009 14026
14104 14027
14062 14035
14035 14001
14056 14033
14044 13983
14026 14043
14045 14022
14001 13993
14085 13973
14082 13933
13976 14011
13996 14039
13932 14072
13962 13944
13918 14092
14036 14058
13929 14014
13935 13934
13923 14064
14019 14049
13989 14080
14023 14105
14057 13972
12075 12143
11993 11980
12087 12066
12105 12129
11984 12009
12013 11965
11997 11956
12040 12004
12131 12044
12088 11991
12016 12088
11962 12113
12076 12130
12033 12003
11971 12110
12115 12090
12050 12041
12111 12018
12079 12153
12035 12060
12086 12081
12083 12061
12112 12114
12053 12058
12136 11957
12052 11977
11981 12008
11989 11979
11976 12058
12100 12137
12010 12105
11963 11971
12078 11978
12100 11956
12109 11999
11987 12136
12141 12151
12037 12086
12056 12118
12081 12035
12082 12036
12070 12058
12097 12121
11980 12127
11974 12153
12115 12014
12083 11963
12084 12056
11978 12105
11955 12040
12091 12008
12098 12078
12015 12046
12077 12064
12045 12010
12045 12085
12022 12049
12144 12045
12016 12074
12153 12106
12068 12062
12131 12013
11983 11984
12009 11971
11970 11988
12008 11975
12146 12045
11961 11989
12017 12008
12071 12109
11962 12017
169 53
170 181
93 31
177 19
77 110
154 20
87 14
35 10
19 128
40 18
116 27
165 93
33 179
29 73
139 43
145 131
77 36
104 137
58 124
162 123
156 146
195 70
67 132
184 153
99 73
175 153
184 68
85 192
115 104
32 186
118 142
181 162
183 47
173 142
172 6
37 112
1 62
64 117
196 154
135 85
200 44
42 29
124 137
169 73
35 74
116 132
148 185
79 135
124 84
91 115
52 165
16 62
171 172
78 195
4 6
150 157
39 106
95 174
117 191
39 30
148 19
26 152
129 60
12 59
98 98
39 156
83 73
176 78
195 183
83 5
96 200
200 83
36 68
143 134
41 24
194 148
48 120
16 34
30 57
40 182
138 146
188 66
103 121
104 176
24 100
111 139
173 17
144 9
21 199
83 58
38 13
31 111
200 62
125 121
59 62
160 118
196 152
36 99
90 53
170 5
169 189
97 75
12 48
27 189
22 114
107 7
64 100
188 123
105 162
62 180
132 78
143 22
101 28
71 197
35 136
59 127
70 101
105 38
9 43
31 91
145 169
116 89
187 164
24 171
78 36
68 3
68 76
47 117
173 195
82 160
110 170
8 190
32 21
102 4
42 149
97 63
97 66
14 61
98 25
103 72
113 54
70 37
108 187
184 58
176 103
93 52
19 197
106 90
49 49
198 168
192 168
31 95
35 134
7 32
14 16
124 19
36 7
197 195
187 186
7 1
24 93
