# source: JorikJooken
# original path: jj_extract\knapsackProblemInstances-master\problemInstances\n_1200_c_100000000_g_2_f_0.3_eps_0_s_100\test.in
# optimal value: 50018157
# format: n capacity, then weight value
1200 100000000
50000036 50000069
50000009 50000031
50000015 50000077
50000041 50000068
50000095 50000021
50000064 50000079
50000076 50000021
50000016 50000011
50000074 50000018
50000093 50000015
50000092 50000030
50000096 50000001
50000092 50000078
50000069 50000035
50000006 50000070
50000058 50000054
50000085 50000064
50000075 50000042
50000022 50000038
50000028 50000092
50000078 50000052
50000074 50000073
50000051 50000098
50000036 50000054
50000068 50000010
50000023 50000001
50000085 50000027
50000029 50000042
50000041 50000098
50000014 50000084
50000009 50000054
50000038 50000044
50000001 50000039
50000054 50000007
50000062 50000051
50000099 50000069
50000050 50000039
50000042 50000049
50000012 50000047
50000069 50000093
50000087 50000063
50000055 50000081
50000048 50000033
50000019 50000030
50000089 50000055
50000092 50000053
50000009 50000077
50000065 50000035
50000067 50000059
50000038 50000022
50000056 50000052
50000055 50000006
50000068 50000034
50000040 50000006
50000037 50000073
50000050 50000054
50000032 50000062
50000029 50000017
50000097 50000009
50000096 50000095
50000036 50000014
50000037 50000083
50000049 50000060
50000049 50000068
50000052 50000006
50000067 50000016
50000022 50000042
50000075 50000030
50000011 50000053
50000014 50000002
50000097 50000083
50000009 50000021
50000029 50000096
50000001 50000060
50000001 50000037
50000069 50000011
50000049 50000038
50000089 50000087
50000029 50000038
50000057 50000001
50000008 50000073
50000016 50000006
50000007 50000056
50000018 50000048
50000010 50000032
50000031 50000045
50000065 50000052
50000095 50000039
50000058 50000060
50000087 50000036
50000054 50000020
50000071 50000002
50000052 50000035
50000007 50000079
50000053 50000015
50000004 50000026
50000060 50000003
50000043 50000095
50000094 50000046
50000060 50000040
50000007 50000012
50000066 50000018
50000053 50000028
50000042 50000076
50000011 50000009
50000062 50000071
50000030 50000080
50000018 50000011
50000007 50000086
50000085 50000034
50000076 50000090
50000076 50000100
50000087 50000031
50000099 50000031
50000008 50000003
50000014 50000089
50000073 50000069
50000048 50000056
50000100 50000088
50000085 50000100
50000018 50000003
50000009 50000051
50000026 50000071
50000076 50000056
50000083 50000072
50000083 50000064
50000077 50000002
50000037 50000050
50000050 50000006
50000051 50000030
50000042 50000066
50000056 50000057
50000095 50000010
50000087 50000046
50000012 50000031
50000095 50000020
50000038 50000035
50000022 50000027
50000009 50000072
50000079 50000034
50000093 50000089
50000048 50000060
50000007 50000046
50000043 50000063
50000017 50000089
50000007 50000014
50000006 50000064
50000076 50000037
50000016 50000034
50000030 50000058
50000062 50000048
50000002 50000082
50000047 50000051
50000048 50000096
50000037 50000031
50000043 50000076
50000046 50000060
50000048 50000063
50000022 50000088
50000069 50000024
50000002 50000033
50000054 50000054
50000079 50000076
50000078 50000079
50000076 50000021
50000032 50000086
50000003 50000013
50000070 50000018
50000027 50000098
50000032 50000085
50000014 50000090
50000036 50000003
50000042 50000023
50000096 50000053
50000032 50000040
50000044 50000023
50000042 50000095
50000055 50000019
50000041 50000067
50000080 50000085
50000091 50000044
50000009 50000025
50000032 50000025
50000006 50000056
50000084 50000020
50000084 50000031
50000088 50000052
50000009 50000064
50000046 50000085
50000055 50000077
50000046 50000036
50000087 50000049
50000079 50000019
50000055 50000059
50000092 50000093
50000050 50000004
50000083 50000045
50000047 50000033
50000081 50000074
50000047 50000095
50000060 50000056
50000096 50000095
50000027 50000078
50000082 50000034
50000064 50000070
50000095 50000083
50000051 50000025
50000050 50000006
50000012 50000075
50000027 50000009
50000083 50000095
50000022 50000078
50000002 50000010
50000083 50000059
50000021 50000085
50000072 50000026
50000038 50000088
50000068 50000019
50000014 50000056
50000061 50000061
50000088 50000077
50000026 50000047
50000074 50000011
50000058 50000082
50000010 50000043
50000010 50000054
50000052 50000042
50000005 50000035
50000091 50000052
50000068 50000014
50000079 50000064
50000012 50000032
50000032 50000090
50000048 50000040
50000080 50000053
50000033 50000024
50000016 50000024
50000026 50000032
50000038 50000033
50000044 50000010
50000045 50000037
50000039 50000040
50000047 50000065
50000054 50000049
50000071 50000085
50000070 50000021
50000042 50000080
50000033 50000021
50000086 50000052
50000058 50000007
50000070 50000086
50000096 50000041
50000074 50000039
50000069 50000082
50000012 50000015
50000084 50000019
50000030 50000071
50000032 50000027
50000033 50000025
50000004 50000068
50000032 50000065
50000010 50000045
50000029 50000077
50000046 50000055
50000016 50000097
50000018 50000023
50000029 50000083
50000004 50000041
50000039 50000005
50000027 50000029
50000066 50000091
50000061 50000008
50000003 50000007
50000008 50000058
50000088 50000052
50000046 50000002
50000031 50000093
50000084 50000100
50000090 50000069
50000024 50000024
50000083 50000068
50000005 50000014
50000003 50000057
50000075 50000095
50000074 50000056
50000057 50000061
50000043 50000036
50000071 50000083
50000100 50000015
50000009 50000082
50000052 50000019
50000053 50000062
50000079 50000008
50000089 50000018
50000037 50000082
50000053 50000014
50000097 50000034
50000035 50000095
50000040 50000024
50000005 50000037
50000016 50000077
50000052 50000067
50000098 50000086
50000091 50000068
50000002 50000028
50000093 50000032
50000042 50000010
50000037 50000066
50000011 50000030
50000071 50000009
50000097 50000011
50000012 50000079
50000078 50000030
50000021 50000003
50000067 50000003
50000096 50000005
50000069 50000016
50000016 50000061
50000059 50000036
50000070 50000018
50000098 50000096
50000035 50000096
50000009 50000046
50000004 50000063
50000074 50000036
50000005 50000055
50000089 50000024
50000088 50000076
50000097 50000068
50000064 50000075
50000018 50000045
50000050 50000006
50000007 50000071
50000080 50000010
50000040 50000093
50000007 50000012
50000026 50000032
50000039 50000032
50000041 50000075
50000064 50000023
50000014 50000031
50000021 50000035
50000050 50000096
50000087 50000038
50000054 50000004
50000052 50000034
50000098 50000078
50000002 50000080
50000017 50000057
50000066 50000080
50000051 50000079
50000003 50000068
50000098 50000076
50000097 50000068
50000077 50000074
50000064 50000009
50000086 50000006
50000050 50000083
50000026 50000008
50000087 50000008
50000017 50000029
50000052 50000042
50000060 50000033
50000057 50000096
50000095 50000081
50000098 50000025
50000083 50000021
50000086 50000087
50000022 50000093
50000089 50000069
50000090 50000015
50000006 50000075
50000026 50000002
50000072 50000005
50000075 50000010
50000028 50000075
50000003 50000069
50000001 50000031
50000019 50000016
50000040 50000073
50000038 50000049
50000043 50000042
50000076 50000095
50000044 50000023
50000094 50000086
50000011 50000061
50000076 50000095
50000025 50000022
50000056 50000056
50000082 50000065
50000074 50000026
50000053 50000052
50000081 50000055
50000041 50000041
50000059 50000025
50000036 50000084
50000091 50000082
50000079 50000093
50000091 50000077
50000033 50000047
50000050 50000070
50000053 50000081
50000082 50000020
50000007 50000048
50000012 50000090
50000072 50000080
50000040 50000039
50000003 50000066
50000048 50000004
50000031 50000084
50000004 50000043
50000006 50000049
50000093 50000034
50000034 50000077
50000081 50000032
50000072 50000061
50000063 50000026
50000042 50000011
50000028 50000049
50000048 50000044
50000062 50000046
50000063 50000031
50000083 50000026
50000066 50000075
50000092 50000010
50000006 50000091
50000064 50000041
50000084 50000059
50000032 50000010
50000017 50000016
50000073 50000058
50000054 50000070
50000039 50000084
50000088 50000014
50000062 50000045
50000025 50000060
50000061 50000073
50000080 50000032
50000039 50000033
50000035 50000003
50000056 50000094
50000004 50000084
50000040 50000085
50000021 50000049
50000027 50000034
50000009 50000094
50000055 50000076
50000080 50000016
50000045 50000044
50000016 50000007
50000018 50000034
50000050 50000069
50000085 50000068
50000086 50000049
50000021 50000065
50000019 50000012
50000002 50000072
50000026 50000054
50000019 50000045
50000069 50000093
50000031 50000036
50000042 50000051
50000059 50000008
50000002 50000044
50000089 50000035
50000099 50000054
50000074 50000057
50000037 50000084
50000019 50000085
50000005 50000093
50000067 50000002
50000049 50000027
50000041 50000023
50000018 50000047
50000038 50000082
50000091 50000056
50000081 50000065
50000071 50000074
50000093 50000022
50000083 50000040
50000081 50000033
50000022 50000076
50000048 50000086
50000015 50000062
50000012 50000094
50000007 50000066
50000052 50000050
50000100 50000065
50000085 50000053
50000088 50000014
50000015 50000056
50000003 50000085
50000014 50000017
50000021 50000092
50000064 50000024
50000093 50000053
50000036 50000059
50000076 50000031
50000068 50000045
50000052 50000069
50000067 50000099
50000045 50000071
50000027 50000085
50000030 50000043
50000089 50000053
50000060 50000042
50000007 50000034
50000036 50000049
50000070 50000001
50000029 50000037
50000050 50000082
50000068 50000026
50000032 50000056
50000052 50000003
50000077 50000093
50000055 50000086
50000008 50000094
50000015 50000058
50000068 50000039
50000085 50000040
50000019 50000074
50000001 50000024
50000021 50000021
50000041 50000100
50000007 50000051
50000092 50000032
50000086 50000009
50000011 50000095
50000006 50000058
50000017 50000071
50000029 50000009
50000029 50000071
50000062 50000088
50000069 50000018
50000098 50000089
50000058 50000050
50000089 50000078
50000040 50000008
50000077 50000073
50000060 50000061
50000070 50000080
50000024 50000057
50000013 50000037
50000061 50000100
50000066 50000014
50000059 50000054
50000003 50000020
50000076 50000098
50000028 50000091
50000001 50000041
50000033 50000098
50000089 50000040
50000038 50000004
50000073 50000003
50000003 50000100
50000081 50000005
50000100 50000067
50000097 50000076
50000019 50000002
50000058 50000048
50000091 50000027
50000027 50000035
50000058 50000055
50000072 50000027
50000056 50000034
50000015 50000016
50000094 50000052
50000038 50000065
50000056 50000034
50000065 50000015
50000047 50000052
50000036 50000075
50000019 50000044
50000001 50000008
50000015 50000051
50000054 50000032
50000089 50000007
50000083 50000028
50000023 50000086
50000045 50000016
50000099 50000098
50000100 50000083
50000076 50000069
50000042 50000026
50000021 50000028
50000047 50000052
50000035 50000041
50000030 50000015
50000003 50000095
50000051 50000087
50000002 50000090
50000015 50000048
50000022 50000054
50000088 50000082
50000085 50000054
50000017 50000067
50000086 50000041
50000088 50000011
50000019 50000059
50000098 50000073
50000007 50000013
50000018 50000040
50000090 50000036
50000050 50000023
50000055 50000035
50000034 50000095
50000093 50000068
50000026 50000009
50000021 50000063
50000054 50000067
50000036 50000042
50000048 50000047
50000072 50000085
50000063 50000087
50000087 50000042
50000076 50000079
50000097 50000065
50000026 50000047
50000040 50000020
50000080 50000053
50000066 50000093
50000091 50000016
50000038 50000051
50000045 50000005
50000035 50000012
50000073 50000017
50000094 50000006
50000021 50000041
50000033 50000081
50000038 50000093
50000013 50000052
50000072 50000010
50000099 50000098
50000061 50000091
50000025 50000078
50000037 50000087
50000007 50000037
50000099 50000097
50000037 50000099
50000069 50000003
50000014 50000040
50000039 50000003
50000064 50000070
50000072 50000045
50000028 50000049
50000077 50000015
50000032 50000100
50000030 50000088
50000023 50000068
50000020 50000045
50000023 50000053
50000060 50000049
50000037 50000077
50000067 50000070
50000040 50000082
50000052 50000001
50000043 50000074
50000086 50000029
50000045 50000035
50000006 50000049
50000050 50000076
50000039 50000006
50000030 50000098
50000053 50000021
50000029 50000036
50000040 50000083
50000066 50000011
50000026 50000025
50000001 50000055
50000067 50000050
50000052 50000058
50000067 50000062
50000057 50000089
50000050 50000072
50000033 50000021
50000053 50000013
50000051 50000098
50000025 50000070
50000047 50000010
50000035 50000001
50000067 50000039
50000026 50000040
50000052 50000056
50000025 50000049
50000059 50000099
50000045 50000042
50000082 50000083
50000098 50000094
50000029 50000052
50000047 50000056
50000011 50000064
50000070 50000062
50000059 50000092
50000051 50000045
50000076 50000084
50000059 50000014
50000070 50000012
50000015 50000083
50000031 50000022
50000027 50000081
50000046 50000029
50000048 50000055
50000006 50000067
50000002 50000028
50000060 50000017
50000066 50000041
50000097 50000046
50000014 50000042
50000048 50000071
50000100 50000077
50000052 50000032
50000008 50000016
50000060 50000059
50000085 50000099
50000063 50000050
50000038 50000064
50000062 50000075
50000025 50000030
50000022 50000011
50000060 50000001
50000080 50000088
50000088 50000085
50000033 50000019
50000064 50000048
50000080 50000044
50000043 50000060
50000084 50000098
50000058 50000083
50000074 50000064
50000055 50000073
50000053 50000073
50000046 50000094
50000055 50000050
50000100 50000099
50000067 50000008
50000086 50000067
50000098 50000071
50000048 50000069
50000026 50000072
50000035 50000097
50000048 50000004
50000023 50000063
50000018 50000089
50000051 50000038
50000005 50000019
50000007 50000066
50000010 50000070
50000053 50000037
50000012 50000070
50000090 50000076
50000091 50000077
50000012 50000098
50000017 50000072
50000090 50000073
50000015 50000045
50000003 50000017
50000072 50000064
50000004 50000067
50000060 50000036
50000010 50000058
50000032 50000012
50000007 50000030
50000084 50000061
50000051 50000085
50000024 50000003
50000014 50000013
50000063 50000072
50000037 50000044
50000038 50000055
50000034 50000042
50000031 50000078
50000063 50000078
50000029 50000006
50000044 50000079
50000082 50000096
50000008 50000029
50000098 50000001
50000021 50000078
50000097 50000025
50000009 50000023
50000074 50000056
50000058 50000051
50000026 50000091
50000093 50000009
50000056 50000043
50000005 50000053
50000009 50000013
50000053 50000010
50000015 50000098
50000012 50000031
50000053 50000090
50000088 50000046
50000017 50000057
50000071 50000029
50000080 50000062
50000051 50000035
50000055 50000019
50000038 50000045
50000007 50000070
50000044 50000090
50000060 50000099
50000021 50000100
50000059 50000074
50000065 50000090
50000032 50000004
50000049 50000081
50000006 50000049
50000021 50000011
50000091 50000068
50000041 50000086
50000029 50000063
50000089 50000075
50000090 50000067
50000065 50000080
50000046 50000007
50000033 50000054
50000017 50000038
50000028 50000065
50000030 50000056
50000029 50000089
50000078 50000037
50000032 50000006
50000080 50000064
50000099 50000067
50000097 50000040
50000032 50000086
50000030 50000088
50000062 50000007
50000009 50000073
50000005 50000015
50000008 50000019
50000025 50000052
50000077 50000075
50000087 50000004
50000013 50000005
50000079 50000067
50000097 50000083
50000064 50000006
50000011 50000059
50000042 50000038
19 31
54 39
3 76
73 42
64 32
29 87
34 100
12 67
21 78
86 11
33 64
92 3
81 71
78 3
25 29
2 33
34 26
39 40
72 98
12 26
34 19
40 30
60 43
6 1
69 52
76 1
46 100
14 23
51 32
45 10
7 41
65 16
72 75
85 100
12 68
66 64
27 32
81 83
46 88
97 60
61 81
77 96
30 24
1 32
96 46
35 74
74 85
65 35
92 12
20 88
93 29
78 4
18 43
5 25
87 75
14 29
85 13
38 37
35 17
71 36
78 21
89 94
45 46
50 46
24 44
43 96
59 63
73 11
96 65
65 33
24 31
34 96
85 5
47 8
2 75
44 65
40 22
79 75
83 91
8 39
88 69
19 97
83 79
43 44
39 5
38 34
26 45
63 75
74 10
2 57
20 80
63 8
67 21
64 4
21 3
39 61
9 69
57 72
99 12
91 45
3 40
28 37
62 93
93 49
46 62
46 64
18 75
6 21
3 28
38 43
8 16
57 36
77 98
60 11
52 37
3 18
73 38
70 84
3 61
37 75
49 88
32 73
8 42
96 6
100 39
10 96
60 45
14 36
82 87
58 27
46 76
37 84
63 50
6 68
24 97
63 14
78 17
21 3
32 62
86 24
20 42
61 64
21 22
1 81
42 62
89 31
10 85
25 8
57 84
88 64
45 11
27 62
40 25
72 30
90 28
73 30
9 99
89 85
34 26
72 62
75 10
96 58
28 13
76 24
65 20
13 64
78 90
49 58
59 40
43 56
59 24
9 96
39 91
20 49
28 49
37 54
35 10
95 58
57 82
97 71
55 78
66 71
18 61
46 80
39 29
89 32
52 13
65 23
5 10
73 48
27 53
30 56
13 48
20 94
83 34
62 90
28 57
56 5
35 16
39 41
49 84
86 24
22 3
42 17
64 70
90 95
90 69
92 86
34 62
3 58
61 91
53 1
71 90
58 39
50 60
47 97
63 10
71 87
8 34
32 98
77 84
4 21
87 87
15 42
29 82
10 82
75 12
30 91
2 65
53 6
6 35
27 25
53 38
72 49
52 81
42 73
21 12
10 89
84 88
39 15
18 78
39 69
51 73
53 61
40 33
51 54
60 83
23 49
6 81
61 19
77 36
76 69
37 34
61 45
7 34
74 18
47 99
97 53
49 39
11 14
12 6
42 1
19 8
23 28
55 75
86 86
31 69
67 96
63 9
33 92
65 14
96 93
85 96
17 93
21 90
4 85
43 25
74 93
55 78
36 8
90 9
49 12
92 62
35 49
80 76
50 46
17 40
7 62
74 29
77 16
93 5
35 79
52 51
12 14
91 56
18 47
22 84
38 5
44 81
71 64
60 64
32 68
14 24
10 87
71 19
73 79
1 82
21 42
77 75
10 2
83 3
13 21
26 50
25 84
37 88
54 75
92 40
4 56
62 48
58 61
98 17
28 30
72 36
38 82
93 3
58 61
22 65
42 74
5 98
29 17
39 17
19 83
30 22
83 11
11 80
51 68
16 68
39 23
54 87
48 53
81 2
88 20
12 85
77 96
40 53
71 91
78 29
19 28
19 93
36 46
16 8
9 86
96 87
6 63
51 4
43 53
64 45
78 25
21 29
6 58
