# source: JorikJooken
# original path: jj_extract\knapsackProblemInstances-master\problemInstances\n_1000_c_1000000_g_14_f_0.2_eps_0.01_s_200\test.in
# optimal value: 1017951
# format: n capacity, then weight value
1000 1000000
510106 510056
510066 510064
510004 510036
510121 510087
510023 510047
510113 510094
510097 510055
510057 510166
510096 510155
510063 510137
510187 510085
510098 510008
510124 510187
510015 510160
510081 510009
510155 510147
510139 510113
510192 510101
510115 510034
510102 510008
510057 510079
510040 510007
510191 510199
510107 510174
510129 510200
510069 510011
510010 510120
510082 510156
510069 510135
510031 510175
510192 510083
510145 510151
510131 510029
510008 510166
510023 510058
510192 510044
510101 510140
510103 510009
510127 510063
510154 510196
510068 510028
510010 510103
510006 510119
510039 510033
510075 510054
510100 510071
510074 510122
510100 510137
510144 510076
510177 510066
510068 510148
510062 510187
510117 510150
510127 510067
510120 510159
510141 510074
510058 510164
510040 510024
510188 510136
510163 510071
510192 510104
260151 260137
260086 260060
260125 260199
260031 260116
260101 260144
260042 260117
260126 260141
260073 260083
260089 260079
260179 260083
260184 260017
260068 260143
260125 260140
260079 260010
260156 260076
260102 260110
260039 260194
260152 260094
260127 260019
260003 260066
260062 260103
260004 260166
260025 260104
260102 260097
260171 260123
260121 260118
260188 260047
260183 260041
260097 260109
260022 260113
260023 260064
260039 260086
260097 260019
260027 260172
260031 260108
260075 260104
260107 260023
260058 260183
260191 260043
260037 260082
260017 260086
260135 260195
260061 260056
260025 260173
260171 260026
260051 260069
260043 260164
260191 260160
260148 260175
260049 260077
260192 260091
260071 260169
260150 260186
260125 260099
260011 260150
260075 260178
260023 260184
260037 260116
260181 260074
260024 260007
260096 260103
135124 135013
135197 135086
135058 135021
135170 135173
135124 135015
135116 135084
135111 135039
135063 135173
135059 135080
135088 135057
135099 135054
135058 135111
135140 135112
135105 135139
135022 135165
135109 135130
135044 135001
135042 135083
135195 135148
135004 135087
135160 135104
135177 135015
135158 135105
135004 135109
135087 135068
135069 135046
135136 135072
135100 135065
135042 135078
135080 135073
135109 135115
135171 135047
135155 135194
135188 135175
135027 135058
135184 135149
135170 135072
135089 135166
135130 135047
135168 135071
135086 135198
135063 135108
135005 135178
135106 135082
135028 135004
135140 135087
135149 135173
135084 135114
135087 135047
135151 135091
135150 135066
135004 135082
135084 135062
135097 135040
135068 135158
135025 135021
135128 135098
135064 135053
135076 135194
135104 135103
135084 135162
72634 72669
72667 72666
72575 72617
72600 72589
72656 72529
72567 72656
72578 72559
72648 72606
72687 72690
72634 72658
72694 72511
72642 72585
72583 72619
72519 72597
72653 72543
72687 72603
72633 72642
72552 72622
72515 72534
72516 72527
72594 72598
72647 72552
72518 72641
72541 72596
72545 72553
72547 72671
72602 72594
72603 72537
72544 72663
72565 72547
72677 72555
72599 72681
72689 72613
72554 72514
72580 72574
72669 72630
72600 72692
72571 72691
72608 72638
72686 72659
72595 72660
72698 72619
72639 72574
72525 72578
72573 72683
72646 72687
72526 72563
72554 72692
72607 72666
72637 72670
72605 72609
72680 72645
72520 72557
72677 72649
72571 72521
72540 72544
72690 72684
72606 72527
72669 72667
72689 72646
72502 72547
41443 41342
41430 41418
41377 41435
41340 41370
41328 41270
41398 41315
41392 41323
41277 41267
41328 41416
41342 41325
41400 41358
41414 41348
41334 41419
41360 41350
41403 41251
41364 41290
41258 41439
41330 41272
41368 41277
41342 41384
41435 41303
41388 41270
41257 41432
41270 41345
41315 41344
41414 41405
41407 41281
41433 41421
41331 41271
41430 41422
41446 41399
41331 41353
41374 41441
41405 41328
41313 41384
41266 41361
41291 41400
41382 41330
41333 41448
41439 41385
41370 41397
41345 41266
41421 41368
41429 41408
41294 41259
41329 41259
41395 41282
41314 41348
41362 41254
41368 41411
41402 41433
41267 41278
41291 41405
41379 41446
41440 41347
41393 41348
41263 41437
41268 41403
41327 41444
41435 41413
41368 41398
25703 25710
25785 25707
25819 25780
25725 25782
25672 25697
25765 25629
25661 25683
25741 25761
25692 25733
25738 25758
25726 25676
25680 25742
25627 25728
25714 25631
25739 25703
25733 25784
25692 25672
25816 25641
25778 25752
25741 25684
25806 25645
25626 25825
25683 25672
25733 25674
25726 25690
25773 25633
25769 25692
25630 25732
25778 25692
25805 25652
25629 25776
25794 25812
25714 25715
25707 25700
25804 25741
25670 25805
25754 25714
25638 25824
25818 25789
25818 25758
25626 25712
25706 25742
25769 25663
25637 25723
25747 25683
25734 25712
25801 25657
25809 25818
25780 25627
25627 25651
25704 25736
25695 25755
25782 25731
25774 25626
25694 25679
25626 25786
25787 25803
25739 25688
25764 25666
25705 25685
25759 25802
17862 17827
18012 17843
17972 17895
18009 17910
17997 17932
17819 17977
17893 17972
17921 17910
17874 17903
17941 17924
17975 17999
17855 17895
17817 17879
17947 17915
18012 17859
17872 17907
17873 17894
17848 17896
17820 17813
17912 17878
17924 18009
17982 17824
17988 17848
17859 17959
17853 17834
17823 17953
17998 17984
17844 17819
17937 17850
17985 17885
17887 17918
17877 17891
17836 17827
17876 17873
17944 17879
17835 17925
17892 17926
17953 17922
17974 17988
18002 17923
17883 17991
17931 17991
17981 17908
17897 17984
17877 17963
17904 17836
17923 17940
17980 17859
17912 17818
17880 17935
17932 17986
17885 17883
17991 17919
17843 17964
17959 17856
17817 18000
17983 17901
17852 17958
17969 17912
17980 17956
17894 17971
14105 13942
13936 14100
14090 13913
13978 13944
14085 14034
14028 13967
14096 14001
14085 14000
13943 14069
13982 14078
13983 14023
14090 13934
14081 14079
13996 14099
13964 13965
14103 13941
14084 13948
13942 14026
14048 14035
14027 13964
13976 14023
13992 14011
13983 14021
14046 13932
14013 14100
14000 14038
14013 14005
14036 14040
13955 13928
14038 13947
14078 13908
14080 13928
13978 14038
14020 13939
13927 13979
13998 14041
13970 14091
14059 13961
14068 13977
13946 13966
14103 13917
13910 14093
13945 13955
13942 13991
14033 14031
14043 14061
14015 14061
13975 14020
14100 13981
14009 14059
14091 13973
14106 14071
14040 14046
13936 14065
13912 13973
14035 13918
14029 14064
13944 14072
14058 14072
14081 13994
13985 14001
12051 11986
11985 12132
11989 12036
12029 12148
12066 11978
12090 11981
11977 11968
12113 12125
12148 12148
12020 12066
12045 12050
12056 11962
12113 11977
12001 12088
12051 12071
12007 12112
12126 11981
12039 12102
12032 11993
12138 12069
12040 12005
11970 12026
12041 12018
12007 11991
12056 11988
12031 11961
11994 12045
12011 12054
11964 12098
12026 11959
11987 12051
11994 12034
12099 12117
12074 12007
11991 11972
12085 12048
12153 12045
12138 12042
12138 12105
12015 12007
12041 12008
12041 11982
12141 12072
11986 12105
12151 12034
12026 12080
11967 12082
12058 12063
12102 11985
12006 12144
12070 12138
12072 12108
12001 12040
12027 11992
11998 12077
12143 11979
12009 12117
12002 12015
12141 12064
11961 12128
12031 11979
10991 11116
10981 11108
11030 11069
11118 11175
11066 11086
11007 11096
11150 11077
11087 11121
11134 11066
11163 11170
11093 11008
10984 11003
11119 11071
11156 11073
11018 11007
11159 11098
11148 11151
11105 11061
11101 11043
10991 11175
11078 11094
11005 11162
11118 11059
11098 11143
11103 11082
10996 11009
11074 11172
11123 11067
11050 11109
11135 11060
11096 11126
11025 11173
10985 11077
11164 10982
11096 11164
11034 10977
11144 10985
11097 11133
11049 11145
11106 10980
11019 11094
11142 11096
11019 11176
11074 11139
11149 11077
10980 11142
11151 11087
11061 11017
11090 11049
11030 11118
11130 11079
10996 11102
11120 11085
11134 11093
11065 11008
11051 11091
11101 11116
11155 11136
11160 11046
11113 11087
11102 11073
10566 10582
10625 10524
10679 10586
10546 10625
10647 10508
10658 10653
10545 10505
10562 10543
10634 10566
10507 10525
10591 10658
10641 10565
10538 10631
10559 10683
10501 10528
10571 10558
10545 10603
10527 10663
10560 10556
10602 10630
10605 10663
10563 10685
10684 10587
10610 10562
10541 10529
10650 10532
10535 10530
10550 10622
10598 10566
10688 10489
10591 10664
10504 10595
10680 10617
10656 10671
10619 10596
10624 10614
10501 10681
10647 10617
10596 10516
10670 10570
10536 10490
10663 10644
10588 10561
10524 10645
10663 10635
10649 10583
10504 10512
10553 10622
10674 10684
10622 10538
10590 10560
10566 10673
10544 10495
10513 10678
10560 10522
10599 10522
10632 10613
10567 10639
10631 10663
10573 10661
10542 10654
10390 10428
10303 10330
10321 10442
10320 10375
10377 10257
10362 10279
10364 10420
10336 10284
10319 10319
10276 10299
10270 10444
10251 10417
10315 10359
10318 10363
10401 10418
10264 10303
10322 10247
10313 10289
10310 10365
10367 10356
10340 10290
10361 10290
10321 10335
10249 10361
10386 10395
10301 10387
10425 10346
10256 10256
10255 10439
10417 10313
10302 10316
10318 10375
10298 10417
10265 10403
10430 10294
10340 10262
10349 10404
10341 10253
10351 10262
10436 10326
10279 10329
10283 10291
10358 10256
10320 10324
10323 10386
10437 10374
10253 10258
10319 10372
10357 10278
10430 10312
10246 10359
10444 10334
10364 10422
10250 10352
10406 10261
10334 10298
10394 10382
10436 10364
10364 10357
10369 10345
10437 10399
10154 10246
10312 10237
10269 10258
10196 10269
10250 10258
10255 10179
10127 10307
10165 10144
10168 10214
10291 10273
10197 10320
10161 10135
10246 10228
10187 10179
10169 10188
10290 10188
10161 10210
10172 10176
10132 10271
10265 10299
10181 10177
10164 10282
10252 10187
10191 10240
10263 10177
10126 10258
10167 10174
10232 10155
10167 10154
10125 10302
10285 10180
10146 10270
10222 10219
10320 10152
10283 10159
10176 10275
10262 10148
10313 10142
10265 10158
10321 10303
10287 10152
10208 10177
10190 10211
10135 10159
10297 10138
10269 10298
10201 10192
10267 10295
10208 10156
10221 10241
10171 10218
10245 10294
10146 10142
10137 10186
10312 10227
10171 10270
10312 10308
10180 10299
10240 10317
10272 10135
10223 10207
15 166
4 64
17 93
103 184
99 141
176 119
110 55
119 125
150 154
193 192
16 78
84 93
74 158
154 44
32 60
81 130
17 116
74 104
120 47
107 121
184 28
112 195
66 161
135 28
98 21
148 86
195 136
12 103
176 46
9 27
52 158
35 111
81 3
20 168
144 66
107 41
148 103
108 129
158 57
28 43
115 69
31 73
108 82
87 29
64 171
31 111
143 35
125 58
7 99
21 147
71 137
67 45
191 150
32 34
128 188
120 40
130 128
152 90
159 85
110 110
14 109
112 12
60 147
23 119
15 26
48 23
11 42
171 102
118 48
175 144
129 88
17 15
163 115
7 51
15 78
146 66
183 167
123 98
69 174
67 188
43 147
28 160
178 42
118 199
105 10
28 180
93 72
22 112
57 174
43 83
81 40
127 92
129 176
157 16
107 140
50 36
6 69
75 41
38 176
135 113
86 183
61 113
105 22
66 50
184 169
36 40
13 147
5 187
194 84
34 21
13 156
86 109
65 96
148 161
114 11
4 57
27 114
158 5
124 15
178 60
125 45
90 127
95 116
3 107
194 124
178 131
15 2
117 60
90 70
144 112
106 79
85 21
143 8
198 108
108 6
47 78
8 132
160 86
136 178
178 124
23 183
180 116
151 195
2 62
149 5
120 128
189 26
179 176
149 188
120 167
167 22
10 190
1 169
148 119
18 153
92 185
89 2
92 10
154 10
124 5
181 198
178 79
45 114
75 136
200 42
85 174
71 57
91 104
95 39
153 118
87 107
73 78
89 146
54 20
129 45
3 168
189 104
126 34
3 159
111 109
110 100
141 21
97 39
169 80
24 103
108 192
148 16
33 3
105 33
14 181
12 64
79 101
191 116
65 198
13 199
53 158
8 117
10 176
137 143
52 121
33 162
93 186
107 180
112 58
92 9
113 88
50 42
