# source: JorikJooken
# original path: jj_extract\knapsackProblemInstances-master\problemInstances\n_400_c_100000000_g_2_f_0.3_eps_0.0001_s_100\test.in
# optimal value: 50016125
# format: n capacity, then weight value
400 100000000
50010004 50010028
50010006 50010084
50010079 50010069
50010072 50010021
50010098 50010089
50010017 50010081
50010012 50010093
50010065 50010055
50010082 50010098
50010072 50010042
50010061 50010099
50010034 50010055
50010089 50010052
50010060 50010014
50010026 50010071
50010030 50010067
50010007 50010002
50010080 50010014
50010089 50010027
50010072 50010011
50010003 50010099
50010099 50010099
50010082 50010032
50010079 50010048
50010007 50010023
50010080 50010074
50010041 50010064
50010063 50010026
50010004 50010020
50010083 50010093
50010067 50010025
50010074 50010042
50010083 50010085
50010089 50010036
50010072 50010030
50010019 50010078
50010055 50010023
50010013 50010082
50010005 50010044
50010067 50010098
50010066 50010014
50010065 50010046
50010033 50010044
50010025 50010017
50010031 50010089
50010045 50010082
50010063 50010090
50010075 50010050
50010013 50010007
50010018 50010069
50010057 50010050
50010092 50010015
50010027 50010063
50010060 50010078
50010091 50010039
50010077 50010017
50010086 50010084
50010093 50010090
50010042 50010012
50010047 50010014
50010017 50010031
50010095 50010097
50010061 50010095
50010033 50010095
50010091 50010017
50010028 50010045
50010005 50010006
50010086 50010030
50010072 50010046
50010067 50010034
50010004 50010017
50010056 50010051
50010004 50010045
50010010 50010044
50010097 50010077
50010071 50010083
50010072 50010024
50010093 50010093
50010046 50010021
50010068 50010100
50010082 50010085
50010015 50010045
50010057 50010084
50010014 50010001
50010021 50010054
50010095 50010058
50010044 50010081
50010012 50010046
50010062 50010089
50010020 50010099
50010001 50010053
50010032 50010006
50010029 50010072
50010011 50010025
50010024 50010091
50010045 50010087
50010009 50010037
50010038 50010098
50010071 50010081
50010022 50010047
50010028 50010067
50010039 50010083
50010068 50010049
50010070 50010053
50010004 50010052
50010072 50010070
50010092 50010085
50010022 50010086
50010001 50010003
50010044 50010064
50010014 50010068
50010079 50010096
50010075 50010027
50010059 50010074
50010083 50010046
50010001 50010040
50010085 50010074
50010097 50010038
50010040 50010075
50010058 50010085
50010082 50010028
50010064 50010051
50010098 50010045
50010019 50010067
50010070 50010087
50010010 50010047
50010049 50010035
50010069 50010047
50010086 50010046
50010047 50010054
50010038 50010062
50010017 50010004
50010057 50010028
50010053 50010046
50010069 50010067
50010044 50010006
50010089 50010011
50010041 50010025
50010066 50010077
50010041 50010016
50010079 50010001
50010092 50010037
50010032 50010094
50010045 50010072
50010067 50010093
50010047 50010009
50010051 50010094
50010084 50010089
50010023 50010047
50010034 50010022
50010084 50010082
50010040 50010006
50010025 50010077
50010030 50010082
50010024 50010015
50010052 50010006
50010006 50010037
50010063 50010002
50010057 50010089
50010024 50010029
50010080 50010078
50010025 50010098
50010059 50010004
50010077 50010021
50010096 50010066
50010042 50010092
50010022 50010077
50010086 50010012
50010019 50010064
50010099 50010002
50010059 50010014
50010017 50010086
50010040 50010033
50010097 50010045
50010041 50010062
50010021 50010061
50010008 50010095
50010100 50010030
50010098 50010002
50010075 50010070
50010010 50010064
50010085 50010034
50010085 50010017
50010024 50010055
50010047 50010005
50010014 50010001
50010022 50010025
50010079 50010077
50010100 50010077
50010087 50010043
50010032 50010069
50010089 50010057
50010063 50010055
50010009 50010035
50010057 50010062
50010029 50010064
50010093 50010051
50010021 50010074
50010045 50010100
50010020 50010047
50010034 50010025
50010077 50010028
50010017 50010038
50010032 50010047
50010056 50010054
50010029 50010082
50010081 50010070
50010023 50010059
50010094 50010013
50010081 50010021
50010015 50010086
50010016 50010006
50010080 50010047
50010029 50010047
50010098 50010084
50010066 50010002
50010063 50010023
50010097 50010028
50010093 50010056
50010013 50010053
50010041 50010067
50010080 50010025
50010080 50010012
50010063 50010084
50010046 50010085
50010083 50010062
50010058 50010076
50010069 50010071
50010092 50010030
50010080 50010069
50010100 50010087
50010027 50010010
50010030 50010066
50010040 50010035
50010041 50010070
50010058 50010022
50010028 50010085
50010078 50010067
50010011 50010064
50010034 50010065
50010038 50010051
50010060 50010012
50010009 50010095
50010049 50010043
50010035 50010074
50010027 50010096
50010042 50010021
50010091 50010008
50010034 50010021
50010074 50010067
50010048 50010085
50010083 50010014
50010089 50010100
50010007 50010011
50010069 50010071
50010089 50010095
50010067 50010097
50010093 50010021
50010034 50010072
50010053 50010037
50010098 50010068
50010029 50010084
50010007 50010039
50010033 50010054
50010066 50010087
50010003 50010097
50010033 50010048
50010074 50010071
50010023 50010079
50010087 50010073
50010072 50010058
50010033 50010032
50010023 50010058
50010041 50010090
50010082 50010041
50010075 50010048
50010077 50010095
50010089 50010020
50010032 50010056
50010002 50010025
62 84
94 93
8 96
73 11
59 72
56 12
78 11
8 75
76 46
88 22
85 74
40 80
56 11
76 51
10 41
79 23
20 83
27 46
70 41
57 36
20 18
76 64
40 19
68 85
5 14
78 65
13 52
64 28
92 36
53 86
18 18
96 97
1 41
62 38
15 54
93 50
17 60
77 80
53 55
26 66
60 67
38 86
57 28
14 61
9 45
19 21
22 79
93 84
66 63
26 43
22 19
80 35
34 2
91 5
40 64
61 68
82 100
45 7
11 85
61 43
42 37
21 46
41 31
67 81
7 8
67 83
33 10
85 100
68 74
39 2
84 52
79 6
56 4
53 37
98 75
96 67
94 80
44 3
6 63
95 70
83 55
59 44
96 84
36 90
28 64
85 91
11 30
27 71
100 13
32 57
95 42
39 30
30 22
45 49
32 44
100 11
14 92
89 28
72 35
67 41
4 78
6 25
80 70
43 14
83 77
5 31
52 37
97 90
55 65
59 51
82 3
12 15
52 95
44 84
91 26
16 79
40 93
1 50
36 50
44 31
