# source: JorikJooken
# original path: jj_extract\knapsackProblemInstances-master\problemInstances\n_1200_c_1000000_g_2_f_0.2_eps_0_s_200\test.in
# optimal value: 524473
# format: n capacity, then weight value
1200 1000000
500053 500072
500147 500136
500192 500168
500138 500097
500135 500190
500030 500025
500038 500085
500172 500021
500045 500014
500200 500182
500065 500066
500161 500118
500125 500010
500058 500054
500113 500059
500087 500113
500043 500032
500083 500145
500085 500127
500040 500142
500177 500188
500119 500101
500177 500130
500065 500082
500011 500088
500125 500080
500001 500157
500047 500165
500158 500023
500140 500130
500117 500182
500017 500052
500081 500147
500088 500018
500010 500188
500117 500193
500127 500006
500087 500167
500142 500042
500079 500048
500160 500140
500021 500034
500004 500021
500185 500021
500049 500064
500143 500200
500003 500179
500161 500075
500004 500015
500105 500070
500176 500101
500043 500183
500096 500009
500102 500030
500034 500066
500113 500157
500169 500040
500079 500184
500115 500101
500165 500149
500060 500016
500181 500044
500035 500173
500141 500084
500101 500081
500051 500007
500153 500175
500175 500171
500060 500082
500098 500198
500097 500190
500030 500169
500103 500159
500197 500077
500092 500017
500148 500114
500022 500186
500049 500015
500128 500038
500038 500165
500037 500085
500024 500018
500027 500132
500055 500049
500113 500124
500152 500141
500181 500117
500081 500099
500149 500053
500085 500051
500084 500137
500013 500113
500148 500042
500027 500089
500190 500123
500075 500064
500177 500072
500001 500061
500129 500036
500060 500024
500190 500129
500025 500166
500024 500020
500083 500197
500179 500055
500041 500157
500088 500139
500007 500123
500059 500077
500094 500130
500117 500129
500125 500144
500181 500128
500077 500150
500004 500090
500093 500033
500006 500060
500145 500181
500114 500046
500162 500166
500091 500025
500131 500115
500102 500166
500161 500165
500055 500030
500079 500019
500200 500135
500178 500175
500082 500105
500011 500192
500183 500185
500003 500143
500131 500096
500170 500103
500040 500004
500068 500179
500066 500163
500156 500073
500168 500016
500103 500123
500079 500167
500196 500173
500033 500123
500178 500049
500025 500177
500158 500067
500172 500106
500173 500178
500039 500114
500059 500149
500182 500049
500127 500011
500047 500150
500131 500151
500092 500121
500163 500140
500113 500193
500143 500180
500119 500121
500082 500080
500105 500172
500177 500113
500015 500075
500107 500031
500146 500140
500200 500121
500040 500192
500005 500098
500091 500198
500188 500149
500095 500140
500178 500168
500078 500166
500090 500108
500095 500120
500032 500072
500161 500087
500106 500075
500169 500068
500021 500136
500166 500060
500008 500079
500115 500183
500023 500119
500044 500080
500156 500165
500138 500064
500199 500140
500168 500102
500112 500156
500039 500175
500168 500062
500036 500136
500086 500070
500086 500047
500070 500172
500119 500149
500092 500082
500132 500056
500153 500011
500093 500178
500135 500148
500065 500084
500053 500019
500070 500095
500167 500158
500127 500052
500075 500135
500031 500198
500048 500135
500014 500025
500056 500183
500069 500119
500084 500016
500141 500051
500178 500031
500135 500041
500108 500141
500117 500046
500117 500008
500132 500139
500197 500009
500154 500189
500042 500140
500072 500058
500041 500149
500096 500149
500040 500188
500137 500026
500141 500049
500146 500044
500107 500012
500071 500077
500056 500112
500074 500063
500080 500104
500183 500014
500002 500178
500162 500180
500022 500145
500102 500108
500128 500094
500161 500015
500155 500067
500018 500035
500006 500008
500158 500087
500180 500074
500018 500136
500065 500010
500165 500071
500165 500160
500141 500158
500031 500132
500192 500127
500138 500159
500083 500115
500091 500157
500146 500017
500068 500009
500085 500147
500139 500137
500074 500042
500149 500162
500096 500009
500189 500130
500061 500086
500193 500131
500049 500193
500140 500027
500027 500161
500129 500114
500030 500171
500113 500070
500033 500080
500072 500162
500039 500037
500181 500110
500184 500142
500037 500149
500093 500183
500082 500001
500091 500093
500044 500039
500127 500030
500111 500046
500191 500123
500163 500159
500042 500182
500148 500168
500141 500165
500146 500017
500186 500043
500164 500091
500048 500055
500189 500019
500154 500153
500052 500101
500025 500132
500193 500163
500187 500154
500178 500013
500149 500053
500113 500128
500020 500070
500118 500043
500051 500187
500008 500189
500162 500102
500102 500020
500022 500132
500002 500138
500090 500198
500134 500147
500060 500159
500177 500003
500077 500030
500062 500109
500012 500106
500131 500077
500006 500137
500102 500021
500119 500195
500011 500086
500197 500056
500044 500015
500131 500186
500165 500133
500011 500072
500025 500092
500105 500059
500191 500026
500028 500181
500065 500156
500023 500064
500112 500127
500034 500162
500197 500061
500142 500163
500041 500144
500124 500146
500026 500149
500199 500181
500127 500120
500148 500071
500153 500069
500194 500116
500072 500083
500177 500026
500189 500030
500019 500001
500081 500076
500007 500152
500027 500193
500137 500038
500047 500122
500151 500144
500108 500166
500116 500076
500029 500056
500015 500098
500156 500192
500106 500044
500162 500090
500114 500153
500022 500164
500167 500127
500138 500143
500074 500029
500056 500018
500022 500082
500167 500097
500193 500052
500071 500149
500008 500115
500020 500137
500085 500163
500011 500094
500119 500075
500097 500131
500068 500165
500038 500029
500021 500183
500031 500074
500193 500107
500070 500145
500131 500140
500165 500200
500128 500168
500101 500019
500029 500107
500071 500001
500132 500082
500103 500126
500076 500108
500166 500107
500003 500141
500149 500069
500143 500197
500096 500062
500112 500174
500150 500020
500013 500146
500105 500096
500076 500172
500047 500138
500060 500152
500110 500059
500069 500160
500122 500178
500072 500173
500040 500050
500044 500131
500168 500058
500147 500007
500057 500082
500012 500108
500200 500030
500005 500162
500097 500161
500155 500157
500168 500041
500013 500038
500173 500119
500025 500066
500166 500011
500090 500135
500138 500110
500088 500173
500075 500181
500199 500033
500022 500127
500062 500178
500074 500066
500179 500178
500021 500036
500179 500092
500107 500056
500091 500038
500173 500054
500106 500171
500161 500105
500097 500100
500108 500132
500098 500029
500192 500030
500184 500062
500020 500009
500030 500179
500018 500137
500072 500014
500099 500128
500173 500164
500010 500064
500197 500095
500042 500143
500079 500195
500063 500165
500062 500115
500029 500041
500120 500193
500104 500072
500129 500081
500144 500016
500187 500063
500099 500024
500194 500184
500070 500013
500145 500044
500184 500109
500014 500003
500199 500155
500059 500176
500002 500026
500097 500117
500062 500006
500003 500043
500054 500094
500107 500109
500019 500189
500080 500199
500136 500058
500188 500094
500187 500161
500087 500065
500120 500194
500187 500065
500095 500110
500116 500020
500003 500107
500192 500095
500147 500160
500174 500172
500164 500096
500027 500197
500150 500200
500160 500046
500101 500006
500110 500084
500088 500001
500193 500190
500072 500072
500172 500145
500157 500122
500004 500041
500138 500042
500100 500095
500160 500034
500150 500146
500198 500102
500143 500149
500035 500109
500083 500149
500049 500188
500065 500152
500054 500138
500009 500031
500179 500014
500115 500076
500184 500180
500149 500030
500040 500025
500198 500128
500128 500064
500164 500125
500062 500083
500064 500114
500022 500068
500016 500142
500020 500089
500087 500009
500094 500136
500051 500089
500142 500119
500035 500108
500059 500114
500121 500078
500121 500103
500132 500051
500029 500018
500072 500169
500131 500093
500113 500095
500061 500041
500033 500127
500020 500120
500105 500171
500112 500095
500003 500053
500114 500029
500163 500055
500106 500172
500173 500146
500149 500098
500155 500091
500047 500116
500191 500179
500189 500088
500159 500076
500034 500138
500168 500200
500117 500130
500172 500108
500011 500016
500001 500184
500184 500117
500083 500132
500165 500130
500143 500135
500164 500093
500138 500147
500082 500193
500170 500175
500021 500073
500081 500052
500041 500027
500076 500121
500045 500157
500185 500135
500005 500026
500127 500103
500178 500060
500073 500171
500084 500089
500142 500094
500098 500046
500064 500024
500173 500047
500006 500035
500095 500056
500128 500086
500072 500069
500052 500082
500165 500024
500094 500101
500041 500156
500139 500156
500075 500160
500008 500200
500162 500057
500082 500047
500047 500068
500113 500094
500098 500146
500125 500151
500023 500174
500067 500200
500087 500010
500059 500079
500191 500004
500027 500036
500176 500191
500057 500034
500198 500086
500056 500192
500059 500069
500178 500021
500047 500139
500176 500187
500158 500175
500009 500074
500055 500132
500076 500012
500019 500173
500197 500051
500065 500097
500104 500193
500170 500171
500128 500117
500128 500054
500107 500111
500180 500097
500125 500015
500172 500007
500035 500034
500198 500183
500144 500070
500128 500173
500035 500099
500086 500134
500180 500191
500058 500014
500100 500108
500078 500024
500079 500117
500183 500107
500107 500060
500107 500050
500028 500009
500146 500124
500160 500159
500022 500181
500051 500067
500010 500124
500190 500058
500125 500058
500136 500039
500066 500013
500159 500077
500184 500131
500071 500021
500164 500045
500179 500066
500155 500127
500142 500008
500074 500111
500109 500194
500111 500102
500040 500177
500034 500075
500197 500144
500170 500125
500165 500068
500092 500051
500169 500060
500030 500189
500069 500040
500124 500149
500160 500168
500013 500099
500096 500108
500103 500073
500149 500127
500172 500063
500105 500157
500008 500074
500145 500068
500027 500175
500047 500156
500027 500148
500046 500075
500024 500131
500018 500057
500156 500042
500146 500001
500158 500158
500061 500168
500059 500029
500127 500200
500067 500164
500173 500010
500034 500083
500168 500198
500084 500116
500153 500115
500175 500010
500138 500055
500071 500046
500019 500059
500169 500030
500069 500035
500141 500088
500155 500117
500080 500085
500174 500123
500020 500117
500150 500127
500129 500074
500058 500095
500078 500146
500044 500055
500122 500095
500145 500172
500199 500149
500094 500097
500007 500096
500088 500133
500181 500121
500065 500093
500177 500152
500011 500049
500010 500119
500082 500134
500161 500058
500039 500070
500100 500144
500025 500188
500122 500149
500139 500031
500043 500021
500129 500082
500198 500151
500069 500003
500189 500037
500117 500026
500144 500085
500132 500196
500110 500126
500081 500072
500173 500075
500058 500163
500104 500027
500029 500046
500035 500136
500193 500057
500009 500181
500080 500007
500138 500153
500088 500151
500198 500179
500150 500014
500054 500115
500143 500157
500061 500067
500018 500192
500113 500066
500125 500094
500005 500056
500132 500026
500133 500155
500122 500010
500104 500078
500014 500144
500136 500122
500077 500064
500096 500065
500199 500067
500181 500124
500125 500029
500176 500118
500164 500153
500200 500008
500037 500144
500121 500179
500002 500020
500119 500054
500172 500167
500083 500105
500139 500092
500161 500046
500006 500170
500046 500110
500099 500186
500113 500158
500038 500097
500167 500138
500147 500049
500097 500055
500037 500138
500111 500017
500009 500084
500180 500193
500189 500108
500148 500074
500029 500014
500165 500107
500022 500095
500196 500162
500093 500077
500077 500161
500180 500058
500043 500005
500197 500132
500145 500091
500030 500127
500177 500090
500183 500169
500070 500071
500098 500148
500064 500018
500124 500167
500075 500007
500073 500153
500174 500178
500136 500028
500003 500013
500132 500037
500023 500137
500128 500063
500004 500079
500018 500051
500152 500196
500017 500190
500008 500023
500100 500051
500149 500112
500039 500098
500071 500032
500031 500082
500121 500060
500062 500012
500004 500012
500174 500177
500080 500096
500034 500022
500043 500025
500186 500097
500018 500086
500040 500076
500043 500109
500132 500105
500154 500122
500044 500077
500083 500010
500099 500063
500041 500115
500078 500176
500061 500019
500150 500122
500170 500033
500196 500166
500043 500094
500168 500066
500009 500015
500004 500123
500161 500003
500089 500026
500130 500016
500168 500093
500115 500101
500127 500173
500103 500180
500058 500070
500083 500115
500048 500065
500173 500019
500154 500197
500055 500129
500115 500034
500021 500189
500015 500065
500107 500133
500002 500094
500199 500085
500027 500082
500092 500079
500071 500059
500150 500153
500136 500163
500059 500064
500180 500011
500153 500051
500162 500119
500136 500043
500158 500115
500014 500167
500158 500146
500187 500035
500131 500076
500045 500106
500042 500113
500113 500052
500044 500064
500093 500062
500105 500010
500045 500109
500199 500042
500147 500020
500195 500193
500176 500144
500175 500136
500185 500024
500098 500167
500038 500022
500166 500028
500066 500120
500074 500171
500033 500066
500145 500069
500161 500108
500071 500098
500026 500008
500125 500142
500106 500014
500115 500175
500152 500160
500103 500023
500048 500059
500032 500076
500030 500040
500050 500093
500176 500055
500116 500018
500053 500114
500185 500080
500180 500152
500104 500142
500167 500066
500027 500027
500178 500046
500035 500124
500196 500183
500075 500195
500199 500075
500046 500174
500152 500114
500055 500073
500132 500098
500056 500182
500117 500036
500028 500034
500083 500017
500143 500130
500130 500042
500134 500035
500069 500080
500011 500011
500023 500123
500049 500008
500066 500069
134 60
1 56
100 86
147 66
85 138
146 182
116 165
154 200
160 85
70 126
113 157
159 171
110 101
8 129
109 45
79 18
136 12
89 32
31 146
107 36
13 182
93 146
141 187
113 2
80 94
32 16
142 91
91 8
173 47
61 134
173 96
69 31
168 70
172 112
4 46
12 82
57 195
192 131
34 113
124 167
140 74
121 147
193 165
82 46
198 167
168 178
43 99
46 149
119 145
186 46
111 1
121 133
52 36
170 188
13 98
28 124
91 10
12 17
196 188
158 63
178 51
50 12
144 108
84 19
94 41
42 137
92 4
2 92
146 39
36 128
166 191
84 165
55 93
85 196
25 20
52 68
6 96
127 23
187 180
184 20
116 87
66 95
25 45
84 183
117 61
16 12
193 191
103 28
97 65
2 3
116 146
167 129
86 146
50 11
70 118
57 74
183 89
89 125
145 51
188 200
145 158
136 190
76 137
148 55
173 49
36 141
169 65
134 17
111 81
195 122
21 37
1 4
95 73
168 141
29 91
184 17
101 159
97 156
51 58
124 187
55 159
10 37
37 7
13 99
113 192
25 130
164 170
112 18
173 102
197 145
19 21
192 29
175 183
147 119
90 134
55 101
73 39
142 157
3 73
139 55
114 4
39 164
70 168
47 57
37 83
24 79
88 65
131 95
123 175
142 17
103 56
49 179
7 27
165 108
39 54
193 14
195 55
46 153
102 173
197 147
120 74
76 153
99 118
132 71
56 186
179 139
160 6
69 8
133 189
85 104
32 144
91 94
162 179
126 130
168 161
167 31
173 152
129 85
72 186
171 171
63 117
1 54
70 69
163 143
165 129
81 172
49 75
171 4
165 132
162 110
72 132
53 163
43 157
181 187
133 199
126 143
166 85
125 59
192 91
55 178
12 196
29 125
197 112
136 157
110 3
34 37
49 16
72 196
57 167
64 115
40 6
146 70
49 130
59 109
87 168
138 126
167 64
70 197
93 162
174 78
135 132
103 123
162 46
145 174
123 54
196 85
92 2
108 66
20 82
198 74
20 189
51 134
77 9
81 67
36 108
138 122
156 15
140 105
188 189
23 125
