# source: JorikJooken
# original path: jj_extract\knapsackProblemInstances-master\problemInstances\n_800_c_1000000_g_10_f_0.2_eps_0_s_100\test.in
# optimal value: 1007744
# format: n capacity, then weight value
800 1000000
500057 500037
500014 500056
500019 500046
500001 500087
500043 500071
500080 500015
500079 500076
500044 500048
500057 500050
500051 500081
500079 500056
500042 500069
500049 500083
500099 500080
500035 500048
500029 500040
500025 500024
500099 500066
500021 500013
500031 500002
500004 500097
500097 500039
500094 500027
500089 500045
500042 500071
500064 500089
500058 500001
500090 500004
500068 500030
500023 500099
500031 500003
500006 500018
500070 500068
500002 500067
500008 500012
500072 500033
500032 500061
500077 500014
500092 500029
500080 500042
500069 500043
500001 500002
500054 500096
500034 500098
500077 500016
500092 500057
500029 500099
500039 500087
500014 500033
500045 500077
500019 500072
500082 500089
500026 500045
500096 500080
500034 500039
500022 500090
500064 500027
500013 500010
500006 500077
500095 500097
500050 500055
500079 500043
500087 500024
500019 500047
500042 500078
500080 500094
500027 500049
500048 500013
500094 500082
500002 500005
500008 500001
250057 250082
250058 250008
250062 250093
250084 250008
250079 250017
250013 250028
250071 250028
250089 250018
250100 250062
250089 250020
250080 250085
250001 250013
250080 250088
250081 250037
250085 250038
250021 250077
250024 250095
250026 250076
250065 250024
250077 250077
250007 250032
250081 250087
250023 250024
250031 250017
250029 250014
250079 250024
250079 250035
250053 250004
250033 250021
250024 250021
250014 250037
250028 250011
250018 250008
250010 250049
250100 250019
250047 250028
250004 250029
250030 250015
250020 250001
250071 250012
250077 250017
250004 250011
250090 250094
250080 250061
250049 250069
250009 250016
250036 250047
250033 250022
250011 250089
250014 250070
250087 250093
250032 250041
250053 250079
250057 250088
250060 250082
250042 250087
250048 250088
250068 250065
250068 250074
250008 250048
250045 250039
250073 250039
250021 250007
250015 250016
250045 250026
250084 250005
250039 250097
250020 250083
250038 250041
250008 250070
250024 250012
125007 125085
125070 125067
125035 125027
125035 125084
125009 125050
125042 125013
125070 125016
125096 125082
125091 125002
125030 125048
125069 125046
125049 125060
125075 125085
125007 125067
125087 125032
125054 125063
125070 125036
125090 125046
125001 125078
125001 125091
125044 125084
125003 125084
125086 125001
125072 125069
125094 125084
125020 125023
125099 125094
125020 125071
125078 125027
125068 125097
125054 125089
125020 125032
125095 125077
125082 125038
125061 125017
125023 125096
125043 125020
125096 125093
125068 125093
125049 125091
125047 125054
125059 125050
125041 125087
125020 125039
125086 125041
125083 125070
125020 125043
125057 125075
125046 125065
125064 125092
125051 125084
125010 125054
125040 125085
125066 125017
125096 125042
125010 125024
125005 125051
125076 125090
125092 125098
125018 125061
125013 125091
125029 125015
125060 125031
125005 125046
125044 125015
125085 125073
125029 125091
125070 125003
125052 125057
125069 125099
125087 125019
62516 62589
62534 62526
62542 62559
62597 62598
62576 62576
62528 62542
62584 62573
62511 62543
62516 62505
62559 62524
62551 62597
62565 62514
62567 62547
62568 62556
62520 62555
62569 62531
62512 62549
62551 62549
62566 62563
62532 62532
62587 62533
62517 62582
62562 62598
62578 62541
62556 62514
62508 62516
62520 62539
62515 62541
62546 62501
62570 62591
62580 62511
62536 62510
62561 62592
62589 62564
62530 62596
62529 62560
62547 62525
62508 62507
62514 62567
62578 62588
62518 62550
62535 62590
62525 62567
62551 62501
62547 62597
62520 62561
62536 62509
62600 62563
62564 62507
62576 62519
62564 62514
62564 62598
62572 62528
62513 62550
62586 62556
62559 62547
62552 62595
62552 62546
62552 62554
62549 62512
62564 62536
62546 62506
62554 62551
62507 62573
62518 62579
62599 62518
62552 62514
62535 62565
62539 62516
62525 62563
62517 62580
31255 31295
31264 31337
31287 31270
31264 31291
31278 31331
31314 31350
31313 31269
31254 31302
31275 31284
31349 31255
31335 31256
31273 31338
31278 31256
31317 31337
31254 31293
31304 31289
31291 31286
31305 31278
31270 31272
31323 31296
31337 31265
31324 31279
31315 31266
31256 31321
31292 31294
31257 31262
31345 31315
31308 31274
31278 31326
31279 31320
31343 31273
31317 31333
31263 31300
31335 31271
31316 31266
31272 31324
31281 31288
31316 31321
31278 31340
31349 31323
31263 31303
31323 31342
31252 31335
31293 31321
31320 31252
31308 31289
31269 31343
31345 31303
31311 31316
31267 31334
31318 31267
31346 31343
31313 31332
31345 31268
31288 31346
31337 31295
31334 31326
31325 31298
31305 31282
31315 31318
31328 31342
31286 31321
31339 31330
31342 31350
31327 31326
31289 31251
31301 31312
31344 31276
31268 31343
31348 31330
31266 31263
15679 15633
15718 15659
15695 15666
15668 15653
15630 15698
15717 15686
15628 15631
15708 15653
15639 15652
15662 15637
15725 15721
15628 15661
15691 15718
15707 15719
15695 15723
15690 15676
15718 15693
15656 15661
15710 15680
15641 15705
15703 15663
15690 15710
15693 15630
15630 15719
15628 15712
15687 15681
15640 15683
15722 15697
15648 15701
15628 15689
15634 15687
15648 15707
15658 15696
15680 15629
15639 15629
15703 15665
15685 15648
15661 15682
15646 15718
15704 15666
15667 15658
15635 15689
15676 15722
15703 15631
15725 15681
15675 15697
15721 15678
15652 15660
15692 15667
15668 15682
15711 15695
15705 15631
15709 15687
15685 15653
15714 15678
15674 15712
15671 15710
15628 15698
15674 15707
15693 15635
15678 15721
15650 15651
15689 15715
15628 15661
15655 15675
15630 15670
15689 15638
15665 15641
15690 15632
15678 15633
15677 15675
7860 7835
7890 7892
7835 7831
7878 7833
7883 7827
7819 7847
7833 7863
7893 7911
7896 7905
7856 7901
7912 7894
7855 7878
7888 7867
7816 7818
7813 7895
7843 7827
7906 7846
7898 7860
7898 7873
7850 7870
7830 7842
7881 7904
7908 7813
7899 7865
7848 7887
7894 7839
7883 7813
7813 7852
7815 7840
7818 7860
7859 7847
7909 7857
7872 7815
7843 7823
7901 7828
7833 7827
7826 7815
7889 7886
7888 7888
7828 7834
7847 7888
7904 7844
7884 7884
7879 7833
7859 7873
7905 7869
7874 7857
7904 7900
7845 7882
7858 7872
7860 7901
7858 7898
7864 7863
7872 7885
7858 7887
7843 7909
7877 7911
7845 7841
7895 7825
7826 7892
7883 7853
7830 7824
7891 7895
7849 7897
7882 7832
7882 7823
7832 7884
7874 7881
7821 7825
7839 7872
7849 7857
3912 3988
3989 3938
3960 3943
3978 3972
3946 3930
3992 3931
3990 4005
3959 3999
3916 3923
3909 3960
3976 3983
3930 3928
3934 3971
3945 3985
3983 3915
3932 4001
3952 3994
3973 3950
3959 3915
3962 3999
3934 3971
3971 3923
3981 3962
3924 3998
3939 3935
3987 3969
3932 3931
3910 3911
3988 3982
3936 3952
3937 3985
4006 3968
3935 3990
3920 3953
3930 3995
3973 3983
4001 3934
3944 3934
3917 3959
3977 3940
3915 4001
3986 3908
3988 3962
3944 3966
3952 3919
3933 3961
3918 3980
3914 3985
3943 3980
3941 3942
3969 3930
3991 3911
3984 3996
3974 3949
3926 3999
3984 3957
3983 3937
3922 3953
3926 3972
3926 3960
3984 3950
3914 3993
3970 3926
3951 3952
3991 3926
3996 3979
3958 3919
3909 3926
3945 3960
3976 3941
3953 3988
1963 1956
2005 2001
1959 1964
2026 2053
2019 2032
1981 1973
1982 2003
1997 2048
2047 2003
2010 1996
2000 2026
2010 1972
1980 2014
2016 1954
2043 2053
2034 2052
2048 1982
2006 2034
2041 2004
2036 2021
1999 1977
1984 2021
2036 1991
1984 2001
1972 2039
2022 2032
2032 1991
2028 1978
1960 1960
2045 2027
1981 2048
1978 1957
2032 1997
2009 2008
2000 2042
1976 2009
1962 1990
1964 2005
2038 2015
2021 1988
2013 1961
2027 2033
1987 2032
2029 1977
1986 1967
1981 1985
1982 2005
1959 2034
2004 1994
2000 1992
2052 2049
2014 2033
1986 2021
2034 2006
1963 1971
2018 2011
1978 2030
2036 2034
2011 2034
1993 2018
1962 1997
2008 1956
2008 2017
2000 1996
2007 2053
2029 1973
2006 2032
1965 2020
2019 2023
1996 1972
2040 2026
20 100
64 24
12 53
50 4
18 39
81 84
88 52
81 52
37 6
99 45
16 40
42 32
19 41
8 97
23 6
21 98
2 92
57 34
67 54
89 56
56 87
96 83
56 49
69 30
52 48
86 27
88 46
39 69
63 86
58 32
92 47
65 2
39 77
29 59
3 1
63 68
53 59
49 69
97 63
13 4
41 34
13 65
34 92
74 8
64 60
37 75
96 1
42 16
73 26
9 19
76 93
67 27
26 26
59 19
31 54
90 51
42 24
62 3
51 50
67 21
43 48
100 27
42 80
96 32
98 27
57 78
97 58
79 23
42 12
76 52
11 93
56 23
98 33
84 63
50 100
99 49
9 92
82 12
1 84
46 10
62 81
93 31
75 91
75 74
33 82
87 18
30 73
80 82
41 88
17 68
5 7
49 66
12 78
80 42
10 34
98 67
38 28
16 87
25 41
100 8
97 57
91 77
66 29
62 89
87 68
67 66
48 70
96 87
61 96
98 46
23 75
24 67
53 93
94 10
75 70
18 47
66 55
15 45
18 100
35 52
75 43
41 90
40 9
42 47
99 53
26 55
85 53
44 51
95 54
51 5
53 59
46 60
47 45
2 76
44 74
20 38
35 12
17 87
57 86
94 87
74 20
65 14
18 14
53 39
45 38
17 48
36 29
30 12
28 23
84 41
62 58
66 39
10 55
23 85
48 79
2 44
38 75
88 83
58 98
25 15
99 71
