# source: JorikJooken
# original path: jj_extract\knapsackProblemInstances-master\problemInstances\n_1000_c_100000000_g_2_f_0.2_eps_0.01_s_100\test.in
# optimal value: 51009346
# format: n capacity, then weight value
1000 100000000
51000071 51000014
51000029 51000034
51000002 51000026
51000032 51000097
51000015 51000009
51000082 51000020
51000038 51000100
51000093 51000073
51000034 51000042
51000089 51000100
51000083 51000065
51000070 51000042
51000022 51000064
51000005 51000052
51000044 51000070
51000003 51000079
51000067 51000043
51000018 51000029
51000056 51000051
51000061 51000088
51000070 51000016
51000023 51000008
51000098 51000070
51000035 51000086
51000052 51000083
51000059 51000042
51000029 51000035
51000096 51000055
51000078 51000100
51000028 51000083
51000040 51000018
51000100 51000028
51000055 51000018
51000043 51000080
51000028 51000062
51000010 51000049
51000048 51000058
51000003 51000022
51000085 51000056
51000067 51000072
51000075 51000017
51000092 51000002
51000060 51000035
51000070 51000083
51000013 51000098
51000016 51000036
51000059 51000062
51000084 51000020
51000044 51000060
51000028 51000027
51000072 51000060
51000011 51000077
51000011 51000001
51000064 51000023
51000089 51000028
51000083 51000029
51000057 51000048
51000068 51000030
51000042 51000036
51000042 51000032
51000002 51000006
51000096 51000048
51000005 51000011
51000044 51000015
51000042 51000033
51000037 51000073
51000077 51000028
51000024 51000036
51000063 51000015
51000083 51000034
51000045 51000056
51000005 51000086
51000015 51000001
51000029 51000035
51000023 51000026
51000053 51000088
51000073 51000085
51000034 51000026
51000012 51000098
51000036 51000036
51000084 51000062
51000085 51000006
51000024 51000044
51000083 51000065
51000004 51000068
51000017 51000048
51000061 51000096
51000087 51000040
51000070 51000096
51000092 51000090
51000045 51000095
51000047 51000002
51000048 51000035
51000001 51000008
51000048 51000067
51000023 51000035
51000022 51000059
51000015 51000013
51000045 51000064
51000059 51000091
51000004 51000056
51000033 51000002
51000060 51000076
51000052 51000097
51000075 51000089
51000078 51000039
51000070 51000016
51000016 51000065
51000052 51000072
51000066 51000086
51000029 51000038
51000077 51000056
51000056 51000069
51000073 51000005
51000095 51000053
51000034 51000079
51000007 51000001
51000095 51000084
51000010 51000085
51000051 51000069
51000064 51000093
51000050 51000062
51000085 51000055
51000048 51000024
51000043 51000041
51000023 51000003
51000055 51000023
51000080 51000055
51000081 51000090
51000042 51000012
51000061 51000034
51000031 51000065
51000081 51000030
51000024 51000010
51000073 51000073
51000015 51000028
51000077 51000049
51000088 51000089
51000010 51000064
51000057 51000037
51000059 51000048
51000024 51000076
51000098 51000081
51000055 51000007
51000053 51000081
51000055 51000094
51000054 51000043
51000011 51000058
51000019 51000016
51000100 51000076
51000027 51000083
51000002 51000084
51000099 51000001
51000001 51000081
51000070 51000090
51000032 51000076
51000004 51000045
51000008 51000029
51000046 51000028
51000065 51000086
51000046 51000002
51000015 51000002
51000096 51000060
51000045 51000093
51000053 51000054
51000027 51000091
51000093 51000040
51000018 51000078
51000036 51000059
51000089 51000049
51000071 51000058
51000081 51000019
51000069 51000041
51000077 51000092
51000004 51000051
51000041 51000095
51000005 51000053
51000078 51000041
51000015 51000023
51000074 51000003
51000096 51000025
51000039 51000085
51000002 51000073
51000094 51000072
51000067 51000013
51000075 51000092
51000070 51000032
51000077 51000023
51000005 51000060
51000021 51000099
51000034 51000081
51000023 51000097
51000001 51000089
51000028 51000043
51000036 51000029
51000031 51000014
51000080 51000032
51000015 51000099
51000052 51000096
51000004 51000038
51000066 51000032
51000061 51000016
51000025 51000006
51000061 51000009
51000081 51000070
51000032 51000090
51000061 51000093
51000053 51000061
51000005 51000010
51000023 51000014
51000080 51000007
51000023 51000077
51000079 51000094
51000086 51000079
51000001 51000044
51000043 51000075
51000023 51000083
51000033 51000091
51000094 51000001
51000053 51000049
51000063 51000079
51000015 51000059
51000021 51000079
51000064 51000042
51000022 51000039
51000018 51000058
51000030 51000077
51000024 51000047
51000024 51000004
51000063 51000048
51000024 51000040
51000001 51000086
51000015 51000069
51000066 51000048
51000030 51000035
51000031 51000052
51000094 51000060
51000060 51000069
51000001 51000069
51000095 51000073
51000083 51000001
51000010 51000058
51000035 51000065
51000046 51000002
51000066 51000047
51000076 51000051
51000050 51000052
51000054 51000098
51000013 51000098
51000075 51000043
51000010 51000064
51000034 51000094
51000081 51000065
51000060 51000030
51000061 51000075
51000093 51000078
51000084 51000065
51000047 51000042
51000048 51000046
51000097 51000097
51000052 51000014
51000047 51000011
51000071 51000082
51000062 51000016
51000100 51000054
51000069 51000056
51000028 51000040
51000033 51000041
51000096 51000018
51000021 51000003
51000055 51000078
51000030 51000045
51000050 51000070
51000052 51000059
51000012 51000081
51000055 51000055
51000030 51000054
51000022 51000083
51000011 51000087
51000011 51000033
51000083 51000024
51000093 51000074
51000057 51000097
51000049 51000025
51000065 51000075
51000021 51000027
51000018 51000099
51000045 51000070
51000038 51000040
51000045 51000052
51000049 51000019
51000029 51000020
51000058 51000084
51000011 51000017
51000034 51000055
51000095 51000038
51000079 51000097
51000045 51000073
51000061 51000042
51000067 51000009
51000004 51000004
51000077 51000100
51000041 51000081
51000022 51000066
51000018 51000030
51000027 51000021
51000068 51000052
51000065 51000086
51000025 51000045
51000022 51000094
51000048 51000074
51000017 51000006
51000090 51000008
51000086 51000002
51000087 51000079
51000041 51000043
51000022 51000026
51000087 51000030
51000091 51000038
51000098 51000008
51000094 51000011
51000091 51000014
51000004 51000046
51000076 51000031
51000057 51000024
51000064 51000034
51000016 51000012
51000005 51000027
51000076 51000024
51000027 51000069
51000092 51000035
51000047 51000021
51000045 51000023
51000036 51000027
51000062 51000042
51000003 51000003
51000068 51000042
51000034 51000024
51000072 51000070
51000042 51000059
51000021 51000028
51000066 51000017
51000081 51000059
51000055 51000099
51000074 51000022
51000043 51000075
51000015 51000079
51000071 51000098
51000015 51000037
51000034 51000070
51000084 51000098
51000039 51000047
51000049 51000064
51000047 51000098
51000029 51000082
51000040 51000078
51000077 51000072
51000001 51000013
51000094 51000082
51000056 51000039
51000030 51000069
51000037 51000072
51000056 51000090
51000009 51000068
51000068 51000042
51000089 51000004
51000091 51000076
51000011 51000093
51000042 51000089
51000027 51000001
51000084 51000071
51000008 51000004
51000038 51000072
51000085 51000022
51000059 51000052
51000007 51000095
51000078 51000060
51000067 51000050
51000062 51000039
51000046 51000098
51000067 51000056
51000084 51000061
51000100 51000090
51000039 51000003
51000054 51000039
51000059 51000084
51000097 51000064
51000050 51000087
51000066 51000029
51000079 51000050
51000089 51000023
51000082 51000021
51000051 51000084
51000008 51000049
51000045 51000065
51000069 51000091
51000030 51000087
51000068 51000099
51000064 51000085
51000100 51000088
51000049 51000005
51000076 51000032
51000092 51000098
51000010 51000003
51000027 51000095
51000095 51000008
51000028 51000033
51000051 51000011
51000016 51000026
51000052 51000067
51000065 51000002
51000090 51000100
51000010 51000064
51000064 51000050
51000025 51000051
51000046 51000089
51000023 51000098
51000061 51000046
51000078 51000009
51000009 51000023
51000027 51000099
51000049 51000033
51000049 51000032
51000087 51000097
51000032 51000012
51000061 51000055
51000085 51000039
51000024 51000053
51000025 51000007
51000091 51000031
51000068 51000086
51000030 51000043
51000044 51000035
51000067 51000087
51000075 51000060
51000001 51000085
51000052 51000031
51000018 51000043
51000089 51000085
51000039 51000032
51000010 51000013
51000048 51000001
51000084 51000062
51000075 51000085
51000098 51000042
51000044 51000078
51000096 51000003
51000041 51000089
51000072 51000096
51000001 51000077
51000009 51000025
51000037 51000053
51000076 51000038
51000092 51000077
51000043 51000049
51000011 51000033
51000057 51000039
51000033 51000010
51000005 51000040
51000032 51000039
51000063 51000078
51000061 51000006
51000019 51000040
51000086 51000059
51000006 51000025
51000093 51000038
51000011 51000017
51000040 51000055
51000037 51000085
51000046 51000100
51000065 51000001
51000039 51000034
51000063 51000056
51000009 51000002
51000045 51000063
51000073 51000032
51000035 51000080
51000086 51000089
51000021 51000088
51000069 51000079
51000060 51000061
51000088 51000042
51000031 51000098
51000077 51000076
51000041 51000054
51000077 51000060
51000048 51000022
51000036 51000068
51000096 51000062
51000062 51000015
51000082 51000071
51000016 51000010
51000034 51000062
51000011 51000032
51000097 51000026
51000073 51000089
51000046 51000015
51000077 51000020
51000009 51000023
51000009 51000044
51000055 51000030
51000008 51000010
51000016 51000057
51000060 51000075
51000037 51000077
51000086 51000026
51000065 51000007
51000080 51000098
51000022 51000082
51000071 51000076
51000059 51000012
51000064 51000060
51000085 51000078
51000073 51000041
51000029 51000100
51000026 51000014
51000003 51000043
51000017 51000076
51000006 51000046
51000070 51000087
51000088 51000029
51000092 51000098
51000096 51000057
51000025 51000066
51000072 51000070
51000022 51000068
51000034 51000064
51000097 51000099
51000066 51000050
51000082 51000078
51000026 51000003
51000083 51000032
51000017 51000039
51000081 51000006
51000020 51000055
51000073 51000035
51000007 51000047
51000063 51000024
51000070 51000043
51000082 51000079
51000020 51000001
51000033 51000052
51000059 51000007
51000054 51000089
51000072 51000068
51000065 51000038
51000028 51000048
51000098 51000089
51000088 51000013
51000026 51000088
51000024 51000066
51000074 51000028
51000059 51000044
51000074 51000031
51000100 51000091
51000065 51000073
51000081 51000076
51000024 51000046
51000061 51000052
51000067 51000049
51000025 51000079
51000069 51000081
51000050 51000071
51000053 51000026
51000070 51000019
51000099 51000072
51000088 51000080
51000016 51000006
51000036 51000023
51000011 51000094
51000077 51000097
51000076 51000027
51000044 51000048
51000007 51000045
51000016 51000067
51000077 51000009
51000044 51000048
51000004 51000054
51000087 51000099
51000076 51000099
51000010 51000070
51000085 51000059
51000064 51000041
51000028 51000023
51000028 51000020
51000021 51000074
51000033 51000089
51000060 51000099
51000022 51000088
51000060 51000003
51000097 51000008
51000009 51000073
51000030 51000088
51000029 51000036
51000008 51000020
51000074 51000080
51000093 51000010
51000025 51000078
51000043 51000020
51000043 51000076
51000048 51000043
51000026 51000040
51000041 51000019
51000012 51000033
51000068 51000005
51000007 51000083
51000062 51000054
51000095 51000014
51000038 51000100
51000070 51000060
51000012 51000046
51000087 51000090
51000061 51000053
51000004 51000075
51000089 51000057
51000039 51000087
51000014 51000023
51000088 51000061
51000070 51000085
51000091 51000067
51000004 51000055
51000043 51000095
51000001 51000059
51000022 51000082
51000043 51000048
51000085 51000012
51000075 51000031
51000043 51000089
51000080 51000036
51000001 51000045
51000067 51000085
51000007 51000050
51000076 51000074
51000053 51000064
51000074 51000048
51000077 51000034
51000019 51000016
51000085 51000018
51000055 51000011
51000048 51000091
51000033 51000085
51000092 51000080
51000083 51000089
51000046 51000023
51000053 51000062
51000068 51000063
51000014 51000079
51000004 51000052
51000073 51000036
51000093 51000081
51000095 51000015
51000028 51000004
51000042 51000081
51000044 51000054
51000043 51000016
51000017 51000046
51000096 51000024
51000032 51000050
51000069 51000091
51000076 51000001
51000038 51000053
51000037 51000033
51000038 51000047
51000002 51000074
51000039 51000018
51000050 51000051
51000054 51000008
51000025 51000055
51000058 51000064
51000050 51000091
51000092 51000005
51000054 51000065
51000091 51000041
51000063 51000093
51000068 51000085
51000013 51000035
51000092 51000059
51000056 51000086
51000042 51000072
51000009 51000097
51000075 51000033
51000041 51000084
51000064 51000091
51000037 51000045
51000044 51000045
51000073 51000076
51000055 51000015
51000042 51000019
51000081 51000075
51000056 51000041
51000062 51000010
51000063 51000028
51000058 51000033
51000007 51000042
51000098 51000003
51000008 51000035
51000066 51000039
51000048 51000059
51000065 51000020
51000095 51000060
51000054 51000068
51000033 51000095
51000063 51000023
51000052 51000090
51000072 51000081
51000039 51000040
51000029 51000069
51000031 51000045
51000076 51000085
51000010 51000079
51000029 51000014
51000038 51000076
51000026 51000066
51000035 51000083
51000025 51000079
51000084 51000023
51000010 51000069
51000099 51000016
51000085 51000014
51000008 51000015
51000020 51000050
51000014 51000079
51000027 51000012
51000027 51000048
51000078 51000002
51000097 51000052
51000091 51000076
51000078 51000048
51000056 51000009
51000084 51000005
51000055 51000061
51000053 51000008
51000016 51000087
51000058 51000066
51000071 51000022
51000001 51000080
51000091 51000023
51000011 51000084
51000014 51000010
51000092 51000088
51000033 51000009
51000084 51000059
51000091 51000010
51000077 51000093
51000029 51000009
51000097 51000002
51000079 51000072
51000099 51000052
51000024 51000010
51000032 51000085
51000075 51000038
51000057 51000060
51000051 51000067
51000067 51000029
51000028 51000017
51000090 51000002
51000075 51000020
51000029 51000094
51000053 51000084
51000044 51000012
51000094 51000069
51000064 51000010
51000072 51000014
51000011 51000094
51000048 51000082
51000022 51000055
51000091 51000029
51000087 51000018
51000033 51000009
51000023 51000041
51000074 51000015
51000070 51000097
51000079 51000002
51000024 51000099
51000079 51000096
51000085 51000002
51000066 51000062
51000021 51000024
51000016 51000058
51000021 51000049
51000011 51000035
51000099 51000004
51000049 51000047
51000039 51000015
51000097 51000024
51000088 51000005
51000088 51000011
51000049 51000016
51000093 51000052
51000003 51000085
51000087 51000015
51000081 51000063
51000078 51000027
51000086 51000041
51000005 51000049
51000046 51000070
51000066 51000064
51000053 51000100
51000034 51000048
51000024 51000057
73 3
2 46
77 7
17 79
1 49
60 91
89 33
78 46
63 19
71 15
9 88
18 5
36 81
23 26
26 64
30 60
84 6
98 74
78 64
26 73
25 29
8 82
38 43
21 53
98 49
26 57
7 31
23 35
26 9
10 45
88 27
83 80
67 49
69 72
39 5
54 56
28 6
34 48
41 51
63 6
71 84
35 79
77 11
69 80
83 63
27 86
56 81
7 1
95 77
74 100
52 43
32 3
51 9
24 4
28 41
100 79
48 64
97 35
81 49
68 49
5 50
81 2
7 11
5 92
91 87
72 6
57 99
65 77
38 62
7 33
83 13
15 4
17 42
10 21
86 3
11 55
12 90
93 73
59 5
59 30
7 22
41 47
50 65
74 73
78 23
61 80
59 62
87 7
74 34
87 76
69 11
5 11
85 36
50 5
67 38
15 33
16 5
78 24
78 97
2 3
33 32
96 82
21 81
86 21
92 85
64 89
98 83
64 19
37 73
96 73
68 91
70 55
16 55
28 66
53 87
2 26
87 7
24 14
61 85
36 3
98 24
52 98
46 22
74 76
89 18
25 74
64 62
57 33
98 11
49 87
37 42
5 23
78 30
60 11
4 18
74 40
85 12
73 1
32 27
48 84
4 15
59 96
23 53
62 30
77 74
32 30
86 36
85 34
58 37
58 46
94 34
14 30
52 25
83 45
84 2
56 57
84 86
35 86
16 74
64 70
13 38
48 53
44 83
58 100
64 78
28 69
9 38
65 61
69 5
62 26
77 28
69 46
77 92
29 60
54 51
36 78
2 1
5 14
6 45
17 88
3 18
1 65
58 61
75 100
17 9
92 9
7 74
51 46
55 69
71 71
48 81
42 29
90 45
91 4
65 70
76 17
64 57
27 25
66 18
28 37
