# source: JorikJooken
# original path: jj_extract\knapsackProblemInstances-master\problemInstances\n_600_c_100000000_g_10_f_0.2_eps_0.0001_s_200\test.in
# optimal value: 100012745
# format: n capacity, then weight value
600 100000000
50010087 50010027
50010085 50010094
50010062 50010139
50010137 50010188
50010056 50010191
50010036 50010019
50010154 50010058
50010023 50010170
50010155 50010081
50010076 50010099
50010141 50010170
50010100 50010165
50010121 50010044
50010183 50010048
50010080 50010065
50010185 50010175
50010065 50010188
50010045 50010161
50010036 50010111
50010054 50010047
50010157 50010058
50010056 50010070
50010091 50010067
50010065 50010020
50010118 50010064
50010135 50010162
50010132 50010058
50010167 50010111
50010121 50010090
50010111 50010083
50010062 50010001
50010003 50010144
50010026 50010076
50010019 50010046
50010038 50010108
50010196 50010007
50010148 50010007
50010123 50010182
50010032 50010046
50010170 50010086
50010167 50010026
50010163 50010054
50010175 50010193
50010082 50010172
50010058 50010016
50010188 50010099
50010131 50010147
50010073 50010001
50010006 50010076
50010026 50010167
50010185 50010041
50010138 50010179
50010194 50010020
25010160 25010108
25010043 25010186
25010077 25010188
25010066 25010174
25010008 25010156
25010055 25010097
25010166 25010129
25010114 25010021
25010112 25010095
25010075 25010172
25010042 25010149
25010013 25010109
25010032 25010117
25010178 25010167
25010063 25010132
25010156 25010071
25010165 25010198
25010043 25010087
25010105 25010173
25010072 25010122
25010158 25010040
25010143 25010093
25010082 25010031
25010194 25010146
25010005 25010134
25010090 25010100
25010125 25010085
25010121 25010080
25010050 25010082
25010072 25010175
25010089 25010184
25010044 25010100
25010051 25010011
25010020 25010160
25010005 25010139
25010033 25010020
25010070 25010123
25010014 25010134
25010137 25010051
25010009 25010034
25010129 25010112
25010067 25010028
25010107 25010162
25010097 25010105
25010056 25010124
25010039 25010190
25010048 25010071
25010180 25010193
25010062 25010127
25010144 25010131
25010021 25010086
25010052 25010150
25010096 25010120
12510010 12510186
12510050 12510166
12510139 12510191
12510024 12510030
12510186 12510021
12510035 12510086
12510039 12510021
12510039 12510095
12510074 12510090
12510136 12510162
12510031 12510153
12510088 12510042
12510184 12510109
12510028 12510128
12510151 12510072
12510059 12510108
12510113 12510141
12510107 12510071
12510078 12510174
12510170 12510036
12510095 12510136
12510141 12510177
12510131 12510109
12510068 12510081
12510063 12510145
12510032 12510052
12510162 12510167
12510022 12510080
12510189 12510150
12510063 12510010
12510134 12510176
12510049 12510001
12510041 12510025
12510119 12510126
12510059 12510167
12510128 12510007
12510076 12510194
12510017 12510166
12510016 12510060
12510188 12510130
12510182 12510064
12510146 12510098
12510034 12510077
12510093 12510187
12510091 12510000
12510072 12510092
12510132 12510003
12510158 12510193
12510098 12510133
12510092 12510018
12510188 12510126
12510127 12510056
12510045 12510027
6260005 6260167
6260177 6260156
6260090 6260055
6260059 6260085
6260198 6260052
6260039 6260195
6260134 6260101
6260035 6260168
6260049 6260176
6260195 6260168
6260153 6260033
6260072 6260091
6260147 6260134
6260096 6260159
6260059 6260106
6260137 6260085
6260171 6260144
6260105 6260024
6260163 6260141
6260012 6260031
6260123 6260024
6260067 6260048
6260109 6260183
6260193 6260150
6260079 6260011
6260160 6260073
6260106 6260010
6260187 6260034
6260021 6260037
6260144 6260094
6260155 6260095
6260085 6260096
6260085 6260035
6260156 6260022
6260068 6260031
6260051 6260034
6260014 6260177
6260032 6260128
6260119 6260151
6260063 6260152
6260011 6260125
6260180 6260198
6260148 6260193
6260155 6260055
6260010 6260084
6260063 6260102
6260139 6260027
6260063 6260154
6260105 6260009
6260157 6260009
6260077 6260105
6260118 6260089
6260131 6260119
3135161 3135157
3135045 3135068
3135085 3135007
3135161 3135188
3135077 3135001
3135089 3135021
3135116 3135076
3135069 3135139
3135186 3135101
3135012 3135029
3135134 3135011
3135006 3135014
3135142 3135074
3135104 3135014
3135142 3135052
3135087 3135032
3135005 3135004
3135053 3135081
3135120 3135046
3135124 3135030
3135079 3135090
3135171 3135161
3135174 3135148
3135053 3135182
3135200 3135004
3135052 3135003
3135155 3135071
3135062 3135025
3135146 3135145
3135018 3135095
3135177 3135190
3135110 3135054
3135029 3135096
3135020 3135017
3135181 3135062
3135028 3135104
3135101 3135031
3135063 3135193
3135157 3135042
3135181 3135037
3135178 3135115
3135140 3135121
3135193 3135099
3135101 3135159
3135171 3135009
3135197 3135046
3135070 3135117
3135044 3135128
3135037 3135082
3135039 3135183
3135105 3135152
3135022 3135194
3135196 3135116
1572668 1572622
1572551 1572626
1572505 1572652
1572516 1572663
1572665 1572653
1572515 1572676
1572649 1572517
1572677 1572523
1572612 1572676
1572578 1572604
1572676 1572516
1572528 1572564
1572667 1572632
1572601 1572502
1572694 1572624
1572555 1572682
1572541 1572573
1572684 1572693
1572675 1572653
1572681 1572522
1572536 1572687
1572616 1572511
1572593 1572617
1572624 1572686
1572600 1572632
1572636 1572517
1572550 1572576
1572577 1572633
1572617 1572603
1572685 1572653
1572685 1572619
1572627 1572580
1572576 1572574
1572616 1572566
1572570 1572680
1572548 1572561
1572657 1572576
1572605 1572510
1572687 1572671
1572612 1572624
1572512 1572528
1572681 1572688
1572525 1572616
1572581 1572679
1572635 1572651
1572629 1572570
1572590 1572550
1572678 1572553
1572514 1572602
1572532 1572541
1572522 1572556
1572600 1572579
1572657 1572590
791406 791327
791257 791391
791374 791352
791413 791360
791425 791286
791259 791376
791373 791407
791388 791335
791329 791336
791286 791283
791381 791396
791381 791276
791311 791348
791348 791302
791406 791314
791407 791368
791268 791340
791382 791330
791314 791338
791397 791282
791286 791390
791419 791326
791360 791294
791383 791448
791290 791310
791277 791432
791266 791389
791412 791413
791417 791449
791436 791395
791281 791325
791447 791251
791360 791277
791250 791257
791295 791306
791292 791397
791346 791419
791271 791419
791375 791288
791383 791322
791371 791263
791427 791264
791403 791250
791296 791427
791275 791413
791400 791269
791293 791411
791377 791252
791317 791291
791262 791436
791283 791325
791294 791373
791299 791445
400709 400811
400777 400820
400717 400694
400751 400736
400660 400786
400652 400798
400807 400744
400721 400703
400824 400720
400687 400785
400775 400778
400761 400717
400760 400813
400636 400632
400745 400652
400787 400635
400764 400777
400656 400727
400673 400677
400766 400751
400697 400818
400763 400785
400815 400626
400644 400764
400703 400644
400718 400728
400630 400743
400686 400774
400627 400657
400638 400817
400749 400729
400643 400763
400702 400757
400766 400765
400627 400802
400754 400675
400750 400819
400718 400788
400791 400816
400804 400810
400671 400726
400684 400729
400752 400656
400652 400713
400778 400710
400635 400731
400777 400739
400642 400697
400658 400730
400690 400628
400803 400816
400750 400736
400810 400632
205328 205422
205359 205379
205321 205333
205374 205331
205471 205502
205439 205408
205388 205448
205410 205342
205356 205459
205332 205346
205487 205500
205388 205401
205483 205489
205485 205466
205362 205341
205473 205357
205373 205354
205495 205502
205491 205431
205366 205467
205330 205422
205487 205482
205392 205498
205366 205506
205325 205501
205329 205360
205393 205322
205319 205403
205390 205387
205442 205421
205355 205448
205459 205342
205428 205473
205489 205371
205342 205409
205443 205458
205455 205453
205419 205434
205385 205354
205445 205502
205332 205335
205338 205445
205326 205507
205501 205329
205410 205444
205493 205374
205498 205460
205407 205323
205458 205382
205433 205492
205391 205473
205480 205470
205386 205449
173 164
152 195
78 31
90 30
65 58
106 175
101 143
76 145
8 185
124 154
42 35
102 12
20 174
19 40
166 104
3 191
5 13
108 73
61 128
176 199
142 77
144 131
53 156
62 89
142 58
42 5
50 196
80 148
132 92
67 66
73 16
185 60
188 160
132 181
5 40
112 39
44 172
19 33
129 148
24 16
9 12
96 196
168 98
179 94
123 51
179 182
1 101
9 61
43 81
93 176
45 1
145 141
178 152
32 149
43 126
153 35
68 33
71 60
120 98
144 15
134 97
154 39
174 74
179 41
45 147
157 40
151 98
4 51
173 194
157 44
20 119
28 83
66 86
163 105
99 200
88 151
3 179
1 118
69 154
198 127
99 177
70 52
167 23
125 148
151 117
90 132
24 63
6 135
35 174
188 167
143 32
104 43
5 30
189 38
93 2
142 101
187 144
190 49
77 51
113 75
132 20
186 61
49 5
148 121
180 187
33 40
180 175
40 13
191 162
44 153
167 107
146 41
99 169
40 32
66 105
186 108
162 126
150 13
26 82
139 73
168 1
162 59
32 195
