# source: JorikJooken
# original path: jj_extract\knapsackProblemInstances-master\problemInstances\n_800_c_100000000_g_6_f_0.1_eps_0.01_s_100\test.in
# optimal value: 99754589
# format: n capacity, then weight value
800 100000000
51000083 51000049
51000097 51000100
51000009 51000063
51000065 51000048
51000084 51000065
51000030 51000084
51000003 51000088
51000027 51000098
51000024 51000039
51000067 51000089
51000066 51000097
51000023 51000034
51000022 51000041
51000075 51000021
51000088 51000060
51000068 51000064
51000088 51000080
51000051 51000043
51000030 51000012
51000019 51000056
51000032 51000037
51000024 51000097
51000004 51000060
51000022 51000003
51000080 51000022
51000072 51000032
51000073 51000044
51000081 51000039
51000063 51000035
51000023 51000050
51000070 51000026
51000045 51000001
51000031 51000007
51000074 51000015
51000056 51000001
51000037 51000014
51000083 51000098
51000015 51000063
51000073 51000034
51000047 51000019
51000083 51000037
51000040 51000091
51000049 51000024
51000078 51000053
51000035 51000042
51000054 51000075
51000039 51000085
51000005 51000096
51000060 51000023
51000094 51000062
51000052 51000080
51000098 51000045
51000058 51000051
51000082 51000035
51000051 51000046
51000065 51000082
51000093 51000029
51000083 51000024
51000032 51000020
51000050 51000092
51000062 51000087
51000086 51000046
51000061 51000052
51000069 51000073
51000077 51000019
51000012 51000068
51000069 51000075
51000043 51000100
51000056 51000008
51000015 51000009
51000057 51000029
51000070 51000097
51000055 51000093
51000035 51000092
51000021 51000039
51000011 51000028
51000068 51000099
51000010 51000097
51000098 51000043
51000025 51000011
51000042 51000038
51000002 51000021
51000080 51000049
51000010 51000073
51000032 51000098
51000096 51000040
51000034 51000093
51000080 51000027
51000012 51000027
51000009 51000092
51000085 51000048
51000008 51000054
51000015 51000067
51000039 51000073
51000073 51000056
51000045 51000070
51000055 51000098
51000078 51000044
51000081 51000008
51000002 51000027
51000007 51000039
51000084 51000068
51000051 51000069
51000078 51000079
51000024 51000052
51000025 51000060
51000039 51000037
51000007 51000059
51000019 51000070
51000071 51000056
51000025 51000015
51000056 51000060
51000096 51000021
51000036 51000097
51000083 51000069
51000033 51000001
51000048 51000035
51000002 51000087
51000030 51000019
51000071 51000045
51000045 51000028
51000091 51000075
51000093 51000053
51000092 51000072
51000081 51000096
51000072 51000050
51000063 51000089
51000063 51000046
51000081 51000040
51000026 51000040
51000071 51000043
51000008 51000030
51000081 51000028
51000062 51000097
51000009 51000036
51000054 51000049
51000054 51000059
51000026 51000065
51000029 51000066
51000046 51000031
51000013 51000013
51000067 51000012
51000050 51000097
51000024 51000098
26000033 26000018
26000070 26000020
26000046 26000098
26000051 26000068
26000024 26000008
26000021 26000041
26000060 26000014
26000015 26000033
26000084 26000040
26000094 26000034
26000022 26000062
26000059 26000098
26000074 26000076
26000022 26000009
26000035 26000088
26000033 26000018
26000054 26000085
26000090 26000007
26000093 26000048
26000095 26000066
26000096 26000054
26000090 26000058
26000068 26000079
26000089 26000089
26000006 26000100
26000033 26000084
26000028 26000087
26000008 26000032
26000064 26000094
26000078 26000048
26000083 26000072
26000046 26000033
26000052 26000051
26000072 26000061
26000098 26000049
26000073 26000057
26000096 26000060
26000084 26000044
26000031 26000077
26000018 26000013
26000075 26000026
26000041 26000060
26000085 26000083
26000089 26000075
26000093 26000013
26000071 26000074
26000012 26000097
26000004 26000004
26000016 26000022
26000060 26000025
26000056 26000059
26000043 26000032
26000057 26000006
26000093 26000013
26000012 26000046
26000051 26000076
26000018 26000067
26000024 26000062
26000094 26000016
26000036 26000002
26000007 26000028
26000042 26000036
26000086 26000046
26000052 26000053
26000051 26000027
26000045 26000071
26000084 26000032
26000075 26000070
26000034 26000057
26000034 26000010
26000089 26000081
26000037 26000057
26000028 26000081
26000017 26000055
26000005 26000084
26000022 26000040
26000065 26000094
26000036 26000038
26000100 26000046
26000088 26000032
26000059 26000093
26000097 26000095
26000074 26000097
26000035 26000086
26000099 26000028
26000029 26000096
26000095 26000024
26000029 26000034
26000016 26000082
26000067 26000048
26000004 26000073
26000080 26000039
26000005 26000033
26000092 26000074
26000046 26000099
26000040 26000078
26000035 26000008
26000038 26000008
26000018 26000004
26000036 26000049
26000019 26000006
26000093 26000005
26000034 26000014
26000069 26000030
26000088 26000085
26000060 26000030
26000004 26000038
26000003 26000090
26000051 26000070
26000076 26000020
26000037 26000087
26000067 26000032
26000009 26000051
26000023 26000073
26000077 26000033
26000027 26000086
26000087 26000008
26000051 26000021
26000052 26000069
26000077 26000085
26000098 26000016
26000051 26000069
26000072 26000031
26000044 26000054
26000014 26000083
26000011 26000091
26000043 26000010
26000049 26000096
26000086 26000047
26000043 26000027
26000087 26000015
26000059 26000015
26000094 26000061
26000051 26000042
26000065 26000071
26000057 26000002
26000080 26000053
26000048 26000006
26000032 26000058
26000011 26000003
26000014 26000051
26000040 26000034
26000007 26000062
26000080 26000069
13500012 13500088
13500030 13500015
13500059 13500011
13500027 13500067
13500035 13500058
13500009 13500058
13500095 13500073
13500040 13500011
13500020 13500044
13500073 13500038
13500009 13500026
13500094 13500054
13500025 13500024
13500093 13500012
13500089 13500019
13500058 13500088
13500059 13500036
13500063 13500044
13500007 13500027
13500038 13500079
13500034 13500084
13500073 13500079
13500013 13500011
13500044 13500077
13500069 13500028
13500011 13500049
13500083 13500051
13500035 13500001
13500067 13500046
13500062 13500058
13500057 13500013
13500078 13500018
13500010 13500093
13500027 13500086
13500034 13500070
13500083 13500025
13500084 13500068
13500024 13500047
13500045 13500061
13500068 13500078
13500097 13500052
13500041 13500083
13500079 13500034
13500099 13500032
13500055 13500054
13500058 13500080
13500017 13500096
13500019 13500061
13500045 13500020
13500080 13500072
13500063 13500094
13500042 13500075
13500041 13500075
13500071 13500090
13500080 13500049
13500095 13500046
13500077 13500017
13500001 13500081
13500030 13500072
13500046 13500056
13500082 13500034
13500010 13500045
13500071 13500047
13500038 13500004
13500039 13500054
13500051 13500044
13500009 13500066
13500004 13500084
13500001 13500046
13500030 13500041
13500069 13500094
13500066 13500091
13500079 13500022
13500058 13500015
13500037 13500083
13500053 13500070
13500091 13500032
13500098 13500073
13500021 13500087
13500048 13500044
13500092 13500090
13500057 13500003
13500026 13500035
13500087 13500066
13500032 13500054
13500068 13500048
13500016 13500021
13500027 13500051
13500006 13500028
13500032 13500032
13500093 13500007
13500054 13500084
13500027 13500070
13500023 13500009
13500033 13500092
13500049 13500002
13500009 13500014
13500066 13500097
13500014 13500002
13500052 13500048
13500069 13500049
13500055 13500069
13500003 13500018
13500055 13500060
13500055 13500080
13500031 13500079
13500026 13500095
13500012 13500002
13500045 13500060
13500040 13500098
13500063 13500037
13500022 13500043
13500086 13500069
13500013 13500005
13500081 13500003
13500073 13500092
13500027 13500028
13500017 13500057
13500016 13500062
13500063 13500045
13500030 13500035
13500014 13500035
13500001 13500080
13500021 13500095
13500091 13500076
13500088 13500005
13500085 13500059
13500080 13500003
13500067 13500065
13500028 13500046
13500023 13500013
13500064 13500068
13500061 13500031
13500049 13500043
13500065 13500033
13500096 13500074
13500007 13500047
13500048 13500087
13500100 13500075
13500046 13500012
13500036 13500022
13500087 13500063
13500078 13500071
13500069 13500012
7250002 7250074
7250017 7250092
7250090 7250077
7250041 7250057
7250008 7250039
7250004 7250082
7250017 7250003
7250096 7250000
7250059 7250088
7250028 7250000
7250056 7250060
7250092 7250089
7250010 7250087
7250072 7250064
7250024 7250002
7250006 7250028
7250081 7250027
7250049 7250035
7250063 7250021
7250097 7250019
7250096 7250023
7250061 7250002
7250052 7250085
7250093 7250079
7250003 7250028
7250046 7250044
7250070 7250051
7250050 7250015
7250089 7250038
7250002 7250040
7250021 7250037
7250015 7250046
7250081 7250013
7250023 7250042
7250013 7250086
7250021 7250011
7250092 7250040
7250073 7250058
7250035 7250098
7250033 7250007
7250003 7250005
7250016 7250097
7250058 7250019
7250068 7250045
7250027 7250047
7250018 7250089
7250043 7250048
7250045 7250059
7250082 7250023
7250029 7250067
7250007 7250097
7250021 7250028
7250080 7250057
7250031 7250070
7250080 7250062
7250062 7250008
7250075 7250046
7250090 7250080
7250076 7250041
7250015 7250036
7250047 7250076
7250017 7250099
7250098 7250085
7250086 7250058
7250043 7250036
7250096 7250079
7250074 7250019
7250012 7250053
7250044 7250089
7250066 7250022
7250065 7250023
7250052 7250002
7250002 7250020
7250060 7250022
7250008 7250093
7250092 7250076
7250016 7250065
7250007 7250018
7250006 7250060
7250087 7250078
7250020 7250045
7250062 7250087
7250022 7250013
7250084 7250079
7250048 7250042
7250062 7250099
7250035 7250046
7250056 7250038
7250080 7250079
7250076 7250043
7250018 7250040
7250094 7250022
7250060 7250013
7250096 7250008
7250004 7250069
7250014 7250075
7250006 7250011
7250006 7250088
7250045 7250041
7250024 7250074
7250071 7250031
7250058 7250094
7250072 7250010
7250098 7250065
7250075 7250097
7250057 7250079
7250099 7250022
7250054 7250030
7250042 7250020
7250085 7250054
7250087 7250021
7250080 7250032
7250004 7250020
7250082 7250046
7250084 7250005
7250059 7250098
7250087 7250028
7250067 7250077
7250013 7250094
7250066 7250072
7250094 7250036
7250017 7250016
7250048 7250084
7250061 7250097
7250002 7250029
7250031 7250083
7250046 7250005
7250079 7250084
7250058 7250099
7250065 7250030
7250068 7250047
7250088 7250034
7250017 7250064
7250051 7250021
7250071 7250091
7250089 7250023
7250024 7250062
7250033 7250069
7250058 7250048
7250099 7250091
7250039 7250091
7250064 7250010
7250008 7250076
7250084 7250046
4125026 4125041
4125037 4125058
4125097 4125080
4125043 4125038
4125042 4125042
4125089 4125087
4125058 4125076
4125033 4125100
4125070 4125009
4125098 4125027
4125040 4125046
4125042 4125018
4125096 4125085
4125087 4125022
4125003 4125043
4125069 4125099
4125011 4125088
4125071 4125064
4125057 4125080
4125060 4125080
4125034 4125086
4125001 4125048
4125082 4125096
4125026 4125055
4125056 4125005
4125048 4125029
4125013 4125056
4125049 4125074
4125001 4125075
4125013 4125043
4125068 4125091
4125077 4125058
4125093 4125014
4125089 4125059
4125082 4125096
4125047 4125045
4125070 4125040
4125002 4125065
4125032 4125036
4125030 4125085
4125052 4125042
4125031 4125052
4125085 4125023
4125075 4125019
4125068 4125001
4125046 4125072
4125003 4125093
4125074 4125056
4125017 4125026
4125056 4125071
4125048 4125012
4125016 4125048
4125005 4125011
4125024 4125006
4125091 4125010
4125020 4125006
4125032 4125072
4125100 4125013
4125051 4125066
4125065 4125061
4125071 4125017
4125022 4125085
4125029 4125081
4125049 4125080
4125062 4125035
4125054 4125008
4125003 4125079
4125001 4125028
4125075 4125092
4125039 4125097
4125032 4125005
4125019 4125032
4125015 4125052
4125016 4125052
4125069 4125047
4125082 4125020
4125021 4125023
4125072 4125024
4125048 4125029
4125021 4125041
4125052 4125027
4125087 4125006
4125082 4125073
4125021 4125020
4125045 4125067
4125043 4125095
4125088 4125078
4125012 4125079
4125096 4125060
4125079 4125044
4125090 4125011
4125063 4125043
4125091 4125019
4125027 4125094
4125081 4125050
4125032 4125092
4125018 4125022
4125055 4125071
4125006 4125038
4125075 4125022
4125018 4125049
4125025 4125001
4125079 4125087
4125001 4125011
4125015 4125051
4125005 4125025
4125039 4125076
4125085 4125061
4125078 4125019
4125021 4125020
4125040 4125015
4125046 4125011
4125021 4125067
4125003 4125023
4125012 4125040
4125037 4125025
4125096 4125066
4125012 4125039
4125045 4125096
4125044 4125053
4125093 4125036
4125027 4125022
4125031 4125011
4125025 4125091
4125022 4125077
4125009 4125020
4125069 4125030
4125015 4125022
4125075 4125028
4125027 4125081
4125075 4125095
4125028 4125063
4125009 4125063
4125097 4125006
4125040 4125034
4125010 4125010
4125095 4125005
4125046 4125036
4125015 4125058
4125054 4125051
4125003 4125072
4125001 4125050
4125084 4125088
4125062 4125050
62 93
42 41
8 72
90 25
55 40
65 3
45 83
45 29
12 80
81 76
58 54
61 82
94 13
64 37
77 10
95 97
11 28
77 74
66 17
28 77
20 79
76 46
66 49
96 95
20 54
47 9
77 53
72 67
63 41
84 1
89 91
60 59
90 1
96 53
93 30
32 93
37 14
92 34
89 88
47 22
60 90
96 34
72 2
36 34
72 79
100 72
9 45
63 33
89 89
30 91
10 64
94 83
64 13
6 6
27 78
8 3
61 52
14 52
94 70
97 84
11 13
97 84
30 39
26 24
28 61
6 86
19 28
40 21
16 15
40 23
90 36
73 88
83 42
28 21
10 98
67 34
99 92
75 34
57 66
5 3
