# source: JorikJooken
# original path: jj_extract\knapsackProblemInstances-master\problemInstances\n_600_c_1000000_g_14_f_0.1_eps_0.1_s_300\test.in
# optimal value: 1005982
# format: n capacity, then weight value
600 1000000
600074 600085
600170 600227
600166 600268
600195 600139
600159 600205
600166 600211
600132 600275
600278 600221
600076 600055
600222 600072
600104 600193
600214 600254
600196 600147
600208 600278
600017 600182
600216 600048
600071 600268
600183 600031
600059 600161
600188 600045
600091 600273
600106 600284
600024 600256
600016 600132
600286 600111
600126 600244
600259 600234
600194 600265
600287 600287
600120 600161
600071 600166
600232 600050
600222 600151
600050 600032
600041 600041
600288 600122
600096 600123
600031 600236
600284 600272
600107 600108
600094 600276
350195 350223
350049 350120
350024 350076
350078 350221
350095 350292
350012 350021
350282 350001
350253 350207
350290 350071
350209 350109
350162 350052
350159 350180
350139 350117
350073 350086
350092 350203
350253 350010
350138 350217
350057 350231
350112 350045
350270 350191
350065 350008
350263 350084
350060 350251
350057 350162
350268 350065
350185 350225
350240 350059
350034 350201
350100 350160
350271 350279
350003 350185
350242 350265
350233 350241
350121 350276
350128 350065
350035 350152
350039 350084
350136 350033
350079 350019
350188 350072
350057 350244
225064 225067
225154 225010
225282 225114
225017 225034
225291 225066
225015 225231
225217 225076
225102 225260
225288 225004
225185 225154
225148 225080
225110 225145
225282 225243
225161 225175
225147 225147
225080 225217
225025 225087
225092 225288
225223 225240
225155 225114
225085 225051
225023 225032
225045 225206
225007 225032
225280 225141
225196 225037
225271 225220
225163 225231
225151 225280
225086 225129
225116 225245
225024 225011
225263 225034
225047 225271
225287 225106
225156 225125
225017 225203
225188 225025
225223 225285
225300 225249
225243 225053
162748 162552
162528 162562
162623 162605
162583 162682
162568 162669
162538 162577
162566 162758
162619 162679
162554 162572
162559 162661
162598 162783
162758 162609
162591 162658
162626 162524
162534 162567
162706 162673
162508 162563
162785 162681
162676 162684
162571 162633
162701 162698
162677 162632
162798 162655
162782 162574
162650 162626
162606 162749
162545 162639
162644 162616
162687 162566
162605 162730
162757 162651
162736 162638
162794 162662
162711 162645
162589 162536
162702 162560
162513 162614
162682 162620
162707 162553
162739 162712
162574 162501
131305 131507
131327 131298
131320 131321
131461 131550
131496 131504
131311 131435
131519 131329
131357 131482
131522 131365
131543 131542
131512 131466
131299 131368
131330 131401
131281 131284
131348 131299
131441 131418
131512 131355
131317 131305
131297 131509
131357 131384
131494 131521
131440 131253
131311 131523
131416 131399
131315 131447
131337 131503
131514 131297
131310 131488
131545 131373
131363 131436
131529 131266
131359 131432
131360 131385
131334 131465
131447 131346
131358 131336
131305 131423
131460 131433
131488 131300
131442 131440
131278 131307
115886 115773
115842 115736
115728 115674
115683 115846
115640 115871
115626 115790
115798 115732
115628 115854
115888 115727
115650 115700
115744 115786
115821 115782
115795 115698
115833 115912
115675 115659
115709 115643
115760 115903
115794 115784
115723 115691
115833 115907
115650 115784
115829 115725
115754 115707
115860 115915
115732 115767
115646 115890
115761 115772
115717 115810
115772 115675
115903 115715
115648 115708
115851 115634
115673 115920
115824 115672
115794 115812
115683 115895
115643 115821
115765 115837
115799 115851
115781 115685
115689 115634
108083 108029
107885 107833
107926 108047
107990 107953
108012 107816
108050 108103
107886 107883
107938 107823
107900 108092
107813 107877
108077 107862
107824 108011
107866 108008
107902 107921
107857 108023
108004 108050
107864 107995
107986 107827
108093 108065
108015 108057
108028 107911
107979 108049
107919 107967
107815 108004
107939 107983
107990 107968
108009 107968
108044 107934
107875 107904
107905 107868
107822 107909
108060 107829
107863 108107
107945 108065
108046 108108
107952 107901
107818 107903
107838 108054
107992 107987
108003 108052
107961 108022
104075 104114
104086 104006
104194 104110
103975 104148
104179 104039
103977 103999
103942 104088
104100 103936
103996 104139
104192 104050
103994 104010
104150 104081
104041 104083
104118 103981
103923 103985
104035 104075
103921 104147
104019 104092
104120 103959
104049 104042
104132 103995
104036 104025
104016 104038
104117 103966
104011 104095
103987 104054
104019 103976
104147 104147
104038 104197
104199 104157
103961 104045
104093 104165
104158 104060
103939 104149
103976 104183
103931 104020
104064 104199
104127 103973
104154 104134
103997 103916
103915 104060
101995 102186
102059 102130
102017 102128
102116 102151
102034 102115
102108 102207
102129 101969
102008 102097
102071 102086
102000 102056
101986 102244
102180 102171
102192 101974
102151 102143
102247 102055
102146 102041
102186 101966
102074 102026
102115 101980
102224 102066
102233 101992
101982 102117
102043 102049
102062 102181
102217 102206
102049 102193
102089 102215
102040 102138
102203 102172
102102 102050
102104 102033
102085 102227
102190 101993
102219 102246
102108 102013
102230 102123
102224 102019
102187 102206
102147 101996
102121 102016
101987 102053
101098 101255
101204 101024
101062 101061
101018 101209
101107 101229
101046 101232
101171 101041
101051 101207
101019 101091
101121 101089
101132 100997
101212 101084
101185 101077
101062 101126
101073 101092
101020 101184
101040 101037
101250 101037
101234 101087
101088 101035
101106 101099
101166 101148
101030 101224
101053 101008
101105 100982
101037 100999
101195 101036
101192 101155
101271 101079
101009 101251
101104 101107
101084 101198
101148 101257
101110 101241
101264 100988
101079 101139
101076 101020
101141 101018
101005 101245
101080 100980
101067 101267
100567 100737
100700 100712
100648 100722
100645 100583
100528 100668
100650 100584
100626 100549
100686 100559
100689 100594
100620 100719
100579 100550
100603 100722
100582 100736
100673 100643
100530 100561
100685 100603
100517 100770
100641 100493
100618 100766
100598 100624
100504 100732
100529 100616
100515 100627
100507 100664
100575 100596
100640 100540
100663 100597
100573 100759
100744 100766
100496 100569
100712 100491
100622 100580
100576 100524
100570 100571
100725 100547
100706 100650
100612 100524
100518 100561
100716 100578
100685 100662
100619 100585
100513 100533
100284 100492
100402 100514
100433 100541
100411 100408
100284 100266
100380 100245
100401 100433
100254 100250
100524 100285
100323 100301
100248 100421
100394 100246
100453 100255
100384 100282
100504 100362
100538 100447
100474 100261
100395 100270
100491 100478
100287 100525
100368 100250
100290 100445
100245 100288
100262 100327
100453 100427
100517 100456
100379 100397
100301 100456
100499 100255
100538 100247
100517 100367
100389 100501
100388 100444
100357 100278
100431 100462
100487 100323
100464 100472
100366 100351
100258 100513
100517 100518
100360 100210
100322 100363
100219 100361
100399 100220
100130 100421
100402 100194
100166 100133
100329 100241
100314 100240
100314 100174
100328 100226
100367 100132
100148 100346
100271 100165
100295 100295
100331 100164
100282 100404
100148 100292
100208 100273
100346 100419
100135 100348
100325 100165
100365 100382
100124 100311
100150 100392
100123 100363
100395 100271
100337 100127
100178 100273
100399 100178
100395 100366
100284 100306
100269 100327
100268 100283
100334 100152
100242 100196
100220 100327
100186 100360
100256 100292
100137 100347
100200 100385
121 276
99 52
36 105
175 217
1 13
83 63
210 271
69 46
287 222
162 224
229 266
197 266
98 190
1 86
183 57
186 187
222 28
52 3
36 185
259 71
153 105
133 169
70 182
155 88
259 58
290 27
76 273
226 243
229 208
272 153
156 226
40 257
41 248
295 300
261 105
45 259
257 109
96 232
19 293
89 271
226 288
271 107
158 124
143 265
93 70
4 251
78 24
50 282
80 236
167 89
190 91
196 44
299 114
100 123
272 277
227 158
257 190
141 111
29 248
130 100
14 16
166 158
257 90
210 247
1 182
105 72
206 24
