# source: JorikJooken
# original path: jj_extract\knapsackProblemInstances-master\problemInstances\n_400_c_1000000_g_10_f_0.2_eps_0.001_s_300\test.in
# optimal value: 1012897
# format: n capacity, then weight value
400 1000000
501166 501232
501233 501065
501243 501132
501248 501113
501075 501020
501029 501103
501154 501007
501070 501026
501298 501267
501258 501009
501018 501113
501163 501153
501223 501115
501133 501258
501262 501235
501049 501290
501044 501087
501190 501196
501242 501001
501125 501086
501260 501068
501064 501185
501108 501233
501044 501136
501218 501187
501268 501176
501090 501166
501073 501023
501163 501125
501280 501264
501287 501029
501077 501033
501058 501241
501137 501075
501020 501022
251249 251248
251119 251284
251203 251247
251210 251207
251035 251074
251141 251068
251234 251165
251020 251111
251002 251208
251048 251167
251095 251152
251157 251221
251203 251078
251288 251229
251152 251049
251122 251284
251188 251017
251168 251021
251265 251041
251164 251241
251274 251155
251228 251037
251100 251271
251123 251093
251200 251125
251092 251294
251215 251015
251029 251272
251087 251018
251233 251009
251235 251139
251110 251225
251069 251030
251092 251121
251036 251116
126106 126081
126107 126128
126103 126100
126285 126198
126252 126076
126026 126163
126293 126109
126234 126067
126026 126278
126208 126001
126244 126201
126225 126280
126161 126058
126009 126237
126150 126046
126024 126020
126103 126207
126040 126035
126176 126296
126169 126083
126075 126041
126293 126135
126150 126285
126029 126178
126144 126179
126147 126282
126068 126200
126070 126105
126243 126048
126187 126092
126160 126174
126199 126282
126099 126040
126071 126298
126161 126147
63716 63598
63563 63702
63549 63547
63547 63637
63555 63778
63517 63523
63590 63527
63556 63574
63625 63686
63690 63738
63532 63728
63686 63730
63673 63798
63616 63739
63733 63684
63604 63758
63554 63518
63592 63775
63538 63776
63517 63765
63598 63544
63717 63513
63604 63543
63545 63751
63793 63563
63580 63512
63737 63657
63679 63602
63653 63703
63584 63508
63679 63533
63767 63657
63669 63713
63566 63622
63640 63535
32470 32402
32312 32491
32328 32511
32456 32411
32254 32478
32374 32495
32442 32383
32491 32361
32388 32497
32311 32482
32355 32272
32327 32261
32455 32401
32414 32398
32348 32330
32352 32479
32304 32463
32517 32467
32299 32418
32491 32363
32431 32466
32477 32284
32344 32447
32310 32326
32533 32536
32263 32471
32328 32438
32362 32272
32454 32468
32416 32446
32263 32489
32303 32401
32454 32320
32507 32421
32405 32336
16724 16714
16916 16698
16711 16635
16763 16785
16874 16773
16784 16925
16874 16817
16666 16780
16820 16626
16907 16660
16663 16771
16745 16649
16841 16672
16749 16869
16819 16626
16715 16913
16754 16740
16717 16703
16890 16683
16798 16640
16668 16800
16838 16748
16839 16789
16640 16660
16672 16725
16826 16893
16899 16760
16913 16714
16752 16881
16896 16824
16826 16666
16905 16634
16843 16630
16893 16628
16741 16864
8831 8869
8857 8977
8879 8891
8889 8891
8952 8964
8972 9038
9012 8972
8895 9097
8981 9062
9007 8930
8891 9108
9101 9036
8980 8936
8910 8991
9014 8936
8985 8925
9043 8880
8825 9091
9043 9051
8871 8824
8985 8967
8879 8862
8951 8887
8835 8851
8911 8980
9054 9007
8924 9014
8940 8865
8821 8832
9056 9035
8882 9047
8920 9007
8875 8964
9097 9054
8943 8915
4920 5056
4956 4960
5073 4982
5043 5008
5185 4947
4968 4962
5117 4936
5172 5195
4983 5174
4999 4949
5193 5082
5017 5180
5049 5056
4974 5078
4991 4964
5053 5062
5035 4947
5077 5205
5000 5028
5105 4974
4916 5093
5090 5004
5137 4997
4923 5127
5080 5148
5108 5166
5177 5000
4923 5078
4986 5048
4919 4962
4923 4942
5173 5137
5125 5108
5203 5184
5105 5018
3235 3082
3170 3012
3084 3004
3050 3184
3154 3246
3200 3083
3019 3067
3184 3131
3090 3252
2977 2984
2957 3150
3178 3037
3140 3103
2975 3054
3026 3111
2958 3044
2993 3163
2978 3045
3062 3118
3085 3108
2987 2967
2998 3185
2976 3126
3112 3052
3180 2988
3034 3151
3165 3244
3126 3115
2964 3147
3109 3142
3198 3054
3201 3036
3082 3232
3222 3128
3105 3106
180 24
24 50
143 292
283 270
136 104
261 104
242 9
246 50
38 27
24 121
113 183
66 21
277 130
272 164
284 166
195 52
150 195
177 110
63 83
136 41
236 199
201 210
221 15
30 16
186 35
4 214
71 152
236 34
264 9
130 37
226 64
212 168
81 226
223 224
4 17
97 61
260 268
254 288
203 279
84 113
97 5
229 99
294 238
186 258
209 242
188 183
64 157
18 284
296 38
248 269
268 85
237 222
121 297
15 194
86 197
238 150
219 139
3 93
178 285
35 255
70 240
207 14
98 228
204 79
156 297
88 126
193 222
254 226
148 103
285 250
8 289
173 271
125 80
173 137
9 269
203 205
128 98
208 240
22 41
2 20
38 161
136 209
21 43
174 95
40 89
