# source: JorikJooken
# original path: jj_extract\knapsackProblemInstances-master\problemInstances\n_1000_c_100000000_g_10_f_0.2_eps_0.01_s_300\test.in
# optimal value: 100021321
# format: n capacity, then weight value
1000 100000000
51000046 51000139
51000249 51000103
51000146 51000069
51000240 51000087
51000067 51000142
51000110 51000249
51000155 51000147
51000241 51000250
51000067 51000064
51000185 51000250
51000046 51000039
51000130 51000170
51000224 51000294
51000196 51000233
51000077 51000261
51000206 51000142
51000068 51000105
51000068 51000204
51000133 51000278
51000089 51000260
51000025 51000237
51000028 51000167
51000269 51000127
51000019 51000279
51000256 51000295
51000078 51000041
51000080 51000075
51000256 51000281
51000095 51000295
51000060 51000030
51000197 51000074
51000264 51000148
51000147 51000118
51000079 51000230
51000153 51000188
51000152 51000113
51000140 51000145
51000159 51000102
51000243 51000005
51000186 51000093
51000295 51000224
51000113 51000229
51000185 51000049
51000149 51000221
51000194 51000127
51000242 51000203
51000176 51000001
51000123 51000084
51000051 51000003
51000024 51000247
51000261 51000254
51000251 51000273
51000214 51000084
51000228 51000277
51000122 51000055
51000047 51000110
51000074 51000251
51000198 51000064
51000219 51000253
51000186 51000232
51000086 51000181
51000094 51000016
51000179 51000043
51000254 51000263
51000184 51000220
51000201 51000108
51000143 51000250
51000191 51000021
51000170 51000179
51000081 51000273
51000218 51000004
51000285 51000241
51000172 51000017
51000176 51000225
51000178 51000225
51000062 51000267
51000071 51000059
51000174 51000288
51000193 51000113
51000001 51000260
51000286 51000213
51000171 51000214
51000247 51000155
51000071 51000097
51000003 51000225
51000261 51000173
51000072 51000001
51000237 51000276
26000118 26000003
26000261 26000239
26000097 26000006
26000220 26000213
26000105 26000129
26000175 26000016
26000133 26000016
26000104 26000142
26000033 26000289
26000103 26000102
26000191 26000011
26000005 26000033
26000042 26000017
26000107 26000030
26000280 26000018
26000223 26000058
26000207 26000083
26000163 26000057
26000192 26000299
26000272 26000048
26000134 26000037
26000253 26000037
26000198 26000157
26000069 26000278
26000032 26000193
26000081 26000208
26000253 26000124
26000099 26000164
26000044 26000186
26000019 26000260
26000029 26000220
26000133 26000283
26000144 26000150
26000282 26000138
26000226 26000230
26000070 26000298
26000052 26000213
26000257 26000166
26000031 26000270
26000096 26000022
26000060 26000047
26000079 26000299
26000220 26000013
26000063 26000012
26000076 26000096
26000233 26000004
26000187 26000028
26000216 26000203
26000031 26000193
26000042 26000020
26000017 26000296
26000022 26000224
26000057 26000036
26000096 26000138
26000028 26000217
26000148 26000019
26000127 26000252
26000047 26000070
26000297 26000250
26000293 26000260
26000108 26000201
26000106 26000173
26000150 26000210
26000018 26000260
26000172 26000065
26000086 26000195
26000030 26000284
26000231 26000116
26000216 26000073
26000208 26000084
26000035 26000197
26000228 26000188
26000188 26000282
26000043 26000066
26000278 26000043
26000125 26000002
26000019 26000279
26000285 26000215
26000032 26000299
26000249 26000006
26000271 26000068
26000287 26000201
26000172 26000172
26000193 26000247
26000042 26000224
26000152 26000007
26000129 26000228
26000053 26000134
13500191 13500259
13500010 13500190
13500042 13500021
13500196 13500248
13500039 13500242
13500188 13500296
13500263 13500202
13500127 13500229
13500097 13500203
13500099 13500208
13500053 13500150
13500174 13500068
13500080 13500201
13500003 13500200
13500168 13500097
13500167 13500088
13500059 13500214
13500249 13500088
13500230 13500009
13500146 13500184
13500094 13500190
13500014 13500015
13500229 13500105
13500200 13500174
13500170 13500145
13500150 13500044
13500253 13500188
13500083 13500288
13500014 13500184
13500269 13500038
13500181 13500197
13500202 13500087
13500293 13500037
13500082 13500091
13500091 13500111
13500177 13500129
13500191 13500164
13500107 13500133
13500015 13500028
13500182 13500136
13500285 13500116
13500292 13500133
13500042 13500045
13500262 13500046
13500094 13500053
13500186 13500083
13500295 13500021
13500177 13500276
13500281 13500247
13500232 13500046
13500075 13500153
13500116 13500152
13500224 13500194
13500177 13500201
13500060 13500021
13500078 13500042
13500205 13500135
13500008 13500287
13500149 13500186
13500134 13500264
13500206 13500113
13500129 13500273
13500080 13500177
13500251 13500300
13500242 13500115
13500144 13500155
13500138 13500293
13500293 13500140
13500096 13500063
13500273 13500056
13500225 13500007
13500098 13500068
13500191 13500194
13500276 13500182
13500236 13500007
13500028 13500226
13500266 13500150
13500294 13500114
13500226 13500249
13500185 13500230
13500086 13500238
13500288 13500126
13500223 13500294
13500012 13500129
13500130 13500058
13500033 13500190
13500174 13500268
13500131 13500267
7250199 7250198
7250084 7250290
7250111 7250123
7250254 7250160
7250163 7250151
7250260 7250263
7250012 7250168
7250264 7250186
7250234 7250115
7250236 7250028
7250221 7250040
7250226 7250108
7250252 7250272
7250289 7250165
7250057 7250005
7250233 7250004
7250111 7250282
7250042 7250144
7250203 7250167
7250132 7250297
7250060 7250097
7250262 7250189
7250012 7250165
7250115 7250138
7250084 7250131
7250155 7250265
7250174 7250030
7250270 7250239
7250241 7250286
7250022 7250256
7250250 7250214
7250111 7250000
7250279 7250180
7250299 7250291
7250172 7250005
7250236 7250051
7250172 7250083
7250004 7250180
7250252 7250252
7250256 7250243
7250245 7250261
7250121 7250214
7250198 7250204
7250111 7250186
7250102 7250132
7250212 7250097
7250100 7250297
7250234 7250230
7250129 7250287
7250252 7250015
7250105 7250059
7250229 7250142
7250013 7250053
7250139 7250241
7250186 7250161
7250250 7250145
7250288 7250049
7250149 7250294
7250080 7250092
7250273 7250016
7250162 7250217
7250187 7250115
7250084 7250225
7250020 7250043
7250061 7250183
7250091 7250292
7250123 7250234
7250186 7250109
7250181 7250161
7250287 7250275
7250153 7250032
7250126 7250010
7250269 7250249
7250265 7250080
7250229 7250173
7250157 7250299
7250037 7250073
7250051 7250123
7250151 7250037
7250131 7250119
7250222 7250169
7250281 7250182
7250240 7250286
7250041 7250216
7250219 7250153
7250060 7250177
7250296 7250144
7250061 7250186
4125104 4125054
4125135 4125187
4125103 4125100
4125018 4125233
4125263 4125022
4125146 4125243
4125211 4125278
4125194 4125242
4125210 4125294
4125211 4125278
4125201 4125188
4125134 4125018
4125257 4125032
4125073 4125037
4125119 4125009
4125277 4125183
4125169 4125243
4125154 4125002
4125029 4125019
4125207 4125168
4125291 4125148
4125278 4125278
4125111 4125205
4125278 4125157
4125116 4125176
4125089 4125228
4125175 4125034
4125187 4125086
4125161 4125233
4125064 4125174
4125001 4125226
4125265 4125170
4125150 4125240
4125181 4125033
4125278 4125144
4125182 4125300
4125023 4125164
4125229 4125055
4125288 4125114
4125183 4125027
4125089 4125296
4125157 4125197
4125043 4125088
4125107 4125036
4125053 4125006
4125238 4125238
4125257 4125274
4125274 4125067
4125058 4125237
4125073 4125271
4125272 4125296
4125013 4125263
4125148 4125166
4125060 4125225
4125247 4125191
4125112 4125238
4125199 4125158
4125288 4125081
4125242 4125191
4125283 4125046
4125122 4125266
4125271 4125215
4125291 4125108
4125257 4125066
4125183 4125298
4125226 4125163
4125005 4125040
4125168 4125250
4125250 4125019
4125129 4125154
4125143 4125114
4125053 4125217
4125006 4125141
4125137 4125188
4125237 4125125
4125013 4125096
4125014 4125072
4125151 4125297
4125171 4125288
4125260 4125046
4125292 4125252
4125162 4125082
4125143 4125012
4125162 4125046
4125060 4125151
4125054 4125063
4125055 4125216
4125084 4125054
2562546 2562783
2562545 2562521
2562527 2562741
2562746 2562589
2562566 2562780
2562718 2562725
2562797 2562777
2562567 2562591
2562552 2562647
2562709 2562751
2562537 2562613
2562630 2562629
2562614 2562526
2562760 2562778
2562530 2562541
2562623 2562673
2562733 2562722
2562576 2562595
2562639 2562726
2562690 2562685
2562554 2562585
2562682 2562536
2562677 2562723
2562684 2562763
2562688 2562680
2562712 2562677
2562564 2562796
2562787 2562674
2562606 2562742
2562718 2562647
2562625 2562689
2562749 2562704
2562628 2562719
2562645 2562684
2562679 2562675
2562660 2562636
2562634 2562542
2562749 2562703
2562642 2562540
2562549 2562758
2562767 2562637
2562569 2562669
2562650 2562575
2562744 2562612
2562574 2562620
2562672 2562621
2562650 2562623
2562656 2562639
2562557 2562652
2562566 2562587
2562760 2562728
2562665 2562583
2562783 2562666
2562647 2562718
2562675 2562547
2562696 2562738
2562559 2562514
2562505 2562733
2562527 2562630
2562604 2562782
2562644 2562655
2562616 2562574
2562693 2562733
2562530 2562598
2562632 2562698
2562641 2562568
2562757 2562519
2562575 2562787
2562661 2562737
2562556 2562693
2562772 2562551
2562723 2562694
2562560 2562609
2562591 2562776
2562677 2562505
2562675 2562632
2562567 2562728
2562626 2562504
2562544 2562689
2562615 2562644
2562591 2562555
2562760 2562729
2562505 2562652
2562769 2562633
2562750 2562514
2562512 2562730
2562699 2562594
2562673 2562648
1781395 1781390
1781292 1781394
1781321 1781271
1781402 1781366
1781343 1781320
1781448 1781439
1781369 1781311
1781307 1781369
1781340 1781502
1781386 1781256
1781282 1781469
1781532 1781548
1781300 1781348
1781277 1781531
1781531 1781391
1781288 1781479
1781437 1781505
1781266 1781257
1781532 1781358
1781439 1781452
1781272 1781302
1781544 1781260
1781382 1781329
1781296 1781413
1781528 1781386
1781355 1781499
1781370 1781496
1781326 1781339
1781316 1781361
1781252 1781526
1781255 1781314
1781311 1781273
1781534 1781286
1781490 1781391
1781535 1781283
1781435 1781443
1781545 1781414
1781408 1781311
1781277 1781372
1781456 1781294
1781501 1781511
1781433 1781514
1781295 1781478
1781522 1781324
1781481 1781390
1781348 1781457
1781325 1781463
1781393 1781288
1781462 1781435
1781502 1781295
1781459 1781460
1781528 1781257
1781333 1781445
1781406 1781288
1781478 1781299
1781390 1781404
1781522 1781291
1781306 1781315
1781352 1781334
1781454 1781449
1781353 1781486
1781527 1781482
1781546 1781411
1781393 1781501
1781457 1781270
1781328 1781527
1781256 1781443
1781485 1781300
1781380 1781326
1781469 1781340
1781534 1781403
1781406 1781488
1781451 1781276
1781296 1781447
1781285 1781402
1781430 1781421
1781529 1781374
1781310 1781521
1781351 1781345
1781331 1781544
1781533 1781289
1781481 1781330
1781282 1781363
1781429 1781520
1781340 1781536
1781423 1781347
1781328 1781478
1781347 1781321
1390850 1390878
1390866 1390762
1390806 1390834
1390845 1390785
1390718 1390904
1390888 1390825
1390849 1390809
1390904 1390632
1390808 1390717
1390743 1390698
1390882 1390711
1390707 1390879
1390827 1390782
1390699 1390859
1390801 1390641
1390706 1390878
1390835 1390871
1390723 1390887
1390879 1390801
1390759 1390839
1390901 1390911
1390877 1390688
1390895 1390722
1390880 1390770
1390771 1390700
1390879 1390743
1390780 1390853
1390815 1390903
1390814 1390783
1390740 1390795
1390706 1390868
1390686 1390902
1390782 1390838
1390841 1390782
1390796 1390787
1390723 1390716
1390659 1390802
1390714 1390876
1390692 1390824
1390782 1390753
1390855 1390711
1390756 1390919
1390677 1390863
1390628 1390667
1390770 1390777
1390627 1390839
1390803 1390869
1390690 1390781
1390705 1390809
1390750 1390852
1390838 1390633
1390825 1390851
1390918 1390751
1390783 1390676
1390881 1390722
1390852 1390685
1390686 1390892
1390871 1390758
1390800 1390799
1390692 1390761
1390870 1390681
1390905 1390861
1390740 1390697
1390812 1390729
1390719 1390765
1390921 1390802
1390641 1390749
1390725 1390758
1390732 1390674
1390634 1390729
1390849 1390794
1390666 1390710
1390765 1390809
1390872 1390883
1390809 1390648
1390679 1390743
1390678 1390854
1390913 1390710
1390839 1390763
1390830 1390631
1390666 1390895
1390779 1390754
1390748 1390641
1390700 1390815
1390886 1390690
1390682 1390771
1390678 1390632
1390630 1390798
1195592 1195373
1195396 1195532
1195353 1195590
1195473 1195570
1195418 1195342
1195553 1195330
1195535 1195389
1195415 1195610
1195446 1195362
1195481 1195549
1195504 1195342
1195350 1195436
1195519 1195365
1195472 1195332
1195555 1195590
1195481 1195339
1195395 1195478
1195590 1195556
1195346 1195454
1195554 1195584
1195354 1195411
1195576 1195354
1195454 1195460
1195461 1195355
1195344 1195314
1195473 1195499
1195468 1195394
1195520 1195405
1195575 1195551
1195547 1195488
1195515 1195454
1195387 1195393
1195437 1195490
1195513 1195486
1195388 1195353
1195350 1195359
1195533 1195496
1195592 1195559
1195468 1195487
1195476 1195573
1195350 1195348
1195497 1195313
1195378 1195416
1195552 1195443
1195406 1195352
1195562 1195534
1195406 1195442
1195594 1195543
1195527 1195385
1195345 1195525
1195375 1195548
1195458 1195502
1195406 1195361
1195365 1195553
1195322 1195393
1195590 1195584
1195523 1195367
1195609 1195567
1195512 1195399
1195561 1195379
1195315 1195473
1195375 1195605
1195524 1195502
1195558 1195493
1195581 1195413
1195422 1195438
1195574 1195420
1195522 1195415
1195377 1195363
1195317 1195483
1195374 1195347
1195440 1195318
1195444 1195406
1195474 1195561
1195371 1195466
1195480 1195472
1195541 1195460
1195519 1195433
1195563 1195521
1195431 1195342
1195519 1195511
1195519 1195596
1195444 1195463
1195402 1195461
1195373 1195417
1195535 1195528
1195572 1195526
1195589 1195600
240 218
146 186
62 30
53 165
109 227
230 56
75 148
10 40
182 202
234 91
143 277
219 179
8 11
68 267
161 160
128 237
293 165
211 154
183 169
164 299
182 259
124 237
109 174
52 102
19 248
271 285
169 115
28 147
150 53
147 138
236 231
250 230
299 259
183 181
224 127
234 181
61 49
86 229
214 273
91 300
114 181
13 51
201 86
246 129
24 156
38 256
292 29
61 132
140 113
126 204
79 67
20 214
212 129
78 129
145 54
45 263
14 38
279 294
104 92
270 254
218 229
135 100
172 118
66 40
221 290
51 202
129 112
162 253
215 270
73 24
56 262
196 100
204 83
27 10
141 134
66 179
157 122
169 266
135 260
114 225
93 207
285 28
171 41
108 294
222 280
240 120
40 190
135 177
92 253
63 205
115 73
192 108
8 243
183 271
157 88
278 24
161 100
108 40
32 277
77 10
114 282
59 150
239 109
122 250
89 295
162 72
270 81
279 287
99 70
228 27
287 171
287 77
128 185
13 217
284 157
2 166
108 212
160 63
135 159
45 187
274 194
18 25
205 97
96 281
121 68
141 114
92 45
38 261
122 99
17 181
175 209
181 222
161 16
36 267
107 119
177 17
219 149
197 36
115 170
113 47
169 180
208 71
54 162
46 63
15 172
67 86
99 149
235 116
126 127
241 94
15 36
282 44
230 205
136 27
145 90
151 79
188 69
220 287
174 45
65 170
95 118
41 207
145 166
119 206
2 142
203 192
215 7
128 18
139 57
110 60
222 216
8 183
235 68
105 42
6 248
294 63
259 217
55 180
195 59
219 212
193 164
106 72
5 96
54 128
212 251
275 72
195 233
44 283
221 194
102 62
186 207
185 171
93 246
61 99
281 5
28 35
181 284
128 17
30 154
296 142
69 116
177 156
151 8
85 264
161 13
16 17
123 281
106 257
