# source: JorikJooken
# original path: jj_extract\knapsackProblemInstances-master\problemInstances\n_600_c_10000000000_g_6_f_0.1_eps_0.1_s_200\test.in
# optimal value: 9937506900
# format: n capacity, then weight value
600 10000000000
6000000172 6000000116
6000000016 6000000083
6000000186 6000000142
6000000147 6000000083
6000000103 6000000023
6000000138 6000000168
6000000166 6000000089
6000000127 6000000154
6000000181 6000000007
6000000001 6000000079
6000000170 6000000003
6000000159 6000000073
6000000071 6000000160
6000000150 6000000170
6000000135 6000000172
6000000185 6000000187
6000000176 6000000170
6000000025 6000000037
6000000081 6000000100
6000000143 6000000060
6000000111 6000000177
6000000196 6000000053
6000000066 6000000163
6000000116 6000000197
6000000189 6000000024
6000000074 6000000112
6000000110 6000000020
6000000039 6000000180
6000000039 6000000125
6000000153 6000000021
6000000137 6000000068
6000000080 6000000175
6000000195 6000000165
6000000055 6000000103
6000000040 6000000147
6000000117 6000000150
6000000009 6000000058
6000000189 6000000028
6000000163 6000000037
6000000168 6000000090
6000000067 6000000012
6000000150 6000000150
6000000101 6000000186
6000000167 6000000116
6000000142 6000000110
6000000095 6000000084
6000000151 6000000114
6000000035 6000000055
6000000084 6000000072
6000000170 6000000090
6000000197 6000000030
6000000019 6000000161
6000000104 6000000146
6000000041 6000000149
6000000035 6000000037
6000000069 6000000003
6000000033 6000000156
6000000109 6000000090
6000000193 6000000052
6000000114 6000000150
6000000131 6000000016
6000000001 6000000191
6000000140 6000000186
6000000059 6000000169
6000000171 6000000073
6000000047 6000000073
6000000112 6000000193
6000000112 6000000069
6000000058 6000000016
6000000021 6000000048
6000000124 6000000147
6000000073 6000000057
6000000045 6000000092
6000000042 6000000035
6000000090 6000000192
6000000102 6000000039
6000000200 6000000087
6000000019 6000000176
6000000199 6000000081
6000000117 6000000094
6000000130 6000000090
6000000007 6000000021
6000000120 6000000143
6000000148 6000000136
6000000162 6000000099
6000000111 6000000057
6000000107 6000000197
6000000187 6000000057
6000000181 6000000148
6000000164 6000000036
6000000003 6000000043
6000000139 6000000057
6000000136 6000000057
6000000015 6000000134
6000000129 6000000138
6000000102 6000000061
6000000023 6000000144
6000000051 6000000140
6000000142 6000000096
6000000052 6000000092
6000000073 6000000002
6000000114 6000000060
6000000149 6000000026
6000000117 6000000069
6000000129 6000000138
6000000019 6000000041
6000000035 6000000094
6000000037 6000000019
3500000008 3500000008
3500000100 3500000197
3500000181 3500000176
3500000113 3500000008
3500000199 3500000196
3500000044 3500000168
3500000022 3500000024
3500000172 3500000175
3500000141 3500000030
3500000075 3500000086
3500000033 3500000062
3500000031 3500000006
3500000189 3500000011
3500000060 3500000158
3500000047 3500000092
3500000012 3500000186
3500000107 3500000018
3500000018 3500000039
3500000142 3500000104
3500000121 3500000143
3500000049 3500000133
3500000144 3500000185
3500000116 3500000061
3500000136 3500000116
3500000193 3500000015
3500000038 3500000029
3500000144 3500000037
3500000115 3500000001
3500000036 3500000050
3500000174 3500000103
3500000132 3500000174
3500000182 3500000191
3500000177 3500000073
3500000065 3500000140
3500000014 3500000049
3500000165 3500000140
3500000059 3500000129
3500000175 3500000108
3500000079 3500000139
3500000172 3500000174
3500000152 3500000077
3500000098 3500000190
3500000141 3500000072
3500000147 3500000108
3500000035 3500000131
3500000123 3500000082
3500000109 3500000062
3500000013 3500000086
3500000037 3500000021
3500000163 3500000152
3500000102 3500000195
3500000012 3500000088
3500000125 3500000131
3500000032 3500000015
3500000048 3500000074
3500000171 3500000029
3500000155 3500000128
3500000131 3500000075
3500000002 3500000043
3500000059 3500000089
3500000186 3500000095
3500000055 3500000097
3500000168 3500000142
3500000012 3500000187
3500000054 3500000120
3500000063 3500000162
3500000113 3500000108
3500000119 3500000062
3500000179 3500000140
3500000006 3500000105
3500000084 3500000048
3500000114 3500000010
3500000036 3500000114
3500000083 3500000046
3500000006 3500000136
3500000196 3500000111
3500000188 3500000100
3500000018 3500000108
3500000152 3500000187
3500000154 3500000064
3500000143 3500000007
3500000126 3500000137
3500000018 3500000136
3500000038 3500000182
3500000039 3500000132
3500000196 3500000128
3500000188 3500000006
3500000154 3500000177
3500000066 3500000014
3500000146 3500000150
3500000197 3500000004
3500000114 3500000064
3500000136 3500000134
3500000028 3500000143
3500000073 3500000012
3500000197 3500000166
3500000177 3500000077
3500000125 3500000003
3500000121 3500000159
3500000185 3500000177
3500000086 3500000011
3500000164 3500000109
3500000069 3500000188
3500000029 3500000156
3500000104 3500000092
3500000001 3500000063
3500000088 3500000006
3500000103 3500000191
2250000152 2250000142
2250000030 2250000068
2250000016 2250000175
2250000167 2250000153
2250000134 2250000172
2250000071 2250000073
2250000015 2250000073
2250000174 2250000110
2250000020 2250000040
2250000199 2250000099
2250000170 2250000162
2250000112 2250000179
2250000157 2250000076
2250000175 2250000074
2250000167 2250000172
2250000022 2250000188
2250000143 2250000036
2250000141 2250000158
2250000094 2250000127
2250000083 2250000020
2250000040 2250000088
2250000024 2250000026
2250000036 2250000042
2250000109 2250000045
2250000083 2250000065
2250000035 2250000126
2250000080 2250000176
2250000142 2250000017
2250000137 2250000026
2250000198 2250000093
2250000086 2250000051
2250000038 2250000064
2250000110 2250000046
2250000165 2250000053
2250000134 2250000159
2250000168 2250000055
2250000102 2250000155
2250000039 2250000031
2250000165 2250000009
2250000168 2250000049
2250000080 2250000090
2250000113 2250000001
2250000148 2250000008
2250000093 2250000129
2250000178 2250000171
2250000032 2250000037
2250000096 2250000099
2250000017 2250000062
2250000120 2250000108
2250000091 2250000124
2250000195 2250000087
2250000063 2250000109
2250000092 2250000032
2250000111 2250000040
2250000132 2250000156
2250000197 2250000195
2250000068 2250000011
2250000142 2250000108
2250000127 2250000199
2250000115 2250000083
2250000026 2250000158
2250000112 2250000043
2250000072 2250000165
2250000081 2250000001
2250000147 2250000019
2250000135 2250000013
2250000143 2250000189
2250000135 2250000128
2250000131 2250000041
2250000195 2250000096
2250000188 2250000107
2250000048 2250000113
2250000047 2250000162
2250000062 2250000065
2250000007 2250000192
2250000017 2250000141
2250000108 2250000049
2250000156 2250000096
2250000100 2250000119
2250000023 2250000104
2250000069 2250000158
2250000088 2250000134
2250000035 2250000146
2250000005 2250000052
2250000128 2250000078
2250000062 2250000007
2250000132 2250000001
2250000011 2250000021
2250000165 2250000002
2250000022 2250000173
2250000106 2250000182
2250000063 2250000173
2250000063 2250000174
2250000169 2250000191
2250000007 2250000057
2250000106 2250000167
2250000060 2250000018
2250000051 2250000029
2250000118 2250000126
2250000184 2250000059
2250000094 2250000038
2250000183 2250000067
2250000036 2250000144
2250000009 2250000058
2250000065 2250000025
2250000134 2250000081
2250000087 2250000099
2250000004 2250000171
1625000195 1625000101
1625000020 1625000088
1625000136 1625000107
1625000157 1625000192
1625000011 1625000040
1625000097 1625000074
1625000164 1625000013
1625000066 1625000092
1625000119 1625000129
1625000180 1625000179
1625000064 1625000077
1625000128 1625000102
1625000013 1625000097
1625000144 1625000147
1625000021 1625000117
1625000065 1625000041
1625000159 1625000153
1625000158 1625000028
1625000145 1625000074
1625000067 1625000051
1625000036 1625000076
1625000093 1625000163
1625000037 1625000168
1625000154 1625000112
1625000142 1625000173
1625000174 1625000022
1625000074 1625000048
1625000148 1625000198
1625000185 1625000039
1625000102 1625000018
1625000177 1625000146
1625000040 1625000068
1625000025 1625000008
1625000131 1625000161
1625000127 1625000170
1625000044 1625000002
1625000083 1625000098
1625000025 1625000184
1625000158 1625000189
1625000090 1625000142
1625000145 1625000053
1625000057 1625000197
1625000078 1625000073
1625000051 1625000048
1625000048 1625000141
1625000018 1625000198
1625000112 1625000133
1625000066 1625000184
1625000093 1625000031
1625000005 1625000199
1625000071 1625000008
1625000175 1625000171
1625000184 1625000174
1625000095 1625000104
1625000031 1625000042
1625000033 1625000098
1625000040 1625000048
1625000092 1625000050
1625000103 1625000200
1625000052 1625000117
1625000118 1625000015
1625000079 1625000160
1625000110 1625000179
1625000109 1625000074
1625000089 1625000075
1625000030 1625000129
1625000078 1625000161
1625000064 1625000103
1625000120 1625000130
1625000051 1625000032
1625000107 1625000064
1625000065 1625000123
1625000079 1625000196
1625000004 1625000086
1625000049 1625000195
1625000157 1625000195
1625000008 1625000118
1625000138 1625000161
1625000150 1625000189
1625000038 1625000196
1625000157 1625000009
1625000108 1625000195
1625000171 1625000003
1625000100 1625000004
1625000066 1625000053
1625000014 1625000145
1625000075 1625000191
1625000009 1625000104
1625000063 1625000131
1625000145 1625000029
1625000078 1625000193
1625000177 1625000098
1625000048 1625000143
1625000093 1625000030
1625000122 1625000080
1625000083 1625000069
1625000114 1625000080
1625000014 1625000080
1625000176 1625000032
1625000051 1625000043
1625000081 1625000118
1625000189 1625000056
1625000026 1625000121
1625000100 1625000181
1625000138 1625000171
1625000003 1625000003
1625000045 1625000017
1625000036 1625000170
1312500133 1312500045
1312500019 1312500071
1312500013 1312500061
1312500118 1312500093
1312500006 1312500136
1312500197 1312500196
1312500179 1312500097
1312500167 1312500076
1312500096 1312500177
1312500144 1312500054
1312500032 1312500006
1312500161 1312500166
1312500018 1312500183
1312500045 1312500115
1312500146 1312500114
1312500198 1312500035
1312500079 1312500067
1312500144 1312500187
1312500078 1312500183
1312500040 1312500177
1312500031 1312500072
1312500193 1312500107
1312500088 1312500114
1312500099 1312500014
1312500078 1312500093
1312500039 1312500167
1312500152 1312500060
1312500179 1312500061
1312500069 1312500174
1312500001 1312500080
1312500159 1312500113
1312500108 1312500188
1312500033 1312500185
1312500068 1312500159
1312500167 1312500130
1312500091 1312500160
1312500197 1312500151
1312500135 1312500055
1312500188 1312500197
1312500119 1312500076
1312500120 1312500200
1312500033 1312500116
1312500049 1312500088
1312500051 1312500188
1312500148 1312500035
1312500012 1312500176
1312500125 1312500137
1312500082 1312500169
1312500103 1312500170
1312500188 1312500089
1312500151 1312500131
1312500123 1312500025
1312500029 1312500175
1312500197 1312500123
1312500120 1312500103
1312500101 1312500074
1312500162 1312500193
1312500187 1312500069
1312500006 1312500067
1312500015 1312500177
1312500102 1312500065
1312500138 1312500022
1312500029 1312500191
1312500192 1312500167
1312500029 1312500106
1312500192 1312500109
1312500094 1312500199
1312500069 1312500199
1312500186 1312500149
1312500008 1312500175
1312500138 1312500036
1312500193 1312500036
1312500150 1312500015
1312500060 1312500193
1312500159 1312500020
1312500162 1312500042
1312500118 1312500183
1312500146 1312500127
1312500196 1312500045
1312500148 1312500013
1312500163 1312500168
1312500083 1312500153
1312500084 1312500011
1312500091 1312500122
1312500001 1312500010
1312500156 1312500004
1312500057 1312500012
1312500196 1312500184
1312500158 1312500131
1312500103 1312500010
1312500076 1312500150
1312500030 1312500026
1312500169 1312500033
1312500194 1312500079
1312500060 1312500089
1312500054 1312500060
1312500053 1312500131
1312500078 1312500175
1312500021 1312500002
1312500034 1312500013
1312500149 1312500007
1312500149 1312500090
1312500099 1312500109
1312500126 1312500077
1312500076 1312500131
1312500004 1312500093
1312500135 1312500030
1312500169 1312500176
81 53
199 159
186 13
131 179
173 171
194 118
44 13
133 192
66 90
163 149
155 100
119 31
72 46
23 156
10 140
108 196
45 13
71 128
148 160
164 192
180 144
86 79
84 163
120 100
57 124
161 180
20 2
61 70
99 63
88 77
1 92
175 90
185 94
161 194
139 10
178 95
45 16
2 89
102 79
76 161
54 48
89 143
119 134
107 54
92 102
11 66
80 6
199 187
189 89
13 142
195 15
110 58
118 81
187 81
167 105
83 76
179 195
102 64
184 164
119 74
