# source: JorikJooken
# original path: jj_extract\knapsackProblemInstances-master\problemInstances\n_1200_c_1000000_g_2_f_0.3_eps_0.1_s_300\test.in
# optimal value: 653193
# format: n capacity, then weight value
1200 1000000
600039 600209
600111 600004
600057 600015
600232 600015
600116 600145
600081 600174
600147 600097
600115 600083
600194 600273
600218 600248
600050 600042
600095 600222
600046 600287
600060 600200
600225 600100
600013 600147
600285 600196
600038 600137
600206 600117
600184 600278
600197 600095
600283 600127
600079 600233
600099 600216
600160 600232
600103 600101
600223 600160
600194 600260
600283 600028
600169 600037
600238 600184
600269 600087
600160 600106
600182 600151
600054 600288
600125 600082
600094 600221
600176 600183
600154 600058
600144 600132
600099 600167
600090 600101
600130 600217
600078 600124
600019 600034
600203 600031
600025 600158
600128 600239
600293 600121
600290 600098
600044 600149
600165 600088
600191 600074
600148 600103
600087 600084
600038 600245
600213 600135
600250 600219
600123 600223
600033 600066
600033 600078
600160 600251
600256 600228
600226 600237
600044 600272
600044 600288
600249 600219
600066 600173
600079 600081
600222 600070
600049 600054
600281 600186
600266 600146
600264 600142
600175 600221
600154 600274
600215 600214
600278 600290
600057 600264
600243 600150
600082 600204
600170 600254
600177 600049
600073 600189
600097 600262
600124 600171
600138 600296
600058 600123
600057 600189
600129 600099
600283 600074
600271 600167
600167 600075
600211 600110
600023 600143
600162 600277
600190 600261
600032 600273
600182 600024
600290 600223
600130 600059
600113 600246
600143 600031
600275 600215
600147 600296
600068 600138
600256 600021
600133 600030
600054 600270
600015 600206
600233 600050
600183 600116
600079 600272
600078 600249
600039 600179
600103 600172
600261 600196
600193 600099
600267 600300
600045 600271
600027 600167
600095 600253
600249 600145
600195 600121
600206 600082
600080 600235
600280 600122
600189 600287
600219 600181
600069 600074
600232 600165
600278 600255
600186 600173
600059 600063
600194 600165
600109 600094
600205 600291
600143 600289
600107 600063
600164 600223
600140 600096
600060 600082
600153 600043
600268 600031
600002 600030
600129 600003
600232 600089
600151 600081
600299 600256
600181 600267
600284 600084
600155 600260
600218 600167
600068 600098
600038 600131
600058 600271
600272 600153
600018 600207
600086 600071
600230 600236
600230 600061
600203 600273
600119 600026
600296 600033
600082 600224
600242 600085
600262 600258
600091 600144
600228 600215
600006 600297
600118 600222
600161 600083
600020 600130
600219 600122
600276 600214
600163 600125
600015 600201
600048 600241
600261 600293
600082 600236
600024 600272
600204 600236
600063 600288
600144 600059
600262 600151
600205 600048
600208 600040
600003 600283
600045 600202
600019 600009
600283 600296
600183 600259
600133 600076
600037 600161
600289 600020
600293 600027
600141 600030
600276 600105
600089 600242
600067 600206
600173 600201
600055 600204
600126 600187
600243 600162
600126 600045
600019 600207
600252 600280
600044 600227
600289 600019
600042 600059
600300 600152
600155 600131
600053 600199
600159 600166
600004 600285
600108 600075
600236 600250
600044 600291
600260 600009
600159 600012
600106 600007
600140 600225
600062 600158
600183 600136
600121 600198
600033 600087
600101 600282
600135 600184
600217 600024
600223 600012
600297 600030
600168 600059
600188 600038
600111 600221
600155 600082
600089 600022
600291 600013
600084 600192
600194 600096
600021 600089
600118 600292
600239 600098
600001 600073
600196 600235
600066 600009
600055 600281
600278 600229
600069 600103
600224 600139
600003 600215
600278 600240
600061 600120
600057 600023
600166 600077
600155 600163
600079 600283
600265 600072
600065 600019
600090 600098
600071 600002
600005 600055
600253 600125
600221 600148
600223 600260
600045 600125
600027 600069
600227 600291
600111 600024
600133 600162
600090 600097
600160 600225
600115 600148
600238 600053
600245 600135
600097 600218
600257 600024
600277 600300
600231 600132
600119 600067
600256 600084
600230 600031
600023 600065
600019 600138
600210 600007
600182 600091
600171 600219
600049 600296
600240 600137
600288 600085
600149 600203
600201 600251
600226 600100
600127 600074
600218 600193
600263 600131
600092 600088
600279 600025
600168 600114
600204 600160
600171 600018
600081 600103
600166 600185
600199 600207
600134 600134
600219 600183
600177 600201
600075 600207
600123 600287
600022 600029
600032 600283
600214 600002
600175 600197
600144 600285
600070 600294
600051 600206
600134 600037
600277 600097
600010 600001
600196 600138
600156 600259
600085 600125
600022 600114
600195 600065
600218 600280
600041 600032
600151 600244
600192 600001
600065 600150
600039 600147
600158 600177
600273 600176
600024 600132
600064 600026
600112 600179
600202 600063
600193 600238
600236 600264
600139 600067
600022 600083
600239 600131
600244 600023
600013 600107
600085 600246
600176 600116
600076 600150
600165 600180
600277 600282
600078 600270
600260 600252
600232 600133
600048 600266
600199 600009
600048 600287
600179 600163
600029 600061
600253 600171
600024 600130
600080 600247
600247 600286
600256 600233
600068 600160
600178 600288
600112 600273
600061 600188
600189 600262
600057 600118
600027 600190
600300 600060
600087 600250
600068 600062
600186 600176
600261 600212
600264 600190
600209 600034
600116 600010
600161 600176
600212 600100
600085 600280
600082 600047
600243 600262
600248 600252
600282 600298
600176 600117
600276 600072
600276 600270
600028 600255
600221 600039
600273 600182
600161 600071
600249 600036
600012 600298
600029 600195
600115 600032
600186 600244
600264 600046
600158 600026
600279 600031
600172 600216
600024 600100
600276 600068
600267 600083
600293 600187
600268 600300
600078 600039
600295 600048
600166 600145
600006 600299
600014 600271
600118 600215
600072 600058
600104 600135
600088 600004
600002 600155
600068 600020
600024 600074
600173 600095
600131 600017
600175 600064
600048 600087
600198 600009
600183 600179
600274 600234
600154 600235
600103 600094
600025 600162
600189 600181
600140 600024
600251 600177
600194 600266
600247 600136
600241 600150
600229 600113
600057 600089
600199 600240
600218 600212
600032 600289
600119 600148
600170 600073
600300 600072
600182 600100
600208 600178
600049 600241
600173 600186
600172 600212
600052 600056
600277 600215
600021 600073
600160 600177
600198 600073
600050 600175
600157 600088
600162 600276
600097 600024
600210 600254
600147 600031
600225 600095
600023 600246
600193 600181
600272 600219
600147 600152
600012 600204
600223 600251
600175 600088
600271 600019
600141 600233
600101 600112
600002 600293
600181 600230
600177 600059
600210 600012
600244 600211
600147 600009
600273 600155
600087 600004
600295 600149
600166 600128
600056 600102
600182 600037
600157 600255
600259 600242
600078 600056
600214 600204
600090 600084
600068 600207
600163 600216
600284 600297
600034 600281
600022 600072
600017 600179
600011 600214
600013 600175
600006 600025
600270 600105
600180 600209
600262 600241
600066 600024
600089 600058
600155 600162
600142 600028
600111 600219
600024 600205
600123 600080
600174 600183
600277 600278
600050 600285
600038 600160
600111 600039
600059 600160
600211 600122
600242 600124
600007 600253
600062 600095
600277 600264
600058 600211
600042 600259
600121 600258
600176 600004
600133 600249
600215 600064
600002 600139
600030 600081
600235 600188
600086 600296
600268 600168
600269 600193
600208 600281
600292 600154
600282 600039
600264 600218
600032 600299
600033 600285
600048 600180
600293 600103
600003 600130
600023 600275
600105 600047
600263 600296
600153 600058
600090 600021
600068 600242
600234 600287
600088 600104
600290 600066
600029 600229
600221 600110
600280 600003
600067 600178
600165 600258
600198 600074
600156 600181
600238 600142
600094 600198
600285 600298
600155 600131
600244 600101
600024 600264
600068 600094
600266 600043
600197 600085
600137 600088
600189 600180
600231 600164
600201 600148
600126 600110
600225 600117
600033 600156
600051 600116
600025 600205
600254 600153
600013 600150
600135 600126
600157 600181
600003 600114
600177 600222
600153 600264
600247 600255
600215 600207
600254 600271
600114 600095
600019 600243
600197 600154
600265 600250
600173 600039
600174 600185
600214 600193
600178 600183
600067 600020
600199 600057
600073 600271
600257 600063
600293 600060
600218 600149
600298 600057
600170 600264
600155 600152
600108 600232
600064 600268
600277 600109
600286 600212
600063 600154
600019 600069
600074 600215
600104 600016
600194 600222
600299 600132
600060 600123
600122 600082
600220 600068
600209 600102
600053 600188
600141 600028
600296 600001
600278 600281
600059 600261
600160 600012
600139 600031
600084 600115
600131 600288
600139 600280
600128 600124
600263 600190
600233 600206
600103 600003
600292 600008
600164 600271
600046 600134
600117 600153
600133 600036
600078 600292
600273 600239
600186 600299
600276 600171
600146 600237
600032 600116
600015 600260
600278 600054
600216 600244
600116 600208
600062 600012
600017 600158
600294 600249
600008 600020
600187 600175
600180 600279
600061 600234
600053 600127
600102 600300
600243 600091
600101 600268
600053 600231
600188 600229
600254 600021
600100 600187
600034 600003
600225 600081
600166 600040
600269 600217
600185 600214
600265 600128
600286 600253
600146 600192
600182 600110
600042 600087
600181 600192
600103 600100
600013 600036
600185 600099
600124 600243
600053 600112
600114 600190
600207 600059
600227 600220
600210 600224
600234 600034
600106 600013
600175 600007
600289 600192
600050 600038
600066 600103
600196 600166
600094 600165
600153 600293
600014 600177
600128 600269
600026 600274
600163 600114
600183 600084
600047 600068
600134 600257
600234 600209
600024 600067
600154 600040
600256 600097
600256 600076
600059 600082
600038 600065
600259 600248
600119 600182
600222 600246
600088 600172
600274 600198
600229 600145
600199 600056
600122 600089
600170 600056
600049 600015
600139 600095
600148 600068
600166 600194
600267 600180
600289 600213
600220 600041
600275 600016
600114 600066
600133 600180
600183 600100
600135 600224
600242 600100
600097 600247
600082 600187
600017 600053
600295 600296
600157 600032
600267 600066
600203 600158
600077 600241
600077 600257
600112 600222
600157 600279
600220 600082
600298 600097
600152 600254
600252 600152
600294 600122
600292 600091
600259 600171
600287 600270
600149 600125
600070 600268
600076 600009
600278 600091
600110 600067
600130 600061
600196 600022
600197 600157
600016 600267
600184 600254
600107 600289
600055 600247
600087 600045
600002 600076
600061 600262
600276 600168
600290 600044
600120 600154
600019 600241
600003 600058
600105 600085
600048 600096
600020 600032
600097 600187
600240 600076
600212 600072
600078 600139
600257 600087
600004 600202
600215 600011
600176 600017
600111 600195
600222 600228
600198 600181
600266 600271
600228 600030
600284 600284
600004 600010
600266 600053
600122 600151
600290 600274
600119 600225
600033 600117
600235 600244
600003 600254
600141 600060
600202 600227
600100 600072
600165 600226
600226 600012
600109 600016
600218 600071
600096 600108
600028 600027
600252 600020
600235 600215
600214 600276
600293 600270
600148 600158
600112 600054
600283 600191
600285 600214
600148 600075
600118 600043
600123 600079
600121 600156
600047 600130
600276 600298
600261 600184
600216 600030
600296 600034
600293 600047
600296 600114
600241 600096
600030 600298
600005 600142
600071 600169
600221 600092
600137 600080
600232 600011
600270 600207
600254 600169
600226 600024
600221 600008
600077 600243
600171 600076
600204 600284
600051 600238
600144 600255
600095 600032
600109 600116
600046 600217
600070 600150
600129 600064
600148 600168
600054 600214
600234 600166
600171 600062
600047 600207
600266 600225
600105 600224
600209 600261
600233 600251
89 191
141 104
242 288
166 243
70 281
164 275
210 66
82 98
96 79
176 273
37 114
272 279
113 252
178 237
89 202
234 218
21 134
239 245
131 183
19 91
221 295
258 266
33 62
39 57
241 51
63 146
128 152
152 259
47 48
203 125
119 31
132 163
20 208
86 83
32 91
107 160
275 264
212 84
289 5
273 170
212 203
113 150
21 116
26 40
20 125
131 183
206 49
251 4
104 149
26 68
289 168
99 48
164 186
201 47
107 19
221 202
294 222
156 290
83 232
245 271
55 9
232 11
193 283
122 45
110 241
105 176
164 168
46 157
202 89
217 299
225 239
139 290
249 60
175 98
136 162
101 76
124 59
68 205
195 131
171 182
290 64
220 123
16 49
172 287
115 132
70 186
261 62
9 239
45 124
256 45
284 94
214 109
239 156
129 293
204 142
205 215
54 230
210 13
294 88
161 100
294 141
124 92
95 165
112 83
245 209
113 158
151 146
264 251
90 20
194 121
80 297
127 91
262 31
291 1
291 4
3 82
159 249
224 165
132 254
103 103
267 188
199 286
157 51
151 22
50 173
196 286
247 241
21 58
218 212
229 251
159 82
156 262
6 160
40 288
296 112
14 80
85 142
178 165
144 106
126 38
275 72
47 7
277 114
231 158
19 250
203 231
88 225
91 284
168 49
141 43
187 68
218 123
84 37
208 221
208 107
211 200
115 83
294 155
292 93
176 117
222 38
43 128
278 108
33 49
92 30
158 184
163 8
201 33
178 234
5 284
290 65
184 16
180 250
295 281
157 52
9 212
154 166
180 98
73 216
249 37
123 120
299 292
62 281
1 136
204 23
161 213
32 275
12 78
276 92
256 22
218 125
113 59
245 203
131 267
70 127
110 67
247 265
7 60
71 25
188 98
221 229
299 279
104 276
122 233
207 128
276 202
133 71
265 175
78 19
78 21
261 52
218 46
261 94
122 133
238 103
161 103
156 99
100 108
34 132
248 16
70 243
114 83
44 270
117 45
197 43
139 187
267 35
46 174
37 300
106 236
59 156
200 285
87 138
71 175
196 67
42 20
226 71
142 146
219 27
188 207
219 216
289 152
200 190
254 255
289 293
142 192
297 9
209 64
67 7
123 193
257 221
166 161
144 17
19 94
80 256
221 149
90 267
185 181
299 140
277 59
128 124
196 149
132 23
149 255
201 153
48 4
1 263
151 217
104 44
16 86
101 83
269 55
120 158
116 268
100 240
223 289
273 168
239 107
260 46
205 68
21 158
244 110
124 154
290 252
28 274
237 50
18 213
244 189
105 277
295 15
195 80
280 114
43 214
193 117
10 171
76 1
43 126
33 266
221 113
248 162
154 42
82 28
70 278
261 212
254 70
16 274
259 273
73 272
47 250
124 155
54 30
215 151
103 206
171 103
240 15
23 256
129 33
28 6
240 21
158 244
52 226
70 17
38 149
200 219
98 39
121 206
140 244
234 231
156 247
220 97
155 131
256 203
298 240
225 279
183 121
232 164
39 11
239 225
166 135
129 69
126 283
38 292
8 221
150 129
109 198
170 137
269 153
101 135
77 162
149 239
117 208
120 59
23 299
151 151
114 72
72 52
67 163
162 175
165 155
156 143
