# source: JorikJooken
# original path: jj_extract\knapsackProblemInstances-master\problemInstances\n_800_c_1000000_g_6_f_0.2_eps_0.001_s_300\test.in
# optimal value: 1011568
# format: n capacity, then weight value
800 1000000
501057 501014
501192 501202
501131 501169
501250 501236
501186 501168
501204 501078
501094 501280
501236 501102
501185 501025
501006 501115
501156 501024
501089 501270
501194 501044
501202 501086
501143 501052
501249 501213
501234 501179
501068 501080
501062 501131
501187 501215
501269 501028
501137 501117
501106 501003
501018 501044
501277 501140
501073 501046
501072 501281
501300 501071
501153 501268
501028 501247
501143 501058
501154 501146
501058 501064
501076 501228
501095 501035
501162 501126
501187 501059
501268 501186
501195 501071
501155 501108
501047 501123
501084 501004
501278 501127
501140 501064
501123 501266
501174 501011
501031 501060
501014 501164
501161 501194
501045 501110
501009 501067
501300 501138
501228 501113
501093 501213
501005 501037
501251 501012
501085 501124
501205 501058
501250 501135
501061 501003
501120 501231
501269 501024
501003 501300
501134 501294
501159 501295
501060 501179
501155 501247
501099 501276
501296 501205
501194 501225
501063 501101
501110 501240
501218 501209
501243 501152
501143 501026
501104 501048
501178 501168
501277 501192
501300 501254
501034 501162
501094 501211
501038 501270
501159 501297
501033 501106
501214 501189
501232 501266
501281 501180
501007 501157
501254 501245
501107 501275
501269 501251
501290 501296
501116 501105
501127 501058
501137 501021
501123 501134
501244 501039
501288 501178
501284 501134
501055 501123
501106 501015
501181 501160
501174 501025
501171 501294
501036 501240
501003 501174
501136 501253
501006 501163
501160 501005
501059 501290
501152 501155
501300 501230
501139 501023
501097 501140
501178 501286
501080 501083
501182 501241
501011 501087
501209 501249
501157 501077
501278 501119
501018 501112
501258 501282
501254 501105
501011 501133
501243 501064
501066 501051
501220 501077
251078 251138
251295 251110
251205 251093
251104 251296
251276 251209
251024 251267
251109 251242
251139 251234
251272 251278
251145 251227
251288 251168
251222 251208
251289 251062
251259 251027
251279 251037
251150 251155
251113 251124
251185 251188
251041 251178
251229 251271
251268 251026
251211 251156
251051 251038
251135 251088
251089 251099
251288 251166
251223 251059
251169 251138
251237 251035
251288 251012
251050 251010
251072 251046
251228 251177
251051 251017
251136 251228
251155 251287
251275 251136
251253 251300
251217 251120
251242 251268
251244 251223
251153 251144
251167 251273
251182 251101
251086 251177
251285 251161
251179 251013
251024 251232
251237 251128
251244 251268
251211 251230
251155 251109
251189 251157
251056 251099
251209 251205
251003 251266
251248 251230
251128 251235
251163 251294
251270 251263
251100 251233
251291 251021
251108 251254
251238 251159
251072 251120
251290 251003
251270 251083
251284 251096
251257 251158
251254 251162
251088 251037
251047 251163
251106 251294
251249 251155
251061 251248
251202 251041
251007 251129
251042 251280
251288 251215
251230 251205
251284 251143
251166 251258
251214 251284
251101 251222
251278 251042
251273 251275
251036 251124
251180 251239
251007 251194
251177 251300
251156 251096
251230 251181
251178 251220
251121 251196
251067 251083
251067 251228
251280 251045
251118 251117
251077 251146
251157 251240
251230 251090
251246 251243
251023 251219
251089 251103
251244 251163
251263 251029
251051 251062
251162 251181
251181 251295
251119 251092
251038 251280
251165 251001
251114 251049
251143 251090
251045 251041
251098 251092
251229 251094
251232 251157
251017 251134
251271 251141
251068 251209
251151 251114
251021 251079
251087 251092
251096 251269
251205 251267
251196 251242
251153 251251
126291 126217
126021 126209
126259 126276
126128 126018
126161 126237
126134 126003
126026 126278
126031 126138
126055 126253
126045 126160
126217 126012
126036 126251
126031 126257
126104 126270
126073 126014
126225 126077
126228 126162
126293 126145
126013 126239
126205 126187
126189 126099
126184 126150
126173 126046
126028 126003
126121 126017
126011 126188
126038 126243
126114 126212
126024 126219
126195 126194
126201 126151
126034 126253
126036 126179
126254 126229
126286 126049
126157 126300
126072 126207
126223 126179
126188 126012
126213 126125
126125 126283
126294 126265
126124 126042
126052 126130
126094 126117
126040 126131
126283 126030
126122 126266
126189 126190
126181 126041
126105 126142
126169 126123
126010 126180
126052 126072
126043 126089
126085 126265
126089 126174
126145 126226
126186 126089
126071 126072
126102 126099
126042 126156
126039 126095
126182 126259
126201 126012
126152 126004
126037 126148
126180 126088
126078 126021
126236 126152
126211 126080
126073 126054
126077 126058
126273 126004
126195 126157
126040 126116
126219 126264
126205 126224
126114 126173
126095 126215
126300 126152
126225 126145
126039 126055
126043 126108
126299 126116
126299 126065
126142 126031
126183 126082
126006 126263
126196 126074
126164 126219
126145 126230
126213 126005
126122 126206
126208 126061
126143 126063
126201 126296
126272 126062
126255 126027
126006 126096
126015 126138
126298 126265
126096 126017
126272 126235
126229 126042
126067 126211
126065 126186
126002 126127
126297 126071
126230 126072
126173 126200
126019 126055
126188 126010
126225 126002
126023 126175
126009 126261
126118 126152
126149 126184
126182 126176
126138 126200
126266 126069
126133 126046
126279 126058
126054 126016
126057 126093
126070 126126
126286 126212
126161 126153
63713 63677
63584 63653
63519 63621
63613 63527
63567 63637
63783 63787
63663 63768
63557 63570
63579 63652
63675 63738
63557 63635
63602 63654
63791 63794
63559 63582
63654 63769
63620 63748
63556 63778
63778 63532
63546 63545
63794 63635
63505 63597
63596 63788
63537 63657
63694 63649
63686 63647
63550 63505
63673 63720
63796 63716
63546 63542
63646 63562
63546 63580
63501 63761
63723 63612
63799 63581
63692 63680
63762 63584
63599 63611
63533 63686
63662 63657
63635 63635
63571 63566
63600 63584
63557 63790
63508 63790
63550 63552
63795 63735
63615 63594
63684 63636
63535 63735
63796 63505
63526 63692
63741 63640
63675 63692
63585 63674
63546 63518
63525 63533
63670 63694
63741 63653
63558 63635
63644 63742
63612 63668
63547 63765
63762 63698
63524 63544
63551 63589
63700 63785
63701 63736
63750 63739
63768 63526
63617 63693
63557 63742
63630 63612
63620 63718
63543 63693
63662 63635
63736 63590
63708 63569
63745 63733
63731 63572
63751 63531
63671 63503
63642 63781
63580 63716
63508 63552
63783 63751
63684 63647
63635 63618
63709 63514
63646 63638
63740 63544
63677 63542
63687 63708
63549 63699
63771 63741
63788 63722
63623 63532
63630 63512
63567 63549
63501 63528
63748 63753
63579 63673
63722 63515
63664 63562
63563 63512
63645 63507
63664 63751
63636 63563
63551 63626
63699 63565
63518 63644
63538 63609
63506 63715
63652 63645
63748 63658
63572 63720
63635 63647
63730 63529
63575 63701
63696 63589
63562 63788
63600 63722
63672 63690
63601 63566
63629 63693
63525 63545
63568 63567
63725 63722
63548 63740
32300 32464
32348 32408
32373 32392
32518 32490
32334 32256
32530 32322
32362 32519
32373 32416
32273 32430
32508 32502
32369 32417
32432 32352
32273 32254
32320 32412
32468 32476
32259 32413
32264 32431
32460 32377
32411 32472
32387 32355
32521 32506
32326 32287
32464 32334
32462 32396
32295 32440
32537 32282
32469 32529
32371 32453
32384 32404
32549 32355
32437 32282
32294 32377
32481 32526
32252 32251
32456 32329
32333 32439
32342 32509
32503 32344
32311 32459
32415 32479
32497 32496
32434 32388
32538 32377
32321 32278
32285 32457
32269 32372
32263 32364
32285 32420
32363 32427
32311 32256
32532 32303
32316 32516
32363 32348
32476 32259
32377 32275
32295 32291
32481 32427
32523 32457
32538 32490
32404 32467
32392 32526
32488 32276
32493 32345
32383 32510
32408 32392
32495 32471
32500 32520
32504 32341
32540 32510
32460 32438
32405 32269
32431 32339
32326 32435
32338 32326
32320 32419
32370 32251
32434 32319
32546 32534
32454 32325
32460 32474
32440 32499
32278 32390
32505 32497
32272 32301
32478 32498
32445 32410
32406 32427
32453 32413
32508 32369
32353 32324
32518 32376
32306 32273
32530 32318
32258 32530
32522 32297
32502 32345
32540 32285
32506 32411
32398 32499
32408 32481
32383 32417
32429 32370
32446 32403
32541 32390
32349 32480
32252 32359
32348 32419
32360 32334
32444 32285
32366 32484
32388 32274
32483 32276
32538 32356
32266 32331
32467 32397
32346 32389
32409 32287
32428 32477
32274 32377
32394 32396
32256 32535
32328 32421
32472 32382
32423 32376
32341 32381
32301 32278
32259 32371
32480 32531
220 184
106 22
24 42
297 201
117 67
193 189
124 113
34 165
248 176
242 67
10 260
214 274
85 244
287 252
297 240
56 288
176 196
221 83
231 36
7 61
91 300
181 165
260 188
213 44
29 181
163 296
7 106
237 249
148 210
214 258
76 228
196 17
245 130
168 148
126 285
20 118
201 56
257 20
252 259
47 161
279 125
262 211
282 8
271 38
76 274
238 241
208 184
153 142
200 145
105 214
8 94
173 279
244 300
252 4
54 272
178 49
61 178
202 12
289 211
250 129
170 256
261 48
4 29
295 57
42 185
177 242
121 228
74 260
95 7
189 113
267 143
276 30
35 187
231 236
159 219
129 19
84 47
78 146
101 88
67 140
260 139
224 29
1 29
217 154
67 258
125 255
30 56
254 177
41 110
274 265
261 242
134 134
193 53
263 194
125 257
209 60
64 164
202 177
70 10
218 243
105 277
32 237
62 32
287 162
136 144
47 18
217 53
192 237
217 89
53 135
253 117
99 45
159 210
35 39
71 60
170 38
223 125
159 299
90 161
276 235
284 68
126 111
19 109
247 238
249 30
183 15
265 291
13 25
5 24
160 297
77 183
122 56
95 223
300 225
296 80
209 40
191 127
189 248
49 103
156 224
82 261
177 35
104 147
282 170
228 25
27 134
41 2
127 30
96 289
274 183
38 129
24 151
181 2
258 261
279 265
252 230
147 15
92 236
162 109
199 259
