# source: JorikJooken
# original path: jj_extract\knapsackProblemInstances-master\problemInstances\n_1000_c_10000000000_g_2_f_0.2_eps_0_s_200\test.in
# optimal value: 5000020606
# format: n capacity, then weight value
1000 10000000000
5000000048 5000000130
5000000059 5000000147
5000000093 5000000164
5000000113 5000000188
5000000160 5000000105
5000000144 5000000151
5000000165 5000000090
5000000086 5000000116
5000000124 5000000112
5000000118 5000000105
5000000013 5000000106
5000000098 5000000060
5000000077 5000000148
5000000105 5000000063
5000000047 5000000054
5000000033 5000000176
5000000125 5000000159
5000000095 5000000037
5000000002 5000000056
5000000164 5000000053
5000000124 5000000193
5000000010 5000000023
5000000019 5000000126
5000000003 5000000017
5000000109 5000000001
5000000197 5000000181
5000000067 5000000061
5000000008 5000000119
5000000185 5000000063
5000000168 5000000056
5000000081 5000000165
5000000017 5000000073
5000000011 5000000192
5000000041 5000000136
5000000191 5000000162
5000000134 5000000004
5000000195 5000000167
5000000105 5000000111
5000000162 5000000155
5000000199 5000000132
5000000032 5000000102
5000000096 5000000127
5000000049 5000000152
5000000199 5000000137
5000000059 5000000054
5000000128 5000000012
5000000086 5000000038
5000000190 5000000146
5000000090 5000000079
5000000117 5000000014
5000000156 5000000115
5000000087 5000000155
5000000023 5000000147
5000000073 5000000110
5000000177 5000000125
5000000101 5000000147
5000000066 5000000180
5000000065 5000000071
5000000125 5000000191
5000000058 5000000035
5000000120 5000000063
5000000161 5000000037
5000000183 5000000182
5000000002 5000000070
5000000179 5000000155
5000000144 5000000063
5000000029 5000000018
5000000021 5000000122
5000000091 5000000156
5000000155 5000000168
5000000059 5000000169
5000000191 5000000010
5000000064 5000000087
5000000178 5000000151
5000000028 5000000125
5000000092 5000000075
5000000065 5000000041
5000000155 5000000156
5000000018 5000000200
5000000034 5000000121
5000000045 5000000123
5000000005 5000000156
5000000153 5000000060
5000000149 5000000003
5000000102 5000000048
5000000036 5000000191
5000000034 5000000155
5000000165 5000000025
5000000182 5000000196
5000000157 5000000105
5000000080 5000000194
5000000076 5000000136
5000000090 5000000126
5000000123 5000000061
5000000030 5000000183
5000000170 5000000065
5000000050 5000000123
5000000141 5000000121
5000000068 5000000157
5000000077 5000000106
5000000150 5000000054
5000000148 5000000198
5000000091 5000000029
5000000116 5000000046
5000000179 5000000090
5000000128 5000000132
5000000174 5000000076
5000000199 5000000092
5000000017 5000000152
5000000196 5000000058
5000000138 5000000176
5000000030 5000000145
5000000116 5000000118
5000000017 5000000047
5000000158 5000000037
5000000173 5000000131
5000000016 5000000105
5000000177 5000000042
5000000089 5000000005
5000000046 5000000106
5000000139 5000000179
5000000016 5000000111
5000000005 5000000077
5000000109 5000000170
5000000155 5000000032
5000000200 5000000186
5000000181 5000000144
5000000109 5000000048
5000000063 5000000051
5000000166 5000000053
5000000175 5000000135
5000000152 5000000034
5000000068 5000000118
5000000140 5000000138
5000000088 5000000011
5000000059 5000000073
5000000148 5000000077
5000000189 5000000077
5000000082 5000000161
5000000189 5000000023
5000000118 5000000086
5000000149 5000000118
5000000079 5000000003
5000000118 5000000137
5000000150 5000000091
5000000134 5000000010
5000000179 5000000148
5000000038 5000000102
5000000039 5000000020
5000000075 5000000104
5000000075 5000000008
5000000196 5000000090
5000000110 5000000134
5000000197 5000000163
5000000076 5000000191
5000000162 5000000189
5000000198 5000000004
5000000076 5000000009
5000000069 5000000108
5000000037 5000000040
5000000160 5000000082
5000000185 5000000111
5000000019 5000000167
5000000091 5000000004
5000000058 5000000152
5000000182 5000000100
5000000156 5000000168
5000000051 5000000072
5000000105 5000000099
5000000007 5000000080
5000000195 5000000129
5000000033 5000000102
5000000025 5000000141
5000000117 5000000185
5000000046 5000000176
5000000078 5000000039
5000000143 5000000045
5000000144 5000000164
5000000004 5000000018
5000000018 5000000088
5000000028 5000000030
5000000113 5000000182
5000000063 5000000101
5000000058 5000000133
5000000139 5000000187
5000000143 5000000110
5000000120 5000000116
5000000169 5000000060
5000000021 5000000030
5000000114 5000000038
5000000023 5000000121
5000000082 5000000171
5000000045 5000000033
5000000099 5000000187
5000000024 5000000081
5000000157 5000000157
5000000012 5000000012
5000000138 5000000166
5000000178 5000000152
5000000165 5000000075
5000000094 5000000027
5000000100 5000000053
5000000168 5000000054
5000000113 5000000089
5000000074 5000000023
5000000129 5000000047
5000000099 5000000160
5000000046 5000000166
5000000132 5000000116
5000000026 5000000130
5000000171 5000000142
5000000034 5000000048
5000000006 5000000163
5000000044 5000000087
5000000174 5000000129
5000000116 5000000006
5000000084 5000000004
5000000090 5000000066
5000000032 5000000062
5000000075 5000000071
5000000052 5000000076
5000000048 5000000181
5000000179 5000000171
5000000101 5000000052
5000000164 5000000150
5000000055 5000000147
5000000062 5000000146
5000000160 5000000090
5000000194 5000000132
5000000090 5000000123
5000000167 5000000193
5000000199 5000000063
5000000078 5000000073
5000000060 5000000095
5000000136 5000000001
5000000179 5000000187
5000000042 5000000176
5000000028 5000000134
5000000042 5000000005
5000000068 5000000112
5000000151 5000000066
5000000156 5000000100
5000000055 5000000066
5000000152 5000000096
5000000156 5000000058
5000000151 5000000061
5000000056 5000000194
5000000151 5000000064
5000000113 5000000107
5000000114 5000000093
5000000058 5000000143
5000000143 5000000154
5000000030 5000000188
5000000138 5000000175
5000000177 5000000098
5000000158 5000000112
5000000010 5000000029
5000000051 5000000055
5000000063 5000000109
5000000045 5000000033
5000000039 5000000022
5000000039 5000000095
5000000064 5000000015
5000000028 5000000019
5000000063 5000000064
5000000182 5000000067
5000000185 5000000039
5000000077 5000000140
5000000092 5000000045
5000000099 5000000193
5000000030 5000000052
5000000102 5000000103
5000000105 5000000153
5000000039 5000000003
5000000199 5000000018
5000000016 5000000154
5000000046 5000000175
5000000044 5000000036
5000000131 5000000008
5000000152 5000000132
5000000139 5000000088
5000000130 5000000125
5000000007 5000000164
5000000157 5000000121
5000000026 5000000127
5000000196 5000000051
5000000025 5000000185
5000000077 5000000012
5000000124 5000000104
5000000020 5000000160
5000000030 5000000142
5000000015 5000000189
5000000159 5000000154
5000000197 5000000002
5000000189 5000000032
5000000155 5000000178
5000000036 5000000180
5000000148 5000000015
5000000084 5000000120
5000000051 5000000124
5000000033 5000000012
5000000150 5000000051
5000000126 5000000058
5000000035 5000000143
5000000115 5000000093
5000000145 5000000100
5000000085 5000000028
5000000040 5000000156
5000000030 5000000191
5000000121 5000000160
5000000159 5000000044
5000000069 5000000049
5000000105 5000000177
5000000196 5000000073
5000000092 5000000112
5000000172 5000000075
5000000115 5000000142
5000000188 5000000198
5000000119 5000000172
5000000031 5000000170
5000000157 5000000063
5000000085 5000000058
5000000097 5000000152
5000000100 5000000066
5000000129 5000000010
5000000131 5000000186
5000000103 5000000020
5000000082 5000000056
5000000163 5000000001
5000000113 5000000053
5000000119 5000000191
5000000189 5000000099
5000000178 5000000034
5000000145 5000000053
5000000113 5000000046
5000000078 5000000179
5000000077 5000000164
5000000152 5000000116
5000000071 5000000041
5000000130 5000000047
5000000039 5000000143
5000000034 5000000041
5000000185 5000000095
5000000086 5000000046
5000000142 5000000014
5000000175 5000000009
5000000001 5000000032
5000000140 5000000076
5000000017 5000000127
5000000041 5000000189
5000000135 5000000123
5000000098 5000000137
5000000140 5000000112
5000000153 5000000148
5000000156 5000000137
5000000005 5000000003
5000000075 5000000078
5000000163 5000000142
5000000046 5000000074
5000000126 5000000138
5000000091 5000000019
5000000139 5000000058
5000000181 5000000168
5000000043 5000000060
5000000157 5000000172
5000000124 5000000089
5000000152 5000000176
5000000052 5000000072
5000000150 5000000064
5000000150 5000000070
5000000128 5000000187
5000000196 5000000017
5000000069 5000000053
5000000166 5000000060
5000000095 5000000001
5000000123 5000000181
5000000189 5000000141
5000000177 5000000168
5000000050 5000000143
5000000113 5000000037
5000000019 5000000086
5000000158 5000000130
5000000195 5000000019
5000000083 5000000023
5000000020 5000000129
5000000061 5000000098
5000000032 5000000005
5000000089 5000000043
5000000054 5000000165
5000000014 5000000060
5000000174 5000000008
5000000153 5000000182
5000000146 5000000123
5000000141 5000000106
5000000054 5000000021
5000000191 5000000042
5000000178 5000000076
5000000126 5000000142
5000000064 5000000094
5000000108 5000000031
5000000026 5000000015
5000000127 5000000107
5000000185 5000000028
5000000085 5000000128
5000000133 5000000039
5000000139 5000000111
5000000061 5000000140
5000000067 5000000119
5000000065 5000000131
5000000156 5000000112
5000000058 5000000073
5000000149 5000000021
5000000062 5000000101
5000000160 5000000154
5000000136 5000000168
5000000005 5000000192
5000000091 5000000050
5000000119 5000000143
5000000168 5000000186
5000000145 5000000120
5000000017 5000000127
5000000127 5000000083
5000000111 5000000101
5000000199 5000000162
5000000158 5000000175
5000000062 5000000053
5000000034 5000000118
5000000014 5000000065
5000000079 5000000104
5000000103 5000000111
5000000145 5000000061
5000000039 5000000155
5000000014 5000000087
5000000137 5000000030
5000000126 5000000184
5000000018 5000000022
5000000084 5000000179
5000000179 5000000085
5000000124 5000000085
5000000171 5000000174
5000000117 5000000156
5000000099 5000000149
5000000011 5000000029
5000000049 5000000184
5000000050 5000000046
5000000181 5000000061
5000000023 5000000083
5000000032 5000000173
5000000046 5000000078
5000000066 5000000189
5000000150 5000000075
5000000093 5000000035
5000000068 5000000071
5000000106 5000000136
5000000041 5000000027
5000000083 5000000063
5000000168 5000000186
5000000069 5000000199
5000000012 5000000022
5000000185 5000000192
5000000173 5000000077
5000000183 5000000144
5000000154 5000000118
5000000183 5000000100
5000000127 5000000021
5000000118 5000000091
5000000194 5000000065
5000000103 5000000103
5000000019 5000000059
5000000142 5000000033
5000000196 5000000036
5000000123 5000000158
5000000015 5000000147
5000000018 5000000130
5000000174 5000000184
5000000190 5000000042
5000000147 5000000105
5000000113 5000000033
5000000148 5000000040
5000000026 5000000091
5000000026 5000000136
5000000192 5000000100
5000000120 5000000020
5000000182 5000000073
5000000182 5000000106
5000000180 5000000029
5000000187 5000000131
5000000109 5000000066
5000000098 5000000157
5000000027 5000000049
5000000176 5000000002
5000000084 5000000042
5000000156 5000000095
5000000058 5000000029
5000000031 5000000056
5000000149 5000000015
5000000043 5000000113
5000000194 5000000160
5000000001 5000000110
5000000075 5000000040
5000000015 5000000105
5000000009 5000000007
5000000128 5000000145
5000000016 5000000018
5000000066 5000000191
5000000113 5000000184
5000000088 5000000150
5000000159 5000000015
5000000124 5000000037
5000000032 5000000050
5000000168 5000000084
5000000146 5000000041
5000000125 5000000200
5000000044 5000000079
5000000123 5000000173
5000000179 5000000063
5000000106 5000000106
5000000099 5000000168
5000000182 5000000168
5000000051 5000000088
5000000080 5000000180
5000000008 5000000077
5000000011 5000000021
5000000007 5000000106
5000000172 5000000099
5000000053 5000000083
5000000148 5000000055
5000000134 5000000162
5000000034 5000000101
5000000180 5000000048
5000000083 5000000007
5000000014 5000000077
5000000140 5000000135
5000000044 5000000043
5000000010 5000000142
5000000185 5000000150
5000000048 5000000127
5000000128 5000000187
5000000141 5000000029
5000000151 5000000164
5000000152 5000000017
5000000080 5000000091
5000000039 5000000076
5000000098 5000000044
5000000014 5000000029
5000000004 5000000066
5000000075 5000000117
5000000200 5000000062
5000000038 5000000198
5000000056 5000000135
5000000030 5000000069
5000000164 5000000086
5000000106 5000000009
5000000063 5000000024
5000000037 5000000113
5000000148 5000000115
5000000179 5000000130
5000000200 5000000166
5000000161 5000000110
5000000192 5000000069
5000000101 5000000028
5000000033 5000000191
5000000079 5000000052
5000000169 5000000180
5000000101 5000000076
5000000027 5000000172
5000000193 5000000035
5000000047 5000000150
5000000004 5000000079
5000000024 5000000148
5000000033 5000000039
5000000199 5000000173
5000000138 5000000109
5000000159 5000000024
5000000118 5000000018
5000000114 5000000028
5000000143 5000000027
5000000144 5000000172
5000000137 5000000053
5000000101 5000000042
5000000115 5000000200
5000000153 5000000198
5000000180 5000000193
5000000157 5000000127
5000000021 5000000070
5000000172 5000000199
5000000150 5000000118
5000000199 5000000164
5000000037 5000000029
5000000042 5000000075
5000000191 5000000199
5000000190 5000000084
5000000061 5000000125
5000000116 5000000169
5000000187 5000000121
5000000190 5000000062
5000000177 5000000078
5000000080 5000000143
5000000046 5000000140
5000000094 5000000118
5000000191 5000000076
5000000155 5000000199
5000000079 5000000186
5000000109 5000000049
5000000059 5000000134
5000000005 5000000151
5000000173 5000000170
5000000122 5000000173
5000000018 5000000108
5000000115 5000000003
5000000189 5000000027
5000000184 5000000181
5000000192 5000000067
5000000164 5000000094
5000000031 5000000031
5000000164 5000000125
5000000105 5000000077
5000000173 5000000189
5000000044 5000000093
5000000051 5000000200
5000000083 5000000054
5000000012 5000000063
5000000109 5000000156
5000000003 5000000123
5000000042 5000000089
5000000156 5000000045
5000000125 5000000190
5000000160 5000000153
5000000067 5000000067
5000000128 5000000088
5000000163 5000000107
5000000060 5000000170
5000000055 5000000126
5000000152 5000000013
5000000037 5000000130
5000000002 5000000079
5000000125 5000000117
5000000121 5000000077
5000000013 5000000114
5000000006 5000000129
5000000022 5000000043
5000000058 5000000157
5000000053 5000000074
5000000119 5000000024
5000000175 5000000014
5000000015 5000000136
5000000167 5000000200
5000000104 5000000040
5000000071 5000000037
5000000095 5000000118
5000000148 5000000180
5000000105 5000000161
5000000093 5000000127
5000000136 5000000006
5000000164 5000000011
5000000151 5000000066
5000000020 5000000106
5000000029 5000000184
5000000099 5000000196
5000000087 5000000153
5000000114 5000000169
5000000028 5000000043
5000000115 5000000185
5000000157 5000000083
5000000197 5000000054
5000000135 5000000166
5000000009 5000000074
5000000086 5000000006
5000000093 5000000152
5000000143 5000000020
5000000051 5000000060
5000000196 5000000045
5000000156 5000000066
5000000112 5000000181
5000000168 5000000184
5000000170 5000000133
5000000120 5000000193
5000000066 5000000035
5000000123 5000000124
5000000098 5000000042
5000000181 5000000164
5000000139 5000000019
5000000009 5000000114
5000000061 5000000170
5000000107 5000000070
5000000140 5000000089
5000000064 5000000054
5000000025 5000000085
5000000078 5000000048
5000000166 5000000039
5000000104 5000000181
5000000020 5000000016
5000000003 5000000112
5000000052 5000000171
5000000160 5000000187
5000000021 5000000037
5000000195 5000000096
5000000023 5000000125
5000000055 5000000155
5000000169 5000000199
5000000046 5000000011
5000000142 5000000098
5000000100 5000000031
5000000187 5000000079
5000000168 5000000081
5000000054 5000000001
5000000166 5000000074
5000000147 5000000150
5000000085 5000000197
5000000075 5000000102
5000000181 5000000055
5000000063 5000000056
5000000155 5000000032
5000000037 5000000123
5000000158 5000000186
5000000146 5000000062
5000000072 5000000022
5000000142 5000000065
5000000083 5000000054
5000000038 5000000086
5000000100 5000000123
5000000173 5000000175
5000000170 5000000018
5000000019 5000000143
5000000116 5000000030
5000000156 5000000175
5000000050 5000000186
5000000188 5000000149
5000000014 5000000148
5000000083 5000000128
5000000166 5000000146
5000000084 5000000152
5000000046 5000000079
5000000179 5000000068
5000000030 5000000041
5000000125 5000000069
5000000055 5000000098
5000000007 5000000086
5000000150 5000000185
5000000157 5000000104
5000000137 5000000051
5000000198 5000000012
5000000020 5000000038
5000000020 5000000144
5000000116 5000000016
5000000187 5000000118
5000000022 5000000162
5000000033 5000000160
5000000125 5000000040
5000000145 5000000072
5000000112 5000000056
5000000051 5000000086
5000000006 5000000009
5000000040 5000000028
5000000122 5000000049
5000000054 5000000011
5000000073 5000000173
5000000186 5000000144
5000000092 5000000171
5000000084 5000000043
5000000172 5000000062
5000000093 5000000045
5000000022 5000000027
5000000069 5000000154
5000000036 5000000045
5000000174 5000000035
5000000084 5000000172
5000000160 5000000048
5000000033 5000000116
5000000083 5000000159
5000000132 5000000090
5000000004 5000000118
5000000054 5000000192
5000000174 5000000028
5000000126 5000000170
5000000018 5000000077
5000000172 5000000074
5000000113 5000000181
5000000109 5000000114
5000000179 5000000105
5000000118 5000000094
5000000155 5000000033
5000000199 5000000160
5000000138 5000000083
5000000169 5000000039
5000000037 5000000199
5000000086 5000000028
5000000026 5000000099
5000000096 5000000080
5000000140 5000000019
5000000002 5000000122
5000000023 5000000087
5000000084 5000000044
5000000013 5000000191
5000000134 5000000065
5000000082 5000000023
5000000150 5000000052
5000000142 5000000026
5000000181 5000000137
5000000074 5000000188
160 180
24 110
179 126
156 102
85 9
92 80
95 33
35 157
65 90
162 154
32 63
120 132
26 34
162 185
43 79
23 48
59 113
156 18
7 99
83 158
186 153
110 79
198 118
127 126
81 194
184 127
81 4
124 129
140 62
46 15
14 97
46 105
115 8
193 175
46 163
28 131
130 86
44 199
16 151
63 196
173 167
28 75
67 122
104 109
59 9
118 198
1 39
89 139
72 90
149 61
78 5
53 137
133 104
76 95
142 151
57 182
191 60
2 6
17 19
168 35
77 143
72 65
52 195
112 150
138 93
61 88
143 1
23 117
32 57
20 127
139 179
41 3
83 176
55 23
176 39
130 164
134 26
116 90
125 12
58 190
45 49
65 19
139 63
21 155
142 84
145 19
1 185
184 38
56 160
154 47
113 195
50 46
66 131
102 140
150 45
86 96
115 21
156 67
58 180
179 196
167 61
186 92
138 197
121 47
81 96
173 3
73 67
59 87
194 66
78 155
33 180
16 123
178 23
99 10
70 129
84 101
182 136
176 103
159 37
132 44
65 123
49 112
127 13
15 110
115 108
198 180
143 147
101 55
81 22
190 95
122 177
176 192
172 100
81 195
187 63
189 182
23 182
144 140
89 59
5 144
100 6
96 83
123 1
20 115
121 11
176 129
11 135
8 110
60 89
10 77
186 85
176 132
36 43
118 58
4 147
141 189
130 196
93 122
114 148
19 128
190 106
194 154
56 170
181 25
171 182
23 66
2 174
153 137
121 78
177 163
50 23
121 128
169 37
148 9
87 155
4 17
32 18
54 93
170 193
119 62
19 91
45 118
44 140
6 166
22 170
154 181
46 79
193 176
100 175
133 130
150 152
18 197
178 13
13 166
150 3
64 48
88 28
189 115
82 69
151 74
