# source: JorikJooken
# original path: jj_extract\knapsackProblemInstances-master\problemInstances\n_800_c_1000000_g_2_f_0.3_eps_0.0001_s_100\test.in
# optimal value: 513034
# format: n capacity, then weight value
800 1000000
500185 500180
500136 500197
500127 500193
500165 500190
500197 500200
500178 500142
500199 500132
500123 500193
500180 500186
500152 500134
500124 500133
500114 500197
500200 500115
500170 500163
500132 500120
500125 500105
500133 500108
500163 500111
500159 500191
500185 500157
500157 500121
500145 500187
500116 500146
500191 500166
500123 500112
500115 500118
500187 500142
500187 500176
500156 500107
500155 500141
500143 500196
500160 500172
500170 500184
500110 500183
500179 500182
500139 500192
500199 500189
500149 500195
500154 500172
500159 500168
500160 500102
500132 500148
500191 500185
500114 500154
500200 500127
500167 500126
500199 500171
500139 500139
500182 500174
500198 500168
500142 500143
500107 500165
500118 500116
500148 500134
500144 500194
500163 500200
500111 500111
500116 500194
500173 500179
500129 500137
500199 500139
500118 500119
500186 500196
500148 500172
500109 500177
500190 500163
500107 500167
500189 500172
500160 500109
500108 500103
500186 500109
500131 500147
500105 500200
500127 500116
500167 500161
500151 500144
500131 500156
500124 500160
500165 500185
500131 500200
500120 500189
500142 500132
500150 500185
500183 500159
500167 500105
500122 500131
500199 500102
500136 500124
500192 500154
500174 500101
500186 500166
500191 500193
500184 500194
500153 500179
500171 500159
500195 500150
500134 500195
500169 500170
500107 500187
500189 500119
500163 500120
500127 500101
500157 500147
500125 500195
500191 500200
500165 500185
500199 500154
500116 500140
500156 500136
500121 500129
500107 500151
500163 500137
500188 500162
500192 500198
500188 500132
500143 500111
500151 500174
500134 500122
500164 500139
500132 500163
500191 500191
500133 500195
500163 500170
500103 500173
500195 500131
500144 500116
500109 500166
500129 500182
500188 500141
500165 500116
500129 500104
500165 500109
500153 500125
500181 500160
500163 500190
500179 500125
500176 500182
500195 500142
500147 500158
500103 500178
500173 500101
500149 500182
500125 500132
500193 500151
500115 500105
500133 500148
500138 500116
500139 500135
500154 500142
500187 500167
500175 500137
500165 500139
500136 500180
500200 500191
500187 500175
500161 500167
500196 500181
500103 500182
500110 500197
500172 500197
500195 500184
500106 500185
500186 500127
500130 500146
500196 500175
500104 500162
500138 500151
500139 500135
500153 500114
500146 500120
500116 500151
500178 500177
500188 500102
500104 500161
500170 500182
500110 500193
500170 500145
500148 500140
500193 500158
500179 500149
500127 500180
500195 500150
500187 500131
500116 500157
500151 500157
500126 500172
500109 500143
500163 500167
500148 500199
500153 500119
500167 500102
500145 500125
500180 500175
500159 500190
500123 500136
500105 500186
500110 500158
500164 500181
500198 500124
500110 500145
500117 500136
500106 500140
500183 500170
500155 500164
500171 500169
500195 500126
500144 500158
500187 500137
500198 500145
500148 500120
500186 500151
500188 500178
500150 500149
500115 500140
500153 500169
500194 500198
500128 500113
500142 500121
500180 500130
500157 500153
500158 500186
500123 500177
500200 500126
500143 500145
500169 500171
500145 500132
500181 500179
500196 500128
500183 500138
500136 500200
500188 500151
500126 500136
500104 500155
500167 500121
500184 500168
500102 500177
500154 500156
500198 500159
500149 500168
500153 500200
500135 500165
500190 500148
500179 500157
500131 500192
500104 500170
500164 500149
500124 500118
500170 500105
500193 500191
500144 500102
500161 500115
500198 500134
500185 500158
500178 500167
500183 500172
500181 500181
500200 500108
500177 500166
500146 500194
500173 500159
500160 500160
500157 500126
500180 500114
500135 500160
500197 500127
500110 500165
500140 500182
500151 500143
500158 500161
500155 500165
500185 500167
500108 500165
500170 500143
500188 500149
500135 500191
500125 500197
500168 500110
500157 500117
500183 500128
500132 500183
500152 500132
500199 500194
500162 500117
500189 500187
500161 500103
500171 500128
500146 500196
500122 500143
500163 500147
500184 500167
500112 500172
500118 500155
500197 500163
500113 500165
500106 500104
500130 500192
500140 500173
500132 500199
500107 500165
500195 500180
500137 500180
500131 500145
500161 500199
500151 500168
500190 500139
500112 500126
500102 500161
500137 500104
500109 500151
500110 500152
500151 500162
500126 500136
500107 500117
500198 500111
500103 500119
500118 500138
500127 500164
500149 500185
500130 500132
500108 500121
500134 500181
500168 500147
500134 500130
500114 500118
500179 500150
500141 500166
500185 500190
500195 500174
500139 500149
500102 500108
500106 500120
500181 500131
500101 500128
500109 500115
500131 500154
500136 500141
500123 500149
500186 500144
500131 500198
500159 500187
500111 500165
500106 500165
500106 500167
500180 500188
500145 500177
500173 500154
500135 500108
500143 500153
500181 500130
500147 500146
500141 500137
500124 500195
500165 500164
500124 500195
500174 500125
500136 500127
500186 500193
500195 500140
500122 500119
500113 500178
500164 500199
500106 500170
500139 500164
500125 500146
500140 500150
500163 500180
500116 500137
500195 500199
500153 500121
500114 500155
500174 500137
500152 500123
500177 500149
500123 500179
500119 500196
500127 500200
500110 500107
500191 500151
500188 500188
500136 500139
500164 500180
500108 500132
500187 500185
500185 500109
500135 500121
500181 500115
500140 500196
500101 500155
500198 500148
500137 500163
500181 500145
500184 500191
500188 500107
500172 500199
500129 500104
500130 500169
500175 500129
500131 500169
500185 500158
500123 500125
500178 500102
500129 500169
500127 500162
500108 500110
500116 500166
500189 500122
500102 500198
500181 500164
500156 500133
500198 500145
500199 500168
500117 500101
500132 500126
500105 500130
500146 500189
500176 500139
500118 500110
500151 500136
500166 500180
500176 500109
500102 500106
500139 500175
500164 500170
500180 500163
500101 500163
500137 500197
500180 500161
500139 500169
500169 500144
500178 500141
500180 500151
500125 500126
500102 500106
500155 500104
500101 500172
500108 500108
500133 500101
500139 500115
500151 500122
500134 500163
500133 500187
500127 500115
500157 500151
500162 500169
500174 500172
500159 500139
500126 500166
500195 500136
500141 500149
500189 500106
500103 500144
500188 500119
500179 500182
500139 500167
500198 500135
500189 500133
500171 500188
500126 500124
500193 500105
500159 500193
500117 500155
500194 500132
500122 500110
500116 500122
500148 500161
500129 500114
500159 500191
500159 500180
500115 500123
500105 500127
500110 500106
500179 500103
500114 500188
500102 500125
500169 500182
500189 500192
500128 500187
500138 500168
500121 500164
500107 500175
500191 500106
500140 500171
500128 500109
500118 500177
500156 500195
500129 500151
500124 500112
500193 500116
500168 500114
500108 500139
500103 500120
500190 500104
500194 500191
500121 500181
500116 500170
500198 500152
500145 500189
500140 500164
500189 500144
500144 500186
500123 500115
500168 500149
500188 500142
500112 500132
500153 500111
500171 500195
500122 500105
500192 500172
500171 500169
500150 500114
500130 500119
500129 500186
500194 500154
500177 500120
500175 500122
500114 500117
500187 500103
500131 500126
500145 500129
500200 500158
500193 500145
500104 500168
500103 500175
500101 500161
500155 500158
500196 500150
500151 500147
500166 500107
500198 500163
500165 500145
500174 500123
500109 500177
500140 500187
500116 500111
500158 500120
500176 500150
500112 500175
500180 500170
500121 500102
500122 500188
500151 500167
500191 500197
500138 500168
500136 500161
500197 500158
500174 500126
500193 500166
500107 500102
500165 500152
500134 500126
500116 500171
500103 500142
500154 500131
500120 500192
500107 500150
500164 500120
500121 500197
500107 500114
500183 500165
500150 500164
27 68
84 21
14 46
55 48
91 67
13 53
50 73
28 42
69 22
23 95
78 56
5 52
79 52
84 43
78 92
33 67
80 14
9 27
62 59
33 75
13 67
56 33
67 82
14 18
43 31
14 18
62 95
43 16
36 97
62 2
38 23
2 37
89 66
92 71
11 75
63 2
66 97
78 46
83 67
75 64
24 94
25 38
22 48
1 83
4 80
27 5
29 33
50 80
88 19
70 37
32 18
7 73
7 73
32 97
65 50
9 69
14 64
95 85
69 29
48 57
72 37
60 66
63 93
57 77
68 7
18 90
58 2
85 93
41 40
96 83
71 31
24 92
33 83
86 50
6 66
67 1
6 77
76 63
15 89
66 16
19 84
84 45
44 46
67 72
44 98
29 51
41 92
42 42
65 11
15 42
78 9
3 91
95 33
81 93
17 7
15 44
8 64
52 65
27 26
11 36
80 23
22 8
37 69
76 38
33 67
74 81
81 44
74 36
71 31
83 31
95 36
2 60
47 19
6 1
55 49
60 21
25 99
62 47
39 52
60 66
77 36
77 37
26 11
26 61
1 93
43 70
34 49
33 23
49 28
65 1
67 93
96 18
51 26
57 35
54 76
23 26
79 40
58 100
78 15
88 73
30 51
83 43
37 95
5 47
87 33
33 41
84 92
16 81
12 91
83 30
49 8
13 40
52 72
42 10
87 99
34 12
10 3
37 91
47 51
32 86
15 9
55 91
77 53
71 58
85 64
75 41
85 97
93 58
44 92
37 37
58 77
66 70
45 23
24 95
72 75
91 61
34 81
31 22
50 21
47 55
70 39
100 56
18 87
47 74
8 10
94 84
22 9
91 3
19 52
69 96
12 14
12 100
60 93
18 90
48 39
35 47
43 90
21 47
30 68
29 31
45 46
69 94
57 20
24 99
86 82
1 82
32 63
68 22
5 58
63 3
19 61
46 59
82 94
58 75
37 94
90 7
89 90
62 79
77 74
13 5
2 55
46 86
94 29
40 6
41 80
94 82
7 98
25 54
36 68
95 62
89 99
45 22
76 16
100 21
6 95
65 27
26 46
12 22
93 11
12 56
