# source: JorikJooken
# original path: jj_extract\knapsackProblemInstances-master\problemInstances\n_400_c_100000000_g_6_f_0.3_eps_1e-05_s_300\test.in
# optimal value: 96928274
# format: n capacity, then weight value
400 100000000
50001033 50001162
50001043 50001229
50001272 50001299
50001102 50001175
50001042 50001103
50001076 50001232
50001226 50001222
50001091 50001236
50001219 50001222
50001136 50001148
50001053 50001086
50001291 50001189
50001249 50001166
50001131 50001134
50001240 50001219
50001075 50001160
50001209 50001128
50001200 50001060
50001241 50001043
50001275 50001100
50001209 50001192
50001223 50001204
50001124 50001299
50001187 50001112
50001027 50001000
50001109 50001160
50001136 50001002
50001122 50001215
50001270 50001183
50001033 50001259
50001018 50001065
50001142 50001006
50001165 50001102
50001269 50001259
50001024 50001197
50001162 50001037
50001037 50001008
50001219 50001253
50001193 50001068
50001039 50001013
50001131 50001222
50001143 50001043
50001130 50001203
50001208 50001256
50001192 50001004
50001060 50001132
50001047 50001038
50001061 50001108
50001191 50001033
50001030 50001203
50001047 50001176
50001025 50001241
50001151 50001023
50001286 50001201
50001009 50001039
50001022 50001058
25001220 25001222
25001030 25001217
25001047 25001021
25001165 25001014
25001055 25001281
25001278 25001156
25001171 25001217
25001073 25001030
25001173 25001052
25001079 25001129
25001003 25001206
25001147 25001017
25001254 25001242
25001152 25001271
25001267 25001255
25001124 25001035
25001111 25001182
25001148 25001285
25001023 25001292
25001281 25001291
25001023 25001102
25001187 25001255
25001108 25001095
25001022 25001044
25001123 25001294
25001063 25001286
25001118 25001225
25001078 25001085
25001123 25001260
25001195 25001061
25001080 25001185
25001150 25001202
25001036 25001168
25001110 25001052
25001272 25001112
25001070 25001062
25001161 25001116
25001006 25001088
25001206 25001266
25001218 25001213
25001153 25001252
25001264 25001232
25001061 25001150
25001299 25001036
25001020 25001071
25001011 25001297
25001016 25001193
25001216 25001195
25001242 25001089
25001070 25001231
25001041 25001089
25001106 25001042
25001240 25001266
25001280 25001128
25001299 25001040
25001006 25001004
12501149 12501032
12501179 12501296
12501045 12501091
12501131 12501285
12501181 12501195
12501241 12501025
12501232 12501204
12501253 12501055
12501032 12501146
12501100 12501085
12501050 12501237
12501049 12501082
12501119 12501148
12501087 12501023
12501141 12501081
12501121 12501071
12501190 12501035
12501054 12501238
12501122 12501012
12501278 12501016
12501264 12501172
12501049 12501143
12501187 12501069
12501005 12501257
12501010 12501152
12501097 12501153
12501124 12501215
12501144 12501256
12501182 12501078
12501256 12501181
12501063 12501290
12501211 12501289
12501113 12501048
12501148 12501126
12501211 12501215
12501069 12501147
12501294 12501086
12501260 12501076
12501086 12501216
12501300 12501131
12501091 12501242
12501221 12501261
12501061 12501034
12501135 12501196
12501241 12501072
12501192 12501192
12501090 12501158
12501296 12501047
12501073 12501148
12501031 12501048
12501016 12501072
12501148 12501212
12501097 12501287
12501059 12501173
12501248 12501122
12501268 12501105
6251004 6251296
6251217 6251246
6251248 6251137
6251064 6251291
6251264 6251214
6251083 6251118
6251038 6251226
6251152 6251205
6251180 6251156
6251002 6251064
6251283 6251040
6251029 6251033
6251162 6251084
6251216 6251027
6251137 6251143
6251096 6251118
6251192 6251134
6251144 6251283
6251073 6251207
6251241 6251204
6251233 6251100
6251175 6251158
6251275 6251044
6251028 6251279
6251240 6251294
6251282 6251092
6251170 6251165
6251208 6251273
6251181 6251151
6251101 6251172
6251113 6251101
6251229 6251029
6251135 6251030
6251105 6251204
6251172 6251008
6251168 6251035
6251086 6251057
6251086 6251034
6251067 6251131
6251289 6251293
6251251 6251291
6251265 6251203
6251246 6251024
6251150 6251050
6251050 6251047
6251027 6251198
6251049 6251140
6251151 6251113
6251251 6251068
6251109 6251271
6251265 6251130
6251074 6251118
6251077 6251027
6251190 6251061
6251077 6251272
6251288 6251190
3126275 3126091
3126077 3126115
3126193 3126282
3126055 3126055
3126038 3126189
3126168 3126228
3126238 3126023
3126166 3126002
3126111 3126242
3126094 3126234
3126176 3126184
3126014 3126208
3126107 3126002
3126282 3126293
3126127 3126259
3126243 3126210
3126217 3126116
3126073 3126293
3126280 3126245
3126292 3126023
3126178 3126147
3126300 3126145
3126289 3126027
3126106 3126031
3126038 3126154
3126001 3126219
3126116 3126011
3126038 3126184
3126205 3126259
3126083 3126049
3126293 3126164
3126292 3126234
3126181 3126098
3126004 3126020
3126190 3126280
3126268 3126129
3126247 3126033
3126153 3126281
3126221 3126138
3126290 3126126
3126185 3126166
3126065 3126169
3126071 3126175
3126003 3126178
3126058 3126058
3126077 3126126
3126115 3126109
3126194 3126212
3126058 3126166
3126276 3126190
3126261 3126255
3126204 3126091
3126151 3126010
3126293 3126130
3126215 3126074
3126023 3126149
201 45
41 123
118 8
30 278
38 63
278 263
202 271
208 63
71 232
172 30
130 4
258 62
70 167
148 66
95 191
37 38
51 93
1 255
263 274
201 58
152 273
39 123
173 38
40 91
47 113
52 265
248 156
242 208
115 98
112 136
93 95
283 159
226 30
139 32
34 288
298 54
150 240
50 20
42 217
168 286
36 124
283 144
109 217
174 65
190 290
120 119
216 3
7 104
142 66
44 131
138 30
181 238
20 45
272 56
78 11
137 268
160 23
38 138
102 103
180 26
59 210
258 165
63 130
155 79
30 19
16 177
47 159
261 87
220 176
128 44
206 244
288 184
47 186
47 2
95 227
197 259
57 243
222 16
64 227
107 226
115 183
141 30
146 275
165 100
49 20
133 34
231 186
161 178
91 96
163 14
254 54
299 17
145 41
1 123
105 13
154 274
266 135
205 78
257 73
204 53
145 89
1 142
290 288
45 210
68 181
168 220
239 170
103 225
51 267
172 69
178 51
114 35
22 145
167 212
205 192
15 83
176 23
223 25
158 295
188 14
