# source: JorikJooken
# original path: jj_extract\knapsackProblemInstances-master\problemInstances\n_1000_c_100000000_g_10_f_0.3_eps_0.001_s_300\test.in
# optimal value: 100033115
# format: n capacity, then weight value
1000 100000000
50100082 50100156
50100158 50100121
50100080 50100064
50100179 50100051
50100006 50100078
50100098 50100282
50100172 50100054
50100149 50100204
50100036 50100073
50100250 50100259
50100134 50100248
50100217 50100145
50100300 50100215
50100263 50100274
50100059 50100200
50100296 50100297
50100232 50100197
50100296 50100237
50100134 50100197
50100225 50100034
50100293 50100102
50100297 50100284
50100121 50100224
50100088 50100018
50100101 50100070
50100151 50100055
50100223 50100031
50100173 50100128
50100287 50100066
50100130 50100084
50100275 50100254
50100225 50100030
50100058 50100187
50100048 50100046
50100138 50100236
50100176 50100185
50100271 50100037
50100168 50100146
50100094 50100118
50100234 50100131
50100210 50100247
50100010 50100277
50100197 50100153
50100245 50100295
50100236 50100275
50100300 50100006
50100199 50100239
50100268 50100103
50100226 50100112
50100265 50100280
50100139 50100241
50100030 50100056
50100141 50100130
50100019 50100224
50100025 50100078
50100258 50100142
50100151 50100297
50100070 50100178
50100107 50100236
50100076 50100167
50100076 50100060
50100024 50100300
50100086 50100219
50100197 50100183
50100274 50100226
50100073 50100114
50100002 50100253
50100256 50100285
50100279 50100187
50100287 50100152
50100205 50100191
50100284 50100021
50100141 50100168
50100187 50100138
50100101 50100187
50100219 50100235
50100270 50100070
25100012 25100137
25100192 25100068
25100153 25100147
25100211 25100214
25100256 25100063
25100208 25100049
25100274 25100255
25100091 25100048
25100045 25100257
25100177 25100300
25100051 25100096
25100169 25100124
25100041 25100061
25100159 25100262
25100077 25100021
25100051 25100277
25100022 25100054
25100253 25100204
25100036 25100053
25100293 25100229
25100192 25100286
25100132 25100106
25100028 25100249
25100144 25100101
25100118 25100228
25100160 25100287
25100129 25100129
25100152 25100095
25100025 25100085
25100212 25100020
25100231 25100244
25100030 25100068
25100197 25100297
25100261 25100222
25100134 25100085
25100044 25100106
25100234 25100185
25100150 25100213
25100181 25100108
25100042 25100207
25100110 25100121
25100126 25100018
25100282 25100107
25100171 25100280
25100030 25100178
25100215 25100128
25100109 25100075
25100081 25100258
25100299 25100039
25100112 25100162
25100065 25100194
25100074 25100049
25100095 25100158
25100064 25100161
25100203 25100217
25100212 25100106
25100224 25100280
25100174 25100010
25100188 25100059
25100085 25100022
25100165 25100110
25100280 25100011
25100225 25100073
25100254 25100267
25100062 25100066
25100154 25100224
25100217 25100047
25100142 25100155
25100223 25100242
25100079 25100146
25100033 25100142
25100183 25100100
25100274 25100122
25100036 25100107
25100168 25100143
25100048 25100226
25100281 25100078
12600137 12600029
12600150 12600228
12600086 12600185
12600176 12600109
12600043 12600060
12600031 12600176
12600136 12600226
12600079 12600181
12600005 12600023
12600092 12600215
12600219 12600073
12600182 12600159
12600238 12600215
12600049 12600283
12600154 12600076
12600069 12600006
12600016 12600198
12600162 12600270
12600050 12600015
12600041 12600293
12600144 12600240
12600298 12600185
12600260 12600133
12600268 12600100
12600058 12600211
12600054 12600015
12600292 12600053
12600154 12600293
12600225 12600103
12600080 12600142
12600288 12600138
12600004 12600263
12600064 12600262
12600144 12600179
12600027 12600099
12600034 12600065
12600044 12600276
12600071 12600020
12600059 12600253
12600272 12600268
12600085 12600056
12600228 12600015
12600189 12600092
12600262 12600045
12600201 12600276
12600141 12600044
12600142 12600069
12600075 12600145
12600156 12600106
12600266 12600270
12600084 12600035
12600154 12600118
12600104 12600255
12600261 12600144
12600034 12600086
12600249 12600114
12600093 12600141
12600090 12600093
12600163 12600272
12600014 12600120
12600184 12600173
12600278 12600198
12600236 12600236
12600234 12600283
12600143 12600203
12600171 12600054
12600057 12600149
12600166 12600074
12600294 12600156
12600094 12600114
12600077 12600140
12600169 12600242
12600146 12600104
12600076 12600010
12600199 12600266
12600224 12600060
12600099 12600001
6350288 6350256
6350165 6350109
6350076 6350053
6350121 6350207
6350162 6350243
6350300 6350252
6350244 6350029
6350242 6350012
6350198 6350142
6350024 6350285
6350242 6350071
6350247 6350249
6350103 6350168
6350074 6350041
6350201 6350063
6350149 6350271
6350279 6350004
6350057 6350232
6350101 6350289
6350089 6350119
6350071 6350267
6350057 6350254
6350095 6350024
6350263 6350188
6350001 6350167
6350280 6350235
6350111 6350215
6350218 6350218
6350249 6350031
6350178 6350022
6350216 6350150
6350163 6350250
6350263 6350296
6350140 6350201
6350056 6350037
6350075 6350142
6350087 6350124
6350251 6350244
6350081 6350081
6350173 6350273
6350095 6350048
6350050 6350181
6350074 6350219
6350006 6350256
6350157 6350022
6350224 6350029
6350218 6350298
6350209 6350152
6350241 6350212
6350216 6350278
6350089 6350195
6350288 6350297
6350180 6350172
6350265 6350140
6350193 6350246
6350258 6350204
6350085 6350226
6350011 6350025
6350228 6350013
6350282 6350287
6350082 6350244
6350144 6350184
6350098 6350165
6350217 6350254
6350035 6350271
6350300 6350071
6350287 6350160
6350215 6350056
6350207 6350273
6350153 6350173
6350225 6350175
6350013 6350291
6350199 6350167
6350088 6350191
6350085 6350087
6350191 6350295
6350184 6350164
3225043 3225039
3225008 3225265
3225046 3225023
3225266 3225135
3225229 3225117
3225060 3225148
3225120 3225040
3225027 3225172
3225184 3225021
3225105 3225121
3225192 3225161
3225252 3225100
3225068 3225191
3225039 3225295
3225114 3225176
3225006 3225253
3225148 3225051
3225109 3225111
3225294 3225072
3225223 3225244
3225247 3225170
3225212 3225209
3225126 3225074
3225155 3225160
3225028 3225210
3225180 3225229
3225147 3225237
3225050 3225216
3225106 3225224
3225152 3225054
3225041 3225098
3225287 3225039
3225080 3225043
3225157 3225249
3225295 3225108
3225011 3225158
3225101 3225300
3225050 3225225
3225175 3225171
3225046 3225001
3225225 3225090
3225157 3225190
3225211 3225215
3225016 3225078
3225067 3225233
3225083 3225286
3225002 3225058
3225043 3225007
3225085 3225266
3225159 3225233
3225058 3225001
3225167 3225286
3225269 3225211
3225084 3225100
3225190 3225214
3225226 3225039
3225118 3225161
3225032 3225287
3225149 3225294
3225011 3225249
3225182 3225300
3225226 3225217
3225026 3225121
3225203 3225010
3225086 3225289
3225091 3225079
3225216 3225212
3225202 3225205
3225227 3225272
3225291 3225074
3225087 3225287
3225009 3225286
3225113 3225264
3225259 3225075
3225129 3225160
3225223 3225260
3225157 3225287
1662531 1662766
1662508 1662760
1662600 1662515
1662522 1662776
1662573 1662629
1662723 1662597
1662595 1662583
1662632 1662689
1662632 1662575
1662777 1662692
1662521 1662618
1662785 1662741
1662626 1662615
1662775 1662781
1662519 1662574
1662598 1662613
1662550 1662672
1662686 1662539
1662605 1662556
1662768 1662762
1662523 1662572
1662596 1662654
1662746 1662555
1662718 1662520
1662642 1662651
1662524 1662574
1662582 1662732
1662698 1662622
1662686 1662704
1662666 1662590
1662607 1662595
1662777 1662793
1662695 1662672
1662630 1662760
1662720 1662668
1662714 1662578
1662568 1662582
1662537 1662700
1662744 1662748
1662548 1662574
1662790 1662722
1662738 1662732
1662605 1662754
1662574 1662795
1662534 1662719
1662655 1662742
1662702 1662795
1662678 1662632
1662634 1662586
1662518 1662798
1662673 1662800
1662703 1662602
1662706 1662584
1662673 1662570
1662586 1662600
1662692 1662604
1662726 1662609
1662638 1662656
1662735 1662773
1662593 1662512
1662692 1662643
1662781 1662620
1662748 1662503
1662640 1662751
1662656 1662717
1662650 1662742
1662683 1662786
1662617 1662530
1662776 1662747
1662513 1662751
1662511 1662604
1662647 1662583
1662602 1662784
1662758 1662553
1662702 1662762
1662714 1662512
1662529 1662627
881279 881267
881459 881318
881296 881257
881428 881532
881253 881355
881545 881370
881436 881477
881287 881478
881418 881492
881265 881324
881421 881326
881286 881541
881526 881421
881310 881433
881268 881525
881281 881319
881431 881471
881523 881458
881379 881357
881360 881443
881478 881478
881383 881440
881349 881328
881542 881475
881450 881412
881285 881416
881425 881422
881492 881458
881495 881381
881516 881296
881328 881356
881343 881483
881375 881497
881328 881370
881323 881435
881478 881544
881470 881406
881399 881400
881476 881313
881341 881301
881289 881471
881502 881400
881284 881481
881374 881477
881502 881335
881254 881354
881446 881419
881455 881345
881465 881304
881295 881376
881278 881466
881254 881338
881398 881403
881333 881256
881390 881303
881425 881312
881290 881406
881543 881471
881287 881537
881421 881409
881484 881498
881420 881391
881351 881495
881467 881439
881360 881529
881443 881547
881384 881541
881427 881346
881387 881285
881509 881546
881362 881503
881480 881321
881464 881366
881477 881328
881458 881263
881444 881433
881255 881406
490656 490649
490875 490726
490796 490628
490892 490874
490752 490713
490665 490794
490853 490667
490871 490632
490881 490907
490730 490789
490828 490842
490774 490749
490698 490850
490917 490909
490840 490848
490738 490901
490709 490671
490803 490727
490796 490699
490818 490833
490719 490863
490667 490720
490825 490855
490718 490884
490703 490686
490881 490645
490632 490703
490790 490704
490871 490804
490740 490727
490883 490835
490667 490866
490829 490807
490896 490749
490656 490824
490778 490836
490824 490899
490802 490848
490635 490914
490719 490736
490720 490870
490630 490853
490925 490668
490688 490861
490924 490677
490796 490697
490695 490664
490749 490777
490809 490912
490629 490853
490671 490882
490837 490861
490731 490729
490843 490900
490920 490760
490659 490706
490872 490783
490868 490767
490845 490720
490863 490669
490884 490770
490697 490839
490864 490875
490673 490891
490866 490900
490785 490658
490816 490871
490733 490856
490886 490701
490732 490805
490780 490789
490771 490887
490665 490899
490825 490861
490817 490693
490871 490693
490890 490676
295345 295359
295455 295491
295526 295375
295451 295466
295508 295574
295373 295432
295333 295509
295435 295469
295453 295530
295433 295461
295441 295593
295609 295376
295576 295525
295417 295412
295594 295609
295466 295488
295579 295435
295434 295538
295470 295328
295371 295460
295457 295449
295409 295485
295346 295491
295607 295411
295599 295517
295563 295460
295333 295371
295325 295327
295402 295480
295610 295466
295385 295349
295334 295542
295499 295431
295346 295518
295499 295444
295352 295515
295492 295552
295510 295605
295432 295529
295491 295406
295606 295459
295458 295382
295510 295433
295382 295477
295588 295399
295534 295390
295391 295520
295385 295535
295362 295576
295584 295342
295565 295385
295535 295561
295513 295359
295386 295606
295499 295543
295552 295418
295375 295478
295358 295430
295400 295451
295605 295377
295603 295318
295509 295348
295322 295403
295317 295338
295552 295332
295570 295433
295574 295429
295390 295491
295552 295498
295384 295347
295566 295588
295407 295359
295431 295368
295468 295578
295402 295467
295321 295476
295339 295433
162 91
266 64
94 166
41 241
25 219
291 273
221 51
255 281
255 288
175 253
242 17
211 300
75 242
218 191
147 106
202 27
44 238
50 106
253 77
184 57
133 22
11 211
209 218
183 87
23 131
257 73
89 279
61 258
219 28
137 292
150 189
188 212
297 49
59 110
155 276
47 225
176 127
195 226
128 251
278 207
198 126
48 207
292 47
195 37
163 245
99 80
157 37
205 246
161 261
185 65
39 299
241 202
146 172
57 156
243 281
239 223
217 263
53 89
261 258
176 98
28 234
14 292
170 182
277 272
70 37
110 142
11 247
173 198
114 246
86 288
175 165
71 9
1 155
149 47
232 203
158 115
196 42
274 121
31 156
72 277
42 11
231 35
104 202
31 31
291 284
299 255
225 294
131 124
283 175
170 133
52 179
300 295
260 43
46 93
125 221
126 5
256 157
120 239
268 11
275 63
106 29
292 199
171 108
248 120
205 37
47 169
87 199
149 285
164 23
90 44
87 105
176 87
261 204
95 275
22 188
44 103
284 8
213 132
84 139
134 34
65 33
256 195
101 193
24 19
4 121
57 126
223 240
28 51
279 187
163 43
83 122
126 78
257 112
202 75
85 289
116 259
193 261
232 197
166 44
47 236
236 31
211 29
179 40
291 185
57 175
248 294
151 45
253 127
64 93
249 204
170 212
194 276
235 188
40 286
141 74
96 35
211 240
94 146
217 190
187 292
214 92
126 66
207 144
199 14
238 30
298 159
290 193
190 297
149 247
65 182
116 150
180 99
77 194
165 144
214 53
97 46
41 32
24 12
6 214
71 232
149 111
172 35
254 7
90 170
187 135
142 30
86 156
215 49
56 84
282 177
264 253
38 185
28 15
29 269
60 179
62 170
196 246
210 102
79 70
138 28
24 10
36 49
53 271
206 125
135 246
82 253
153 188
17 292
265 105
268 230
2 211
125 292
160 56
104 234
211 170
5 174
184 219
148 192
111 151
129 252
290 249
14 91
182 107
191 100
212 230
146 115
48 103
116 77
178 290
59 116
48 171
109 101
21 138
113 68
263 117
34 282
7 170
250 178
22 259
23 162
148 289
65 157
281 75
1 179
89 206
179 124
117 87
11 10
152 13
87 270
106 127
79 292
233 25
227 234
68 130
295 102
127 65
186 176
203 59
42 141
100 43
153 226
245 139
57 178
122 248
54 95
244 298
151 268
23 181
257 267
102 264
120 25
232 235
127 237
77 293
174 43
96 231
9 218
65 8
270 253
236 46
279 270
107 64
258 229
179 269
23 216
296 246
191 36
70 163
27 118
257 175
51 250
188 207
210 67
74 186
292 257
24 108
134 192
17 226
270 282
155 214
219 55
120 107
67 175
184 249
297 299
110 45
