# source: JorikJooken
# original path: jj_extract\knapsackProblemInstances-master\problemInstances\n_600_c_10000000000_g_6_f_0.1_eps_0.1_s_300\test.in
# optimal value: 9937510639
# format: n capacity, then weight value
600 10000000000
6000000008 6000000126
6000000108 6000000010
6000000231 6000000095
6000000094 6000000291
6000000292 6000000180
6000000266 6000000194
6000000169 6000000116
6000000196 6000000151
6000000265 6000000200
6000000022 6000000122
6000000119 6000000002
6000000295 6000000105
6000000126 6000000267
6000000050 6000000056
6000000262 6000000007
6000000244 6000000297
6000000296 6000000281
6000000147 6000000266
6000000296 6000000136
6000000174 6000000005
6000000035 6000000090
6000000088 6000000051
6000000030 6000000296
6000000247 6000000189
6000000159 6000000295
6000000216 6000000232
6000000065 6000000196
6000000006 6000000083
6000000031 6000000059
6000000159 6000000246
6000000247 6000000031
6000000166 6000000190
6000000225 6000000130
6000000077 6000000222
6000000011 6000000249
6000000017 6000000104
6000000122 6000000241
6000000271 6000000280
6000000152 6000000086
6000000282 6000000002
6000000024 6000000270
6000000141 6000000101
6000000140 6000000189
6000000163 6000000015
6000000017 6000000028
6000000260 6000000284
6000000098 6000000250
6000000100 6000000031
6000000009 6000000102
6000000108 6000000286
6000000040 6000000043
6000000250 6000000145
6000000055 6000000042
6000000294 6000000202
6000000258 6000000299
6000000205 6000000290
6000000146 6000000246
6000000284 6000000234
6000000161 6000000255
6000000110 6000000164
6000000164 6000000173
6000000146 6000000116
6000000254 6000000282
6000000277 6000000042
6000000081 6000000013
6000000150 6000000160
6000000112 6000000179
6000000157 6000000185
6000000226 6000000121
6000000261 6000000253
6000000013 6000000275
6000000133 6000000209
6000000208 6000000106
6000000253 6000000147
6000000157 6000000162
6000000117 6000000281
6000000040 6000000053
6000000205 6000000207
6000000227 6000000130
6000000060 6000000052
6000000267 6000000239
6000000226 6000000208
6000000299 6000000268
6000000168 6000000141
6000000186 6000000220
6000000249 6000000136
6000000177 6000000007
6000000106 6000000139
6000000217 6000000022
6000000127 6000000132
6000000027 6000000210
6000000151 6000000088
6000000245 6000000289
6000000036 6000000137
6000000114 6000000239
6000000062 6000000273
6000000074 6000000111
6000000131 6000000154
6000000263 6000000252
6000000013 6000000128
6000000209 6000000292
6000000280 6000000035
6000000043 6000000069
6000000127 6000000251
6000000267 6000000096
6000000105 6000000253
6000000015 6000000054
6000000126 6000000177
3500000004 3500000179
3500000009 3500000196
3500000010 3500000222
3500000033 3500000100
3500000215 3500000220
3500000004 3500000121
3500000045 3500000090
3500000034 3500000166
3500000048 3500000253
3500000196 3500000300
3500000014 3500000281
3500000176 3500000064
3500000032 3500000209
3500000029 3500000091
3500000184 3500000214
3500000190 3500000157
3500000212 3500000289
3500000113 3500000199
3500000246 3500000083
3500000016 3500000041
3500000295 3500000050
3500000230 3500000129
3500000177 3500000158
3500000158 3500000110
3500000163 3500000227
3500000160 3500000196
3500000089 3500000162
3500000076 3500000196
3500000281 3500000183
3500000250 3500000109
3500000287 3500000061
3500000007 3500000254
3500000061 3500000279
3500000036 3500000286
3500000023 3500000181
3500000148 3500000134
3500000085 3500000145
3500000291 3500000040
3500000149 3500000085
3500000090 3500000045
3500000276 3500000282
3500000021 3500000005
3500000148 3500000034
3500000270 3500000002
3500000165 3500000183
3500000137 3500000241
3500000047 3500000254
3500000238 3500000287
3500000104 3500000092
3500000094 3500000001
3500000213 3500000206
3500000165 3500000186
3500000208 3500000205
3500000278 3500000179
3500000083 3500000068
3500000060 3500000041
3500000270 3500000285
3500000030 3500000010
3500000240 3500000027
3500000016 3500000270
3500000274 3500000017
3500000144 3500000003
3500000055 3500000202
3500000257 3500000118
3500000039 3500000043
3500000047 3500000261
3500000169 3500000241
3500000170 3500000141
3500000118 3500000125
3500000150 3500000266
3500000253 3500000104
3500000111 3500000265
3500000028 3500000004
3500000046 3500000227
3500000230 3500000168
3500000189 3500000057
3500000152 3500000282
3500000123 3500000204
3500000195 3500000020
3500000210 3500000252
3500000181 3500000179
3500000077 3500000095
3500000244 3500000051
3500000105 3500000206
3500000216 3500000118
3500000050 3500000285
3500000234 3500000069
3500000231 3500000260
3500000223 3500000152
3500000224 3500000115
3500000280 3500000180
3500000232 3500000204
3500000109 3500000110
3500000163 3500000201
3500000262 3500000131
3500000252 3500000180
3500000134 3500000096
3500000149 3500000123
3500000258 3500000240
3500000079 3500000126
3500000238 3500000064
3500000104 3500000056
3500000177 3500000083
3500000044 3500000167
3500000023 3500000239
3500000136 3500000054
3500000261 3500000290
3500000080 3500000238
2250000190 2250000191
2250000174 2250000057
2250000204 2250000209
2250000009 2250000180
2250000274 2250000053
2250000265 2250000076
2250000189 2250000233
2250000279 2250000160
2250000028 2250000250
2250000096 2250000099
2250000264 2250000218
2250000215 2250000109
2250000291 2250000163
2250000129 2250000258
2250000092 2250000220
2250000072 2250000065
2250000094 2250000089
2250000215 2250000005
2250000067 2250000246
2250000259 2250000293
2250000284 2250000122
2250000048 2250000037
2250000132 2250000017
2250000041 2250000194
2250000139 2250000009
2250000152 2250000193
2250000215 2250000068
2250000095 2250000263
2250000211 2250000008
2250000121 2250000145
2250000121 2250000022
2250000157 2250000144
2250000072 2250000083
2250000065 2250000130
2250000225 2250000160
2250000210 2250000145
2250000292 2250000168
2250000011 2250000117
2250000056 2250000122
2250000209 2250000084
2250000084 2250000290
2250000158 2250000230
2250000219 2250000201
2250000256 2250000294
2250000268 2250000032
2250000283 2250000210
2250000208 2250000088
2250000300 2250000038
2250000223 2250000258
2250000041 2250000082
2250000137 2250000056
2250000266 2250000219
2250000111 2250000274
2250000155 2250000121
2250000059 2250000243
2250000153 2250000090
2250000276 2250000249
2250000279 2250000070
2250000219 2250000006
2250000106 2250000152
2250000024 2250000216
2250000127 2250000084
2250000179 2250000022
2250000271 2250000046
2250000194 2250000119
2250000088 2250000191
2250000109 2250000086
2250000181 2250000091
2250000190 2250000219
2250000268 2250000244
2250000036 2250000212
2250000061 2250000290
2250000210 2250000163
2250000039 2250000120
2250000218 2250000140
2250000299 2250000099
2250000135 2250000229
2250000230 2250000096
2250000108 2250000224
2250000143 2250000094
2250000097 2250000134
2250000264 2250000133
2250000055 2250000083
2250000197 2250000191
2250000223 2250000271
2250000033 2250000062
2250000058 2250000022
2250000046 2250000280
2250000115 2250000106
2250000207 2250000125
2250000139 2250000015
2250000145 2250000230
2250000008 2250000035
2250000250 2250000033
2250000203 2250000169
2250000142 2250000129
2250000260 2250000253
2250000232 2250000186
2250000105 2250000147
2250000225 2250000054
2250000219 2250000295
2250000023 2250000094
2250000223 2250000099
2250000254 2250000117
2250000157 2250000199
2250000208 2250000293
2250000084 2250000203
2250000237 2250000096
1625000038 1625000170
1625000238 1625000189
1625000033 1625000005
1625000203 1625000004
1625000162 1625000123
1625000283 1625000170
1625000145 1625000165
1625000129 1625000055
1625000043 1625000256
1625000141 1625000266
1625000086 1625000112
1625000187 1625000199
1625000249 1625000172
1625000006 1625000144
1625000132 1625000179
1625000208 1625000242
1625000051 1625000164
1625000229 1625000227
1625000220 1625000076
1625000084 1625000295
1625000013 1625000060
1625000028 1625000264
1625000202 1625000153
1625000070 1625000206
1625000241 1625000244
1625000134 1625000053
1625000161 1625000251
1625000103 1625000192
1625000204 1625000229
1625000119 1625000211
1625000043 1625000134
1625000055 1625000024
1625000149 1625000294
1625000096 1625000150
1625000033 1625000148
1625000277 1625000248
1625000186 1625000011
1625000010 1625000143
1625000147 1625000015
1625000295 1625000139
1625000053 1625000028
1625000095 1625000204
1625000022 1625000003
1625000222 1625000035
1625000037 1625000178
1625000108 1625000038
1625000189 1625000139
1625000172 1625000249
1625000106 1625000048
1625000125 1625000094
1625000182 1625000067
1625000068 1625000143
1625000050 1625000202
1625000044 1625000065
1625000234 1625000178
1625000194 1625000065
1625000091 1625000174
1625000191 1625000121
1625000126 1625000012
1625000045 1625000058
1625000022 1625000116
1625000092 1625000066
1625000126 1625000202
1625000244 1625000238
1625000185 1625000142
1625000103 1625000241
1625000260 1625000270
1625000098 1625000231
1625000263 1625000065
1625000078 1625000282
1625000293 1625000289
1625000005 1625000152
1625000195 1625000093
1625000268 1625000103
1625000065 1625000181
1625000016 1625000060
1625000236 1625000002
1625000257 1625000075
1625000039 1625000010
1625000217 1625000035
1625000106 1625000120
1625000180 1625000098
1625000204 1625000276
1625000030 1625000004
1625000106 1625000128
1625000193 1625000017
1625000099 1625000223
1625000208 1625000198
1625000162 1625000107
1625000130 1625000253
1625000088 1625000083
1625000281 1625000241
1625000073 1625000002
1625000176 1625000232
1625000059 1625000111
1625000152 1625000094
1625000140 1625000097
1625000290 1625000238
1625000213 1625000010
1625000255 1625000246
1625000244 1625000076
1625000015 1625000125
1625000008 1625000035
1625000186 1625000143
1625000215 1625000286
1625000254 1625000091
1625000218 1625000029
1625000117 1625000077
1312500027 1312500110
1312500198 1312500024
1312500132 1312500063
1312500155 1312500255
1312500175 1312500030
1312500141 1312500297
1312500156 1312500018
1312500171 1312500132
1312500272 1312500077
1312500109 1312500027
1312500005 1312500181
1312500106 1312500097
1312500231 1312500286
1312500248 1312500097
1312500235 1312500012
1312500144 1312500032
1312500074 1312500041
1312500039 1312500195
1312500233 1312500065
1312500250 1312500193
1312500002 1312500002
1312500106 1312500010
1312500137 1312500282
1312500161 1312500168
1312500211 1312500290
1312500204 1312500137
1312500196 1312500120
1312500231 1312500007
1312500047 1312500088
1312500189 1312500098
1312500072 1312500050
1312500159 1312500105
1312500057 1312500173
1312500205 1312500012
1312500222 1312500089
1312500196 1312500276
1312500021 1312500053
1312500291 1312500142
1312500212 1312500122
1312500266 1312500223
1312500115 1312500008
1312500289 1312500294
1312500210 1312500089
1312500192 1312500159
1312500051 1312500053
1312500283 1312500041
1312500252 1312500044
1312500188 1312500119
1312500263 1312500160
1312500268 1312500039
1312500262 1312500047
1312500090 1312500219
1312500105 1312500075
1312500152 1312500186
1312500076 1312500245
1312500091 1312500216
1312500220 1312500240
1312500171 1312500066
1312500282 1312500079
1312500277 1312500183
1312500083 1312500161
1312500224 1312500064
1312500036 1312500139
1312500273 1312500112
1312500159 1312500088
1312500182 1312500026
1312500254 1312500042
1312500277 1312500246
1312500090 1312500033
1312500107 1312500297
1312500061 1312500023
1312500149 1312500147
1312500200 1312500199
1312500068 1312500170
1312500240 1312500285
1312500043 1312500016
1312500136 1312500186
1312500194 1312500058
1312500132 1312500068
1312500186 1312500003
1312500098 1312500054
1312500091 1312500088
1312500152 1312500052
1312500271 1312500112
1312500036 1312500080
1312500281 1312500254
1312500110 1312500185
1312500104 1312500071
1312500197 1312500263
1312500173 1312500121
1312500045 1312500077
1312500281 1312500066
1312500094 1312500238
1312500027 1312500014
1312500228 1312500107
1312500189 1312500012
1312500235 1312500007
1312500087 1312500101
1312500177 1312500021
1312500016 1312500106
1312500284 1312500072
1312500172 1312500127
1312500158 1312500079
1312500108 1312500260
1312500202 1312500087
1312500001 1312500097
1312500244 1312500087
1312500096 1312500042
214 24
269 86
241 277
9 65
84 145
215 78
166 125
164 144
226 198
27 153
267 35
112 36
51 71
261 243
218 45
193 299
173 226
115 221
113 261
2 265
237 152
122 130
69 233
199 56
218 39
139 70
87 66
134 247
199 161
73 235
88 216
11 205
16 53
86 202
90 254
277 97
10 98
183 240
196 180
43 117
121 212
156 227
238 217
118 277
14 65
194 208
55 61
97 287
139 124
283 277
163 133
92 183
288 290
294 170
81 153
222 121
136 10
86 160
134 102
198 127
