# source: JorikJooken
# original path: jj_extract\knapsackProblemInstances-master\problemInstances\n_800_c_100000000_g_2_f_0.3_eps_0.001_s_300\test.in
# optimal value: 50135450
# format: n capacity, then weight value
800 100000000
50100101 50100246
50100044 50100039
50100091 50100164
50100204 50100082
50100206 50100135
50100068 50100191
50100277 50100211
50100189 50100292
50100008 50100282
50100118 50100256
50100095 50100059
50100129 50100037
50100055 50100179
50100139 50100256
50100300 50100178
50100036 50100151
50100224 50100211
50100216 50100165
50100091 50100237
50100003 50100130
50100002 50100076
50100173 50100262
50100228 50100102
50100279 50100097
50100214 50100213
50100023 50100279
50100151 50100244
50100290 50100097
50100272 50100063
50100052 50100013
50100220 50100019
50100244 50100216
50100279 50100109
50100279 50100153
50100118 50100226
50100035 50100063
50100230 50100102
50100185 50100153
50100221 50100007
50100291 50100232
50100268 50100245
50100034 50100219
50100220 50100054
50100264 50100292
50100051 50100280
50100117 50100194
50100236 50100287
50100142 50100127
50100175 50100071
50100220 50100290
50100004 50100249
50100032 50100285
50100034 50100098
50100286 50100104
50100107 50100248
50100115 50100050
50100261 50100121
50100124 50100275
50100170 50100045
50100077 50100090
50100070 50100010
50100292 50100101
50100005 50100188
50100122 50100080
50100193 50100205
50100053 50100014
50100044 50100190
50100267 50100208
50100046 50100216
50100096 50100148
50100231 50100160
50100033 50100205
50100174 50100064
50100212 50100140
50100285 50100200
50100014 50100017
50100193 50100112
50100131 50100046
50100250 50100005
50100192 50100195
50100294 50100084
50100109 50100192
50100186 50100042
50100088 50100212
50100235 50100282
50100121 50100134
50100259 50100197
50100299 50100277
50100254 50100222
50100224 50100239
50100011 50100154
50100250 50100219
50100063 50100086
50100104 50100055
50100146 50100184
50100247 50100220
50100045 50100068
50100019 50100221
50100198 50100059
50100007 50100009
50100068 50100136
50100255 50100033
50100154 50100186
50100110 50100212
50100238 50100125
50100099 50100142
50100097 50100260
50100286 50100169
50100262 50100235
50100237 50100090
50100203 50100033
50100129 50100206
50100100 50100039
50100190 50100240
50100244 50100239
50100121 50100028
50100104 50100089
50100186 50100172
50100077 50100097
50100274 50100009
50100182 50100270
50100118 50100225
50100298 50100227
50100146 50100243
50100002 50100156
50100205 50100041
50100263 50100061
50100012 50100036
50100038 50100031
50100025 50100142
50100053 50100129
50100206 50100192
50100265 50100118
50100009 50100014
50100185 50100161
50100295 50100013
50100151 50100286
50100130 50100143
50100088 50100152
50100291 50100229
50100284 50100103
50100196 50100166
50100289 50100261
50100082 50100187
50100272 50100164
50100081 50100085
50100034 50100223
50100242 50100015
50100189 50100206
50100298 50100228
50100194 50100047
50100290 50100282
50100271 50100071
50100276 50100294
50100045 50100105
50100193 50100132
50100082 50100064
50100031 50100208
50100265 50100229
50100269 50100020
50100267 50100111
50100157 50100159
50100052 50100191
50100137 50100240
50100228 50100232
50100049 50100149
50100113 50100263
50100226 50100064
50100050 50100253
50100158 50100013
50100153 50100222
50100207 50100080
50100065 50100123
50100176 50100055
50100042 50100283
50100060 50100115
50100094 50100184
50100044 50100107
50100264 50100123
50100257 50100177
50100192 50100166
50100164 50100049
50100177 50100140
50100115 50100043
50100023 50100214
50100263 50100097
50100191 50100228
50100238 50100242
50100115 50100010
50100047 50100161
50100300 50100035
50100053 50100055
50100079 50100175
50100287 50100189
50100090 50100128
50100229 50100033
50100201 50100207
50100176 50100006
50100284 50100229
50100175 50100266
50100160 50100238
50100094 50100150
50100260 50100040
50100148 50100165
50100024 50100218
50100151 50100125
50100217 50100246
50100060 50100174
50100223 50100174
50100072 50100074
50100101 50100103
50100028 50100204
50100060 50100161
50100026 50100221
50100266 50100041
50100139 50100254
50100114 50100194
50100198 50100007
50100229 50100084
50100082 50100024
50100180 50100047
50100043 50100101
50100291 50100201
50100081 50100171
50100199 50100206
50100005 50100130
50100187 50100267
50100009 50100160
50100284 50100287
50100141 50100062
50100178 50100250
50100229 50100213
50100048 50100136
50100007 50100228
50100243 50100088
50100081 50100001
50100162 50100299
50100126 50100286
50100100 50100167
50100038 50100115
50100153 50100165
50100254 50100151
50100269 50100015
50100018 50100209
50100035 50100191
50100236 50100282
50100233 50100010
50100036 50100034
50100233 50100098
50100035 50100259
50100229 50100096
50100136 50100280
50100139 50100115
50100008 50100046
50100078 50100022
50100040 50100170
50100003 50100078
50100001 50100019
50100146 50100117
50100269 50100223
50100005 50100053
50100218 50100166
50100081 50100063
50100288 50100128
50100063 50100163
50100194 50100284
50100083 50100119
50100152 50100245
50100242 50100225
50100086 50100240
50100241 50100237
50100093 50100200
50100111 50100172
50100236 50100083
50100074 50100273
50100100 50100107
50100292 50100007
50100236 50100242
50100139 50100214
50100044 50100244
50100270 50100011
50100112 50100023
50100271 50100271
50100244 50100056
50100256 50100156
50100200 50100146
50100092 50100275
50100017 50100217
50100245 50100160
50100181 50100099
50100277 50100144
50100146 50100285
50100211 50100149
50100245 50100167
50100077 50100205
50100103 50100095
50100059 50100122
50100300 50100237
50100253 50100183
50100089 50100052
50100006 50100053
50100144 50100223
50100212 50100156
50100092 50100196
50100163 50100187
50100014 50100178
50100251 50100069
50100133 50100278
50100243 50100213
50100295 50100117
50100076 50100076
50100133 50100214
50100190 50100023
50100122 50100005
50100061 50100210
50100203 50100116
50100049 50100100
50100153 50100047
50100178 50100132
50100211 50100215
50100062 50100123
50100168 50100266
50100291 50100285
50100075 50100021
50100221 50100022
50100259 50100104
50100158 50100273
50100048 50100170
50100082 50100096
50100070 50100198
50100159 50100233
50100039 50100079
50100188 50100167
50100123 50100179
50100260 50100044
50100244 50100205
50100237 50100221
50100289 50100138
50100059 50100071
50100215 50100183
50100049 50100182
50100111 50100038
50100038 50100255
50100071 50100195
50100175 50100236
50100059 50100283
50100163 50100263
50100160 50100194
50100265 50100015
50100149 50100139
50100034 50100194
50100036 50100089
50100109 50100273
50100145 50100188
50100150 50100145
50100050 50100146
50100005 50100258
50100300 50100172
50100211 50100271
50100206 50100134
50100110 50100268
50100221 50100248
50100181 50100249
50100197 50100242
50100006 50100204
50100180 50100063
50100228 50100133
50100122 50100242
50100089 50100106
50100174 50100210
50100020 50100021
50100031 50100128
50100178 50100068
50100142 50100187
50100221 50100193
50100166 50100258
50100068 50100012
50100111 50100059
50100028 50100078
50100062 50100271
50100256 50100265
50100155 50100206
50100094 50100291
50100021 50100207
50100016 50100197
50100123 50100239
50100029 50100201
50100016 50100290
50100146 50100108
50100288 50100154
50100157 50100026
50100047 50100229
50100118 50100291
50100255 50100214
50100036 50100272
50100098 50100158
50100136 50100031
50100057 50100151
50100269 50100050
50100203 50100064
50100278 50100178
50100137 50100250
50100227 50100260
50100150 50100175
50100062 50100083
50100296 50100178
50100289 50100281
50100240 50100139
50100094 50100232
50100106 50100053
50100227 50100074
50100064 50100015
50100128 50100164
50100287 50100242
50100155 50100123
50100284 50100117
50100295 50100285
50100088 50100115
50100053 50100042
50100062 50100138
50100006 50100140
50100057 50100087
50100097 50100227
50100257 50100164
50100004 50100300
50100057 50100081
50100260 50100296
50100165 50100194
50100033 50100099
50100241 50100076
50100160 50100019
50100248 50100185
50100051 50100062
50100265 50100283
50100121 50100184
50100300 50100089
50100018 50100133
50100150 50100064
50100156 50100006
50100063 50100023
50100123 50100199
50100136 50100115
50100176 50100088
50100143 50100073
50100017 50100130
50100070 50100069
50100180 50100227
50100132 50100284
50100012 50100054
50100021 50100025
50100234 50100233
50100003 50100024
50100052 50100233
50100142 50100138
50100212 50100291
50100137 50100158
50100245 50100118
50100112 50100173
50100200 50100177
50100021 50100174
50100099 50100265
50100069 50100252
50100022 50100054
50100259 50100045
50100198 50100039
50100038 50100068
50100039 50100115
50100277 50100273
50100090 50100065
50100196 50100212
50100010 50100211
50100222 50100289
50100062 50100221
50100232 50100278
50100011 50100059
50100260 50100052
50100287 50100067
50100285 50100218
50100126 50100075
50100162 50100007
50100052 50100073
50100286 50100080
50100181 50100041
50100255 50100115
50100025 50100212
50100128 50100162
50100183 50100209
50100278 50100182
50100036 50100249
50100034 50100002
50100280 50100029
50100117 50100261
50100080 50100299
50100228 50100240
50100010 50100153
50100057 50100138
50100154 50100266
50100035 50100084
50100200 50100193
50100263 50100254
50100163 50100202
50100135 50100056
50100101 50100124
50100080 50100202
50100199 50100048
50100030 50100098
50100001 50100083
50100034 50100248
50100068 50100122
50100101 50100220
50100285 50100204
50100175 50100089
50100167 50100093
50100084 50100049
50100266 50100024
50100067 50100205
50100106 50100133
50100058 50100016
50100075 50100212
50100073 50100283
50100235 50100080
50100020 50100160
50100244 50100024
50100205 50100167
50100225 50100285
50100178 50100276
50100135 50100227
50100054 50100229
50100187 50100279
50100079 50100006
50100046 50100208
50100247 50100143
50100291 50100259
50100067 50100134
50100078 50100158
50100029 50100037
50100177 50100262
50100106 50100287
50100073 50100288
50100274 50100058
50100091 50100034
50100161 50100150
50100014 50100271
50100098 50100279
50100022 50100176
50100071 50100071
50100206 50100117
50100043 50100089
50100251 50100271
50100245 50100208
50100057 50100251
50100082 50100169
50100207 50100153
50100277 50100295
50100226 50100060
50100150 50100216
50100156 50100042
50100253 50100043
50100075 50100217
50100250 50100245
177 63
123 277
118 185
128 153
38 266
256 141
183 260
141 262
177 36
270 282
187 280
25 78
37 208
285 115
276 83
104 153
284 30
197 148
230 257
219 124
8 5
271 240
275 51
75 142
195 251
16 274
255 139
51 166
137 160
248 143
58 215
180 148
191 168
56 195
253 60
57 141
39 252
2 140
79 168
129 187
265 168
185 4
269 36
93 148
219 112
297 65
29 217
112 171
16 37
89 149
252 206
50 263
52 199
146 57
128 88
232 143
39 241
35 121
124 200
199 38
256 225
87 193
254 263
293 116
237 136
195 42
116 245
73 201
48 136
253 16
67 207
227 233
131 136
235 78
56 94
23 181
258 244
141 120
251 11
253 231
240 26
115 271
141 30
125 189
56 272
85 89
93 293
185 166
65 34
280 45
39 250
227 83
64 224
140 162
132 103
201 217
270 117
34 36
230 184
32 137
88 56
249 44
64 233
110 274
153 20
114 85
281 208
144 162
1 167
75 46
255 141
212 200
120 188
98 244
98 72
221 262
61 162
178 211
124 292
157 48
163 25
138 29
61 37
1 115
34 31
199 247
1 144
103 165
116 276
227 111
94 226
115 6
2 119
33 248
224 195
200 41
132 207
224 71
228 1
59 244
203 250
263 88
218 21
133 86
48 126
147 46
199 278
162 147
263 73
228 300
290 239
206 90
286 237
58 147
203 201
296 241
27 106
140 130
176 106
38 21
62 194
278 4
106 216
265 188
32 110
197 111
93 265
283 59
95 8
237 111
284 133
272 27
26 189
44 295
105 58
77 91
10 216
68 127
74 43
29 229
5 47
22 127
182 224
99 5
53 92
80 230
213 266
44 54
234 149
117 114
285 106
135 240
293 241
275 70
214 112
263 192
70 21
188 176
136 188
42 227
86 142
278 129
270 238
88 33
250 160
161 182
284 162
50 15
85 201
134 126
291 249
156 217
150 12
170 18
29 104
62 256
52 173
289 124
208 130
292 288
85 125
192 156
74 175
179 17
9 187
291 134
220 139
79 86
70 59
67 233
223 129
126 101
190 295
158 28
165 140
277 233
133 135
110 12
29 75
1 246
