# source: JorikJooken
# original path: jj_extract\knapsackProblemInstances-master\problemInstances\n_800_c_1000000_g_10_f_0.2_eps_1e-05_s_300\test.in
# optimal value: 1023710
# format: n capacity, then weight value
800 1000000
500289 500189
500184 500127
500289 500091
500079 500162
500154 500234
500105 500030
500128 500065
500051 500131
500273 500089
500229 500082
500280 500050
500149 500132
500285 500156
500166 500215
500090 500181
500202 500017
500294 500057
500169 500011
500110 500101
500198 500303
500033 500051
500157 500281
500288 500137
500257 500214
500035 500113
500031 500228
500267 500194
500175 500168
500243 500261
500097 500095
500154 500125
500072 500232
500137 500088
500288 500273
500179 500246
500196 500064
500143 500037
500056 500173
500027 500012
500283 500228
500068 500207
500056 500196
500258 500280
500012 500304
500162 500024
500152 500253
500012 500074
500068 500062
500083 500028
500139 500016
500084 500064
500276 500156
500287 500032
500298 500300
500076 500078
500091 500099
500079 500096
500252 500038
500145 500073
500037 500015
500080 500265
500209 500118
500214 500117
500067 500076
500168 500100
500137 500086
500234 500249
500194 500113
500254 500244
500281 500214
500141 500207
250117 250085
250079 250175
250062 250242
250064 250044
250031 250104
250033 250203
250048 250214
250118 250029
250122 250125
250117 250227
250284 250268
250267 250031
250172 250103
250151 250076
250104 250175
250027 250255
250080 250286
250034 250214
250292 250093
250238 250152
250218 250261
250085 250110
250106 250064
250115 250088
250308 250024
250236 250158
250275 250160
250028 250098
250036 250107
250246 250062
250026 250030
250239 250233
250090 250081
250112 250175
250186 250182
250243 250199
250121 250209
250204 250120
250263 250187
250096 250212
250293 250142
250078 250170
250155 250132
250199 250043
250183 250303
250200 250295
250049 250100
250240 250227
250228 250238
250033 250070
250052 250121
250060 250266
250197 250274
250271 250177
250168 250139
250090 250193
250287 250060
250242 250101
250184 250054
250090 250140
250284 250113
250079 250181
250117 250070
250043 250175
250103 250153
250022 250038
250269 250116
250230 250096
250129 250114
250147 250259
250277 250036
125150 125040
125122 125243
125046 125198
125049 125014
125118 125222
125215 125115
125098 125163
125133 125081
125249 125147
125034 125251
125066 125026
125207 125095
125176 125174
125038 125128
125144 125236
125304 125229
125029 125295
125216 125255
125081 125053
125282 125070
125213 125179
125151 125191
125193 125201
125044 125269
125111 125198
125028 125034
125248 125297
125013 125294
125310 125185
125150 125150
125091 125036
125086 125243
125261 125049
125014 125052
125183 125208
125261 125198
125251 125229
125061 125244
125088 125074
125305 125161
125107 125193
125185 125078
125060 125073
125073 125274
125101 125148
125061 125271
125129 125134
125233 125076
125194 125058
125249 125023
125069 125025
125025 125143
125111 125275
125135 125176
125257 125019
125205 125236
125161 125032
125289 125232
125256 125090
125040 125103
125275 125014
125100 125267
125224 125090
125105 125191
125128 125200
125222 125032
125057 125202
125137 125198
125140 125225
125194 125183
125254 125042
62564 62655
62620 62559
62717 62570
62741 62694
62706 62710
62598 62632
62740 62553
62600 62782
62721 62806
62534 62692
62695 62714
62528 62511
62628 62656
62780 62621
62736 62663
62779 62751
62538 62528
62584 62550
62605 62746
62720 62648
62785 62672
62606 62785
62715 62630
62528 62748
62616 62748
62525 62731
62637 62673
62543 62788
62545 62614
62564 62729
62740 62532
62553 62694
62747 62661
62623 62627
62746 62703
62686 62776
62780 62564
62683 62566
62548 62543
62757 62721
62787 62805
62656 62690
62625 62649
62752 62750
62579 62565
62704 62758
62677 62702
62709 62788
62627 62657
62660 62592
62541 62672
62615 62801
62589 62781
62742 62728
62511 62539
62568 62583
62556 62524
62698 62551
62662 62681
62754 62676
62797 62671
62581 62775
62776 62569
62594 62667
62555 62681
62577 62646
62766 62601
62610 62605
62546 62584
62622 62639
62667 62515
31445 31392
31405 31378
31540 31468
31283 31547
31526 31467
31325 31487
31297 31453
31540 31559
31411 31267
31408 31264
31396 31386
31477 31503
31535 31409
31522 31267
31357 31553
31358 31275
31270 31272
31382 31271
31419 31486
31318 31425
31556 31282
31497 31495
31522 31264
31518 31438
31416 31277
31381 31312
31273 31358
31423 31496
31539 31366
31335 31360
31463 31294
31416 31310
31522 31468
31331 31416
31458 31398
31333 31355
31466 31404
31505 31278
31544 31353
31377 31533
31353 31391
31308 31384
31469 31431
31523 31275
31549 31315
31396 31507
31313 31444
31519 31484
31530 31450
31486 31416
31486 31546
31348 31304
31337 31396
31420 31286
31441 31266
31506 31533
31290 31395
31454 31447
31478 31440
31523 31303
31555 31297
31345 31448
31401 31552
31540 31532
31424 31435
31446 31444
31288 31261
31483 31393
31325 31272
31265 31472
31302 31422
15800 15726
15933 15850
15790 15714
15817 15886
15716 15887
15892 15672
15658 15736
15904 15933
15736 15915
15726 15703
15863 15901
15690 15650
15815 15820
15747 15850
15915 15766
15698 15866
15833 15886
15776 15684
15869 15842
15864 15927
15884 15858
15644 15810
15746 15652
15906 15830
15904 15870
15902 15649
15766 15815
15709 15673
15934 15638
15677 15876
15903 15860
15783 15902
15675 15811
15739 15657
15730 15699
15860 15821
15934 15892
15777 15895
15840 15886
15782 15751
15830 15814
15807 15931
15699 15855
15650 15740
15802 15922
15649 15638
15708 15901
15927 15722
15685 15863
15792 15889
15932 15929
15849 15910
15770 15838
15793 15736
15804 15656
15743 15657
15831 15731
15796 15845
15934 15723
15852 15812
15904 15869
15744 15733
15824 15797
15907 15813
15914 15748
15715 15832
15839 15816
15822 15770
15886 15835
15723 15898
15875 15909
8019 7867
8062 7893
8021 8028
8023 8086
8031 7860
8009 8014
7938 8102
8036 7972
7863 7904
8017 8044
7895 7978
8005 7849
8046 7919
8082 7830
7898 8072
8077 8028
8058 7886
8060 7876
8021 8069
7942 8010
7852 8009
7915 8053
8007 8001
7904 8083
8071 8093
8091 7923
8053 7975
8093 7978
7874 7904
8033 7978
7836 8037
8049 8079
7843 7858
8081 7866
7956 8094
8051 7940
8035 8047
7863 8054
8077 7938
7936 7831
8035 7944
7937 7941
8015 7850
7878 8047
8086 8063
7909 7978
7838 7887
7865 7976
8049 7914
7876 7896
7959 8039
7837 7981
7890 7832
7996 7837
7924 8076
7945 7955
8059 7831
7949 7886
7857 8071
7896 7887
8010 7941
8025 7930
7956 7866
7993 7883
8021 7984
7878 7912
8029 7976
7982 7913
8018 7843
8061 7828
7900 7861
4008 4074
3968 4024
3994 4003
3934 3923
4168 4111
4003 4081
4216 4101
3994 3935
4021 4092
3925 3963
4096 4200
4202 3953
4086 3970
3925 4192
3962 4192
3954 4032
3918 4073
4022 4117
3981 4151
3947 4007
4136 4100
4104 4200
3943 4200
4152 4017
4094 4014
4142 4110
4026 4099
4159 4040
4024 4085
4146 4080
4027 4204
4198 3924
3997 3994
3970 4109
4139 3987
4047 4063
3952 4118
4142 4146
4029 4035
4207 3918
3971 4144
4037 4126
4095 4148
4197 4204
4017 3974
4079 4126
4139 3967
4069 3949
4190 4091
4111 4169
4176 4073
4082 4189
4056 4142
3989 4138
4165 3917
3989 4202
3978 4096
4202 4091
4042 4061
4116 3983
4145 4066
4055 4192
4214 3976
4099 3981
4064 4137
4205 4051
3985 4192
3926 4058
4105 4107
3956 4137
4133 3981
2181 2031
2089 2226
2126 2133
1973 2021
2042 2135
2018 2206
2253 2185
2065 2089
2123 2228
2256 2077
2190 1990
2181 2076
2214 2027
2243 2259
1978 2208
1973 2026
1981 2139
2210 2040
2037 2057
2205 1985
2162 2206
2012 2091
2248 1997
1984 2253
2204 2057
1979 2018
2104 2246
2074 2202
2147 2036
2250 2130
2183 2048
2079 2197
2049 2072
2193 2057
2157 2118
2102 1995
2246 1992
2114 2126
2141 2000
2090 2002
2057 2110
2257 2132
2251 2203
2241 2094
2221 2187
2248 2141
2079 2172
2209 2260
1981 2094
2020 2243
2253 2029
2010 2097
2056 2208
2167 2136
2047 2123
2110 2173
2121 1991
2163 2109
2228 1974
2261 2014
2015 2231
2162 2171
2000 2146
2200 2254
2114 2168
2034 2156
2100 2153
2144 1974
2206 2090
2070 2168
2109 2068
176 122
47 119
161 147
132 292
164 151
74 246
125 222
9 248
275 8
143 247
202 131
157 71
44 137
215 251
107 102
121 297
238 256
208 261
107 286
71 216
120 193
249 7
270 104
264 221
194 217
216 175
16 155
75 37
183 283
259 163
18 204
295 23
125 13
129 48
237 118
14 61
25 18
59 269
270 19
80 246
179 160
85 161
190 46
90 124
143 51
5 26
136 192
35 77
294 87
300 169
196 130
23 284
157 226
7 200
63 91
119 80
224 258
287 239
15 143
67 173
270 279
162 95
21 37
16 82
108 210
219 276
187 240
130 28
269 209
80 66
26 207
185 212
205 160
103 282
93 289
49 52
195 66
40 33
140 25
149 29
291 55
57 6
215 156
49 277
121 57
29 216
156 287
74 296
258 271
119 240
57 175
231 241
156 201
203 24
241 87
63 9
46 67
300 207
21 241
112 56
210 260
41 158
299 262
292 174
77 243
114 98
299 103
150 136
287 24
118 216
38 121
59 272
43 79
262 129
61 74
188 27
91 174
19 86
194 116
83 274
300 83
100 262
2 147
122 202
81 135
130 75
256 242
179 256
244 273
119 27
208 86
116 160
290 45
273 105
204 108
92 72
96 208
138 162
58 233
278 163
5 149
83 261
213 40
275 235
236 223
209 39
159 284
13 13
57 95
197 84
249 146
85 232
97 207
132 201
167 77
153 41
138 75
228 176
16 273
197 122
164 218
