# source: JorikJooken
# original path: jj_extract\knapsackProblemInstances-master\problemInstances\n_600_c_100000000_g_2_f_0.1_eps_0.001_s_100\test.in
# optimal value: 50103322
# format: n capacity, then weight value
600 100000000
50100066 50100072
50100025 50100016
50100080 50100010
50100039 50100020
50100066 50100058
50100093 50100003
50100070 50100061
50100048 50100060
50100032 50100012
50100092 50100030
50100087 50100052
50100069 50100088
50100027 50100017
50100013 50100028
50100039 50100046
50100049 50100046
50100087 50100031
50100086 50100073
50100034 50100099
50100094 50100084
50100035 50100099
50100070 50100076
50100012 50100014
50100062 50100073
50100033 50100014
50100050 50100025
50100065 50100056
50100095 50100037
50100013 50100063
50100036 50100078
50100049 50100059
50100061 50100069
50100093 50100076
50100058 50100056
50100033 50100015
50100083 50100013
50100064 50100056
50100005 50100070
50100090 50100080
50100067 50100087
50100005 50100056
50100022 50100035
50100015 50100099
50100036 50100037
50100066 50100059
50100031 50100027
50100066 50100007
50100063 50100035
50100069 50100064
50100062 50100026
50100083 50100013
50100097 50100002
50100003 50100024
50100032 50100046
50100087 50100056
50100091 50100030
50100067 50100060
50100040 50100015
50100003 50100087
50100062 50100001
50100089 50100063
50100072 50100012
50100092 50100018
50100035 50100025
50100048 50100016
50100035 50100076
50100066 50100059
50100029 50100010
50100070 50100096
50100027 50100072
50100001 50100076
50100030 50100099
50100022 50100006
50100071 50100039
50100011 50100018
50100087 50100009
50100092 50100050
50100020 50100023
50100079 50100014
50100028 50100033
50100088 50100001
50100098 50100096
50100029 50100003
50100091 50100010
50100078 50100043
50100079 50100007
50100074 50100067
50100012 50100059
50100027 50100042
50100089 50100088
50100093 50100087
50100059 50100094
50100054 50100017
50100045 50100031
50100018 50100072
50100010 50100080
50100050 50100009
50100040 50100081
50100060 50100071
50100020 50100083
50100100 50100047
50100005 50100074
50100011 50100010
50100024 50100057
50100086 50100074
50100084 50100038
50100050 50100011
50100089 50100061
50100068 50100073
50100029 50100087
50100040 50100095
50100024 50100032
50100057 50100092
50100070 50100001
50100031 50100091
50100022 50100053
50100002 50100021
50100004 50100093
50100032 50100062
50100077 50100001
50100001 50100089
50100015 50100053
50100016 50100035
50100051 50100017
50100076 50100003
50100023 50100066
50100014 50100051
50100041 50100096
50100012 50100037
50100068 50100003
50100066 50100037
50100034 50100053
50100009 50100041
50100067 50100034
50100064 50100082
50100044 50100022
50100065 50100062
50100029 50100058
50100005 50100100
50100093 50100013
50100026 50100072
50100013 50100044
50100010 50100032
50100038 50100076
50100100 50100075
50100079 50100045
50100008 50100100
50100089 50100029
50100006 50100050
50100050 50100051
50100005 50100010
50100030 50100059
50100072 50100087
50100059 50100062
50100092 50100018
50100035 50100031
50100021 50100100
50100007 50100077
50100056 50100046
50100097 50100072
50100032 50100060
50100079 50100068
50100011 50100063
50100086 50100056
50100041 50100013
50100049 50100097
50100072 50100006
50100020 50100006
50100002 50100086
50100066 50100023
50100077 50100088
50100014 50100079
50100020 50100027
50100094 50100021
50100007 50100048
50100008 50100029
50100081 50100064
50100062 50100083
50100080 50100016
50100081 50100029
50100072 50100048
50100038 50100088
50100020 50100061
50100042 50100042
50100034 50100048
50100093 50100081
50100027 50100054
50100072 50100065
50100063 50100079
50100084 50100019
50100033 50100069
50100025 50100059
50100097 50100097
50100004 50100041
50100016 50100022
50100072 50100039
50100028 50100090
50100027 50100024
50100012 50100029
50100072 50100097
50100059 50100081
50100018 50100043
50100041 50100025
50100022 50100083
50100083 50100059
50100078 50100066
50100033 50100026
50100014 50100079
50100094 50100057
50100011 50100039
50100033 50100058
50100075 50100037
50100062 50100015
50100014 50100036
50100042 50100076
50100065 50100006
50100087 50100025
50100075 50100083
50100005 50100019
50100044 50100056
50100011 50100051
50100045 50100048
50100008 50100003
50100003 50100022
50100066 50100017
50100014 50100075
50100095 50100085
50100096 50100040
50100031 50100074
50100048 50100024
50100097 50100008
50100090 50100072
50100081 50100027
50100041 50100002
50100027 50100003
50100093 50100008
50100072 50100082
50100028 50100023
50100049 50100080
50100100 50100027
50100023 50100071
50100007 50100087
50100047 50100099
50100089 50100077
50100087 50100007
50100024 50100084
50100040 50100044
50100018 50100023
50100027 50100072
50100092 50100061
50100023 50100025
50100013 50100052
50100036 50100005
50100056 50100095
50100056 50100046
50100062 50100029
50100027 50100085
50100011 50100029
50100087 50100099
50100087 50100076
50100002 50100001
50100014 50100009
50100057 50100057
50100067 50100009
50100024 50100035
50100070 50100082
50100017 50100041
50100024 50100006
50100003 50100081
50100045 50100079
50100099 50100066
50100089 50100036
50100076 50100073
50100091 50100047
50100064 50100087
50100069 50100094
50100069 50100019
50100018 50100016
50100010 50100078
50100075 50100053
50100059 50100085
50100064 50100071
50100069 50100066
50100094 50100040
50100004 50100053
50100060 50100030
50100072 50100093
50100028 50100100
50100040 50100097
50100093 50100001
50100076 50100008
50100037 50100079
50100019 50100069
50100015 50100030
50100064 50100044
50100035 50100093
50100041 50100066
50100031 50100084
50100037 50100064
50100067 50100090
50100007 50100033
50100014 50100058
50100078 50100083
50100057 50100012
50100058 50100092
50100029 50100033
50100077 50100048
50100065 50100040
50100048 50100044
50100044 50100059
50100067 50100066
50100024 50100041
50100073 50100012
50100091 50100035
50100091 50100047
50100084 50100013
50100071 50100034
50100019 50100059
50100027 50100053
50100047 50100060
50100048 50100044
50100004 50100052
50100094 50100020
50100055 50100078
50100011 50100011
50100005 50100057
50100034 50100033
50100098 50100049
50100017 50100058
50100075 50100035
50100064 50100072
50100067 50100059
50100060 50100076
50100053 50100065
50100021 50100031
50100066 50100075
50100041 50100072
50100040 50100005
50100017 50100034
50100080 50100040
50100054 50100038
50100077 50100099
50100039 50100085
50100021 50100017
50100097 50100039
50100012 50100074
50100023 50100089
50100084 50100098
50100038 50100070
50100046 50100009
50100086 50100079
50100050 50100035
50100098 50100085
50100096 50100081
50100099 50100056
50100086 50100070
50100003 50100088
50100024 50100003
50100065 50100077
50100086 50100055
50100057 50100083
50100063 50100047
50100033 50100012
50100046 50100009
50100026 50100073
50100097 50100046
50100072 50100093
50100097 50100024
50100051 50100060
50100016 50100069
50100051 50100083
50100063 50100038
50100010 50100054
50100021 50100088
50100030 50100052
50100020 50100035
50100065 50100100
50100050 50100050
50100087 50100078
50100044 50100074
50100002 50100016
50100018 50100020
50100005 50100086
50100025 50100037
50100076 50100036
50100036 50100094
50100047 50100099
50100080 50100051
50100083 50100060
50100038 50100045
50100073 50100097
50100064 50100064
50100078 50100097
50100040 50100023
50100100 50100078
50100062 50100060
50100021 50100014
50100062 50100098
50100098 50100065
50100008 50100100
50100061 50100068
50100065 50100036
50100071 50100039
50100020 50100084
50100075 50100022
50100049 50100080
50100063 50100068
50100089 50100022
50100038 50100016
50100052 50100063
50100041 50100053
50100022 50100097
50100043 50100046
50100042 50100054
50100086 50100029
50100100 50100015
50100079 50100077
50100080 50100088
50100067 50100080
50100057 50100035
50100051 50100022
50100056 50100001
50100075 50100037
50100095 50100051
50100042 50100017
50100071 50100093
50100018 50100027
50100038 50100004
50100022 50100077
50100041 50100021
50100038 50100004
50100027 50100040
50100078 50100075
50100034 50100021
50100083 50100005
50100084 50100066
50100015 50100027
50100036 50100029
50100018 50100100
50100022 50100057
50100074 50100055
50100063 50100094
50100080 50100005
50100081 50100067
50100025 50100026
50100001 50100088
50100093 50100050
50100068 50100080
50100037 50100009
50100086 50100040
50100095 50100072
50100053 50100022
50100019 50100034
50100022 50100066
50100081 50100093
50100048 50100045
50100085 50100055
50100014 50100021
50100089 50100017
50100056 50100086
50100001 50100015
50100006 50100024
50100015 50100089
50100099 50100002
50100018 50100040
50100061 50100071
50100071 50100028
50100055 50100082
50100060 50100009
50100077 50100016
50100068 50100034
50100047 50100014
50100100 50100057
50100037 50100048
50100083 50100075
50100100 50100092
50100092 50100049
50100083 50100009
50100052 50100065
50100070 50100095
50100037 50100048
50100083 50100082
50100098 50100058
50100037 50100037
50100051 50100074
50100078 50100009
50100043 50100013
50100043 50100070
50100073 50100093
50100043 50100068
50100053 50100042
50100017 50100049
50100088 50100009
50100100 50100022
50100012 50100052
50100060 50100035
50100061 50100061
50100058 50100010
50100031 50100058
50100047 50100064
50100097 50100049
50100100 50100005
50100047 50100096
50100009 50100088
50100071 50100024
50100035 50100077
50100029 50100004
50100005 50100100
50100087 50100004
50100093 50100041
50100036 50100042
50100014 50100082
50100100 50100074
50100038 50100026
50100034 50100038
50100030 50100035
50100044 50100083
50100071 50100063
50100048 50100093
50100042 50100066
50100055 50100081
50100069 50100051
50100043 50100076
50100053 50100100
50100067 50100086
50100072 50100062
50100053 50100012
50100047 50100010
50100021 50100056
50100020 50100090
50100091 50100094
50100029 50100067
50100048 50100045
50100040 50100013
50100049 50100069
50100020 50100008
50100034 50100043
50100097 50100095
50100094 50100042
50100041 50100044
17 43
67 77
52 47
2 37
7 28
36 8
11 90
28 34
48 32
62 74
84 75
77 64
46 93
99 5
24 78
48 13
22 73
99 51
94 81
68 72
79 41
69 61
94 96
89 100
59 42
77 37
97 28
66 70
71 9
71 92
84 100
25 78
47 97
33 29
71 10
53 96
33 36
70 37
81 83
41 22
49 54
100 88
81 20
89 88
16 79
97 23
15 32
61 17
42 77
2 60
9 56
16 57
30 77
96 52
97 12
56 19
50 23
15 35
81 75
38 39
