# source: JorikJooken
# original path: jj_extract\knapsackProblemInstances-master\problemInstances\n_1200_c_100000000_g_10_f_0.1_eps_0.1_s_100\test.in
# optimal value: 99968654
# format: n capacity, then weight value
1200 100000000
60000076 60000043
60000067 60000059
60000057 60000007
60000015 60000090
60000055 60000040
60000060 60000032
60000008 60000016
60000005 60000018
60000034 60000017
60000087 60000063
60000092 60000062
60000025 60000055
60000055 60000081
60000013 60000094
60000095 60000015
60000020 60000087
60000096 60000098
60000086 60000001
60000068 60000021
60000024 60000058
60000039 60000091
60000022 60000051
60000002 60000027
60000053 60000059
60000026 60000023
60000099 60000060
60000029 60000009
60000073 60000086
60000078 60000078
60000016 60000095
60000061 60000047
60000038 60000008
60000089 60000031
60000081 60000067
60000060 60000055
60000029 60000001
60000076 60000024
60000049 60000075
60000020 60000014
60000074 60000010
60000031 60000051
60000001 60000019
60000045 60000004
60000021 60000017
60000057 60000032
60000084 60000005
60000082 60000091
60000008 60000098
60000073 60000009
60000054 60000092
60000068 60000099
60000041 60000047
60000063 60000051
60000071 60000044
60000091 60000059
60000034 60000030
60000077 60000065
60000003 60000008
60000087 60000022
60000077 60000056
60000066 60000010
60000068 60000070
60000073 60000045
60000013 60000005
60000030 60000063
60000070 60000007
60000005 60000067
60000012 60000063
60000076 60000057
60000086 60000005
60000055 60000018
60000003 60000030
60000068 60000056
60000008 60000039
60000035 60000090
60000052 60000098
60000047 60000034
60000030 60000083
60000033 60000068
60000037 60000032
60000030 60000049
60000026 60000045
60000094 60000029
60000006 60000061
60000065 60000091
60000039 60000054
60000065 60000006
60000072 60000026
60000061 60000046
60000006 60000038
60000056 60000044
60000083 60000070
60000012 60000036
60000044 60000035
60000031 60000019
60000056 60000048
60000068 60000099
60000072 60000092
60000058 60000054
60000033 60000085
60000098 60000049
60000067 60000010
60000008 60000045
60000079 60000039
60000040 60000033
60000086 60000027
60000064 60000034
60000045 60000020
60000075 60000029
60000049 60000071
60000009 60000016
60000044 60000020
60000035 60000056
60000012 60000091
60000024 60000071
60000020 60000069
60000080 60000005
60000006 60000078
60000043 60000004
60000073 60000021
35000039 35000028
35000075 35000072
35000053 35000043
35000009 35000086
35000037 35000064
35000011 35000095
35000088 35000034
35000057 35000038
35000051 35000035
35000040 35000096
35000070 35000069
35000015 35000059
35000095 35000088
35000072 35000065
35000039 35000016
35000049 35000042
35000023 35000093
35000055 35000055
35000004 35000099
35000017 35000093
35000070 35000059
35000076 35000014
35000055 35000055
35000084 35000015
35000070 35000029
35000079 35000015
35000056 35000063
35000030 35000037
35000049 35000048
35000030 35000004
35000036 35000045
35000088 35000068
35000010 35000046
35000085 35000044
35000021 35000074
35000018 35000050
35000021 35000008
35000020 35000032
35000087 35000084
35000036 35000092
35000099 35000069
35000072 35000051
35000056 35000083
35000001 35000080
35000081 35000006
35000066 35000082
35000099 35000047
35000074 35000016
35000048 35000061
35000029 35000086
35000078 35000014
35000022 35000085
35000048 35000014
35000074 35000051
35000020 35000095
35000030 35000096
35000054 35000049
35000012 35000059
35000048 35000083
35000024 35000018
35000017 35000061
35000089 35000060
35000067 35000021
35000038 35000008
35000034 35000001
35000028 35000032
35000024 35000045
35000047 35000051
35000091 35000059
35000049 35000040
35000061 35000052
35000067 35000028
35000022 35000011
35000028 35000062
35000038 35000059
35000010 35000085
35000091 35000031
35000058 35000046
35000073 35000047
35000061 35000042
35000074 35000096
35000011 35000084
35000079 35000053
35000001 35000041
35000095 35000085
35000026 35000030
35000019 35000096
35000100 35000027
35000081 35000023
35000089 35000019
35000086 35000083
35000038 35000017
35000007 35000041
35000049 35000069
35000028 35000084
35000040 35000056
35000085 35000024
35000060 35000079
35000059 35000082
35000013 35000051
35000078 35000064
35000028 35000033
35000065 35000060
35000068 35000097
35000099 35000006
35000005 35000045
35000094 35000071
35000004 35000007
35000060 35000015
35000097 35000045
35000028 35000062
35000025 35000013
35000071 35000084
35000069 35000042
35000065 35000046
35000063 35000004
35000029 35000080
35000068 35000071
35000039 35000085
35000042 35000070
22500042 22500092
22500045 22500023
22500048 22500034
22500062 22500066
22500055 22500090
22500059 22500100
22500088 22500059
22500051 22500069
22500082 22500031
22500061 22500069
22500020 22500036
22500027 22500046
22500009 22500018
22500044 22500025
22500100 22500078
22500086 22500034
22500029 22500096
22500026 22500012
22500003 22500012
22500082 22500004
22500028 22500087
22500057 22500068
22500006 22500078
22500017 22500089
22500067 22500100
22500030 22500017
22500054 22500044
22500075 22500031
22500023 22500059
22500073 22500083
22500057 22500068
22500047 22500065
22500089 22500033
22500027 22500025
22500059 22500053
22500060 22500052
22500066 22500026
22500007 22500007
22500041 22500064
22500063 22500033
22500014 22500020
22500087 22500011
22500019 22500048
22500041 22500068
22500041 22500073
22500064 22500100
22500029 22500097
22500071 22500078
22500091 22500069
22500064 22500081
22500039 22500008
22500011 22500040
22500017 22500027
22500094 22500073
22500060 22500036
22500026 22500099
22500091 22500087
22500034 22500096
22500087 22500078
22500023 22500059
22500033 22500052
22500028 22500064
22500066 22500036
22500013 22500064
22500084 22500038
22500047 22500098
22500073 22500077
22500039 22500027
22500082 22500087
22500070 22500018
22500067 22500026
22500038 22500060
22500096 22500048
22500082 22500042
22500059 22500065
22500047 22500028
22500059 22500096
22500021 22500085
22500077 22500091
22500098 22500082
22500026 22500046
22500039 22500008
22500077 22500070
22500011 22500052
22500029 22500068
22500030 22500048
22500064 22500013
22500052 22500067
22500007 22500025
22500098 22500073
22500059 22500037
22500082 22500051
22500067 22500084
22500069 22500069
22500090 22500076
22500052 22500027
22500079 22500087
22500097 22500017
22500049 22500081
22500077 22500054
22500034 22500031
22500075 22500079
22500092 22500079
22500092 22500061
22500032 22500091
22500069 22500095
22500038 22500052
22500084 22500089
22500080 22500042
22500048 22500047
22500060 22500023
22500017 22500062
22500078 22500098
22500068 22500089
22500095 22500068
22500037 22500093
22500051 22500075
22500049 22500092
22500067 22500048
22500002 22500026
16250062 16250063
16250002 16250069
16250067 16250022
16250063 16250054
16250098 16250056
16250037 16250068
16250100 16250080
16250031 16250043
16250005 16250096
16250016 16250085
16250097 16250015
16250049 16250021
16250060 16250062
16250026 16250096
16250016 16250047
16250056 16250048
16250050 16250020
16250071 16250026
16250062 16250051
16250038 16250009
16250008 16250026
16250080 16250014
16250014 16250027
16250094 16250082
16250039 16250025
16250057 16250078
16250093 16250076
16250046 16250029
16250016 16250052
16250060 16250099
16250054 16250006
16250073 16250084
16250050 16250041
16250009 16250069
16250059 16250066
16250072 16250035
16250062 16250031
16250019 16250020
16250032 16250015
16250013 16250052
16250011 16250064
16250051 16250060
16250081 16250028
16250100 16250094
16250062 16250022
16250094 16250051
16250025 16250026
16250043 16250078
16250078 16250089
16250089 16250086
16250023 16250006
16250089 16250070
16250050 16250014
16250043 16250054
16250024 16250001
16250051 16250064
16250091 16250051
16250087 16250031
16250049 16250100
16250067 16250093
16250058 16250028
16250020 16250022
16250062 16250008
16250021 16250038
16250053 16250031
16250100 16250039
16250038 16250006
16250014 16250055
16250032 16250002
16250026 16250048
16250004 16250018
16250050 16250051
16250076 16250093
16250016 16250025
16250037 16250003
16250052 16250087
16250097 16250002
16250007 16250054
16250099 16250076
16250084 16250078
16250044 16250049
16250089 16250041
16250036 16250003
16250091 16250097
16250013 16250057
16250072 16250012
16250095 16250071
16250020 16250067
16250059 16250088
16250085 16250092
16250089 16250013
16250091 16250032
16250012 16250058
16250004 16250031
16250081 16250057
16250026 16250097
16250086 16250079
16250061 16250065
16250012 16250002
16250054 16250083
16250075 16250056
16250064 16250038
16250037 16250032
16250091 16250040
16250035 16250018
16250026 16250022
16250060 16250085
16250084 16250067
16250028 16250048
16250068 16250037
16250021 16250037
16250087 16250091
16250049 16250053
16250021 16250081
16250046 16250056
16250009 16250085
16250053 16250023
16250024 16250094
16250084 16250089
16250031 16250032
13125088 13125062
13125053 13125007
13125080 13125010
13125061 13125042
13125018 13125073
13125072 13125024
13125071 13125054
13125003 13125071
13125009 13125006
13125043 13125020
13125067 13125081
13125066 13125066
13125016 13125019
13125032 13125054
13125051 13125042
13125018 13125067
13125033 13125075
13125032 13125032
13125077 13125057
13125001 13125030
13125033 13125096
13125016 13125072
13125005 13125025
13125018 13125048
13125017 13125027
13125019 13125065
13125043 13125054
13125066 13125038
13125032 13125016
13125010 13125048
13125100 13125018
13125070 13125068
13125100 13125074
13125082 13125038
13125014 13125036
13125091 13125034
13125034 13125004
13125007 13125017
13125059 13125016
13125072 13125009
13125074 13125096
13125091 13125029
13125072 13125006
13125002 13125005
13125028 13125026
13125061 13125026
13125068 13125019
13125052 13125025
13125045 13125096
13125076 13125082
13125056 13125064
13125097 13125013
13125083 13125025
13125001 13125070
13125030 13125024
13125060 13125061
13125063 13125087
13125014 13125049
13125044 13125062
13125079 13125036
13125055 13125054
13125082 13125017
13125034 13125058
13125078 13125049
13125041 13125031
13125084 13125085
13125043 13125034
13125055 13125085
13125039 13125087
13125084 13125075
13125064 13125088
13125008 13125076
13125033 13125021
13125063 13125017
13125094 13125056
13125082 13125052
13125005 13125040
13125028 13125093
13125038 13125009
13125065 13125045
13125013 13125018
13125057 13125090
13125082 13125007
13125014 13125091
13125067 13125047
13125033 13125025
13125071 13125007
13125018 13125028
13125095 13125045
13125070 13125088
13125025 13125004
13125053 13125015
13125023 13125075
13125026 13125079
13125094 13125086
13125020 13125016
13125028 13125071
13125077 13125096
13125011 13125043
13125061 13125089
13125072 13125058
13125023 13125073
13125038 13125047
13125051 13125074
13125069 13125059
13125011 13125008
13125054 13125044
13125015 13125060
13125022 13125061
13125077 13125090
13125035 13125023
13125040 13125078
13125020 13125086
13125004 13125058
13125013 13125053
13125033 13125083
13125099 13125059
13125038 13125021
13125014 13125002
13125004 13125053
11562559 11562516
11562504 11562511
11562550 11562526
11562503 11562514
11562550 11562585
11562545 11562542
11562549 11562530
11562515 11562567
11562549 11562579
11562539 11562569
11562580 11562584
11562509 11562501
11562523 11562541
11562514 11562527
11562538 11562560
11562540 11562531
11562538 11562597
11562588 11562567
11562585 11562533
11562527 11562525
11562585 11562554
11562512 11562521
11562535 11562572
11562521 11562533
11562530 11562597
11562531 11562593
11562560 11562581
11562590 11562501
11562584 11562557
11562585 11562521
11562562 11562589
11562600 11562569
11562555 11562525
11562531 11562567
11562527 11562586
11562507 11562521
11562576 11562562
11562578 11562515
11562529 11562510
11562575 11562536
11562501 11562514
11562577 11562505
11562539 11562599
11562503 11562555
11562596 11562517
11562544 11562525
11562538 11562537
11562538 11562570
11562502 11562532
11562547 11562586
11562504 11562552
11562560 11562505
11562516 11562506
11562594 11562561
11562566 11562532
11562581 11562600
11562523 11562542
11562554 11562567
11562561 11562596
11562574 11562529
11562562 11562549
11562581 11562505
11562514 11562587
11562595 11562550
11562570 11562579
11562556 11562519
11562587 11562594
11562584 11562512
11562590 11562503
11562522 11562541
11562590 11562535
11562575 11562535
11562578 11562525
11562539 11562575
11562575 11562501
11562532 11562599
11562592 11562584
11562533 11562576
11562584 11562566
11562513 11562512
11562534 11562501
11562546 11562569
11562565 11562514
11562582 11562580
11562507 11562572
11562588 11562541
11562549 11562550
11562584 11562558
11562567 11562510
11562531 11562553
11562554 11562553
11562565 11562587
11562537 11562516
11562551 11562532
11562564 11562532
11562584 11562564
11562519 11562533
11562556 11562531
11562565 11562513
11562579 11562541
11562554 11562563
11562563 11562523
11562538 11562585
11562555 11562559
11562567 11562510
11562550 11562580
11562530 11562535
11562599 11562590
11562514 11562568
11562569 11562550
11562598 11562548
11562541 11562530
11562505 11562503
11562558 11562576
11562568 11562537
11562580 11562511
11562503 11562537
11562544 11562541
11562587 11562502
11562568 11562589
10781332 10781339
10781330 10781322
10781260 10781317
10781274 10781252
10781307 10781287
10781257 10781330
10781272 10781305
10781256 10781309
10781311 10781317
10781252 10781313
10781348 10781275
10781311 10781291
10781274 10781293
10781339 10781337
10781255 10781266
10781254 10781274
10781300 10781274
10781252 10781262
10781274 10781254
10781301 10781294
10781257 10781336
10781331 10781287
10781304 10781273
10781330 10781327
10781315 10781278
10781252 10781276
10781287 10781304
10781307 10781273
10781310 10781254
10781323 10781308
10781268 10781345
10781334 10781323
10781284 10781343
10781309 10781267
10781287 10781348
10781329 10781266
10781296 10781319
10781342 10781331
10781334 10781337
10781293 10781275
10781330 10781256
10781318 10781298
10781314 10781318
10781343 10781300
10781259 10781270
10781292 10781294
10781337 10781343
10781290 10781317
10781299 10781253
10781298 10781307
10781341 10781267
10781343 10781307
10781309 10781281
10781291 10781341
10781326 10781304
10781310 10781260
10781333 10781262
10781323 10781304
10781296 10781316
10781298 10781273
10781260 10781345
10781314 10781275
10781264 10781326
10781259 10781293
10781318 10781268
10781270 10781324
10781297 10781299
10781268 10781286
10781295 10781304
10781329 10781275
10781313 10781320
10781278 10781298
10781309 10781268
10781339 10781264
10781268 10781322
10781349 10781262
10781279 10781298
10781324 10781301
10781277 10781295
10781331 10781310
10781291 10781258
10781278 10781290
10781302 10781339
10781298 10781324
10781334 10781288
10781331 10781287
10781287 10781346
10781253 10781340
10781298 10781310
10781335 10781302
10781272 10781251
10781281 10781314
10781291 10781316
10781265 10781316
10781307 10781344
10781298 10781261
10781340 10781278
10781252 10781260
10781315 10781260
10781281 10781320
10781253 10781329
10781256 10781276
10781256 10781258
10781293 10781341
10781278 10781260
10781266 10781347
10781289 10781329
10781328 10781296
10781251 10781340
10781252 10781309
10781255 10781295
10781271 10781346
10781320 10781343
10781288 10781261
10781333 10781254
10781259 10781318
10781345 10781305
10781309 10781268
10781305 10781349
10781270 10781255
10390647 10390721
10390685 10390645
10390696 10390649
10390630 10390629
10390648 10390715
10390627 10390668
10390643 10390651
10390631 10390697
10390717 10390681
10390634 10390683
10390720 10390707
10390636 10390644
10390708 10390691
10390649 10390715
10390652 10390657
10390697 10390663
10390669 10390721
10390643 10390660
10390657 10390661
10390719 10390636
10390637 10390630
10390667 10390700
10390669 10390628
10390705 10390647
10390721 10390707
10390672 10390725
10390721 10390724
10390709 10390626
10390679 10390668
10390668 10390674
10390680 10390656
10390657 10390666
10390630 10390716
10390638 10390637
10390628 10390725
10390677 10390696
10390713 10390694
10390685 10390691
10390664 10390626
10390683 10390698
10390671 10390653
10390651 10390681
10390720 10390627
10390630 10390669
10390679 10390679
10390651 10390627
10390723 10390654
10390687 10390685
10390683 10390649
10390669 10390720
10390724 10390661
10390706 10390645
10390697 10390651
10390684 10390651
10390694 10390704
10390692 10390694
10390708 10390631
10390684 10390697
10390631 10390664
10390713 10390715
10390630 10390676
10390680 10390699
10390657 10390647
10390701 10390678
10390712 10390638
10390708 10390691
10390706 10390646
10390674 10390644
10390664 10390719
10390692 10390694
10390639 10390677
10390713 10390696
10390628 10390672
10390630 10390725
10390628 10390636
10390653 10390689
10390703 10390716
10390659 10390715
10390682 10390720
10390678 10390642
10390699 10390699
10390644 10390661
10390631 10390716
10390710 10390636
10390724 10390648
10390677 10390637
10390662 10390681
10390681 10390724
10390651 10390707
10390636 10390694
10390642 10390637
10390712 10390705
10390641 10390666
10390699 10390642
10390692 10390722
10390657 10390639
10390630 10390632
10390668 10390682
10390695 10390712
10390647 10390721
10390682 10390691
10390642 10390669
10390655 10390685
10390686 10390709
10390647 10390639
10390683 10390677
10390632 10390661
10390678 10390725
10390710 10390710
10390722 10390627
10390640 10390702
10390629 10390702
10390698 10390719
10390676 10390655
10390688 10390661
10390724 10390647
10390704 10390653
10390638 10390708
10390695 10390708
10390670 10390685
10195344 10195333
10195377 10195396
10195412 10195404
10195353 10195368
10195382 10195363
10195382 10195400
10195347 10195391
10195362 10195347
10195351 10195328
10195380 10195400
10195408 10195390
10195378 10195357
10195339 10195386
10195411 10195355
10195380 10195337
10195401 10195412
10195388 10195350
10195399 10195326
10195347 10195384
10195392 10195340
10195366 10195314
10195340 10195345
10195340 10195376
10195368 10195390
10195315 10195409
10195331 10195394
10195335 10195358
10195317 10195395
10195325 10195364
10195354 10195326
10195323 10195376
10195325 10195391
10195371 10195365
10195393 10195347
10195372 10195322
10195359 10195344
10195351 10195393
10195394 10195412
10195350 10195373
10195357 10195388
10195410 10195372
10195388 10195313
10195347 10195352
10195328 10195383
10195345 10195412
10195331 10195384
10195385 10195361
10195386 10195400
10195378 10195412
10195361 10195336
10195365 10195373
10195380 10195379
10195401 10195323
10195338 10195363
10195403 10195353
10195318 10195370
10195344 10195340
10195389 10195331
10195411 10195355
10195405 10195333
10195356 10195328
10195323 10195360
10195360 10195386
10195382 10195378
10195381 10195385
10195376 10195326
10195343 10195350
10195403 10195349
10195356 10195321
10195338 10195347
10195410 10195411
10195321 10195371
10195389 10195346
10195315 10195384
10195403 10195369
10195339 10195351
10195409 10195392
10195408 10195377
10195346 10195354
10195338 10195329
10195387 10195359
10195402 10195314
10195371 10195328
10195384 10195374
10195385 10195408
10195367 10195353
10195402 10195335
10195354 10195317
10195341 10195409
10195328 10195336
10195334 10195400
10195346 10195327
10195335 10195342
10195358 10195369
10195383 10195379
10195365 10195333
10195361 10195330
10195409 10195370
10195370 10195334
10195375 10195326
10195362 10195404
10195356 10195384
10195323 10195363
10195350 10195315
10195341 10195347
10195407 10195394
10195350 10195370
10195338 10195405
10195368 10195343
10195319 10195327
10195381 10195318
10195323 10195374
10195358 10195361
10195338 10195377
10195397 10195344
10195380 10195328
10195381 10195313
10195399 10195380
10195352 10195364
10195399 10195337
31 88
44 14
79 68
67 88
100 89
1 45
60 62
66 53
3 60
98 53
31 30
71 98
19 8
33 93
69 25
52 50
55 20
3 30
56 68
54 35
9 66
79 63
71 87
9 20
88 61
38 24
76 91
74 11
73 35
86 100
29 74
71 66
80 24
85 59
89 82
12 82
100 54
5 91
97 68
96 31
15 38
6 60
77 82
16 67
95 87
47 35
63 11
72 59
81 71
95 63
68 87
63 69
29 98
72 74
4 51
95 57
2 89
42 99
39 67
72 100
59 78
59 27
25 55
45 84
13 87
84 91
23 72
3 53
36 84
36 77
12 46
16 94
40 78
77 64
97 84
29 62
38 79
13 25
95 52
79 41
41 33
39 9
46 68
98 61
61 17
23 92
71 15
40 56
54 49
3 19
92 57
70 6
60 62
79 57
81 77
79 18
10 46
78 13
13 44
38 5
79 86
1 65
39 87
3 84
57 25
63 8
34 49
97 80
37 36
85 6
82 61
51 72
79 28
45 60
80 45
52 98
69 37
58 28
8 46
45 50
