# source: JorikJooken
# original path: jj_extract\knapsackProblemInstances-master\problemInstances\n_1000_c_10000000000_g_6_f_0.1_eps_0.1_s_200\test.in
# optimal value: 9937510900
# format: n capacity, then weight value
1000 10000000000
6000000128 6000000077
6000000196 6000000039
6000000177 6000000061
6000000129 6000000049
6000000031 6000000021
6000000024 6000000128
6000000020 6000000017
6000000164 6000000171
6000000103 6000000134
6000000145 6000000064
6000000043 6000000186
6000000168 6000000122
6000000191 6000000080
6000000011 6000000200
6000000169 6000000135
6000000002 6000000030
6000000168 6000000026
6000000059 6000000032
6000000153 6000000130
6000000179 6000000145
6000000090 6000000059
6000000097 6000000095
6000000046 6000000058
6000000044 6000000116
6000000197 6000000200
6000000083 6000000144
6000000148 6000000058
6000000102 6000000098
6000000005 6000000010
6000000017 6000000028
6000000036 6000000184
6000000127 6000000176
6000000147 6000000145
6000000164 6000000131
6000000035 6000000034
6000000082 6000000153
6000000017 6000000183
6000000014 6000000128
6000000024 6000000063
6000000053 6000000107
6000000183 6000000127
6000000198 6000000045
6000000041 6000000189
6000000098 6000000109
6000000127 6000000107
6000000068 6000000103
6000000051 6000000122
6000000109 6000000153
6000000142 6000000049
6000000059 6000000007
6000000145 6000000170
6000000064 6000000001
6000000128 6000000075
6000000124 6000000151
6000000059 6000000184
6000000136 6000000190
6000000053 6000000052
6000000030 6000000110
6000000190 6000000180
6000000148 6000000053
6000000164 6000000043
6000000128 6000000184
6000000156 6000000144
6000000065 6000000138
6000000074 6000000151
6000000199 6000000174
6000000177 6000000004
6000000106 6000000131
6000000131 6000000083
6000000008 6000000174
6000000078 6000000018
6000000048 6000000186
6000000121 6000000043
6000000050 6000000120
6000000183 6000000077
6000000142 6000000184
6000000077 6000000136
6000000085 6000000005
6000000068 6000000128
6000000200 6000000091
6000000015 6000000196
6000000078 6000000052
6000000162 6000000067
6000000176 6000000189
6000000111 6000000176
6000000025 6000000014
6000000163 6000000013
6000000153 6000000075
6000000057 6000000003
6000000001 6000000138
6000000016 6000000133
6000000128 6000000199
6000000159 6000000005
6000000108 6000000101
6000000035 6000000065
6000000007 6000000115
6000000008 6000000100
6000000185 6000000154
6000000096 6000000165
6000000121 6000000019
6000000145 6000000063
6000000091 6000000066
6000000078 6000000137
6000000020 6000000200
6000000002 6000000172
6000000049 6000000132
6000000050 6000000047
6000000032 6000000146
6000000060 6000000063
6000000121 6000000094
6000000112 6000000168
6000000063 6000000167
6000000132 6000000065
6000000068 6000000081
6000000005 6000000146
6000000184 6000000019
6000000084 6000000144
6000000134 6000000087
6000000071 6000000028
6000000109 6000000157
6000000163 6000000070
6000000107 6000000169
6000000191 6000000099
6000000150 6000000117
6000000075 6000000116
6000000166 6000000167
6000000081 6000000146
6000000177 6000000038
6000000105 6000000033
6000000023 6000000157
6000000113 6000000196
6000000134 6000000159
6000000153 6000000005
6000000150 6000000185
6000000163 6000000012
6000000191 6000000098
6000000014 6000000072
6000000193 6000000171
6000000014 6000000144
6000000032 6000000022
6000000094 6000000160
6000000176 6000000092
6000000046 6000000087
6000000033 6000000050
6000000194 6000000107
6000000046 6000000151
6000000072 6000000120
6000000098 6000000089
6000000162 6000000174
6000000015 6000000134
6000000114 6000000002
6000000198 6000000065
6000000003 6000000147
6000000196 6000000014
6000000005 6000000084
6000000190 6000000033
6000000197 6000000006
6000000084 6000000008
6000000035 6000000077
6000000014 6000000199
6000000097 6000000018
6000000152 6000000134
6000000146 6000000145
6000000110 6000000138
6000000083 6000000006
6000000085 6000000043
6000000158 6000000152
6000000044 6000000199
6000000064 6000000123
6000000151 6000000199
6000000149 6000000117
6000000073 6000000005
6000000033 6000000003
6000000130 6000000160
6000000134 6000000198
6000000180 6000000104
6000000117 6000000038
6000000166 6000000018
6000000190 6000000162
6000000122 6000000110
3500000084 3500000178
3500000003 3500000130
3500000188 3500000082
3500000040 3500000018
3500000090 3500000158
3500000184 3500000131
3500000108 3500000034
3500000090 3500000030
3500000046 3500000141
3500000010 3500000042
3500000159 3500000140
3500000019 3500000074
3500000151 3500000070
3500000022 3500000153
3500000160 3500000038
3500000021 3500000124
3500000153 3500000078
3500000095 3500000037
3500000124 3500000067
3500000131 3500000049
3500000094 3500000168
3500000104 3500000156
3500000123 3500000161
3500000139 3500000151
3500000186 3500000012
3500000190 3500000148
3500000087 3500000150
3500000138 3500000200
3500000123 3500000110
3500000159 3500000092
3500000020 3500000136
3500000122 3500000085
3500000095 3500000129
3500000111 3500000097
3500000197 3500000009
3500000095 3500000189
3500000145 3500000068
3500000051 3500000107
3500000173 3500000090
3500000041 3500000124
3500000050 3500000191
3500000030 3500000032
3500000028 3500000002
3500000125 3500000018
3500000022 3500000036
3500000096 3500000049
3500000118 3500000015
3500000158 3500000178
3500000026 3500000108
3500000179 3500000124
3500000070 3500000013
3500000147 3500000155
3500000003 3500000140
3500000164 3500000027
3500000133 3500000016
3500000117 3500000162
3500000155 3500000168
3500000162 3500000022
3500000195 3500000020
3500000168 3500000177
3500000057 3500000139
3500000133 3500000199
3500000161 3500000021
3500000200 3500000071
3500000109 3500000076
3500000179 3500000056
3500000174 3500000113
3500000146 3500000054
3500000120 3500000002
3500000197 3500000103
3500000161 3500000069
3500000135 3500000081
3500000196 3500000063
3500000051 3500000073
3500000200 3500000139
3500000160 3500000102
3500000025 3500000076
3500000153 3500000176
3500000084 3500000172
3500000051 3500000074
3500000129 3500000008
3500000007 3500000055
3500000075 3500000197
3500000152 3500000027
3500000095 3500000064
3500000165 3500000086
3500000067 3500000141
3500000132 3500000136
3500000033 3500000159
3500000158 3500000056
3500000149 3500000142
3500000043 3500000165
3500000145 3500000078
3500000113 3500000177
3500000118 3500000030
3500000026 3500000033
3500000126 3500000062
3500000111 3500000004
3500000012 3500000044
3500000179 3500000134
3500000075 3500000036
3500000062 3500000119
3500000162 3500000099
3500000070 3500000188
3500000157 3500000035
3500000147 3500000157
3500000072 3500000110
3500000042 3500000178
3500000062 3500000060
3500000186 3500000160
3500000026 3500000090
3500000120 3500000191
3500000189 3500000146
3500000021 3500000175
3500000116 3500000105
3500000102 3500000200
3500000026 3500000106
3500000106 3500000157
3500000171 3500000032
3500000034 3500000093
3500000017 3500000097
3500000142 3500000081
3500000185 3500000014
3500000185 3500000070
3500000054 3500000052
3500000017 3500000184
3500000028 3500000123
3500000163 3500000199
3500000156 3500000128
3500000133 3500000171
3500000089 3500000094
3500000025 3500000095
3500000002 3500000018
3500000016 3500000065
3500000103 3500000166
3500000180 3500000081
3500000097 3500000095
3500000139 3500000196
3500000112 3500000005
3500000099 3500000183
3500000101 3500000100
3500000076 3500000027
3500000046 3500000004
3500000073 3500000077
3500000167 3500000143
3500000038 3500000127
3500000012 3500000039
3500000021 3500000113
3500000104 3500000149
3500000011 3500000116
3500000055 3500000130
3500000141 3500000200
3500000196 3500000144
3500000040 3500000066
3500000078 3500000044
3500000098 3500000148
3500000141 3500000066
3500000107 3500000037
3500000114 3500000183
3500000118 3500000119
3500000151 3500000040
3500000138 3500000118
3500000103 3500000181
3500000076 3500000197
3500000014 3500000024
3500000191 3500000048
3500000012 3500000055
3500000109 3500000099
3500000085 3500000037
3500000018 3500000050
3500000087 3500000095
3500000132 3500000070
3500000121 3500000003
3500000144 3500000026
3500000126 3500000022
3500000123 3500000166
3500000102 3500000019
3500000115 3500000086
3500000065 3500000100
3500000042 3500000083
2250000026 2250000068
2250000019 2250000179
2250000089 2250000002
2250000152 2250000022
2250000138 2250000126
2250000048 2250000152
2250000078 2250000065
2250000188 2250000007
2250000197 2250000086
2250000075 2250000189
2250000079 2250000137
2250000162 2250000098
2250000048 2250000059
2250000013 2250000170
2250000072 2250000169
2250000061 2250000021
2250000019 2250000188
2250000116 2250000029
2250000087 2250000049
2250000001 2250000050
2250000063 2250000052
2250000064 2250000021
2250000103 2250000073
2250000131 2250000001
2250000009 2250000177
2250000169 2250000066
2250000188 2250000022
2250000200 2250000061
2250000196 2250000036
2250000062 2250000027
2250000148 2250000035
2250000152 2250000131
2250000127 2250000012
2250000134 2250000177
2250000129 2250000063
2250000183 2250000058
2250000019 2250000141
2250000067 2250000020
2250000029 2250000054
2250000151 2250000100
2250000001 2250000194
2250000043 2250000143
2250000055 2250000101
2250000023 2250000154
2250000012 2250000198
2250000042 2250000155
2250000031 2250000084
2250000100 2250000075
2250000033 2250000095
2250000044 2250000056
2250000099 2250000085
2250000038 2250000191
2250000095 2250000059
2250000154 2250000002
2250000014 2250000029
2250000036 2250000131
2250000078 2250000096
2250000030 2250000056
2250000049 2250000052
2250000153 2250000058
2250000176 2250000084
2250000003 2250000183
2250000009 2250000189
2250000033 2250000075
2250000091 2250000151
2250000161 2250000015
2250000187 2250000136
2250000177 2250000128
2250000120 2250000048
2250000007 2250000198
2250000009 2250000115
2250000084 2250000163
2250000074 2250000199
2250000173 2250000031
2250000103 2250000006
2250000066 2250000044
2250000162 2250000003
2250000137 2250000150
2250000024 2250000020
2250000083 2250000011
2250000050 2250000065
2250000154 2250000186
2250000168 2250000032
2250000144 2250000192
2250000104 2250000080
2250000186 2250000142
2250000192 2250000091
2250000170 2250000076
2250000046 2250000109
2250000096 2250000198
2250000155 2250000005
2250000110 2250000102
2250000146 2250000038
2250000057 2250000199
2250000171 2250000022
2250000149 2250000128
2250000191 2250000005
2250000113 2250000151
2250000060 2250000059
2250000017 2250000185
2250000183 2250000052
2250000185 2250000041
2250000141 2250000033
2250000129 2250000082
2250000023 2250000134
2250000065 2250000058
2250000189 2250000095
2250000095 2250000050
2250000112 2250000054
2250000102 2250000173
2250000026 2250000145
2250000003 2250000099
2250000120 2250000024
2250000187 2250000188
2250000002 2250000037
2250000020 2250000141
2250000041 2250000005
2250000124 2250000177
2250000027 2250000030
2250000065 2250000130
2250000034 2250000179
2250000035 2250000117
2250000188 2250000125
2250000003 2250000147
2250000056 2250000182
2250000020 2250000082
2250000040 2250000082
2250000182 2250000071
2250000132 2250000059
2250000009 2250000144
2250000137 2250000128
2250000156 2250000184
2250000176 2250000034
2250000102 2250000162
2250000124 2250000148
2250000048 2250000171
2250000151 2250000190
2250000133 2250000131
2250000062 2250000196
2250000173 2250000035
2250000104 2250000033
2250000125 2250000159
2250000018 2250000136
2250000155 2250000108
2250000130 2250000136
2250000072 2250000082
2250000095 2250000026
2250000160 2250000099
2250000054 2250000060
2250000159 2250000160
2250000007 2250000076
2250000175 2250000089
2250000032 2250000169
2250000156 2250000107
2250000180 2250000089
2250000156 2250000109
2250000127 2250000033
2250000057 2250000186
2250000096 2250000151
2250000182 2250000100
2250000048 2250000007
2250000024 2250000062
2250000181 2250000111
2250000125 2250000073
2250000063 2250000031
2250000113 2250000005
2250000054 2250000182
2250000154 2250000110
2250000138 2250000149
2250000197 2250000159
2250000122 2250000143
2250000020 2250000069
2250000163 2250000084
2250000008 2250000084
2250000104 2250000137
2250000011 2250000044
2250000008 2250000136
2250000158 2250000149
2250000159 2250000159
2250000003 2250000055
1625000158 1625000133
1625000075 1625000177
1625000063 1625000025
1625000144 1625000165
1625000068 1625000041
1625000179 1625000102
1625000183 1625000181
1625000193 1625000095
1625000171 1625000037
1625000035 1625000070
1625000106 1625000132
1625000164 1625000054
1625000002 1625000076
1625000080 1625000171
1625000064 1625000026
1625000135 1625000122
1625000005 1625000120
1625000110 1625000128
1625000031 1625000045
1625000069 1625000181
1625000030 1625000100
1625000041 1625000045
1625000095 1625000197
1625000188 1625000075
1625000095 1625000165
1625000036 1625000157
1625000117 1625000122
1625000005 1625000187
1625000191 1625000164
1625000126 1625000179
1625000169 1625000073
1625000125 1625000085
1625000052 1625000068
1625000004 1625000034
1625000197 1625000104
1625000172 1625000173
1625000031 1625000109
1625000059 1625000086
1625000102 1625000145
1625000068 1625000159
1625000044 1625000047
1625000029 1625000062
1625000106 1625000181
1625000168 1625000191
1625000047 1625000104
1625000084 1625000193
1625000152 1625000193
1625000017 1625000123
1625000061 1625000177
1625000157 1625000168
1625000054 1625000061
1625000184 1625000171
1625000113 1625000025
1625000053 1625000192
1625000092 1625000085
1625000147 1625000004
1625000015 1625000060
1625000070 1625000090
1625000043 1625000032
1625000061 1625000014
1625000191 1625000021
1625000074 1625000084
1625000150 1625000187
1625000012 1625000077
1625000195 1625000094
1625000043 1625000001
1625000181 1625000054
1625000129 1625000169
1625000134 1625000189
1625000083 1625000025
1625000146 1625000041
1625000110 1625000050
1625000076 1625000162
1625000071 1625000084
1625000051 1625000116
1625000178 1625000115
1625000033 1625000005
1625000183 1625000187
1625000008 1625000177
1625000148 1625000109
1625000012 1625000093
1625000124 1625000036
1625000143 1625000094
1625000022 1625000197
1625000110 1625000156
1625000194 1625000119
1625000178 1625000070
1625000118 1625000070
1625000032 1625000153
1625000090 1625000118
1625000147 1625000086
1625000075 1625000023
1625000099 1625000067
1625000166 1625000003
1625000071 1625000169
1625000086 1625000043
1625000123 1625000032
1625000022 1625000165
1625000061 1625000179
1625000087 1625000078
1625000071 1625000032
1625000080 1625000124
1625000036 1625000187
1625000116 1625000194
1625000092 1625000059
1625000036 1625000167
1625000121 1625000026
1625000097 1625000077
1625000165 1625000177
1625000084 1625000093
1625000068 1625000029
1625000066 1625000109
1625000144 1625000035
1625000105 1625000190
1625000155 1625000075
1625000120 1625000034
1625000100 1625000014
1625000052 1625000139
1625000092 1625000054
1625000197 1625000053
1625000135 1625000123
1625000006 1625000197
1625000037 1625000006
1625000164 1625000073
1625000152 1625000031
1625000013 1625000087
1625000154 1625000134
1625000171 1625000163
1625000175 1625000128
1625000133 1625000194
1625000091 1625000020
1625000162 1625000082
1625000040 1625000109
1625000041 1625000061
1625000186 1625000196
1625000148 1625000006
1625000074 1625000109
1625000001 1625000125
1625000169 1625000078
1625000005 1625000119
1625000037 1625000142
1625000197 1625000080
1625000075 1625000038
1625000133 1625000088
1625000007 1625000027
1625000066 1625000096
1625000166 1625000092
1625000116 1625000150
1625000192 1625000157
1625000098 1625000121
1625000104 1625000038
1625000179 1625000068
1625000081 1625000153
1625000116 1625000029
1625000024 1625000114
1625000119 1625000135
1625000121 1625000164
1625000186 1625000198
1625000097 1625000189
1625000159 1625000148
1625000053 1625000071
1625000146 1625000075
1625000143 1625000055
1625000103 1625000155
1625000043 1625000108
1625000154 1625000128
1625000112 1625000104
1625000178 1625000024
1625000026 1625000012
1625000088 1625000058
1625000008 1625000063
1625000184 1625000027
1625000023 1625000071
1625000189 1625000056
1625000094 1625000190
1625000083 1625000173
1625000071 1625000191
1625000070 1625000119
1625000062 1625000174
1625000184 1625000092
1312500084 1312500055
1312500001 1312500197
1312500186 1312500090
1312500124 1312500168
1312500073 1312500149
1312500134 1312500081
1312500055 1312500129
1312500142 1312500080
1312500174 1312500029
1312500163 1312500057
1312500157 1312500174
1312500181 1312500016
1312500174 1312500125
1312500031 1312500183
1312500083 1312500158
1312500114 1312500175
1312500067 1312500122
1312500146 1312500177
1312500078 1312500180
1312500117 1312500134
1312500039 1312500015
1312500142 1312500064
1312500137 1312500049
1312500073 1312500036
1312500097 1312500100
1312500122 1312500033
1312500082 1312500188
1312500021 1312500007
1312500126 1312500152
1312500159 1312500200
1312500029 1312500043
1312500028 1312500020
1312500184 1312500125
1312500137 1312500023
1312500017 1312500075
1312500085 1312500083
1312500026 1312500128
1312500109 1312500107
1312500178 1312500022
1312500012 1312500146
1312500110 1312500014
1312500153 1312500116
1312500052 1312500116
1312500047 1312500191
1312500102 1312500154
1312500066 1312500058
1312500002 1312500079
1312500176 1312500154
1312500136 1312500135
1312500105 1312500069
1312500059 1312500070
1312500031 1312500154
1312500174 1312500056
1312500083 1312500044
1312500123 1312500042
1312500023 1312500056
1312500095 1312500040
1312500087 1312500173
1312500189 1312500167
1312500041 1312500022
1312500170 1312500189
1312500077 1312500137
1312500064 1312500112
1312500189 1312500023
1312500069 1312500176
1312500029 1312500109
1312500157 1312500106
1312500053 1312500180
1312500125 1312500165
1312500008 1312500031
1312500137 1312500132
1312500155 1312500014
1312500176 1312500188
1312500085 1312500036
1312500139 1312500030
1312500128 1312500072
1312500007 1312500085
1312500109 1312500039
1312500082 1312500091
1312500199 1312500036
1312500170 1312500023
1312500060 1312500098
1312500190 1312500190
1312500014 1312500194
1312500029 1312500148
1312500034 1312500091
1312500102 1312500155
1312500181 1312500178
1312500031 1312500107
1312500173 1312500148
1312500097 1312500107
1312500069 1312500159
1312500055 1312500076
1312500116 1312500002
1312500064 1312500103
1312500051 1312500193
1312500068 1312500088
1312500078 1312500037
1312500140 1312500070
1312500060 1312500108
1312500100 1312500076
1312500001 1312500176
1312500047 1312500085
1312500024 1312500153
1312500131 1312500023
1312500088 1312500172
1312500153 1312500123
1312500132 1312500189
1312500045 1312500179
1312500176 1312500007
1312500078 1312500132
1312500001 1312500086
1312500109 1312500159
1312500067 1312500132
1312500129 1312500145
1312500199 1312500103
1312500153 1312500039
1312500019 1312500139
1312500052 1312500117
1312500077 1312500161
1312500041 1312500061
1312500016 1312500016
1312500129 1312500029
1312500192 1312500091
1312500080 1312500043
1312500073 1312500039
1312500018 1312500196
1312500134 1312500195
1312500018 1312500002
1312500146 1312500004
1312500136 1312500134
1312500130 1312500033
1312500200 1312500012
1312500113 1312500144
1312500072 1312500106
1312500108 1312500103
1312500121 1312500199
1312500186 1312500130
1312500132 1312500074
1312500164 1312500130
1312500016 1312500145
1312500170 1312500012
1312500135 1312500057
1312500064 1312500179
1312500103 1312500140
1312500041 1312500046
1312500062 1312500071
1312500084 1312500018
1312500142 1312500034
1312500001 1312500061
1312500091 1312500093
1312500111 1312500153
1312500188 1312500135
1312500005 1312500034
1312500085 1312500148
1312500126 1312500191
1312500025 1312500125
1312500145 1312500003
1312500055 1312500172
1312500004 1312500146
1312500189 1312500105
1312500078 1312500144
1312500029 1312500080
1312500033 1312500062
1312500018 1312500152
1312500075 1312500110
1312500053 1312500072
1312500180 1312500031
1312500197 1312500070
1312500065 1312500191
1312500128 1312500033
1312500029 1312500038
1312500197 1312500148
1312500136 1312500165
1312500195 1312500135
1312500195 1312500183
1312500106 1312500187
1312500151 1312500135
1312500125 1312500148
1312500149 1312500144
60 100
93 14
146 101
125 100
177 54
28 160
142 143
47 34
4 157
40 6
191 73
156 49
94 29
137 16
51 68
106 102
55 125
178 101
148 119
58 133
48 34
52 27
89 172
7 45
27 140
153 2
6 168
87 96
176 189
46 52
42 35
134 50
151 197
32 47
104 100
59 55
118 148
188 45
67 106
134 195
117 198
34 42
20 4
113 35
165 137
113 36
154 111
144 54
4 149
111 52
111 136
190 105
157 173
55 164
85 71
142 144
60 16
199 133
189 116
141 69
187 69
97 198
170 132
60 173
60 107
31 177
181 22
8 78
170 154
8 102
193 193
178 131
144 122
103 153
160 155
88 124
106 64
57 134
142 138
81 5
132 150
62 169
12 190
15 91
116 154
37 200
145 123
63 43
144 89
108 40
2 11
45 13
94 176
186 6
158 77
63 50
149 142
61 30
31 191
177 194
