# source: JorikJooken
# original path: jj_extract\knapsackProblemInstances-master\problemInstances\n_400_c_10000000000_g_2_f_0.1_eps_0.0001_s_300\test.in
# optimal value: 5001006429
# format: n capacity, then weight value
400 10000000000
5001000040 5001000102
5001000025 5001000207
5001000052 5001000281
5001000126 5001000258
5001000250 5001000086
5001000161 5001000154
5001000124 5001000234
5001000070 5001000211
5001000288 5001000234
5001000161 5001000266
5001000246 5001000284
5001000150 5001000257
5001000154 5001000004
5001000053 5001000231
5001000028 5001000029
5001000128 5001000208
5001000223 5001000048
5001000243 5001000013
5001000079 5001000244
5001000219 5001000270
5001000248 5001000276
5001000091 5001000153
5001000264 5001000217
5001000022 5001000108
5001000078 5001000041
5001000006 5001000243
5001000085 5001000239
5001000030 5001000246
5001000244 5001000047
5001000166 5001000270
5001000234 5001000083
5001000150 5001000172
5001000252 5001000183
5001000160 5001000290
5001000186 5001000268
5001000300 5001000264
5001000006 5001000174
5001000157 5001000240
5001000187 5001000037
5001000062 5001000122
5001000165 5001000193
5001000224 5001000029
5001000007 5001000044
5001000078 5001000201
5001000193 5001000203
5001000003 5001000163
5001000077 5001000085
5001000194 5001000250
5001000201 5001000300
5001000078 5001000038
5001000243 5001000085
5001000110 5001000051
5001000097 5001000063
5001000083 5001000297
5001000230 5001000039
5001000132 5001000075
5001000079 5001000273
5001000184 5001000218
5001000297 5001000157
5001000188 5001000120
5001000155 5001000252
5001000044 5001000129
5001000087 5001000005
5001000058 5001000110
5001000117 5001000276
5001000264 5001000157
5001000087 5001000151
5001000112 5001000072
5001000031 5001000232
5001000229 5001000225
5001000134 5001000187
5001000107 5001000279
5001000188 5001000137
5001000081 5001000170
5001000094 5001000294
5001000099 5001000269
5001000250 5001000194
5001000087 5001000232
5001000205 5001000031
5001000238 5001000167
5001000062 5001000098
5001000035 5001000269
5001000283 5001000023
5001000041 5001000074
5001000048 5001000292
5001000146 5001000151
5001000091 5001000224
5001000089 5001000166
5001000092 5001000253
5001000092 5001000008
5001000160 5001000081
5001000185 5001000231
5001000138 5001000060
5001000067 5001000087
5001000019 5001000190
5001000027 5001000074
5001000150 5001000147
5001000189 5001000164
5001000058 5001000288
5001000162 5001000224
5001000159 5001000240
5001000278 5001000275
5001000182 5001000053
5001000171 5001000196
5001000046 5001000139
5001000262 5001000161
5001000013 5001000135
5001000300 5001000150
5001000079 5001000191
5001000010 5001000039
5001000185 5001000207
5001000023 5001000069
5001000046 5001000052
5001000195 5001000164
5001000270 5001000192
5001000177 5001000072
5001000034 5001000133
5001000195 5001000234
5001000119 5001000219
5001000288 5001000132
5001000012 5001000132
5001000116 5001000212
5001000168 5001000087
5001000133 5001000016
5001000125 5001000240
5001000262 5001000295
5001000019 5001000261
5001000217 5001000178
5001000186 5001000002
5001000196 5001000248
5001000014 5001000199
5001000037 5001000236
5001000114 5001000191
5001000167 5001000151
5001000271 5001000078
5001000010 5001000127
5001000055 5001000151
5001000060 5001000021
5001000027 5001000104
5001000188 5001000123
5001000151 5001000093
5001000199 5001000259
5001000060 5001000177
5001000020 5001000018
5001000235 5001000065
5001000095 5001000007
5001000027 5001000160
5001000202 5001000180
5001000280 5001000165
5001000182 5001000207
5001000009 5001000196
5001000289 5001000285
5001000156 5001000030
5001000018 5001000045
5001000144 5001000204
5001000264 5001000292
5001000106 5001000226
5001000054 5001000154
5001000031 5001000127
5001000207 5001000151
5001000145 5001000088
5001000255 5001000083
5001000126 5001000259
5001000039 5001000142
5001000276 5001000295
5001000205 5001000291
5001000016 5001000061
5001000275 5001000266
5001000195 5001000103
5001000216 5001000109
5001000277 5001000203
5001000065 5001000250
5001000240 5001000002
5001000272 5001000251
5001000284 5001000193
5001000216 5001000138
5001000147 5001000088
5001000290 5001000192
5001000275 5001000008
5001000010 5001000128
5001000274 5001000190
5001000242 5001000191
5001000240 5001000049
5001000091 5001000214
5001000278 5001000194
5001000025 5001000220
5001000088 5001000188
5001000153 5001000139
5001000264 5001000190
5001000084 5001000032
5001000112 5001000220
5001000113 5001000098
5001000292 5001000061
5001000291 5001000061
5001000202 5001000134
5001000047 5001000249
5001000104 5001000074
5001000078 5001000179
5001000209 5001000029
5001000141 5001000172
5001000226 5001000255
5001000291 5001000282
5001000100 5001000006
5001000199 5001000170
5001000176 5001000207
5001000223 5001000135
5001000106 5001000245
5001000197 5001000051
5001000219 5001000021
5001000033 5001000010
5001000133 5001000295
5001000231 5001000209
5001000095 5001000253
5001000236 5001000123
5001000208 5001000114
5001000021 5001000137
5001000145 5001000090
5001000096 5001000055
5001000074 5001000065
5001000194 5001000138
5001000251 5001000075
5001000073 5001000065
5001000249 5001000066
5001000243 5001000298
5001000218 5001000262
5001000065 5001000010
5001000169 5001000096
5001000274 5001000056
5001000029 5001000188
5001000053 5001000092
5001000123 5001000227
5001000275 5001000215
5001000130 5001000120
5001000171 5001000183
5001000150 5001000025
5001000204 5001000120
5001000078 5001000279
5001000179 5001000268
5001000140 5001000278
5001000288 5001000008
5001000223 5001000298
5001000242 5001000144
5001000078 5001000275
5001000198 5001000145
5001000234 5001000128
5001000099 5001000218
5001000128 5001000235
5001000206 5001000051
5001000187 5001000032
5001000248 5001000096
5001000121 5001000062
5001000235 5001000048
5001000299 5001000144
5001000256 5001000237
5001000138 5001000241
5001000128 5001000101
5001000172 5001000173
5001000108 5001000053
5001000194 5001000256
5001000145 5001000075
5001000089 5001000256
5001000176 5001000105
5001000222 5001000271
5001000250 5001000099
5001000236 5001000090
5001000147 5001000063
5001000143 5001000099
5001000030 5001000237
5001000110 5001000195
5001000148 5001000089
5001000069 5001000284
5001000205 5001000206
5001000182 5001000029
5001000070 5001000270
5001000292 5001000084
5001000113 5001000161
5001000210 5001000239
5001000081 5001000197
5001000094 5001000231
5001000272 5001000279
5001000124 5001000185
5001000045 5001000091
5001000274 5001000232
5001000037 5001000285
5001000027 5001000275
5001000292 5001000246
5001000042 5001000035
5001000198 5001000120
5001000062 5001000197
5001000163 5001000217
5001000097 5001000226
5001000212 5001000257
5001000240 5001000203
5001000056 5001000171
5001000138 5001000075
5001000194 5001000269
5001000149 5001000219
5001000044 5001000106
5001000064 5001000261
5001000140 5001000042
5001000185 5001000099
5001000137 5001000240
5001000023 5001000010
5001000287 5001000263
5001000142 5001000030
5001000006 5001000286
5001000003 5001000153
5001000149 5001000294
5001000199 5001000135
5001000196 5001000043
5001000115 5001000212
5001000111 5001000062
5001000195 5001000013
5001000163 5001000293
5001000062 5001000276
5001000212 5001000066
5001000064 5001000011
5001000048 5001000114
5001000266 5001000154
5001000253 5001000265
5001000141 5001000199
5001000119 5001000191
5001000008 5001000248
5001000132 5001000161
5001000297 5001000079
5001000107 5001000268
5001000258 5001000095
5001000212 5001000164
5001000265 5001000153
5001000208 5001000230
5001000199 5001000285
5001000259 5001000256
5001000026 5001000029
5001000177 5001000103
5001000071 5001000025
5001000291 5001000147
5001000174 5001000043
5001000226 5001000141
5001000055 5001000064
5001000093 5001000137
5001000172 5001000255
5001000249 5001000091
5001000134 5001000049
5001000248 5001000238
5001000061 5001000272
5001000001 5001000131
5001000296 5001000195
5001000079 5001000011
5001000147 5001000220
5001000086 5001000227
5001000153 5001000164
5001000057 5001000070
5001000041 5001000032
5001000121 5001000227
5001000011 5001000066
5001000152 5001000152
5001000222 5001000115
5001000041 5001000008
5001000290 5001000104
5001000024 5001000224
201 212
99 112
128 132
56 281
18 11
95 55
250 117
299 191
91 270
128 255
206 268
65 211
210 13
38 63
119 299
38 29
209 260
210 235
293 237
140 130
109 173
181 182
19 126
130 173
48 258
140 71
42 262
160 58
171 83
255 24
79 83
115 106
128 279
51 204
111 125
50 125
160 133
281 193
47 42
239 48
