# source: JorikJooken
# original path: jj_extract\knapsackProblemInstances-master\problemInstances\n_1200_c_1000000_g_14_f_0.1_eps_1e-05_s_300\test.in
# optimal value: 1040286
# format: n capacity, then weight value
1200 1000000
500141 500170
500167 500050
500154 500219
500165 500152
500062 500194
500248 500016
500161 500222
500280 500252
500236 500153
500044 500195
500258 500040
500017 500076
500204 500072
500173 500040
500056 500136
500155 500290
500200 500277
500016 500289
500157 500189
500109 500154
500043 500253
500012 500139
500158 500209
500280 500163
500208 500053
500272 500170
500213 500047
500141 500145
500028 500088
500145 500260
500259 500025
500168 500220
500108 500185
500176 500140
500104 500208
500308 500030
500257 500242
500094 500090
500091 500139
500042 500022
500231 500102
500276 500283
500084 500193
500301 500303
500102 500270
500011 500060
500112 500194
500112 500057
500144 500113
500041 500148
500178 500089
500085 500227
500057 500206
500193 500204
500186 500165
500280 500178
500146 500041
500172 500299
500270 500135
500096 500050
500045 500130
500146 500174
500231 500308
500285 500171
500072 500065
500170 500066
500081 500175
500072 500166
500055 500016
500132 500263
500264 500166
500132 500210
500299 500064
500190 500199
500079 500134
500184 500261
500222 500047
500099 500021
500237 500066
500158 500069
500269 500074
500288 500040
500254 500297
250208 250270
250205 250022
250262 250165
250265 250286
250294 250081
250293 250135
250110 250235
250042 250255
250273 250020
250080 250033
250241 250150
250049 250143
250193 250122
250162 250238
250085 250193
250186 250262
250183 250022
250030 250083
250197 250198
250091 250249
250244 250034
250266 250113
250179 250285
250286 250219
250291 250059
250151 250197
250232 250253
250089 250232
250041 250090
250021 250129
250186 250099
250026 250128
250139 250048
250235 250017
250129 250089
250128 250099
250250 250230
250284 250197
250141 250047
250069 250064
250253 250287
250199 250292
250178 250073
250262 250221
250166 250073
250048 250298
250081 250181
250274 250104
250227 250064
250137 250067
250237 250127
250254 250101
250102 250065
250030 250185
250151 250217
250105 250033
250289 250023
250219 250120
250075 250069
250050 250283
250274 250051
250209 250296
250145 250173
250059 250021
250136 250254
250201 250246
250204 250138
250130 250168
250098 250071
250094 250287
250097 250025
250094 250069
250267 250063
250053 250142
250221 250254
250101 250249
250040 250267
250182 250154
250222 250168
250287 250047
250189 250119
250082 250022
250038 250126
125120 125122
125257 125091
125066 125222
125251 125059
125294 125309
125217 125066
125156 125192
125249 125185
125199 125118
125118 125223
125181 125079
125179 125180
125235 125037
125137 125168
125159 125215
125297 125142
125306 125043
125290 125033
125221 125038
125132 125109
125057 125141
125190 125271
125079 125243
125130 125153
125164 125137
125144 125296
125013 125226
125102 125072
125051 125251
125116 125274
125086 125021
125112 125153
125225 125281
125282 125209
125190 125078
125161 125296
125038 125053
125121 125019
125246 125120
125197 125221
125233 125058
125267 125017
125092 125063
125243 125052
125261 125171
125132 125136
125257 125017
125289 125131
125011 125181
125069 125038
125042 125046
125196 125086
125073 125066
125205 125047
125304 125280
125087 125056
125221 125245
125027 125121
125060 125279
125191 125284
125310 125299
125204 125152
125138 125193
125048 125056
125138 125042
125140 125021
125109 125062
125179 125282
125037 125086
125087 125019
125145 125149
125305 125175
125174 125158
125108 125122
125196 125100
125259 125122
125230 125217
125207 125050
125038 125122
125098 125268
125233 125011
125068 125284
125073 125171
62737 62773
62555 62743
62533 62752
62797 62719
62614 62714
62694 62643
62769 62757
62556 62806
62732 62798
62794 62582
62805 62618
62670 62621
62598 62642
62747 62529
62662 62551
62555 62730
62590 62577
62799 62534
62798 62730
62532 62523
62695 62657
62769 62726
62783 62717
62781 62662
62733 62710
62663 62574
62785 62621
62762 62701
62642 62557
62511 62563
62670 62800
62535 62674
62759 62791
62681 62620
62567 62535
62690 62797
62697 62528
62736 62611
62580 62632
62698 62523
62560 62750
62803 62644
62795 62767
62652 62594
62635 62789
62567 62572
62722 62572
62517 62587
62794 62798
62745 62689
62695 62778
62614 62522
62625 62540
62661 62756
62685 62761
62534 62677
62537 62530
62728 62695
62696 62797
62777 62636
62733 62620
62696 62549
62790 62742
62570 62663
62514 62745
62511 62577
62580 62608
62608 62549
62594 62515
62574 62747
62537 62563
62683 62589
62588 62777
62513 62641
62703 62695
62512 62755
62650 62589
62629 62772
62645 62724
62697 62806
62733 62653
62521 62774
62658 62627
31379 31418
31317 31485
31286 31354
31452 31371
31489 31529
31381 31413
31505 31351
31560 31521
31300 31434
31465 31446
31417 31349
31521 31296
31407 31319
31473 31395
31283 31405
31337 31515
31472 31444
31328 31494
31349 31309
31560 31543
31268 31471
31325 31265
31339 31437
31504 31455
31500 31351
31324 31274
31507 31528
31340 31267
31458 31281
31366 31523
31300 31384
31372 31504
31326 31548
31513 31500
31423 31430
31387 31428
31553 31493
31493 31271
31457 31425
31540 31270
31315 31466
31426 31439
31398 31397
31297 31310
31326 31436
31316 31349
31414 31412
31490 31383
31457 31450
31330 31474
31547 31278
31543 31449
31262 31290
31313 31475
31554 31517
31329 31327
31488 31320
31337 31339
31494 31531
31307 31366
31339 31422
31472 31335
31540 31493
31325 31514
31530 31326
31534 31521
31371 31426
31275 31301
31460 31371
31464 31342
31323 31308
31554 31354
31329 31497
31364 31526
31406 31356
31460 31553
31409 31483
31375 31398
31330 31322
31396 31507
31528 31493
31269 31477
31493 31326
15834 15780
15855 15714
15887 15768
15661 15849
15852 15639
15763 15706
15934 15928
15863 15897
15680 15911
15928 15882
15799 15866
15761 15925
15657 15757
15772 15730
15813 15781
15933 15898
15881 15758
15822 15814
15824 15650
15733 15802
15720 15698
15852 15866
15921 15832
15768 15648
15887 15653
15834 15831
15732 15699
15840 15794
15923 15753
15742 15704
15754 15769
15639 15862
15770 15828
15792 15697
15824 15843
15695 15666
15740 15708
15737 15676
15919 15886
15885 15682
15640 15747
15663 15807
15742 15696
15831 15822
15893 15893
15927 15697
15717 15765
15862 15843
15837 15896
15923 15925
15740 15744
15677 15867
15902 15801
15741 15657
15891 15674
15697 15798
15830 15898
15650 15674
15678 15726
15872 15928
15890 15674
15919 15879
15765 15904
15902 15903
15834 15739
15741 15647
15805 15796
15745 15744
15926 15768
15638 15897
15788 15693
15699 15777
15676 15638
15673 15742
15912 15796
15681 15931
15744 15700
15728 15719
15739 15786
15722 15789
15844 15877
15763 15783
15803 15886
7983 8013
7841 8068
7919 8075
7865 8000
8003 8041
7831 7865
7864 7958
7863 7947
7921 7881
7950 7980
7823 7868
7972 8043
8007 7970
7854 7853
7871 8059
8096 8000
7969 8091
7882 8103
7906 8072
7851 8097
8000 7854
7883 8007
7964 7971
8117 7918
7837 8030
7917 8060
7929 7892
7904 8033
7870 8037
7833 8018
7986 7854
8051 8030
8049 8050
7854 7908
8008 7992
7923 8046
7993 7956
7948 8105
8063 7849
7993 7864
8059 8022
7835 7934
7836 8101
7882 8090
8063 8053
7977 7827
7832 8119
7877 7916
7940 8010
8008 7823
7958 8073
8013 8076
8120 7881
7893 7832
7986 7856
8056 7918
7943 8118
7982 8023
7957 8111
7979 7960
7890 8003
8016 7929
7861 8109
8027 8011
8090 7898
8032 7828
8018 7918
7948 7916
7999 8062
8009 8071
7947 7895
8087 8052
8053 8041
7924 8007
8051 7981
8074 7965
8013 7860
7976 8022
8122 7841
7873 7852
8121 8036
7900 7969
7916 8089
4162 4106
4092 3936
4152 4088
4038 4064
4181 4021
3965 4191
4121 3958
3925 4137
4161 4148
4035 3936
4126 3948
4204 4088
4148 4038
4092 4082
4100 3961
3946 4168
4048 4163
3933 4073
4189 3956
4134 4183
4185 4183
4164 3927
4183 4080
4165 4005
4079 4000
4133 4203
4129 3944
4058 4045
4161 4059
4075 4122
4169 4169
4038 3984
4125 4019
4042 4023
4158 3931
4169 4159
4077 4142
3965 4154
4076 4114
4047 4082
4123 4109
3919 4067
4197 4051
4202 4175
4100 4164
4041 3923
3945 4054
4067 4035
4185 3931
4060 4089
3955 4068
3997 3999
4189 4022
3942 4004
4067 3925
4133 4176
4036 4001
4151 4132
4201 4083
4034 4064
4086 4115
4140 4009
3930 3957
3985 3981
4024 4151
4099 4119
3954 3963
4180 4121
4071 3944
4017 4066
3918 4104
4025 4173
4119 3918
4017 4127
4215 3996
4154 3969
4202 3934
3923 4026
3947 4079
4062 4078
4170 4179
3975 4151
4125 4209
1969 2227
2249 2216
1988 2174
2115 2027
2260 2007
2137 2204
2043 1979
2063 2159
2221 1990
2025 2028
2238 2083
2039 2244
2210 2171
2071 2038
2102 2013
2046 2099
2197 2239
2193 1965
2058 2037
2032 2203
2076 2008
2018 2148
2055 2165
1981 2179
1980 2256
2172 2055
2002 2037
2135 2097
2043 2027
2111 1988
2171 2224
2094 2135
2107 1974
2142 2262
2134 2214
2184 2257
2013 2004
1986 2094
1992 2047
1991 2139
2015 2022
2029 2257
1985 2129
2095 2238
2039 1979
2224 2066
2119 2250
2091 1971
2057 2214
2153 2149
2156 2081
2162 1991
2195 1965
2091 2217
2166 2160
2227 2130
2237 2020
2167 2234
1978 2100
2076 2122
2165 2188
2202 2074
2042 2082
2051 2191
2179 2089
2206 2230
2197 1966
2210 2118
2209 2153
1980 2118
2226 2083
1979 2187
2029 2218
2232 2215
2125 2166
1975 2031
2247 2169
2116 2002
2078 2225
2177 2251
2164 2108
2189 2050
2142 2194
1223 1152
1153 1278
1188 1187
1231 1083
1046 1040
1241 1014
1191 1087
1197 1011
988 1090
1244 1277
1279 1069
1164 1198
1054 1278
1120 1146
1101 1284
1247 1099
1171 1166
1163 1192
1157 1092
1096 1010
1017 1231
1268 1269
1113 1210
1145 1011
1144 1177
1190 1129
1212 1031
1175 1277
1034 1277
1093 1082
1004 1035
1280 1147
995 1271
1187 1042
1184 1282
998 1121
1146 1256
1054 1175
1243 1093
1073 1166
1273 1232
1248 1019
1104 1244
1029 1182
1042 1202
1160 1116
1069 1070
1135 1272
1039 1072
989 1063
1058 1002
1201 1258
1263 1030
1235 1158
1187 1103
1275 1262
1267 1098
1285 1209
1171 1069
1055 1222
1097 1282
1090 1050
1074 1148
1124 1037
1209 1165
1258 1112
1074 1150
1060 998
1273 1026
1101 1254
1098 1233
1164 987
1135 1238
1089 1188
1002 1249
1048 1002
1173 1270
1138 1141
1076 1038
1186 1136
1265 1076
1247 1234
1255 1042
522 561
630 798
690 552
543 671
594 785
658 782
680 646
538 555
711 759
607 708
780 515
538 679
772 792
587 712
756 538
594 791
581 670
574 542
565 675
722 678
617 574
620 678
550 632
767 613
522 797
554 612
652 585
645 784
661 773
676 733
775 571
690 752
569 545
772 721
530 585
649 502
674 591
696 676
765 566
750 639
723 737
561 501
555 722
755 527
640 737
687 641
724 643
552 642
532 565
593 738
793 745
765 596
589 671
599 760
628 654
721 735
717 504
628 631
744 641
798 536
554 584
646 783
649 673
679 616
738 696
665 504
556 795
549 743
587 786
749 592
588 663
709 563
508 673
640 521
720 621
773 560
628 579
638 730
678 556
795 777
570 572
522 652
724 677
375 376
430 474
525 539
301 298
444 370
419 371
469 479
408 363
376 385
481 275
393 390
493 475
299 534
279 554
263 311
264 550
397 413
464 373
335 305
517 343
278 507
298 409
263 370
513 291
511 447
433 501
407 433
495 493
464 447
281 459
419 531
458 424
350 447
381 335
281 548
485 273
434 476
453 272
291 536
260 263
323 439
317 307
279 477
487 472
459 292
416 363
355 289
382 276
476 255
335 494
290 302
260 348
352 315
550 469
550 384
461 487
516 539
418 258
442 347
473 423
482 261
309 385
271 415
432 496
448 330
445 361
396 435
406 283
417 445
534 402
409 362
371 400
343 427
328 334
462 391
545 542
364 505
393 445
493 527
282 342
380 354
406 499
463 461
200 222
409 291
231 184
348 201
407 257
320 246
203 359
388 173
285 197
282 367
314 212
254 360
152 425
247 203
240 401
192 290
188 196
284 288
184 378
318 167
261 403
312 336
429 303
310 237
182 179
212 221
249 148
141 260
333 145
376 366
202 319
148 335
359 205
156 247
139 137
386 391
263 146
232 411
386 328
422 371
382 409
234 202
203 383
180 271
231 229
432 363
268 176
219 207
295 185
255 292
401 423
180 417
227 165
158 388
420 272
262 187
207 269
350 275
305 369
135 135
283 431
411 193
211 167
235 426
147 427
300 208
155 353
351 148
163 368
148 228
317 220
319 243
311 209
309 386
389 315
135 187
291 329
142 212
308 296
143 316
190 199
342 216
357 378
247 195
151 278
125 86
249 120
81 231
202 97
107 292
39 287
297 167
133 173
224 256
257 30
153 120
121 133
167 167
86 287
175 27
176 201
300 233
266 216
160 244
32 199
241 58
107 42
273 103
184 79
34 85
151 208
45 164
299 226
12 155
149 33
294 300
144 129
208 27
139 225
52 272
42 294
170 186
295 17
117 80
137 141
181 285
35 289
85 88
173 174
263 55
177 213
214 190
105 27
275 240
180 262
92 26
55 13
218 252
272 86
106 195
289 1
60 165
270 130
276 236
135 126
281 204
164 187
22 41
12 264
86 177
23 68
43 99
250 114
118 229
129 288
286 43
180 239
115 148
284 91
284 8
298 283
39 23
196 257
67 298
189 132
109 39
1 281
282 29
41 253
184 19
286 190
213 273
103 298
136 170
115 108
73 14
93 223
31 290
258 238
234 73
147 274
300 237
261 30
123 17
193 223
225 41
44 252
65 278
190 138
45 111
22 167
166 188
27 243
43 91
275 69
94 128
134 44
14 26
23 18
195 165
181 124
39 5
83 92
155 90
