# source: JorikJooken
# original path: jj_extract\knapsackProblemInstances-master\problemInstances\n_600_c_100000000_g_6_f_0.1_eps_0.001_s_300\test.in
# optimal value: 99992441
# format: n capacity, then weight value
600 100000000
50100047 50100157
50100138 50100288
50100157 50100148
50100196 50100181
50100084 50100233
50100280 50100033
50100083 50100174
50100282 50100240
50100176 50100233
50100292 50100121
50100082 50100274
50100103 50100047
50100216 50100290
50100166 50100279
50100167 50100035
50100261 50100267
50100241 50100210
50100187 50100028
50100202 50100089
50100149 50100187
50100076 50100093
50100086 50100151
50100004 50100088
50100297 50100287
50100285 50100076
50100028 50100136
50100109 50100231
50100077 50100024
50100176 50100023
50100061 50100242
50100085 50100123
50100056 50100286
50100088 50100114
50100125 50100200
50100274 50100232
50100190 50100107
50100005 50100143
50100176 50100033
50100256 50100017
50100219 50100200
50100127 50100102
50100030 50100103
50100157 50100134
50100189 50100250
50100240 50100120
50100006 50100019
50100169 50100089
50100219 50100051
50100142 50100016
50100194 50100158
50100190 50100060
50100161 50100064
50100128 50100246
50100051 50100084
50100192 50100139
50100032 50100134
50100289 50100283
50100294 50100224
50100009 50100239
50100086 50100235
50100017 50100286
50100084 50100158
50100127 50100215
50100287 50100103
50100174 50100213
50100218 50100256
50100006 50100274
50100048 50100043
50100067 50100052
50100253 50100020
50100023 50100192
50100036 50100144
50100271 50100172
50100276 50100013
50100083 50100032
50100197 50100167
50100275 50100002
50100194 50100229
50100001 50100234
50100024 50100026
50100104 50100192
50100195 50100003
50100157 50100086
50100089 50100294
50100052 50100205
50100009 50100198
50100096 50100129
50100088 50100127
50100147 50100035
50100046 50100232
50100044 50100061
50100282 50100266
50100207 50100015
50100147 50100041
50100214 50100300
50100263 50100042
50100174 50100154
50100285 50100089
50100158 50100278
50100101 50100263
50100236 50100159
50100144 50100155
50100074 50100296
50100219 50100152
50100131 50100285
50100123 50100179
50100171 50100130
50100136 50100051
25100064 25100027
25100035 25100056
25100110 25100012
25100117 25100213
25100159 25100237
25100184 25100138
25100187 25100166
25100230 25100069
25100265 25100245
25100008 25100184
25100092 25100057
25100159 25100023
25100255 25100230
25100266 25100279
25100175 25100226
25100252 25100004
25100240 25100178
25100142 25100129
25100281 25100086
25100099 25100270
25100193 25100111
25100177 25100031
25100254 25100166
25100148 25100078
25100022 25100227
25100298 25100294
25100077 25100151
25100018 25100175
25100041 25100144
25100186 25100058
25100096 25100252
25100101 25100141
25100026 25100150
25100268 25100079
25100116 25100062
25100041 25100287
25100136 25100215
25100281 25100138
25100087 25100099
25100187 25100030
25100262 25100151
25100107 25100237
25100061 25100235
25100151 25100252
25100234 25100268
25100200 25100236
25100080 25100029
25100164 25100153
25100133 25100099
25100147 25100235
25100300 25100009
25100118 25100100
25100058 25100182
25100077 25100241
25100184 25100199
25100085 25100297
25100043 25100076
25100008 25100288
25100281 25100174
25100099 25100300
25100003 25100252
25100246 25100210
25100187 25100112
25100097 25100097
25100008 25100294
25100125 25100192
25100254 25100223
25100233 25100031
25100044 25100253
25100126 25100112
25100053 25100239
25100284 25100166
25100017 25100140
25100267 25100266
25100094 25100233
25100055 25100240
25100256 25100300
25100135 25100262
25100227 25100270
25100149 25100051
25100046 25100112
25100074 25100191
25100023 25100195
25100112 25100201
25100009 25100251
25100216 25100131
25100122 25100021
25100084 25100298
25100243 25100188
25100164 25100023
25100295 25100012
25100085 25100096
25100042 25100175
25100023 25100002
25100268 25100030
25100041 25100091
25100083 25100209
25100021 25100148
25100088 25100066
25100176 25100274
25100063 25100032
25100015 25100133
25100060 25100093
25100023 25100045
25100092 25100033
25100291 25100142
25100267 25100056
25100072 25100084
12600018 12600102
12600288 12600093
12600257 12600021
12600152 12600183
12600150 12600126
12600243 12600230
12600189 12600136
12600023 12600056
12600087 12600152
12600273 12600247
12600246 12600213
12600257 12600195
12600003 12600276
12600159 12600091
12600128 12600007
12600253 12600171
12600204 12600085
12600133 12600005
12600075 12600112
12600050 12600164
12600268 12600173
12600198 12600130
12600254 12600284
12600282 12600095
12600172 12600239
12600148 12600108
12600283 12600033
12600013 12600116
12600007 12600018
12600081 12600283
12600214 12600196
12600152 12600270
12600067 12600034
12600266 12600176
12600094 12600145
12600078 12600126
12600083 12600145
12600248 12600115
12600280 12600254
12600059 12600132
12600060 12600076
12600023 12600247
12600262 12600232
12600256 12600279
12600258 12600296
12600044 12600149
12600231 12600274
12600253 12600181
12600191 12600196
12600022 12600225
12600158 12600218
12600163 12600192
12600288 12600139
12600108 12600065
12600009 12600206
12600209 12600015
12600253 12600081
12600198 12600141
12600010 12600237
12600220 12600232
12600114 12600160
12600213 12600235
12600110 12600107
12600025 12600207
12600011 12600013
12600103 12600065
12600242 12600211
12600274 12600219
12600124 12600215
12600210 12600143
12600249 12600043
12600087 12600169
12600073 12600186
12600141 12600283
12600123 12600101
12600112 12600284
12600234 12600097
12600256 12600015
12600193 12600051
12600027 12600268
12600020 12600002
12600284 12600224
12600278 12600217
12600165 12600177
12600060 12600063
12600142 12600272
12600034 12600092
12600161 12600193
12600293 12600163
12600206 12600022
12600059 12600033
12600172 12600223
12600260 12600189
12600030 12600248
12600013 12600232
12600122 12600019
12600293 12600171
12600211 12600166
12600024 12600248
12600298 12600264
12600101 12600016
12600123 12600036
12600078 12600166
12600292 12600102
12600251 12600131
12600091 12600033
12600263 12600253
12600081 12600066
6350295 6350068
6350098 6350193
6350125 6350093
6350221 6350048
6350290 6350235
6350123 6350061
6350200 6350064
6350111 6350240
6350295 6350084
6350297 6350278
6350045 6350049
6350071 6350042
6350286 6350075
6350134 6350156
6350079 6350134
6350056 6350065
6350078 6350091
6350288 6350139
6350215 6350217
6350032 6350083
6350043 6350109
6350095 6350295
6350177 6350079
6350177 6350285
6350243 6350118
6350263 6350019
6350261 6350002
6350030 6350033
6350209 6350024
6350024 6350168
6350114 6350031
6350275 6350081
6350220 6350034
6350238 6350196
6350269 6350209
6350198 6350155
6350190 6350294
6350151 6350231
6350218 6350214
6350122 6350003
6350162 6350071
6350106 6350168
6350221 6350286
6350133 6350120
6350170 6350219
6350169 6350126
6350155 6350252
6350067 6350295
6350241 6350087
6350256 6350072
6350196 6350051
6350184 6350030
6350140 6350170
6350300 6350160
6350099 6350215
6350243 6350203
6350233 6350260
6350292 6350094
6350223 6350083
6350203 6350038
6350253 6350290
6350021 6350289
6350222 6350015
6350169 6350012
6350062 6350221
6350079 6350268
6350114 6350029
6350158 6350282
6350253 6350077
6350138 6350264
6350199 6350011
6350294 6350109
6350262 6350084
6350266 6350272
6350243 6350056
6350178 6350010
6350156 6350296
6350259 6350262
6350026 6350127
6350006 6350011
6350191 6350166
6350227 6350230
6350227 6350295
6350244 6350039
6350099 6350053
6350149 6350214
6350159 6350146
6350240 6350265
6350273 6350248
6350141 6350205
6350250 6350058
6350087 6350247
6350001 6350070
6350254 6350227
6350246 6350106
6350110 6350130
6350197 6350066
6350163 6350232
6350191 6350154
6350133 6350113
6350028 6350093
6350049 6350172
6350240 6350287
6350164 6350262
6350245 6350237
6350086 6350099
6350093 6350110
6350287 6350236
3225274 3225027
3225185 3225220
3225192 3225012
3225218 3225082
3225190 3225146
3225198 3225162
3225265 3225150
3225116 3225242
3225027 3225230
3225270 3225290
3225253 3225277
3225126 3225234
3225158 3225258
3225034 3225123
3225013 3225015
3225111 3225025
3225186 3225105
3225005 3225204
3225265 3225204
3225020 3225035
3225039 3225278
3225217 3225159
3225161 3225290
3225061 3225171
3225273 3225235
3225132 3225075
3225042 3225255
3225300 3225160
3225187 3225142
3225080 3225067
3225184 3225253
3225085 3225161
3225111 3225065
3225104 3225097
3225071 3225146
3225002 3225291
3225231 3225048
3225105 3225030
3225142 3225019
3225036 3225213
3225076 3225243
3225113 3225006
3225241 3225068
3225027 3225299
3225252 3225141
3225196 3225035
3225025 3225271
3225123 3225051
3225006 3225024
3225291 3225003
3225187 3225146
3225174 3225065
3225159 3225181
3225183 3225120
3225093 3225130
3225281 3225202
3225136 3225018
3225066 3225162
3225239 3225210
3225031 3225288
3225282 3225195
3225085 3225269
3225167 3225215
3225298 3225076
3225277 3225058
3225230 3225204
3225086 3225212
3225212 3225080
3225103 3225152
3225220 3225135
3225088 3225131
3225077 3225165
3225163 3225163
3225046 3225269
3225057 3225087
3225214 3225182
3225071 3225031
3225159 3225215
3225027 3225199
3225291 3225201
3225177 3225009
3225071 3225234
3225145 3225071
3225274 3225297
3225035 3225055
3225256 3225253
3225054 3225250
3225167 3225120
3225106 3225285
3225127 3225219
3225122 3225276
3225032 3225043
3225180 3225175
3225200 3225121
3225039 3225245
3225196 3225171
3225224 3225261
3225285 3225216
3225124 3225216
3225144 3225147
3225206 3225178
3225017 3225098
3225039 3225224
3225185 3225202
3225033 3225248
3225130 3225217
3225214 3225132
3225097 3225261
253 179
214 44
279 2
39 215
258 243
176 122
181 212
117 121
254 244
247 215
203 150
159 144
136 148
265 104
170 39
38 9
133 217
294 85
158 237
175 91
11 21
268 178
223 18
69 287
50 109
29 281
268 286
193 190
79 101
107 4
232 219
139 124
134 109
176 248
245 85
71 255
261 205
154 199
10 267
63 170
286 113
178 240
49 289
255 73
272 138
106 142
76 202
209 65
273 206
151 58
222 29
65 179
89 259
189 266
83 106
162 289
67 80
291 18
124 169
76 298
