# source: JorikJooken
# original path: jj_extract\knapsackProblemInstances-master\problemInstances\n_400_c_100000000_g_10_f_0.2_eps_1e-05_s_200\test.in
# optimal value: 99964358
# format: n capacity, then weight value
400 100000000
50001017 50001116
50001091 50001034
50001011 50001018
50001128 50001118
50001047 50001106
50001161 50001171
50001038 50001024
50001016 50001197
50001069 50001005
50001165 50001051
50001076 50001032
50001137 50001192
50001157 50001108
50001170 50001184
50001041 50001028
50001006 50001144
50001061 50001002
50001106 50001031
50001011 50001103
50001183 50001108
50001109 50001086
50001035 50001196
50001080 50001108
50001119 50001037
50001034 50001050
50001173 50001147
50001185 50001009
50001062 50001073
50001052 50001102
50001112 50001112
50001092 50001061
50001193 50001005
50001095 50001110
50001049 50001006
50001034 50001111
25001143 25001135
25001176 25001109
25001096 25001118
25001083 25001034
25001042 25001190
25001024 25001108
25001039 25001052
25001025 25001010
25001118 25001007
25001015 25001070
25001168 25001023
25001083 25001081
25001012 25001080
25001024 25001088
25001007 25001004
25001073 25001126
25001130 25001034
25001114 25001145
25001158 25001006
25001172 25001156
25001101 25001022
25001022 25001114
25001034 25001138
25001091 25001110
25001132 25001071
25001055 25001140
25001016 25001072
25001027 25001174
25001161 25001160
25001116 25001134
25001174 25001163
25001139 25001186
25001033 25001110
25001136 25001194
25001181 25001140
12501177 12501174
12501068 12501199
12501060 12501020
12501141 12501198
12501134 12501019
12501069 12501062
12501058 12501053
12501103 12501118
12501098 12501089
12501170 12501181
12501046 12501071
12501192 12501129
12501110 12501188
12501030 12501072
12501020 12501131
12501133 12501090
12501065 12501092
12501012 12501069
12501064 12501152
12501071 12501087
12501050 12501137
12501034 12501178
12501154 12501134
12501194 12501037
12501009 12501088
12501046 12501098
12501040 12501055
12501090 12501071
12501049 12501146
12501195 12501030
12501130 12501044
12501132 12501161
12501184 12501114
12501024 12501166
12501072 12501036
6251088 6251140
6251192 6251052
6251183 6251139
6251043 6251028
6251001 6251152
6251107 6251136
6251124 6251115
6251025 6251196
6251179 6251057
6251151 6251170
6251178 6251014
6251002 6251005
6251048 6251134
6251081 6251133
6251148 6251027
6251197 6251093
6251131 6251135
6251099 6251057
6251001 6251114
6251048 6251195
6251125 6251018
6251195 6251088
6251016 6251152
6251077 6251014
6251120 6251087
6251030 6251177
6251076 6251108
6251046 6251045
6251030 6251047
6251030 6251053
6251099 6251166
6251004 6251031
6251149 6251001
6251178 6251126
6251106 6251194
3126005 3126190
3126149 3126102
3126171 3126041
3126022 3126154
3126042 3126145
3126096 3126011
3126079 3126014
3126174 3126117
3126055 3126087
3126058 3126070
3126142 3126013
3126158 3126017
3126163 3126091
3126181 3126002
3126109 3126188
3126118 3126062
3126181 3126121
3126164 3126157
3126041 3126067
3126002 3126166
3126167 3126162
3126012 3126078
3126029 3126145
3126047 3126035
3126145 3126077
3126082 3126018
3126046 3126194
3126050 3126031
3126159 3126046
3126187 3126049
3126192 3126027
3126113 3126013
3126185 3126032
3126088 3126151
3126012 3126157
1563514 1563654
1563560 1563541
1563684 1563585
1563513 1563649
1563575 1563670
1563546 1563700
1563596 1563668
1563508 1563594
1563662 1563645
1563544 1563608
1563559 1563564
1563508 1563602
1563654 1563581
1563688 1563684
1563546 1563648
1563657 1563523
1563632 1563682
1563584 1563637
1563550 1563521
1563613 1563518
1563612 1563502
1563689 1563587
1563613 1563689
1563546 1563582
1563632 1563684
1563684 1563551
1563683 1563569
1563588 1563586
1563528 1563680
1563595 1563619
1563505 1563619
1563648 1563513
1563639 1563684
1563685 1563631
1563667 1563604
782416 782414
782252 782277
782364 782335
782448 782436
782385 782277
782328 782258
782387 782269
782374 782270
782304 782395
782354 782277
782336 782443
782251 782388
782406 782263
782265 782307
782377 782411
782395 782447
782448 782388
782311 782402
782330 782320
782253 782393
782274 782357
782258 782419
782253 782281
782415 782434
782344 782400
782344 782309
782436 782367
782296 782383
782442 782299
782440 782364
782324 782251
782338 782368
782295 782337
782328 782338
782285 782354
391814 391667
391662 391657
391772 391626
391786 391750
391791 391770
391666 391673
391676 391664
391777 391718
391673 391625
391780 391670
391707 391759
391789 391775
391735 391821
391651 391653
391701 391770
391713 391802
391732 391804
391771 391792
391750 391774
391633 391782
391634 391736
391824 391759
391646 391733
391746 391708
391750 391677
391705 391730
391809 391659
391649 391750
391662 391782
391682 391763
391676 391777
391694 391796
391670 391734
391703 391807
391639 391665
196471 196426
196496 196382
196511 196326
196487 196454
196431 196500
196465 196386
196320 196320
196492 196509
196502 196501
196442 196337
196377 196429
196461 196395
196331 196483
196506 196423
196460 196392
196409 196450
196326 196368
196349 196415
196504 196361
196418 196365
196426 196420
196419 196351
196489 196329
196486 196348
196417 196382
196319 196473
196441 196406
196363 196342
196359 196503
196375 196367
196435 196396
196374 196468
196427 196399
196390 196503
196338 196498
180 150
30 29
162 9
48 60
71 91
90 183
47 24
77 187
16 79
90 104
157 38
172 54
132 82
200 68
26 124
28 7
21 12
16 29
98 195
89 111
88 149
147 152
98 14
20 37
144 63
9 132
191 48
47 32
71 143
2 102
186 171
98 84
34 162
32 53
174 123
154 131
30 8
83 164
72 134
126 137
139 129
180 154
94 2
174 151
140 87
164 90
151 73
83 39
189 148
198 183
112 197
63 117
121 54
129 142
129 95
132 81
73 148
81 188
184 78
155 179
26 23
182 81
72 33
47 24
168 182
26 54
50 85
57 86
180 61
154 47
6 87
108 84
97 99
141 166
78 22
117 138
12 141
134 197
50 186
3 50
174 79
107 38
158 14
136 55
90 54
