# source: JorikJooken
# original path: jj_extract\knapsackProblemInstances-master\problemInstances\n_400_c_100000000_g_2_f_0.2_eps_0_s_300\test.in
# optimal value: 50011235
# format: n capacity, then weight value
400 100000000
50000089 50000224
50000064 50000066
50000170 50000206
50000081 50000225
50000259 50000251
50000203 50000196
50000202 50000120
50000253 50000225
50000296 50000300
50000124 50000261
50000290 50000068
50000204 50000005
50000143 50000283
50000038 50000096
50000144 50000196
50000110 50000215
50000298 50000030
50000092 50000187
50000210 50000225
50000181 50000239
50000290 50000106
50000276 50000110
50000169 50000146
50000143 50000195
50000060 50000258
50000120 50000158
50000224 50000008
50000197 50000178
50000212 50000145
50000002 50000035
50000251 50000278
50000028 50000061
50000134 50000078
50000002 50000154
50000243 50000045
50000161 50000159
50000082 50000049
50000197 50000034
50000111 50000021
50000154 50000025
50000069 50000079
50000164 50000258
50000093 50000239
50000278 50000171
50000273 50000081
50000175 50000032
50000130 50000263
50000263 50000203
50000219 50000290
50000213 50000138
50000145 50000136
50000118 50000246
50000086 50000120
50000011 50000204
50000131 50000166
50000189 50000002
50000224 50000298
50000289 50000047
50000058 50000128
50000186 50000023
50000176 50000134
50000123 50000053
50000076 50000159
50000155 50000176
50000186 50000209
50000017 50000204
50000132 50000223
50000119 50000049
50000210 50000094
50000179 50000261
50000280 50000251
50000150 50000235
50000018 50000081
50000169 50000052
50000086 50000245
50000101 50000272
50000129 50000299
50000231 50000300
50000108 50000084
50000217 50000209
50000247 50000090
50000076 50000077
50000067 50000261
50000195 50000073
50000202 50000030
50000210 50000211
50000019 50000054
50000142 50000098
50000159 50000048
50000188 50000169
50000057 50000287
50000260 50000259
50000040 50000123
50000284 50000293
50000266 50000125
50000017 50000005
50000044 50000184
50000144 50000005
50000130 50000136
50000254 50000233
50000204 50000281
50000087 50000289
50000239 50000132
50000134 50000137
50000211 50000060
50000159 50000281
50000233 50000245
50000219 50000093
50000206 50000052
50000010 50000289
50000040 50000237
50000292 50000170
50000191 50000286
50000070 50000172
50000291 50000195
50000245 50000089
50000031 50000143
50000287 50000148
50000283 50000154
50000245 50000070
50000083 50000041
50000194 50000278
50000062 50000004
50000291 50000031
50000073 50000236
50000235 50000234
50000037 50000285
50000158 50000198
50000252 50000130
50000130 50000208
50000085 50000150
50000093 50000257
50000086 50000107
50000100 50000129
50000068 50000087
50000159 50000087
50000017 50000249
50000273 50000228
50000101 50000211
50000113 50000149
50000086 50000004
50000179 50000039
50000193 50000070
50000084 50000084
50000116 50000032
50000034 50000017
50000143 50000222
50000241 50000060
50000048 50000140
50000199 50000260
50000123 50000225
50000174 50000048
50000285 50000182
50000242 50000025
50000232 50000182
50000206 50000193
50000014 50000236
50000299 50000103
50000162 50000161
50000286 50000257
50000058 50000111
50000242 50000074
50000255 50000299
50000105 50000263
50000203 50000260
50000203 50000249
50000241 50000109
50000067 50000063
50000211 50000042
50000109 50000039
50000153 50000043
50000112 50000258
50000086 50000087
50000206 50000275
50000272 50000138
50000192 50000115
50000102 50000284
50000073 50000259
50000160 50000003
50000148 50000009
50000045 50000112
50000113 50000076
50000026 50000055
50000068 50000009
50000240 50000059
50000074 50000241
50000233 50000052
50000174 50000079
50000130 50000245
50000130 50000195
50000292 50000239
50000247 50000300
50000007 50000194
50000108 50000112
50000252 50000270
50000034 50000056
50000002 50000160
50000233 50000046
50000219 50000050
50000022 50000085
50000297 50000249
50000124 50000015
50000205 50000090
50000050 50000008
50000001 50000276
50000190 50000053
50000163 50000007
50000189 50000281
50000118 50000093
50000076 50000141
50000254 50000216
50000300 50000239
50000090 50000005
50000289 50000114
50000255 50000071
50000116 50000260
50000185 50000203
50000250 50000064
50000230 50000209
50000241 50000124
50000103 50000099
50000134 50000110
50000107 50000037
50000255 50000116
50000082 50000297
50000208 50000060
50000228 50000206
50000031 50000071
50000258 50000059
50000262 50000232
50000175 50000273
50000275 50000025
50000153 50000095
50000216 50000220
50000095 50000076
50000067 50000230
50000208 50000040
50000039 50000026
50000250 50000167
50000019 50000222
50000128 50000272
50000006 50000041
50000183 50000289
50000061 50000166
50000024 50000274
50000063 50000213
50000178 50000143
50000278 50000079
50000046 50000139
50000010 50000003
50000169 50000017
50000098 50000254
50000186 50000293
50000046 50000163
50000065 50000151
50000097 50000003
50000290 50000157
50000101 50000067
50000034 50000141
50000146 50000067
50000179 50000268
50000072 50000238
50000094 50000022
50000170 50000115
50000156 50000233
50000193 50000074
50000103 50000287
50000223 50000076
50000120 50000261
50000286 50000147
50000129 50000284
50000097 50000226
50000175 50000057
50000008 50000122
50000208 50000185
50000039 50000208
50000181 50000209
50000178 50000041
50000264 50000168
50000023 50000147
50000235 50000028
50000262 50000206
50000253 50000088
50000171 50000140
50000103 50000126
50000114 50000019
50000028 50000067
50000155 50000144
50000005 50000066
50000248 50000247
50000120 50000079
50000166 50000240
50000253 50000213
50000205 50000282
50000083 50000110
50000146 50000129
50000121 50000103
50000100 50000083
50000184 50000290
50000160 50000060
50000003 50000257
50000053 50000217
50000063 50000075
50000164 50000141
50000015 50000131
50000278 50000065
50000053 50000300
50000127 50000248
50000291 50000114
50000247 50000150
50000098 50000268
50000069 50000139
50000270 50000233
50000099 50000220
50000039 50000043
50000069 50000146
50000079 50000104
50000146 50000255
50000025 50000195
50000081 50000106
189 168
230 121
47 138
180 107
289 50
74 102
38 15
217 156
247 58
219 121
283 221
191 97
141 5
284 290
149 100
112 92
236 7
64 282
181 223
294 122
239 196
217 243
191 12
180 1
148 298
134 127
40 269
117 124
69 163
123 104
136 143
52 181
86 63
203 220
103 53
191 86
213 110
177 281
134 85
251 280
202 95
32 112
132 249
87 96
203 299
237 241
247 90
43 42
248 131
201 264
4 21
59 21
117 160
73 133
264 19
74 55
251 5
136 71
82 144
227 135
164 150
144 260
43 160
75 246
270 33
46 49
17 36
252 258
61 6
293 168
38 42
170 242
58 267
99 24
297 226
277 272
288 191
89 205
70 37
94 166
