# source: JorikJooken
# original path: jj_extract\knapsackProblemInstances-master\problemInstances\n_1200_c_100000000_g_6_f_0.1_eps_0_s_100\test.in
# optimal value: 96883825
# format: n capacity, then weight value
1200 100000000
50000027 50000009
50000098 50000057
50000016 50000051
50000047 50000008
50000056 50000056
50000095 50000079
50000047 50000097
50000015 50000058
50000083 50000094
50000048 50000069
50000030 50000060
50000087 50000082
50000027 50000060
50000068 50000015
50000028 50000083
50000069 50000069
50000061 50000079
50000026 50000069
50000099 50000024
50000083 50000100
50000091 50000078
50000099 50000061
50000057 50000002
50000011 50000064
50000051 50000080
50000011 50000083
50000090 50000082
50000022 50000097
50000035 50000044
50000021 50000092
50000078 50000063
50000028 50000085
50000074 50000009
50000022 50000089
50000033 50000006
50000082 50000046
50000078 50000004
50000063 50000001
50000084 50000003
50000015 50000033
50000026 50000038
50000038 50000051
50000022 50000017
50000025 50000012
50000022 50000037
50000023 50000085
50000010 50000026
50000093 50000002
50000001 50000073
50000040 50000078
50000037 50000095
50000089 50000087
50000078 50000088
50000071 50000004
50000019 50000093
50000031 50000075
50000001 50000062
50000031 50000019
50000038 50000095
50000069 50000053
50000074 50000040
50000056 50000043
50000060 50000097
50000013 50000034
50000074 50000057
50000094 50000020
50000093 50000001
50000042 50000041
50000044 50000062
50000087 50000067
50000073 50000050
50000071 50000048
50000004 50000097
50000046 50000063
50000054 50000055
50000028 50000017
50000009 50000060
50000099 50000037
50000074 50000030
50000097 50000099
50000022 50000100
50000069 50000085
50000070 50000085
50000047 50000006
50000005 50000082
50000049 50000018
50000071 50000055
50000087 50000089
50000002 50000051
50000058 50000019
50000021 50000016
50000026 50000045
50000098 50000007
50000089 50000014
50000081 50000028
50000053 50000034
50000021 50000061
50000035 50000078
50000036 50000075
50000065 50000034
50000001 50000012
50000039 50000003
50000034 50000059
50000094 50000064
50000088 50000100
50000071 50000086
50000006 50000019
50000070 50000086
50000064 50000086
50000026 50000055
50000039 50000024
50000078 50000081
50000001 50000062
50000012 50000058
50000004 50000100
50000089 50000089
50000030 50000020
50000019 50000073
50000044 50000040
50000087 50000006
50000028 50000062
50000071 50000084
50000092 50000038
50000053 50000083
50000028 50000055
50000045 50000076
50000041 50000046
50000027 50000002
50000079 50000074
50000014 50000084
50000021 50000053
50000034 50000001
50000067 50000015
50000058 50000018
50000020 50000063
50000036 50000022
50000091 50000010
50000086 50000089
50000071 50000004
50000039 50000051
50000020 50000052
50000032 50000099
50000053 50000012
50000002 50000095
50000042 50000057
50000073 50000072
50000090 50000094
50000052 50000012
50000034 50000084
50000032 50000030
50000003 50000007
50000053 50000055
50000077 50000038
50000038 50000080
50000059 50000034
50000018 50000045
50000032 50000030
50000068 50000017
50000098 50000023
50000012 50000028
50000096 50000011
50000061 50000021
50000038 50000080
50000082 50000081
50000091 50000071
50000007 50000047
50000061 50000066
50000058 50000021
50000065 50000075
50000051 50000006
50000003 50000056
50000072 50000015
50000012 50000086
50000035 50000004
50000087 50000074
50000060 50000053
50000088 50000074
50000059 50000088
50000034 50000057
50000085 50000033
50000093 50000078
50000079 50000005
50000055 50000014
50000095 50000052
50000001 50000034
50000031 50000002
50000012 50000040
50000042 50000085
50000048 50000074
50000029 50000085
50000024 50000013
50000088 50000049
50000051 50000052
50000043 50000084
50000061 50000093
50000035 50000093
50000092 50000021
50000093 50000016
50000093 50000076
50000060 50000051
50000057 50000027
50000011 50000069
50000059 50000072
50000009 50000043
50000039 50000054
50000099 50000094
50000001 50000082
50000037 50000066
50000058 50000047
50000055 50000100
50000021 50000096
50000072 50000064
50000073 50000083
50000090 50000039
50000039 50000051
50000049 50000001
25000069 25000064
25000004 25000066
25000053 25000029
25000049 25000044
25000043 25000017
25000003 25000081
25000026 25000050
25000097 25000076
25000061 25000074
25000075 25000011
25000099 25000004
25000030 25000076
25000008 25000037
25000029 25000023
25000026 25000099
25000083 25000006
25000051 25000054
25000072 25000069
25000083 25000086
25000031 25000029
25000082 25000062
25000033 25000083
25000035 25000013
25000086 25000012
25000090 25000010
25000033 25000010
25000061 25000035
25000083 25000031
25000016 25000048
25000003 25000059
25000040 25000005
25000059 25000011
25000044 25000038
25000086 25000052
25000057 25000040
25000016 25000062
25000085 25000014
25000050 25000081
25000086 25000089
25000053 25000011
25000038 25000031
25000035 25000058
25000071 25000007
25000049 25000027
25000017 25000014
25000090 25000081
25000057 25000027
25000096 25000058
25000010 25000002
25000007 25000024
25000091 25000007
25000072 25000071
25000053 25000014
25000018 25000049
25000045 25000051
25000052 25000047
25000004 25000043
25000068 25000066
25000092 25000089
25000085 25000002
25000065 25000077
25000027 25000082
25000079 25000080
25000070 25000093
25000047 25000075
25000063 25000062
25000071 25000045
25000074 25000042
25000066 25000046
25000044 25000038
25000053 25000031
25000100 25000083
25000086 25000016
25000013 25000093
25000097 25000088
25000083 25000094
25000055 25000016
25000042 25000023
25000024 25000080
25000068 25000084
25000035 25000069
25000054 25000010
25000060 25000041
25000006 25000059
25000069 25000098
25000063 25000016
25000006 25000050
25000018 25000070
25000039 25000067
25000090 25000092
25000018 25000008
25000003 25000049
25000081 25000097
25000091 25000013
25000039 25000072
25000012 25000030
25000019 25000053
25000084 25000062
25000045 25000072
25000006 25000009
25000083 25000037
25000063 25000048
25000082 25000020
25000060 25000053
25000098 25000078
25000080 25000027
25000021 25000072
25000006 25000068
25000033 25000027
25000005 25000012
25000001 25000059
25000068 25000009
25000003 25000037
25000095 25000047
25000080 25000024
25000033 25000008
25000092 25000034
25000024 25000087
25000048 25000062
25000100 25000013
25000007 25000046
25000050 25000041
25000051 25000079
25000018 25000093
25000034 25000016
25000085 25000069
25000043 25000039
25000061 25000094
25000042 25000032
25000097 25000081
25000063 25000019
25000030 25000084
25000008 25000076
25000060 25000017
25000095 25000052
25000049 25000018
25000090 25000045
25000069 25000032
25000079 25000040
25000030 25000073
25000082 25000070
25000086 25000068
25000039 25000060
25000032 25000017
25000039 25000006
25000018 25000019
25000026 25000004
25000028 25000050
25000096 25000096
25000007 25000024
25000002 25000081
25000069 25000085
25000088 25000080
25000067 25000043
25000010 25000011
25000022 25000080
25000045 25000091
25000018 25000016
25000002 25000034
25000053 25000068
25000013 25000011
25000081 25000018
25000075 25000027
25000058 25000012
25000098 25000022
25000074 25000050
25000003 25000042
25000053 25000053
25000092 25000071
25000028 25000021
25000087 25000012
25000079 25000020
25000029 25000060
25000041 25000013
25000001 25000003
25000038 25000063
25000010 25000092
25000015 25000006
25000050 25000044
25000051 25000011
25000029 25000042
25000007 25000041
25000014 25000051
25000068 25000006
25000076 25000059
25000090 25000031
25000025 25000087
25000096 25000035
25000079 25000011
25000086 25000009
25000078 25000023
25000093 25000081
25000067 25000021
25000091 25000088
25000034 25000075
25000051 25000013
25000078 25000022
25000055 25000083
25000049 25000033
25000066 25000001
25000099 25000057
25000040 25000056
25000072 25000016
25000089 25000097
25000071 25000011
25000014 25000030
25000034 25000071
25000011 25000008
25000020 25000047
25000026 25000097
25000035 25000034
25000058 25000004
25000018 25000079
25000003 25000030
25000088 25000003
25000035 25000025
12500012 12500002
12500013 12500019
12500053 12500099
12500062 12500047
12500009 12500071
12500032 12500038
12500044 12500099
12500060 12500038
12500012 12500070
12500020 12500010
12500055 12500012
12500043 12500018
12500019 12500094
12500038 12500027
12500018 12500034
12500042 12500096
12500034 12500027
12500056 12500044
12500088 12500031
12500027 12500089
12500074 12500076
12500015 12500082
12500017 12500094
12500067 12500058
12500055 12500097
12500091 12500058
12500070 12500060
12500095 12500024
12500096 12500029
12500005 12500044
12500046 12500048
12500017 12500075
12500021 12500015
12500016 12500031
12500085 12500031
12500009 12500036
12500071 12500016
12500065 12500075
12500004 12500032
12500063 12500048
12500036 12500029
12500038 12500023
12500008 12500031
12500063 12500027
12500050 12500097
12500035 12500004
12500057 12500031
12500031 12500004
12500093 12500100
12500021 12500007
12500053 12500003
12500092 12500001
12500051 12500010
12500056 12500033
12500012 12500042
12500031 12500031
12500097 12500095
12500019 12500100
12500029 12500024
12500087 12500094
12500079 12500040
12500050 12500013
12500095 12500021
12500012 12500051
12500008 12500038
12500018 12500043
12500004 12500055
12500046 12500041
12500070 12500072
12500004 12500035
12500038 12500035
12500083 12500015
12500028 12500002
12500083 12500020
12500068 12500001
12500063 12500009
12500028 12500100
12500096 12500032
12500072 12500017
12500095 12500100
12500022 12500069
12500041 12500053
12500018 12500074
12500063 12500095
12500052 12500054
12500028 12500008
12500044 12500010
12500074 12500012
12500055 12500100
12500071 12500083
12500014 12500025
12500006 12500013
12500037 12500010
12500069 12500040
12500046 12500038
12500097 12500095
12500020 12500100
12500034 12500057
12500014 12500004
12500071 12500037
12500037 12500034
12500041 12500011
12500065 12500073
12500094 12500094
12500028 12500016
12500054 12500096
12500037 12500057
12500094 12500057
12500003 12500078
12500067 12500031
12500080 12500053
12500030 12500071
12500052 12500081
12500013 12500099
12500031 12500058
12500098 12500071
12500045 12500076
12500075 12500036
12500097 12500035
12500002 12500039
12500046 12500018
12500003 12500038
12500099 12500032
12500100 12500003
12500002 12500063
12500074 12500022
12500037 12500093
12500052 12500065
12500069 12500020
12500046 12500071
12500019 12500086
12500034 12500006
12500048 12500008
12500047 12500086
12500071 12500026
12500083 12500099
12500061 12500053
12500077 12500040
12500093 12500072
12500029 12500008
12500012 12500022
12500006 12500006
12500098 12500092
12500029 12500062
12500070 12500092
12500058 12500022
12500065 12500077
12500019 12500043
12500026 12500035
12500039 12500025
12500034 12500069
12500086 12500036
12500085 12500093
12500041 12500016
12500077 12500056
12500067 12500030
12500045 12500018
12500003 12500041
12500057 12500051
12500078 12500048
12500061 12500055
12500095 12500027
12500071 12500087
12500069 12500036
12500050 12500066
12500028 12500059
12500090 12500049
12500098 12500004
12500083 12500019
12500020 12500081
12500029 12500011
12500047 12500005
12500040 12500018
12500007 12500073
12500073 12500046
12500030 12500039
12500095 12500084
12500003 12500100
12500094 12500010
12500039 12500015
12500034 12500005
12500042 12500018
12500090 12500035
12500015 12500014
12500006 12500005
12500070 12500013
12500015 12500031
12500068 12500001
12500091 12500100
12500076 12500007
12500009 12500006
12500031 12500010
12500041 12500083
12500028 12500062
12500009 12500072
12500098 12500080
12500086 12500034
12500059 12500007
12500052 12500023
12500088 12500012
12500019 12500033
12500060 12500007
12500056 12500087
12500068 12500045
12500037 12500086
12500016 12500040
12500059 12500003
12500027 12500079
12500037 12500088
12500077 12500001
12500013 12500071
12500027 12500045
12500042 12500027
12500020 12500037
12500013 12500040
12500015 12500038
6250051 6250072
6250071 6250006
6250013 6250084
6250100 6250014
6250082 6250048
6250051 6250076
6250045 6250019
6250098 6250024
6250097 6250006
6250091 6250076
6250038 6250090
6250087 6250096
6250051 6250065
6250052 6250088
6250065 6250033
6250096 6250045
6250062 6250096
6250060 6250042
6250056 6250031
6250079 6250084
6250080 6250070
6250033 6250097
6250016 6250020
6250029 6250048
6250003 6250005
6250015 6250053
6250048 6250068
6250067 6250004
6250076 6250058
6250080 6250061
6250040 6250074
6250055 6250043
6250088 6250067
6250063 6250031
6250098 6250088
6250058 6250080
6250036 6250021
6250004 6250066
6250040 6250019
6250019 6250024
6250050 6250070
6250019 6250007
6250086 6250066
6250095 6250060
6250075 6250072
6250084 6250063
6250073 6250019
6250010 6250070
6250018 6250074
6250088 6250078
6250085 6250043
6250092 6250023
6250025 6250080
6250025 6250043
6250008 6250065
6250100 6250087
6250048 6250091
6250028 6250086
6250066 6250047
6250073 6250019
6250026 6250066
6250060 6250097
6250008 6250035
6250041 6250073
6250028 6250062
6250019 6250050
6250018 6250055
6250051 6250061
6250058 6250036
6250027 6250065
6250083 6250044
6250045 6250090
6250020 6250065
6250046 6250005
6250034 6250016
6250069 6250091
6250036 6250021
6250085 6250020
6250078 6250023
6250059 6250052
6250099 6250061
6250032 6250008
6250034 6250069
6250046 6250044
6250066 6250069
6250096 6250076
6250090 6250014
6250009 6250012
6250094 6250017
6250010 6250085
6250097 6250066
6250022 6250041
6250022 6250067
6250031 6250081
6250001 6250048
6250022 6250096
6250036 6250083
6250073 6250033
6250075 6250025
6250012 6250096
6250045 6250056
6250044 6250072
6250070 6250018
6250047 6250038
6250048 6250092
6250025 6250097
6250047 6250030
6250026 6250069
6250015 6250073
6250081 6250077
6250037 6250080
6250097 6250066
6250069 6250099
6250090 6250030
6250001 6250068
6250046 6250055
6250091 6250009
6250038 6250061
6250032 6250089
6250020 6250035
6250063 6250012
6250096 6250006
6250050 6250100
6250009 6250066
6250003 6250077
6250072 6250049
6250083 6250060
6250043 6250008
6250099 6250036
6250008 6250076
6250059 6250048
6250027 6250030
6250050 6250023
6250035 6250046
6250081 6250093
6250097 6250014
6250057 6250023
6250007 6250086
6250015 6250058
6250063 6250086
6250067 6250010
6250037 6250041
6250032 6250065
6250094 6250061
6250043 6250096
6250095 6250047
6250065 6250064
6250069 6250095
6250013 6250006
6250060 6250008
6250009 6250058
6250033 6250085
6250096 6250001
6250019 6250086
6250014 6250029
6250037 6250017
6250096 6250017
6250042 6250062
6250045 6250001
6250074 6250069
6250060 6250020
6250024 6250070
6250075 6250078
6250055 6250064
6250061 6250046
6250075 6250094
6250074 6250084
6250045 6250083
6250008 6250049
6250017 6250063
6250042 6250058
6250020 6250056
6250064 6250070
6250037 6250036
6250059 6250091
6250050 6250085
6250082 6250004
6250072 6250014
6250010 6250088
6250032 6250020
6250009 6250050
6250061 6250044
6250032 6250067
6250081 6250026
6250023 6250030
6250100 6250025
6250017 6250034
6250069 6250030
6250012 6250054
6250018 6250075
6250035 6250050
6250001 6250054
6250033 6250020
6250028 6250027
6250017 6250084
6250056 6250070
6250026 6250019
6250063 6250039
6250098 6250025
6250078 6250020
6250048 6250077
6250012 6250046
6250016 6250067
6250008 6250077
6250004 6250088
6250012 6250021
6250075 6250039
6250090 6250023
6250073 6250064
6250037 6250078
6250036 6250064
6250017 6250061
6250072 6250098
6250072 6250050
6250085 6250095
6250045 6250016
3125100 3125016
3125003 3125072
3125044 3125009
3125092 3125087
3125016 3125088
3125057 3125021
3125011 3125028
3125068 3125002
3125076 3125038
3125089 3125089
3125037 3125066
3125031 3125086
3125027 3125067
3125049 3125014
3125082 3125059
3125065 3125062
3125051 3125094
3125006 3125001
3125001 3125071
3125012 3125044
3125075 3125085
3125098 3125018
3125083 3125001
3125057 3125072
3125018 3125086
3125016 3125029
3125071 3125003
3125092 3125021
3125085 3125007
3125050 3125003
3125010 3125063
3125049 3125057
3125077 3125029
3125060 3125042
3125074 3125065
3125055 3125016
3125015 3125021
3125071 3125019
3125096 3125062
3125091 3125089
3125015 3125035
3125002 3125007
3125037 3125065
3125100 3125053
3125048 3125096
3125049 3125038
3125014 3125032
3125050 3125076
3125049 3125023
3125036 3125086
3125049 3125087
3125054 3125095
3125085 3125077
3125041 3125080
3125011 3125072
3125063 3125051
3125091 3125042
3125045 3125059
3125044 3125080
3125049 3125062
3125095 3125023
3125037 3125042
3125019 3125082
3125085 3125002
3125050 3125068
3125066 3125088
3125005 3125084
3125081 3125069
3125054 3125085
3125031 3125073
3125053 3125022
3125007 3125033
3125030 3125079
3125081 3125002
3125015 3125050
3125084 3125021
3125016 3125093
3125039 3125027
3125057 3125071
3125096 3125081
3125090 3125096
3125015 3125054
3125067 3125052
3125015 3125092
3125057 3125033
3125083 3125095
3125024 3125086
3125071 3125045
3125017 3125032
3125070 3125035
3125021 3125076
3125090 3125042
3125078 3125086
3125096 3125037
3125004 3125053
3125016 3125001
3125098 3125060
3125079 3125029
3125055 3125028
3125080 3125044
3125074 3125050
3125007 3125033
3125088 3125099
3125057 3125083
3125061 3125049
3125003 3125057
3125030 3125080
3125029 3125031
3125065 3125092
3125008 3125066
3125041 3125012
3125041 3125067
3125094 3125043
3125036 3125039
3125011 3125060
3125017 3125095
3125014 3125066
3125003 3125071
3125007 3125050
3125087 3125056
3125028 3125064
3125091 3125075
3125015 3125049
3125059 3125040
3125071 3125003
3125071 3125087
3125008 3125085
3125066 3125020
3125046 3125071
3125055 3125098
3125091 3125016
3125062 3125085
3125049 3125041
3125053 3125083
3125077 3125062
3125026 3125049
3125082 3125025
3125067 3125041
3125079 3125048
3125034 3125079
3125032 3125025
3125015 3125069
3125096 3125059
3125066 3125100
3125010 3125007
3125031 3125091
3125098 3125094
3125005 3125031
3125070 3125027
3125097 3125062
3125063 3125050
3125003 3125083
3125025 3125050
3125027 3125058
3125095 3125006
3125099 3125031
3125001 3125095
3125067 3125043
3125026 3125038
3125097 3125045
3125090 3125052
3125030 3125010
3125028 3125040
3125019 3125100
3125097 3125096
3125076 3125077
3125039 3125006
3125086 3125025
3125072 3125006
3125073 3125081
3125023 3125060
3125033 3125082
3125013 3125069
3125069 3125036
3125078 3125069
3125030 3125085
3125044 3125099
3125078 3125041
3125084 3125066
3125039 3125048
3125067 3125017
3125034 3125093
3125095 3125048
3125089 3125040
3125064 3125046
3125088 3125060
3125062 3125030
3125006 3125006
3125059 3125058
3125080 3125061
3125013 3125019
3125038 3125004
3125004 3125025
3125038 3125069
3125030 3125027
3125033 3125012
3125016 3125040
3125006 3125018
3125014 3125098
3125042 3125005
3125068 3125091
3125053 3125051
3125063 3125012
3125079 3125038
3125044 3125017
3125078 3125039
3125030 3125024
3125004 3125059
3125100 3125068
3125074 3125031
3125036 3125006
3125022 3125022
3125066 3125020
3125062 3125038
3125059 3125021
3125032 3125077
62 59
64 32
79 29
33 43
97 4
21 8
79 25
30 64
63 71
85 41
22 51
84 94
47 96
4 95
36 76
41 9
30 99
93 19
64 49
71 41
25 12
83 22
69 29
81 96
35 81
15 66
85 3
81 42
21 65
69 24
84 38
45 20
27 49
28 98
98 38
60 41
38 13
79 7
45 42
44 10
19 39
10 94
66 76
4 98
45 37
61 31
45 22
18 78
65 97
31 47
83 58
68 79
83 60
46 47
48 39
42 58
61 68
91 21
97 98
87 5
55 25
70 12
80 100
70 7
90 71
98 89
67 97
22 48
73 55
60 27
3 12
32 2
49 44
100 43
49 66
71 50
15 48
28 84
4 91
16 30
72 26
9 29
87 70
33 64
81 26
69 2
59 95
13 7
96 61
75 2
59 11
1 7
40 79
58 9
77 37
28 47
99 94
66 33
75 50
1 89
21 72
47 58
92 72
5 81
15 55
34 71
35 84
26 35
15 65
86 88
66 51
36 75
81 89
64 63
56 9
98 5
91 48
37 52
45 49
47 36
