# source: JorikJooken
# original path: jj_extract\knapsackProblemInstances-master\problemInstances\n_400_c_1000000_g_10_f_0.3_eps_0_s_100\test.in
# optimal value: 1005007
# format: n capacity, then weight value
400 1000000
500066 500063
500013 500075
500040 500097
500024 500080
500040 500015
500043 500082
500098 500044
500100 500016
500067 500050
500079 500042
500054 500097
500029 500031
500034 500075
500006 500062
500030 500062
500092 500039
500055 500098
500006 500015
500044 500055
500052 500035
500023 500015
500087 500080
500087 500022
500043 500023
500010 500041
500100 500086
500034 500060
500063 500084
500053 500009
500031 500061
500024 500086
250052 250014
250054 250026
250011 250048
250030 250024
250058 250030
250032 250017
250031 250053
250025 250066
250064 250002
250058 250053
250076 250009
250066 250082
250099 250086
250030 250041
250079 250049
250099 250091
250072 250094
250053 250028
250026 250069
250065 250026
250068 250013
250036 250003
250042 250012
250082 250067
250011 250041
250075 250098
250039 250052
250003 250066
250070 250095
250044 250074
250036 250015
125090 125035
125040 125094
125041 125020
125009 125090
125079 125051
125064 125056
125038 125016
125016 125020
125034 125063
125062 125007
125022 125028
125014 125018
125075 125092
125027 125094
125084 125034
125030 125048
125064 125032
125067 125093
125004 125041
125079 125011
125014 125086
125009 125055
125064 125045
125022 125017
125081 125026
125099 125091
125055 125040
125062 125026
125087 125055
125078 125073
125059 125040
62506 62593
62519 62547
62534 62560
62542 62519
62593 62532
62567 62523
62508 62584
62522 62532
62521 62532
62579 62566
62593 62533
62579 62540
62578 62542
62551 62532
62568 62555
62512 62567
62548 62546
62504 62524
62548 62558
62559 62563
62559 62517
62594 62600
62501 62539
62537 62594
62535 62542
62515 62528
62539 62543
62567 62533
62553 62519
62587 62554
62581 62552
31295 31315
31261 31288
31259 31272
31333 31312
31267 31323
31277 31340
31274 31335
31317 31314
31340 31281
31334 31324
31295 31273
31315 31320
31344 31287
31328 31277
31256 31263
31348 31311
31325 31285
31276 31348
31253 31317
31261 31253
31311 31335
31326 31306
31315 31261
31315 31333
31309 31263
31318 31258
31337 31348
31342 31343
31333 31299
31264 31333
31276 31308
15658 15654
15631 15716
15644 15722
15668 15723
15710 15660
15687 15721
15680 15683
15643 15638
15712 15678
15653 15664
15673 15656
15688 15654
15632 15717
15689 15702
15673 15628
15686 15663
15656 15669
15634 15681
15721 15686
15684 15677
15664 15682
15647 15695
15699 15662
15663 15664
15650 15669
15706 15666
15656 15654
15682 15707
15659 15658
15710 15667
15639 15707
7890 7843
7895 7821
7890 7892
7881 7899
7902 7860
7906 7845
7842 7848
7879 7897
7881 7860
7830 7861
7888 7864
7823 7850
7905 7825
7816 7904
7855 7886
7865 7821
7885 7889
7876 7846
7900 7819
7855 7831
7894 7878
7908 7908
7842 7821
7895 7897
7818 7889
7831 7857
7821 7853
7906 7851
7837 7892
7858 7905
7851 7833
3989 3917
3977 3950
3958 3964
3980 3940
3920 3919
3993 3963
3961 3937
3914 3993
3909 3907
3931 3999
3975 4004
3944 3963
3938 3937
3922 3972
3973 3956
3920 3957
3978 3926
3911 3994
3942 3978
3986 3997
3977 3988
3943 3980
3926 3944
3967 3979
3990 3921
3948 3973
4002 3910
3926 3976
3990 3959
3973 3943
3917 3937
1974 1957
1994 2028
2046 1970
2022 1958
1972 2039
2020 1963
2022 2026
1985 2018
1976 2012
1968 1985
2031 1984
1956 2047
1958 2016
1986 2024
2025 2019
2051 1968
1960 2052
2028 1967
1999 1974
2002 2045
1972 2049
1988 2011
2014 2036
1980 2038
2029 2005
1994 2011
1954 1961
1980 1982
1967 2041
2017 1987
2019 2052
12 32
92 33
86 59
28 52
92 63
4 62
47 6
86 11
55 92
56 13
32 11
77 12
16 57
32 2
38 26
33 21
15 31
61 50
81 36
36 60
61 40
60 33
8 67
97 53
65 35
79 38
41 14
47 94
41 8
10 60
49 64
38 26
24 16
89 17
12 96
36 85
5 93
53 76
36 14
72 11
79 25
45 48
37 11
28 78
4 37
57 87
14 7
59 21
83 19
97 7
9 27
83 35
21 7
88 96
58 47
64 30
73 10
49 85
47 60
52 72
55 31
74 76
48 92
70 32
74 29
21 20
4 61
30 7
29 13
99 6
22 74
30 70
62 47
43 72
94 84
2 79
43 41
14 94
65 59
81 89
63 95
100 24
43 6
32 71
6 51
74 78
69 95
61 70
10 66
49 21
72 17
73 78
54 3
82 7
37 63
7 60
96 61
100 68
65 63
70 23
45 86
91 60
61 27
83 54
60 37
73 39
45 43
42 68
34 79
10 4
19 76
40 46
64 19
5 60
88 45
31 44
48 26
92 93
8 4
50 52
89 70
