# source: JorikJooken
# original path: jj_extract\knapsackProblemInstances-master\problemInstances\n_1000_c_10000000000_g_6_f_0.3_eps_0.01_s_100\test.in
# optimal value: 9975015148
# format: n capacity, then weight value
1000 10000000000
5100000049 5100000091
5100000020 5100000009
5100000055 5100000049
5100000065 5100000017
5100000039 5100000087
5100000004 5100000033
5100000043 5100000035
5100000022 5100000085
5100000064 5100000028
5100000055 5100000030
5100000040 5100000091
5100000011 5100000065
5100000066 5100000053
5100000086 5100000070
5100000053 5100000050
5100000009 5100000039
5100000024 5100000075
5100000071 5100000035
5100000091 5100000059
5100000081 5100000037
5100000068 5100000074
5100000098 5100000067
5100000096 5100000022
5100000093 5100000051
5100000010 5100000064
5100000010 5100000079
5100000064 5100000084
5100000038 5100000052
5100000093 5100000014
5100000015 5100000005
5100000021 5100000041
5100000010 5100000023
5100000016 5100000012
5100000028 5100000083
5100000031 5100000047
5100000010 5100000032
5100000077 5100000021
5100000046 5100000094
5100000097 5100000019
5100000069 5100000060
5100000041 5100000007
5100000032 5100000086
5100000076 5100000086
5100000018 5100000013
5100000007 5100000099
5100000080 5100000089
5100000063 5100000072
5100000014 5100000045
5100000029 5100000018
5100000001 5100000006
5100000028 5100000077
5100000057 5100000042
5100000050 5100000098
5100000095 5100000026
5100000018 5100000095
5100000002 5100000003
5100000050 5100000095
5100000026 5100000042
5100000048 5100000050
5100000010 5100000074
5100000052 5100000071
5100000006 5100000002
5100000094 5100000084
5100000013 5100000064
5100000052 5100000051
5100000003 5100000078
5100000078 5100000040
5100000011 5100000098
5100000074 5100000022
5100000002 5100000087
5100000030 5100000059
5100000036 5100000089
5100000048 5100000074
5100000099 5100000009
5100000019 5100000041
5100000056 5100000091
5100000080 5100000060
5100000045 5100000080
5100000010 5100000064
5100000015 5100000061
5100000074 5100000046
5100000007 5100000072
5100000068 5100000023
5100000082 5100000093
5100000058 5100000070
5100000003 5100000079
5100000016 5100000078
5100000072 5100000044
5100000011 5100000017
5100000078 5100000014
5100000095 5100000010
5100000042 5100000043
5100000007 5100000005
5100000059 5100000091
5100000009 5100000024
5100000065 5100000004
5100000073 5100000061
5100000028 5100000075
5100000044 5100000048
5100000068 5100000072
5100000058 5100000021
5100000027 5100000018
5100000043 5100000038
5100000079 5100000009
5100000038 5100000027
5100000018 5100000071
5100000034 5100000041
5100000007 5100000055
5100000097 5100000057
5100000079 5100000089
5100000029 5100000027
5100000091 5100000079
5100000079 5100000096
5100000086 5100000066
5100000034 5100000084
5100000049 5100000020
5100000045 5100000021
5100000027 5100000037
5100000007 5100000053
5100000010 5100000036
5100000007 5100000091
5100000008 5100000015
5100000066 5100000045
5100000052 5100000086
5100000027 5100000037
5100000067 5100000046
5100000002 5100000071
5100000028 5100000037
5100000094 5100000079
5100000036 5100000052
5100000080 5100000067
5100000099 5100000073
5100000082 5100000071
5100000100 5100000025
5100000021 5100000062
5100000044 5100000049
5100000050 5100000005
5100000075 5100000090
5100000089 5100000073
5100000062 5100000068
2600000036 2600000042
2600000019 2600000035
2600000050 2600000091
2600000029 2600000061
2600000076 2600000098
2600000020 2600000045
2600000025 2600000083
2600000069 2600000091
2600000082 2600000086
2600000029 2600000086
2600000097 2600000011
2600000022 2600000020
2600000058 2600000094
2600000088 2600000097
2600000070 2600000084
2600000083 2600000052
2600000061 2600000056
2600000072 2600000077
2600000090 2600000092
2600000016 2600000049
2600000019 2600000025
2600000086 2600000077
2600000060 2600000020
2600000067 2600000055
2600000069 2600000022
2600000024 2600000090
2600000024 2600000050
2600000076 2600000082
2600000040 2600000021
2600000028 2600000040
2600000030 2600000094
2600000088 2600000083
2600000050 2600000052
2600000082 2600000062
2600000035 2600000096
2600000071 2600000083
2600000067 2600000025
2600000029 2600000003
2600000087 2600000056
2600000031 2600000085
2600000020 2600000061
2600000093 2600000097
2600000057 2600000035
2600000026 2600000082
2600000095 2600000084
2600000038 2600000032
2600000099 2600000078
2600000033 2600000017
2600000049 2600000024
2600000053 2600000089
2600000011 2600000026
2600000074 2600000087
2600000033 2600000056
2600000017 2600000031
2600000031 2600000097
2600000092 2600000062
2600000068 2600000076
2600000055 2600000023
2600000054 2600000067
2600000059 2600000042
2600000047 2600000091
2600000079 2600000083
2600000016 2600000043
2600000026 2600000081
2600000029 2600000079
2600000011 2600000024
2600000031 2600000039
2600000067 2600000072
2600000076 2600000095
2600000060 2600000017
2600000035 2600000030
2600000051 2600000002
2600000095 2600000008
2600000064 2600000026
2600000076 2600000018
2600000061 2600000056
2600000067 2600000012
2600000064 2600000001
2600000006 2600000040
2600000009 2600000008
2600000064 2600000055
2600000043 2600000020
2600000058 2600000017
2600000001 2600000037
2600000062 2600000039
2600000051 2600000045
2600000061 2600000038
2600000099 2600000028
2600000020 2600000058
2600000004 2600000014
2600000046 2600000081
2600000003 2600000037
2600000030 2600000036
2600000030 2600000091
2600000022 2600000046
2600000022 2600000038
2600000026 2600000014
2600000098 2600000036
2600000088 2600000044
2600000067 2600000089
2600000067 2600000055
2600000088 2600000008
2600000003 2600000023
2600000090 2600000002
2600000029 2600000051
2600000058 2600000097
2600000049 2600000056
2600000034 2600000098
2600000063 2600000098
2600000010 2600000038
2600000076 2600000070
2600000093 2600000049
2600000047 2600000047
2600000008 2600000029
2600000010 2600000050
2600000007 2600000087
2600000020 2600000073
2600000026 2600000069
2600000039 2600000053
2600000026 2600000001
2600000083 2600000054
2600000017 2600000041
2600000008 2600000051
2600000046 2600000046
2600000060 2600000004
2600000071 2600000095
2600000022 2600000084
2600000092 2600000060
2600000059 2600000060
2600000100 2600000014
2600000026 2600000100
2600000090 2600000055
2600000029 2600000013
2600000056 2600000068
2600000078 2600000095
2600000041 2600000025
2600000011 2600000042
2600000069 2600000047
2600000003 2600000006
2600000021 2600000042
1350000076 1350000025
1350000038 1350000055
1350000092 1350000056
1350000099 1350000073
1350000077 1350000036
1350000008 1350000039
1350000099 1350000045
1350000011 1350000037
1350000001 1350000016
1350000027 1350000060
1350000100 1350000056
1350000066 1350000100
1350000072 1350000046
1350000051 1350000061
1350000083 1350000048
1350000098 1350000034
1350000099 1350000013
1350000004 1350000061
1350000037 1350000055
1350000082 1350000035
1350000034 1350000030
1350000029 1350000093
1350000032 1350000040
1350000083 1350000003
1350000070 1350000090
1350000096 1350000085
1350000026 1350000097
1350000010 1350000083
1350000058 1350000029
1350000031 1350000059
1350000087 1350000085
1350000100 1350000036
1350000034 1350000048
1350000099 1350000091
1350000061 1350000049
1350000074 1350000015
1350000037 1350000014
1350000029 1350000091
1350000076 1350000095
1350000008 1350000056
1350000079 1350000048
1350000081 1350000051
1350000053 1350000074
1350000084 1350000006
1350000042 1350000087
1350000040 1350000020
1350000046 1350000089
1350000041 1350000004
1350000059 1350000032
1350000096 1350000091
1350000092 1350000068
1350000012 1350000012
1350000055 1350000050
1350000090 1350000011
1350000055 1350000007
1350000034 1350000040
1350000034 1350000052
1350000018 1350000049
1350000086 1350000058
1350000023 1350000099
1350000055 1350000098
1350000053 1350000089
1350000047 1350000064
1350000002 1350000030
1350000035 1350000095
1350000049 1350000061
1350000081 1350000071
1350000043 1350000073
1350000049 1350000036
1350000081 1350000014
1350000090 1350000033
1350000031 1350000083
1350000090 1350000012
1350000008 1350000067
1350000032 1350000037
1350000069 1350000017
1350000042 1350000002
1350000076 1350000097
1350000074 1350000032
1350000005 1350000099
1350000059 1350000098
1350000033 1350000058
1350000065 1350000024
1350000061 1350000091
1350000083 1350000047
1350000075 1350000037
1350000045 1350000011
1350000035 1350000002
1350000035 1350000019
1350000055 1350000056
1350000085 1350000064
1350000022 1350000079
1350000038 1350000021
1350000016 1350000095
1350000054 1350000016
1350000026 1350000014
1350000046 1350000020
1350000071 1350000052
1350000017 1350000050
1350000079 1350000087
1350000024 1350000090
1350000013 1350000036
1350000061 1350000032
1350000030 1350000053
1350000012 1350000058
1350000067 1350000005
1350000008 1350000043
1350000016 1350000001
1350000025 1350000039
1350000047 1350000091
1350000006 1350000079
1350000048 1350000045
1350000027 1350000035
1350000087 1350000036
1350000009 1350000019
1350000058 1350000004
1350000037 1350000096
1350000054 1350000025
1350000090 1350000017
1350000021 1350000031
1350000097 1350000026
1350000016 1350000087
1350000055 1350000026
1350000047 1350000013
1350000040 1350000024
1350000077 1350000073
1350000030 1350000074
1350000078 1350000045
1350000020 1350000053
1350000044 1350000027
1350000003 1350000085
1350000035 1350000044
1350000093 1350000002
1350000079 1350000094
1350000091 1350000076
1350000080 1350000066
1350000005 1350000062
1350000001 1350000036
1350000069 1350000004
1350000018 1350000007
725000088 725000080
725000097 725000016
725000047 725000026
725000060 725000099
725000015 725000045
725000066 725000039
725000034 725000052
725000076 725000010
725000063 725000013
725000060 725000073
725000034 725000084
725000071 725000004
725000038 725000030
725000018 725000086
725000037 725000049
725000006 725000045
725000035 725000019
725000006 725000039
725000078 725000063
725000026 725000040
725000089 725000047
725000090 725000028
725000025 725000025
725000020 725000026
725000083 725000040
725000050 725000100
725000083 725000022
725000069 725000006
725000050 725000021
725000001 725000070
725000085 725000073
725000012 725000013
725000025 725000092
725000003 725000071
725000013 725000069
725000082 725000046
725000069 725000056
725000047 725000050
725000023 725000003
725000050 725000030
725000082 725000021
725000077 725000039
725000060 725000034
725000073 725000080
725000042 725000073
725000061 725000012
725000076 725000010
725000001 725000050
725000040 725000076
725000021 725000043
725000081 725000099
725000051 725000003
725000079 725000024
725000048 725000041
725000077 725000079
725000042 725000012
725000087 725000085
725000065 725000027
725000084 725000092
725000091 725000094
725000089 725000051
725000037 725000029
725000083 725000012
725000056 725000071
725000074 725000008
725000024 725000004
725000076 725000072
725000011 725000067
725000100 725000040
725000015 725000067
725000090 725000037
725000005 725000024
725000043 725000019
725000023 725000072
725000046 725000014
725000013 725000009
725000092 725000036
725000079 725000099
725000011 725000078
725000016 725000029
725000073 725000095
725000065 725000087
725000025 725000007
725000073 725000002
725000071 725000081
725000083 725000019
725000058 725000026
725000051 725000091
725000078 725000022
725000063 725000081
725000037 725000071
725000056 725000008
725000053 725000080
725000061 725000048
725000076 725000032
725000052 725000072
725000022 725000026
725000084 725000013
725000088 725000058
725000080 725000018
725000063 725000049
725000033 725000009
725000036 725000095
725000006 725000067
725000026 725000065
725000007 725000045
725000017 725000097
725000068 725000090
725000029 725000025
725000046 725000100
725000080 725000078
725000043 725000014
725000022 725000078
725000048 725000098
725000016 725000093
725000086 725000081
725000077 725000022
725000087 725000035
725000037 725000096
725000085 725000027
725000082 725000058
725000065 725000004
725000047 725000042
725000050 725000021
725000032 725000095
725000019 725000020
725000008 725000036
725000085 725000053
725000049 725000035
725000037 725000045
725000029 725000073
725000029 725000043
725000075 725000033
725000082 725000005
725000093 725000042
725000052 725000017
725000079 725000083
725000092 725000092
725000097 725000019
725000094 725000050
412500053 412500088
412500090 412500009
412500091 412500099
412500004 412500093
412500050 412500013
412500043 412500018
412500076 412500015
412500096 412500045
412500026 412500074
412500052 412500097
412500056 412500085
412500001 412500086
412500045 412500031
412500048 412500056
412500095 412500022
412500095 412500064
412500074 412500068
412500036 412500001
412500009 412500069
412500020 412500042
412500071 412500020
412500095 412500081
412500053 412500045
412500033 412500047
412500098 412500014
412500031 412500091
412500006 412500016
412500068 412500012
412500077 412500084
412500026 412500032
412500058 412500084
412500052 412500064
412500043 412500057
412500045 412500088
412500075 412500018
412500007 412500070
412500048 412500024
412500006 412500085
412500009 412500013
412500095 412500018
412500059 412500033
412500002 412500053
412500084 412500038
412500089 412500084
412500096 412500049
412500008 412500100
412500027 412500001
412500040 412500002
412500032 412500063
412500090 412500100
412500040 412500042
412500042 412500041
412500077 412500068
412500073 412500026
412500020 412500048
412500009 412500059
412500087 412500039
412500080 412500025
412500065 412500055
412500012 412500079
412500042 412500011
412500030 412500093
412500036 412500099
412500067 412500053
412500012 412500013
412500089 412500038
412500051 412500061
412500018 412500010
412500087 412500022
412500079 412500053
412500034 412500099
412500086 412500066
412500055 412500056
412500032 412500049
412500084 412500037
412500039 412500034
412500069 412500100
412500006 412500093
412500035 412500054
412500086 412500015
412500045 412500011
412500027 412500011
412500010 412500043
412500039 412500087
412500028 412500080
412500057 412500039
412500001 412500063
412500011 412500056
412500062 412500020
412500055 412500089
412500006 412500097
412500029 412500012
412500034 412500092
412500094 412500019
412500043 412500092
412500001 412500043
412500028 412500044
412500077 412500077
412500085 412500048
412500012 412500003
412500065 412500034
412500011 412500037
412500034 412500020
412500012 412500028
412500061 412500071
412500059 412500035
412500045 412500022
412500085 412500022
412500090 412500021
412500046 412500022
412500032 412500090
412500044 412500006
412500061 412500061
412500026 412500092
412500080 412500035
412500060 412500100
412500042 412500045
412500097 412500059
412500097 412500025
412500035 412500093
412500026 412500061
412500008 412500039
412500075 412500049
412500018 412500090
412500100 412500054
412500058 412500012
412500099 412500060
412500009 412500001
412500003 412500012
412500039 412500039
412500069 412500045
412500021 412500054
412500052 412500073
412500060 412500051
412500030 412500001
412500041 412500016
412500009 412500016
412500075 412500099
412500015 412500049
412500041 412500013
58 98
53 74
100 11
40 36
1 63
53 2
40 7
69 83
69 20
50 43
99 85
56 20
53 6
16 18
40 36
57 87
99 62
66 96
72 12
90 79
38 29
95 44
45 26
38 44
79 31
95 22
14 93
4 19
39 61
99 63
39 80
86 52
77 7
36 92
83 72
54 87
48 22
75 46
26 2
34 79
94 78
91 51
99 18
62 9
91 52
62 6
64 42
45 62
26 50
15 31
68 44
53 62
31 98
67 33
95 35
62 14
54 7
45 29
37 24
49 87
34 42
21 2
96 80
83 45
22 75
4 13
20 89
44 48
62 49
42 80
20 4
39 8
79 100
56 47
36 81
38 17
20 21
36 5
4 12
13 55
24 23
42 59
17 45
26 19
66 51
59 17
77 31
51 40
45 83
26 36
36 76
94 71
7 70
73 51
16 17
64 68
37 93
14 50
68 23
24 90
95 22
12 88
51 22
31 44
37 88
6 66
82 26
52 81
35 59
35 91
71 87
11 13
66 46
1 46
24 14
47 78
2 23
26 9
41 100
7 35
94 96
54 97
49 29
28 78
58 99
80 69
74 68
87 61
15 91
73 71
6 66
83 89
82 78
1 73
65 28
82 13
84 36
14 91
57 73
61 80
77 72
69 77
90 8
47 80
88 20
55 37
9 41
87 47
83 76
12 70
74 18
84 16
91 40
72 78
36 97
72 32
42 52
17 27
18 47
83 21
58 16
6 71
71 60
85 67
89 28
23 92
59 29
76 17
91 15
8 77
16 78
19 52
76 38
78 98
76 34
82 72
11 53
24 20
48 69
69 55
10 40
90 72
69 35
24 77
9 42
36 43
93 19
24 35
8 34
22 82
41 89
45 30
44 57
80 48
54 67
26 69
10 81
74 28
7 58
20 58
71 40
74 5
34 13
30 41
61 67
20 24
13 74
92 99
52 79
37 77
92 74
7 77
36 10
7 55
88 1
34 51
11 67
6 1
81 28
94 53
71 51
49 68
73 80
67 6
27 47
86 63
96 31
95 63
74 63
1 49
36 10
12 28
92 32
29 19
37 27
73 78
53 16
13 38
36 100
13 11
91 18
14 17
7 82
46 1
95 15
73 81
100 37
93 7
61 32
98 78
72 86
53 2
56 6
70 63
37 2
100 9
14 29
33 27
29 6
43 17
27 45
16 36
45 60
10 80
51 21
10 87
60 12
22 70
97 79
46 33
22 11
7 10
86 58
8 88
85 77
52 38
24 30
23 37
53 61
22 28
29 91
67 94
24 69
53 74
35 21
74 9
89 59
32 71
41 92
83 17
58 66
68 4
29 55
26 44
23 75
51 76
83 21
87 12
66 37
75 58
