# source: JorikJooken
# original path: jj_extract\knapsackProblemInstances-master\problemInstances\n_400_c_100000000_g_14_f_0.1_eps_0.01_s_300\test.in
# optimal value: 100012607
# format: n capacity, then weight value
400 100000000
51000278 51000214
51000038 51000100
51000059 51000240
51000280 51000226
51000252 51000281
51000282 51000015
51000125 51000178
51000160 51000230
51000203 51000038
51000092 51000052
51000276 51000131
51000185 51000156
51000083 51000022
51000271 51000128
51000225 51000046
51000179 51000299
51000090 51000233
51000140 51000011
51000139 51000107
51000260 51000103
51000058 51000283
51000215 51000260
51000029 51000094
51000008 51000076
51000224 51000206
51000153 51000059
51000263 51000216
26000083 26000261
26000015 26000232
26000090 26000240
26000150 26000076
26000178 26000260
26000140 26000090
26000021 26000196
26000195 26000145
26000217 26000273
26000151 26000284
26000138 26000165
26000053 26000116
26000269 26000165
26000216 26000066
26000198 26000239
26000185 26000037
26000198 26000181
26000290 26000055
26000286 26000135
26000248 26000013
26000090 26000003
26000192 26000148
26000191 26000260
26000112 26000261
26000215 26000248
26000188 26000285
26000009 26000124
13500140 13500275
13500190 13500074
13500222 13500240
13500256 13500053
13500290 13500166
13500261 13500030
13500134 13500098
13500123 13500153
13500240 13500222
13500224 13500156
13500239 13500255
13500191 13500031
13500259 13500016
13500039 13500270
13500032 13500245
13500186 13500182
13500261 13500218
13500239 13500048
13500017 13500190
13500061 13500195
13500160 13500010
13500200 13500120
13500256 13500180
13500047 13500127
13500026 13500191
13500037 13500237
13500192 13500013
7250203 7250237
7250063 7250022
7250297 7250029
7250125 7250060
7250050 7250175
7250080 7250104
7250264 7250146
7250083 7250241
7250277 7250007
7250155 7250027
7250132 7250086
7250107 7250292
7250042 7250298
7250101 7250071
7250215 7250289
7250176 7250183
7250155 7250266
7250203 7250017
7250171 7250250
7250038 7250166
7250220 7250004
7250207 7250094
7250034 7250052
7250110 7250206
7250058 7250160
7250270 7250164
7250186 7250026
4125289 4125246
4125154 4125016
4125012 4125096
4125079 4125066
4125180 4125151
4125196 4125250
4125009 4125160
4125253 4125091
4125137 4125104
4125092 4125300
4125072 4125233
4125124 4125094
4125214 4125094
4125136 4125121
4125068 4125210
4125019 4125270
4125219 4125122
4125285 4125176
4125042 4125239
4125144 4125070
4125104 4125021
4125199 4125227
4125078 4125066
4125274 4125279
4125296 4125052
4125076 4125272
4125097 4125022
2562631 2562749
2562587 2562665
2562649 2562773
2562771 2562659
2562773 2562727
2562752 2562507
2562770 2562566
2562755 2562512
2562515 2562557
2562646 2562601
2562550 2562601
2562700 2562597
2562632 2562780
2562721 2562747
2562729 2562794
2562786 2562502
2562694 2562647
2562657 2562696
2562738 2562596
2562698 2562648
2562568 2562764
2562607 2562752
2562525 2562668
2562578 2562713
2562586 2562538
2562578 2562560
2562635 2562640
1781302 1781504
1781330 1781397
1781483 1781484
1781261 1781300
1781413 1781361
1781503 1781549
1781287 1781415
1781450 1781364
1781479 1781401
1781480 1781412
1781450 1781381
1781526 1781270
1781360 1781457
1781268 1781331
1781394 1781523
1781308 1781311
1781377 1781480
1781456 1781296
1781518 1781457
1781276 1781260
1781352 1781326
1781507 1781333
1781396 1781349
1781310 1781476
1781391 1781422
1781441 1781517
1781435 1781435
1390727 1390696
1390789 1390887
1390867 1390844
1390661 1390644
1390642 1390708
1390888 1390721
1390825 1390775
1390646 1390644
1390859 1390626
1390833 1390798
1390631 1390794
1390793 1390676
1390715 1390923
1390776 1390887
1390805 1390908
1390798 1390840
1390726 1390681
1390662 1390650
1390664 1390659
1390819 1390758
1390903 1390704
1390682 1390691
1390697 1390779
1390898 1390891
1390655 1390871
1390648 1390843
1390874 1390854
1195320 1195605
1195586 1195611
1195445 1195496
1195449 1195441
1195561 1195314
1195448 1195572
1195470 1195362
1195498 1195418
1195344 1195600
1195366 1195471
1195323 1195474
1195335 1195478
1195352 1195370
1195499 1195477
1195374 1195527
1195552 1195473
1195550 1195496
1195551 1195510
1195485 1195320
1195372 1195552
1195325 1195404
1195330 1195573
1195502 1195436
1195603 1195589
1195331 1195528
1195461 1195521
1195421 1195491
1097662 1097848
1097734 1097951
1097684 1097812
1097845 1097929
1097921 1097852
1097714 1097951
1097811 1097750
1097687 1097667
1097826 1097770
1097841 1097956
1097891 1097679
1097883 1097672
1097899 1097831
1097722 1097769
1097685 1097851
1097789 1097755
1097895 1097758
1097938 1097685
1097821 1097658
1097902 1097767
1097745 1097801
1097869 1097883
1097917 1097953
1097940 1097671
1097714 1097925
1097759 1097874
1097692 1097910
1048913 1048997
1049023 1048854
1049103 1049056
1049112 1048849
1048896 1048919
1048995 1048894
1048917 1048841
1049002 1048850
1048848 1048948
1048836 1049080
1049115 1048853
1049004 1048957
1049041 1048835
1048997 1049106
1048920 1049049
1049081 1048948
1049094 1049018
1048939 1049025
1048905 1048967
1049037 1049010
1049095 1048935
1048912 1049006
1049019 1048939
1048943 1048865
1049103 1048972
1049094 1048881
1049109 1048997
1024489 1024665
1024576 1024659
1024638 1024528
1024505 1024701
1024678 1024447
1024668 1024427
1024706 1024588
1024660 1024637
1024600 1024712
1024662 1024451
1024586 1024680
1024450 1024625
1024707 1024498
1024504 1024676
1024504 1024608
1024461 1024691
1024607 1024657
1024644 1024695
1024596 1024658
1024591 1024554
1024463 1024700
1024677 1024514
1024559 1024591
1024641 1024477
1024430 1024596
1024673 1024557
1024498 1024667
1012492 1012449
1012294 1012270
1012391 1012246
1012376 1012339
1012254 1012251
1012392 1012222
1012453 1012334
1012304 1012403
1012491 1012376
1012350 1012390
1012474 1012371
1012362 1012376
1012430 1012487
1012264 1012243
1012369 1012299
1012468 1012399
1012273 1012314
1012293 1012432
1012358 1012490
1012319 1012255
1012364 1012430
1012484 1012215
1012480 1012367
1012272 1012464
1012381 1012213
1012491 1012299
1012399 1012384
91 24
284 43
58 217
299 102
237 105
268 261
85 65
48 29
56 76
246 274
130 127
82 126
123 180
278 219
82 73
19 148
33 211
162 10
55 131
128 156
236 230
61 144
179 189
159 86
27 101
299 207
259 55
137 192
22 274
155 3
23 75
57 192
1 143
193 189
244 141
183 294
54 16
274 254
282 148
231 225
154 32
273 204
219 108
140 296
182 174
96 81
239 258
299 255
17 205
