# source: JorikJooken
# original path: jj_extract\knapsackProblemInstances-master\problemInstances\n_1200_c_1000000_g_10_f_0.3_eps_0.001_s_100\test.in
# optimal value: 1010521
# format: n capacity, then weight value
1200 1000000
501024 501038
501053 501097
501070 501092
501085 501082
501088 501010
501053 501093
501059 501064
501019 501024
501026 501032
501010 501011
501072 501086
501080 501069
501070 501024
501043 501089
501080 501086
501063 501070
501075 501024
501023 501005
501025 501010
501067 501018
501013 501027
501012 501076
501015 501037
501057 501075
501037 501016
501029 501074
501005 501096
501038 501014
501087 501048
501098 501040
501038 501064
501005 501013
501016 501091
501064 501086
501033 501078
501084 501082
501011 501019
501095 501082
501004 501091
501002 501044
501025 501058
501008 501060
501002 501085
501083 501006
501024 501062
501083 501017
501052 501098
501093 501028
501068 501091
501065 501065
501058 501014
501058 501099
501022 501085
501056 501084
501050 501084
501098 501024
501053 501091
501032 501001
501097 501075
501089 501073
501086 501082
501056 501056
501002 501030
501077 501019
501043 501058
501086 501035
501017 501010
501052 501093
501035 501021
501049 501016
501037 501073
501055 501092
501041 501018
501066 501062
501032 501094
501029 501025
501079 501074
501047 501003
501077 501044
501049 501030
501008 501015
501097 501056
501065 501069
501062 501043
501007 501042
501061 501053
501034 501082
501047 501030
501050 501020
501078 501095
501085 501035
501014 501030
501012 501084
251003 251084
251036 251015
251085 251094
251080 251073
251055 251043
251071 251062
251080 251086
251005 251076
251094 251061
251018 251031
251079 251005
251097 251084
251062 251056
251052 251048
251016 251094
251061 251031
251049 251068
251068 251057
251097 251075
251057 251059
251037 251091
251098 251040
251064 251032
251037 251097
251071 251041
251014 251006
251092 251068
251031 251015
251031 251060
251038 251023
251004 251096
251066 251098
251040 251055
251086 251067
251068 251064
251076 251069
251087 251001
251052 251041
251062 251081
251082 251071
251001 251026
251087 251040
251081 251093
251001 251033
251097 251073
251010 251090
251073 251099
251074 251020
251047 251070
251031 251032
251064 251046
251068 251081
251096 251027
251007 251075
251052 251020
251030 251051
251049 251045
251095 251044
251091 251024
251016 251046
251021 251038
251048 251077
251053 251025
251050 251037
251081 251037
251061 251052
251090 251081
251055 251017
251058 251083
251086 251097
251083 251080
251068 251078
251015 251058
251012 251018
251091 251091
251092 251074
251069 251024
251045 251075
251007 251037
251060 251020
251097 251046
251073 251052
251019 251060
251042 251067
251074 251089
251081 251081
251082 251068
251057 251095
251087 251025
251034 251030
251046 251087
251067 251073
251063 251015
126027 126074
126012 126087
126038 126013
126032 126024
126045 126096
126071 126096
126075 126041
126072 126076
126071 126038
126033 126017
126063 126015
126003 126058
126016 126074
126081 126093
126041 126025
126096 126099
126005 126053
126063 126052
126063 126064
126068 126033
126043 126051
126038 126004
126010 126069
126040 126050
126038 126098
126025 126065
126052 126015
126001 126029
126065 126093
126019 126072
126084 126066
126002 126087
126009 126006
126075 126061
126055 126033
126069 126048
126035 126056
126097 126020
126069 126070
126034 126022
126018 126059
126031 126066
126050 126037
126024 126091
126060 126016
126025 126008
126023 126086
126048 126073
126075 126053
126044 126067
126064 126037
126029 126021
126085 126096
126081 126076
126044 126055
126043 126085
126033 126050
126044 126076
126065 126071
126029 126042
126039 126028
126008 126035
126022 126003
126011 126061
126088 126097
126037 126004
126008 126017
126074 126087
126028 126088
126034 126087
126027 126079
126009 126015
126071 126036
126097 126097
126030 126042
126064 126099
126036 126024
126087 126066
126009 126098
126035 126054
126032 126042
126082 126028
126015 126015
126017 126050
126013 126043
126091 126030
126024 126095
126010 126070
126070 126057
126070 126033
126094 126047
126057 126017
126007 126052
63578 63584
63540 63597
63569 63595
63582 63579
63536 63514
63510 63516
63569 63525
63571 63525
63518 63501
63547 63537
63593 63562
63520 63584
63525 63565
63572 63533
63507 63571
63545 63574
63543 63525
63506 63538
63561 63520
63594 63560
63530 63541
63525 63522
63588 63542
63530 63565
63552 63565
63564 63532
63512 63582
63524 63529
63574 63532
63556 63594
63533 63553
63598 63587
63502 63510
63542 63588
63534 63560
63592 63558
63578 63569
63583 63518
63562 63534
63583 63523
63516 63562
63522 63568
63575 63555
63508 63559
63596 63575
63514 63560
63545 63554
63596 63541
63504 63577
63504 63572
63542 63510
63530 63514
63558 63577
63584 63561
63541 63536
63577 63514
63589 63580
63509 63544
63595 63522
63561 63594
63538 63593
63530 63504
63506 63587
63597 63572
63517 63549
63551 63538
63544 63590
63510 63506
63529 63600
63577 63506
63534 63567
63597 63541
63543 63562
63528 63539
63507 63555
63550 63587
63544 63534
63593 63521
63599 63587
63549 63541
63506 63586
63504 63533
63553 63566
63514 63571
63526 63595
63512 63544
63539 63588
63502 63598
63541 63551
63552 63518
63538 63575
63567 63516
63535 63536
32298 32310
32252 32306
32350 32267
32257 32313
32317 32264
32304 32267
32298 32283
32303 32315
32299 32294
32326 32310
32329 32270
32346 32255
32325 32258
32251 32276
32291 32340
32342 32345
32297 32257
32298 32341
32334 32257
32349 32316
32334 32287
32299 32343
32272 32331
32343 32280
32279 32335
32267 32280
32290 32255
32291 32291
32317 32260
32266 32340
32319 32324
32288 32336
32262 32255
32262 32278
32349 32268
32345 32311
32334 32298
32322 32264
32292 32289
32260 32341
32261 32303
32327 32258
32268 32336
32322 32336
32297 32268
32275 32292
32281 32259
32343 32275
32317 32338
32340 32283
32262 32271
32349 32329
32281 32256
32332 32252
32256 32253
32307 32323
32290 32286
32283 32302
32328 32279
32261 32319
32346 32350
32284 32304
32320 32274
32330 32322
32269 32305
32289 32327
32326 32264
32337 32324
32312 32314
32328 32342
32310 32257
32261 32310
32292 32258
32335 32256
32334 32252
32298 32268
32264 32264
32308 32265
32287 32331
32260 32296
32288 32281
32275 32252
32251 32262
32287 32281
32347 32348
32281 32283
32287 32313
32325 32319
32282 32333
32297 32342
32280 32257
32271 32293
32333 32330
16714 16658
16662 16664
16708 16679
16655 16649
16686 16658
16627 16638
16649 16696
16674 16656
16626 16716
16631 16710
16694 16691
16709 16674
16634 16654
16633 16665
16639 16695
16681 16665
16691 16654
16702 16665
16672 16702
16681 16718
16662 16655
16631 16692
16670 16715
16705 16719
16635 16693
16638 16658
16689 16690
16686 16722
16699 16690
16703 16652
16681 16635
16703 16629
16694 16659
16697 16678
16723 16632
16696 16711
16641 16645
16647 16668
16642 16663
16650 16664
16679 16722
16666 16682
16633 16724
16693 16658
16702 16720
16708 16723
16626 16635
16647 16725
16654 16716
16695 16650
16644 16714
16703 16650
16708 16663
16633 16693
16629 16663
16638 16662
16631 16668
16648 16690
16659 16714
16694 16718
16695 16643
16631 16714
16719 16651
16679 16680
16668 16719
16706 16710
16667 16699
16723 16725
16723 16704
16690 16668
16633 16654
16679 16671
16699 16705
16671 16725
16700 16719
16721 16638
16629 16682
16677 16687
16649 16710
16686 16657
16634 16645
16715 16665
16683 16695
16626 16653
16667 16634
16632 16677
16677 16630
16717 16703
16642 16627
16684 16644
16713 16637
16708 16693
16694 16686
8842 8839
8902 8859
8814 8902
8842 8862
8840 8858
8904 8856
8847 8829
8889 8852
8854 8867
8824 8846
8897 8865
8815 8891
8861 8892
8873 8901
8871 8813
8877 8858
8850 8868
8843 8819
8882 8863
8830 8883
8817 8817
8853 8897
8839 8854
8830 8830
8892 8821
8857 8877
8824 8893
8910 8862
8833 8911
8872 8817
8910 8895
8871 8831
8865 8906
8832 8839
8906 8844
8855 8883
8831 8848
8864 8858
8856 8855
8841 8896
8849 8894
8814 8824
8821 8874
8887 8899
8848 8905
8817 8892
8867 8870
8865 8813
8860 8850
8873 8883
8814 8912
8840 8857
8846 8853
8862 8880
8891 8870
8886 8815
8822 8860
8893 8899
8887 8859
8857 8861
8861 8874
8865 8874
8855 8854
8897 8858
8904 8884
8906 8837
8893 8873
8906 8866
8858 8891
8830 8896
8906 8836
8814 8833
8832 8844
8877 8908
8830 8862
8838 8853
8909 8870
8813 8868
8830 8887
8866 8858
8857 8856
8891 8824
8840 8886
8872 8897
8874 8823
8880 8837
8822 8849
8888 8893
8899 8846
8823 8869
8900 8883
8877 8884
8889 8818
4952 4919
4912 4913
4970 4910
4959 4983
4954 4937
4943 4914
4970 4978
4951 4983
4949 4938
4995 4926
4978 5001
4922 4976
4979 4984
4994 5006
5004 4935
4936 4911
4982 4942
4996 4954
4949 4981
4913 4950
4974 4983
4977 4912
4945 4910
4990 4998
4990 4952
4957 4942
4911 4974
4997 4924
4911 5001
4972 4945
4992 5004
4964 4941
4971 4989
4924 4910
4927 4943
4982 4917
4922 4997
4923 4989
4916 5004
4924 4917
4966 4908
4975 4984
4963 4934
4989 4951
4953 4941
5003 4951
4991 4958
4932 4926
4929 4989
4986 4936
4943 4980
4941 4994
5003 4938
4950 4949
4989 4980
4940 4992
4933 5005
4915 4917
4976 4992
4999 5001
5004 4912
4970 4969
4971 4956
4936 5004
4957 4997
4939 4933
5004 4969
4990 4914
4935 4969
4976 4922
4921 4939
4999 4954
4961 4972
4955 4907
5006 5003
4965 4957
4927 4934
4960 4996
4984 4926
4945 4938
4993 4933
4913 4909
4975 4986
4989 4941
4914 4908
4984 4922
4945 4981
4984 4967
4957 4944
4950 4942
5000 4993
4958 5006
4961 4919
3021 3017
2987 3036
3015 3042
2981 2992
2971 2973
3047 2977
2970 2980
3040 3021
3048 2986
2989 2971
3045 2998
2982 3036
2956 3038
3020 3011
3004 3027
3003 2960
2971 2980
3001 3049
2976 2956
2998 3030
3019 2995
3037 3045
2984 3043
3028 3041
3016 2986
3029 2961
2976 2978
3014 3045
3033 3011
2955 3028
3018 3004
3016 3027
3000 2977
3012 2985
3043 3038
2991 2972
3049 2987
2965 3021
3012 2968
2974 2995
2971 3012
3025 3042
2980 3000
3017 2959
2973 3039
2978 2992
3003 2969
3032 3004
2976 2992
2964 2998
2990 3015
3039 3042
2980 2994
2971 2992
3032 3021
2990 2988
2977 3030
3051 2974
3021 2994
2972 3007
3048 2982
2980 2984
3011 3052
2965 3035
3025 3044
2965 3006
3042 2975
2990 2957
2975 2987
2990 3048
2983 3013
2954 3048
3014 2991
3053 3010
2975 3001
3012 2980
3031 3029
2969 3037
3030 3017
3015 3024
3028 3013
2971 2958
2986 2997
2974 2965
3016 2980
2978 2961
2956 2985
3032 3017
3037 2981
3049 2975
3040 2977
2982 2983
2977 3014
27 26
76 43
25 96
64 1
35 72
75 41
89 34
52 3
95 43
92 49
26 78
71 38
70 29
72 9
76 48
93 82
65 37
13 90
72 36
31 27
11 85
92 10
48 72
48 22
7 46
2 43
36 62
25 37
31 92
69 70
20 49
37 20
93 72
54 22
44 41
2 75
82 89
87 36
12 83
61 71
68 11
35 45
82 2
28 31
51 39
71 52
36 87
41 86
62 42
12 99
81 57
74 59
73 43
84 59
10 79
20 68
96 82
37 90
92 78
84 50
47 55
52 10
63 15
55 6
46 2
9 36
8 16
99 13
55 70
86 78
41 72
75 84
8 7
75 70
92 12
82 95
65 90
55 54
15 69
100 17
27 85
23 7
88 77
26 73
76 43
46 30
57 6
67 34
67 42
89 1
11 45
23 41
23 84
46 8
80 38
21 37
34 88
17 46
58 41
73 27
86 43
76 6
61 29
76 11
77 40
80 72
79 91
87 70
22 25
49 6
64 74
51 78
27 94
22 28
21 41
77 12
56 3
66 69
25 82
64 7
77 65
45 36
8 16
82 77
79 93
2 69
52 61
73 99
49 43
62 30
54 53
65 14
82 55
33 86
94 29
59 12
75 26
98 100
18 12
6 3
40 45
27 50
42 41
38 94
71 67
86 64
18 42
63 17
65 21
5 98
76 63
48 40
64 27
100 4
14 61
38 64
50 53
63 18
22 1
44 81
80 79
98 40
45 15
99 76
51 64
40 42
16 81
69 6
43 55
92 86
52 22
68 50
69 13
10 21
22 13
41 19
33 81
90 66
21 30
10 27
53 48
57 96
23 69
43 80
85 64
98 93
30 99
2 16
35 2
25 46
12 62
96 10
28 5
45 68
47 29
56 20
43 18
18 68
51 28
94 29
60 48
69 34
32 91
74 14
65 10
83 83
62 96
57 21
71 55
12 9
7 92
71 84
91 21
47 33
46 12
16 29
42 69
91 8
6 43
72 78
16 65
33 71
1 82
92 64
82 100
72 55
77 28
97 74
5 75
68 100
55 70
28 30
42 60
57 90
59 35
74 10
19 27
23 27
23 47
37 22
74 48
33 97
5 3
14 32
51 24
52 81
23 76
53 90
43 64
22 22
14 89
10 30
10 6
81 47
84 62
59 28
53 82
100 71
53 91
97 38
13 39
82 34
93 69
92 61
71 73
61 82
97 97
18 14
52 43
17 47
67 11
44 43
23 44
81 42
11 19
23 63
41 32
18 83
23 68
100 48
78 75
100 21
67 28
96 69
57 36
72 70
68 24
32 20
97 57
25 7
91 24
21 44
13 21
23 41
75 9
16 5
53 66
85 42
15 16
91 78
83 9
4 20
99 22
23 55
56 56
61 24
26 58
98 70
40 41
73 39
79 19
31 94
48 18
60 39
67 76
39 8
87 90
28 60
90 33
48 7
70 54
22 78
87 71
22 79
76 28
41 52
59 23
82 20
17 43
98 37
85 28
44 52
60 62
36 5
23 16
70 67
6 4
5 46
85 97
51 94
48 71
95 31
22 92
96 10
99 21
63 47
14 13
87 38
59 5
56 30
58 8
97 65
26 27
57 15
36 39
12 89
100 93
57 66
47 41
76 94
56 59
22 5
73 61
