# source: JorikJooken
# original path: jj_extract\knapsackProblemInstances-master\problemInstances\n_1000_c_1000000_g_2_f_0.2_eps_0.1_s_200\test.in
# optimal value: 620017
# format: n capacity, then weight value
1000 1000000
600008 600072
600035 600034
600017 600009
600004 600131
600028 600002
600183 600043
600197 600195
600098 600011
600083 600049
600109 600163
600134 600027
600112 600062
600106 600179
600012 600002
600145 600071
600089 600198
600040 600124
600112 600129
600001 600091
600167 600013
600190 600108
600010 600103
600190 600046
600195 600193
600077 600068
600183 600149
600183 600030
600139 600093
600108 600045
600063 600017
600005 600046
600070 600155
600131 600044
600172 600109
600117 600058
600173 600094
600072 600177
600059 600013
600200 600060
600176 600041
600170 600088
600193 600157
600012 600154
600071 600026
600084 600024
600067 600054
600010 600036
600018 600175
600194 600140
600044 600001
600046 600105
600043 600079
600048 600187
600001 600039
600097 600063
600054 600126
600082 600025
600150 600023
600113 600032
600186 600002
600191 600139
600005 600047
600013 600092
600144 600016
600052 600029
600042 600137
600178 600058
600009 600087
600191 600144
600024 600035
600185 600057
600168 600113
600037 600155
600101 600179
600192 600160
600035 600011
600033 600102
600027 600029
600032 600031
600190 600170
600124 600181
600050 600185
600060 600191
600144 600153
600135 600187
600190 600162
600163 600111
600061 600184
600028 600040
600200 600013
600008 600114
600124 600102
600123 600134
600058 600089
600185 600107
600118 600195
600157 600103
600017 600175
600181 600057
600110 600162
600138 600112
600105 600059
600182 600083
600147 600049
600162 600169
600060 600155
600077 600104
600031 600140
600137 600053
600013 600070
600190 600011
600192 600042
600096 600094
600105 600091
600035 600189
600188 600108
600011 600160
600197 600160
600064 600066
600115 600049
600051 600161
600178 600047
600199 600168
600128 600169
600130 600097
600149 600191
600147 600094
600116 600191
600063 600188
600010 600005
600185 600051
600127 600108
600059 600102
600140 600187
600124 600166
600079 600050
600090 600133
600110 600096
600171 600121
600036 600006
600088 600106
600115 600136
600036 600032
600017 600085
600150 600151
600175 600129
600036 600008
600147 600003
600064 600108
600075 600001
600124 600099
600184 600027
600158 600017
600082 600147
600035 600001
600112 600121
600153 600168
600058 600053
600080 600106
600167 600023
600124 600152
600055 600151
600042 600081
600036 600171
600153 600091
600173 600115
600147 600144
600060 600119
600071 600022
600019 600062
600156 600106
600112 600169
600054 600104
600035 600018
600024 600060
600065 600149
600014 600001
600140 600089
600003 600058
600171 600127
600052 600101
600051 600070
600130 600033
600150 600045
600027 600168
600040 600095
600013 600020
600186 600004
600040 600081
600182 600052
600089 600049
600076 600121
600041 600004
600018 600196
600024 600082
600198 600041
600159 600097
600089 600033
600175 600098
600095 600190
600145 600074
600089 600168
600081 600173
600099 600071
600069 600108
600128 600191
600090 600002
600102 600129
600197 600099
600026 600030
600081 600161
600177 600158
600153 600116
600097 600091
600097 600015
600066 600123
600046 600161
600009 600002
600118 600042
600113 600150
600086 600056
600082 600095
600183 600154
600151 600059
600096 600081
600127 600198
600197 600120
600030 600146
600110 600085
600158 600092
600136 600063
600124 600019
600119 600035
600114 600037
600155 600084
600150 600163
600018 600182
600083 600007
600010 600073
600115 600057
600196 600073
600046 600012
600168 600101
600066 600177
600131 600042
600126 600079
600147 600074
600114 600021
600109 600036
600108 600081
600070 600198
600190 600165
600155 600065
600160 600156
600030 600002
600194 600194
600086 600051
600157 600199
600104 600022
600129 600080
600080 600041
600193 600104
600045 600031
600072 600035
600102 600001
600095 600037
600056 600042
600020 600195
600087 600107
600197 600178
600016 600095
600047 600106
600032 600060
600141 600090
600102 600186
600073 600086
600009 600181
600173 600128
600081 600030
600148 600143
600155 600170
600173 600174
600065 600092
600037 600132
600133 600129
600100 600109
600105 600085
600038 600141
600189 600017
600034 600169
600087 600050
600165 600027
600052 600101
600003 600161
600034 600094
600192 600143
600042 600063
600067 600196
600016 600182
600183 600117
600128 600032
600025 600014
600174 600098
600145 600035
600182 600026
600070 600075
600046 600154
600069 600093
600066 600060
600036 600158
600138 600197
600134 600184
600032 600188
600001 600154
600027 600176
600071 600066
600172 600061
600179 600105
600031 600022
600047 600119
600075 600064
600144 600180
600048 600141
600014 600038
600196 600055
600097 600063
600193 600078
600137 600113
600088 600159
600132 600059
600074 600035
600144 600154
600155 600104
600030 600200
600105 600180
600066 600112
600094 600115
600040 600192
600173 600121
600001 600049
600125 600028
600179 600189
600106 600043
600033 600072
600190 600093
600183 600145
600039 600113
600044 600157
600135 600170
600014 600112
600018 600126
600147 600101
600101 600118
600017 600178
600085 600083
600112 600005
600170 600169
600085 600126
600059 600079
600155 600084
600158 600080
600181 600014
600012 600031
600145 600078
600063 600192
600134 600173
600163 600118
600063 600021
600145 600103
600075 600102
600161 600192
600009 600166
600053 600187
600174 600115
600046 600183
600087 600015
600106 600004
600146 600156
600047 600073
600103 600011
600154 600188
600003 600010
600105 600108
600138 600194
600174 600191
600139 600039
600016 600034
600180 600003
600111 600093
600194 600084
600125 600089
600197 600039
600148 600160
600170 600032
600130 600014
600072 600069
600134 600148
600070 600134
600071 600156
600193 600088
600094 600160
600030 600076
600124 600157
600053 600094
600198 600066
600096 600151
600038 600095
600124 600084
600098 600154
600047 600145
600087 600046
600186 600032
600122 600178
600098 600129
600163 600008
600160 600142
600103 600128
600069 600143
600016 600156
600136 600192
600017 600115
600116 600172
600007 600020
600095 600030
600121 600089
600195 600022
600027 600111
600018 600123
600071 600102
600160 600106
600055 600056
600035 600054
600161 600093
600175 600124
600123 600183
600199 600147
600143 600104
600198 600060
600119 600094
600164 600086
600106 600075
600014 600145
600050 600013
600107 600069
600045 600113
600089 600105
600128 600106
600147 600185
600016 600077
600126 600158
600080 600173
600160 600129
600189 600102
600077 600144
600035 600165
600027 600161
600049 600145
600127 600040
600113 600113
600174 600088
600072 600078
600088 600158
600159 600178
600103 600097
600043 600056
600196 600035
600081 600093
600063 600039
600134 600032
600141 600168
600185 600185
600189 600060
600072 600049
600019 600033
600137 600058
600085 600128
600100 600177
600142 600110
600189 600164
600144 600184
600133 600123
600047 600103
600136 600183
600103 600158
600154 600169
600091 600127
600052 600166
600006 600047
600053 600161
600041 600089
600112 600033
600134 600146
600013 600193
600113 600156
600033 600002
600177 600090
600200 600047
600133 600102
600160 600049
600064 600058
600076 600037
600198 600061
600105 600069
600184 600155
600095 600059
600189 600083
600143 600051
600045 600032
600087 600191
600004 600090
600090 600177
600178 600063
600168 600184
600090 600054
600034 600022
600046 600183
600165 600033
600067 600141
600173 600040
600132 600180
600081 600026
600181 600194
600164 600079
600063 600180
600041 600193
600067 600134
600036 600006
600049 600050
600042 600157
600013 600103
600180 600178
600127 600163
600071 600040
600137 600114
600024 600044
600029 600167
600065 600140
600194 600176
600175 600150
600072 600136
600020 600137
600168 600164
600044 600120
600065 600075
600015 600004
600055 600094
600069 600006
600086 600136
600071 600096
600022 600128
600036 600025
600086 600063
600117 600096
600152 600187
600013 600133
600173 600154
600118 600165
600168 600020
600018 600115
600033 600074
600170 600138
600053 600065
600028 600135
600002 600081
600115 600095
600111 600174
600189 600055
600005 600046
600087 600117
600091 600155
600173 600036
600121 600122
600136 600041
600086 600098
600190 600185
600147 600005
600087 600177
600167 600097
600163 600042
600134 600169
600007 600108
600195 600050
600016 600101
600085 600014
600042 600063
600148 600026
600185 600133
600166 600200
600141 600049
600174 600046
600162 600189
600160 600148
600094 600116
600101 600119
600169 600099
600089 600016
600046 600164
600160 600076
600146 600001
600097 600036
600042 600052
600047 600181
600151 600121
600039 600180
600177 600172
600045 600087
600009 600048
600105 600058
600073 600035
600134 600012
600144 600161
600114 600087
600151 600030
600112 600180
600160 600154
600198 600087
600080 600098
600041 600041
600092 600045
600005 600075
600103 600137
600087 600035
600058 600143
600155 600071
600157 600125
600186 600186
600043 600177
600100 600052
600184 600036
600068 600131
600174 600115
600185 600185
600018 600020
600099 600111
600153 600139
600069 600036
600081 600176
600086 600181
600199 600014
600098 600140
600057 600147
600083 600060
600016 600010
600155 600052
600075 600177
600025 600118
600073 600045
600046 600051
600182 600171
600152 600029
600042 600167
600188 600002
600026 600157
600010 600048
600080 600146
600164 600178
600070 600106
600012 600190
600128 600064
600053 600171
600176 600116
600190 600039
600181 600129
600155 600158
600138 600161
600032 600179
600150 600159
600090 600111
600102 600122
600133 600032
600168 600176
600168 600187
600142 600101
600052 600173
600021 600074
600035 600189
600195 600113
600021 600043
600183 600106
600166 600003
600014 600119
600008 600020
600070 600194
600104 600038
600101 600080
600137 600129
600045 600085
600196 600001
600072 600006
600099 600068
600080 600064
600112 600169
600198 600069
600182 600067
600042 600178
600055 600158
600189 600054
600136 600187
600085 600040
600166 600160
600189 600073
600021 600164
600050 600175
600097 600161
600062 600162
600178 600022
600074 600033
600190 600167
600110 600057
600119 600197
600046 600048
600065 600028
600056 600015
600010 600155
600035 600151
600041 600128
600127 600131
600166 600096
600074 600033
600123 600115
600087 600103
600110 600143
600029 600021
600088 600046
600028 600169
600066 600107
600070 600016
600127 600088
600098 600157
600197 600057
600189 600038
600179 600022
600142 600161
600101 600146
600031 600070
600102 600164
600126 600085
600065 600178
600082 600170
600028 600044
600194 600091
600062 600171
600189 600091
600051 600055
600062 600137
600124 600135
600123 600069
600115 600027
600131 600165
600036 600019
600136 600075
600118 600192
600014 600004
600015 600028
600172 600041
600058 600170
600050 600169
600147 600013
600040 600003
600163 600173
600064 600017
600083 600163
600121 600081
600193 600126
600110 600140
600070 600124
600158 600114
600086 600190
600014 600160
600200 600062
600168 600147
600175 600031
600004 600146
600021 600137
600183 600096
600077 600185
600136 600188
600167 600139
600156 600097
600032 600166
600160 600062
600067 600016
600018 600042
600096 600030
600114 600116
600033 600153
600033 600036
600180 600020
600131 600152
600161 600114
600199 600192
600154 600093
600184 600197
600006 600029
600074 600136
600184 600126
600077 600048
600164 600136
600086 600160
600082 600039
80 36
70 24
162 20
43 12
38 22
149 97
32 79
88 173
176 54
21 79
100 23
157 12
34 60
67 95
174 117
140 173
181 40
139 192
172 11
12 31
36 162
130 149
106 166
159 171
148 53
3 59
181 76
62 8
12 119
55 187
55 128
115 170
77 111
191 138
18 143
22 56
161 74
23 28
56 199
74 196
157 83
22 123
69 152
99 97
119 117
198 23
99 127
70 79
19 191
85 7
111 131
118 54
188 48
179 12
98 131
28 48
158 87
94 38
117 109
69 61
152 149
91 174
28 78
160 12
43 105
141 164
187 123
69 154
57 167
139 126
180 14
26 181
110 103
12 12
59 108
136 190
165 20
120 132
38 85
75 44
172 11
131 19
134 66
149 96
119 184
32 161
9 176
2 80
4 77
66 42
160 139
2 23
124 27
55 172
134 20
168 24
182 113
180 160
160 98
144 170
127 60
85 117
111 131
16 161
177 66
28 156
39 186
186 29
155 199
173 133
44 52
167 2
100 170
140 56
180 13
14 6
151 56
17 195
167 27
43 199
72 126
87 57
65 199
184 118
68 51
130 145
87 58
93 160
46 111
82 8
14 34
189 65
183 37
138 133
137 25
44 34
32 71
87 159
46 159
97 120
111 106
24 135
50 153
45 145
8 92
42 122
197 99
72 120
199 122
186 115
148 137
15 43
66 156
39 174
11 109
49 172
91 116
12 28
120 58
67 173
77 193
141 198
66 53
43 49
142 173
17 107
137 13
18 187
105 34
89 153
28 94
192 176
112 103
112 116
129 189
116 70
94 32
99 171
116 163
191 144
81 3
115 9
158 168
143 77
157 72
39 81
75 148
131 27
97 8
93 23
86 38
64 121
118 188
2 50
52 174
198 67
139 87
25 129
179 130
107 80
