# source: JorikJooken
# original path: jj_extract\knapsackProblemInstances-master\problemInstances\n_600_c_100000000_g_10_f_0.1_eps_0_s_100\test.in
# optimal value: 99817970
# format: n capacity, then weight value
600 100000000
50000092 50000099
50000029 50000058
50000065 50000091
50000075 50000065
50000011 50000052
50000011 50000028
50000020 50000050
50000009 50000092
50000059 50000056
50000054 50000040
50000090 50000025
50000007 50000051
50000039 50000036
50000008 50000082
50000040 50000037
50000034 50000033
50000058 50000031
50000016 50000051
50000046 50000053
50000020 50000063
50000047 50000073
50000051 50000077
50000067 50000059
50000039 50000013
50000014 50000040
50000055 50000014
50000031 50000015
50000051 50000051
50000079 50000070
50000058 50000064
50000041 50000077
50000024 50000026
50000085 50000064
50000080 50000070
50000066 50000086
50000061 50000045
50000036 50000010
50000070 50000070
50000032 50000081
50000027 50000091
50000004 50000061
50000070 50000047
50000041 50000035
50000040 50000018
50000008 50000096
50000052 50000075
50000067 50000097
50000079 50000014
50000071 50000047
50000015 50000010
50000018 50000042
50000044 50000086
50000024 50000065
50000035 50000058
50000098 50000067
50000097 50000048
50000096 50000010
50000084 50000095
50000063 50000011
50000032 50000076
25000069 25000069
25000097 25000090
25000011 25000014
25000080 25000017
25000026 25000094
25000047 25000030
25000074 25000048
25000100 25000049
25000044 25000060
25000095 25000059
25000030 25000090
25000045 25000061
25000012 25000096
25000077 25000079
25000089 25000070
25000083 25000032
25000097 25000020
25000039 25000090
25000038 25000032
25000023 25000023
25000092 25000022
25000029 25000027
25000094 25000059
25000051 25000091
25000097 25000010
25000084 25000022
25000087 25000046
25000092 25000042
25000040 25000098
25000070 25000081
25000026 25000051
25000048 25000082
25000088 25000100
25000023 25000054
25000035 25000063
25000040 25000029
25000010 25000067
25000029 25000092
25000057 25000093
25000099 25000015
25000075 25000011
25000042 25000071
25000042 25000083
25000066 25000025
25000054 25000016
25000054 25000001
25000011 25000096
25000068 25000006
25000070 25000003
25000002 25000056
25000001 25000092
25000008 25000048
25000093 25000039
25000046 25000041
25000084 25000007
25000021 25000052
25000040 25000090
25000076 25000027
25000037 25000021
25000040 25000096
12500020 12500049
12500079 12500066
12500087 12500065
12500090 12500016
12500046 12500008
12500096 12500088
12500026 12500077
12500054 12500006
12500027 12500039
12500017 12500049
12500021 12500081
12500055 12500028
12500074 12500040
12500070 12500030
12500011 12500078
12500026 12500068
12500087 12500046
12500009 12500044
12500013 12500025
12500021 12500022
12500089 12500051
12500044 12500001
12500006 12500013
12500042 12500044
12500071 12500076
12500007 12500039
12500023 12500002
12500021 12500080
12500061 12500083
12500030 12500010
12500095 12500037
12500098 12500095
12500052 12500025
12500093 12500080
12500024 12500011
12500089 12500065
12500035 12500094
12500001 12500078
12500003 12500090
12500073 12500091
12500033 12500003
12500055 12500062
12500035 12500059
12500010 12500002
12500073 12500038
12500044 12500090
12500039 12500042
12500098 12500077
12500049 12500010
12500016 12500030
12500086 12500097
12500005 12500016
12500005 12500009
12500099 12500018
12500084 12500006
12500064 12500015
12500069 12500020
12500089 12500090
12500095 12500006
12500052 12500092
6250010 6250008
6250023 6250070
6250023 6250002
6250088 6250096
6250038 6250097
6250028 6250078
6250072 6250032
6250037 6250080
6250022 6250015
6250057 6250066
6250091 6250063
6250031 6250019
6250087 6250005
6250092 6250090
6250053 6250084
6250096 6250020
6250026 6250048
6250094 6250097
6250001 6250100
6250001 6250092
6250039 6250055
6250084 6250069
6250058 6250061
6250014 6250027
6250054 6250034
6250003 6250082
6250089 6250099
6250053 6250040
6250039 6250025
6250087 6250092
6250073 6250081
6250002 6250076
6250021 6250058
6250042 6250074
6250075 6250039
6250072 6250050
6250045 6250099
6250028 6250097
6250009 6250011
6250034 6250088
6250019 6250096
6250037 6250002
6250008 6250095
6250082 6250012
6250009 6250075
6250049 6250047
6250090 6250039
6250018 6250067
6250063 6250042
6250009 6250018
6250055 6250045
6250079 6250024
6250014 6250025
6250012 6250013
6250004 6250094
6250085 6250012
6250055 6250049
6250100 6250034
6250021 6250015
6250094 6250027
3125039 3125042
3125004 3125096
3125010 3125056
3125083 3125045
3125097 3125072
3125055 3125065
3125097 3125068
3125032 3125064
3125042 3125059
3125087 3125054
3125001 3125048
3125030 3125009
3125055 3125030
3125098 3125080
3125080 3125056
3125002 3125049
3125023 3125008
3125081 3125013
3125052 3125093
3125058 3125040
3125099 3125058
3125062 3125074
3125012 3125052
3125083 3125026
3125069 3125091
3125076 3125008
3125067 3125085
3125022 3125044
3125088 3125047
3125001 3125004
3125088 3125007
3125083 3125021
3125068 3125096
3125021 3125027
3125094 3125044
3125058 3125023
3125089 3125061
3125055 3125043
3125071 3125038
3125084 3125036
3125006 3125045
3125055 3125065
3125032 3125087
3125048 3125051
3125039 3125028
3125015 3125081
3125026 3125024
3125073 3125011
3125077 3125015
3125060 3125064
3125074 3125082
3125100 3125059
3125001 3125034
3125049 3125056
3125015 3125022
3125049 3125053
3125010 3125098
3125083 3125097
3125047 3125048
3125091 3125056
1562559 1562541
1562582 1562581
1562564 1562565
1562513 1562583
1562570 1562507
1562514 1562536
1562512 1562573
1562550 1562580
1562557 1562552
1562535 1562511
1562544 1562557
1562514 1562556
1562508 1562597
1562535 1562521
1562552 1562571
1562568 1562567
1562579 1562593
1562592 1562569
1562533 1562582
1562571 1562559
1562571 1562546
1562577 1562515
1562521 1562567
1562525 1562538
1562596 1562580
1562560 1562563
1562594 1562588
1562543 1562599
1562521 1562589
1562582 1562532
1562568 1562564
1562522 1562501
1562580 1562554
1562504 1562506
1562599 1562581
1562517 1562578
1562566 1562533
1562592 1562587
1562516 1562515
1562548 1562546
1562517 1562527
1562532 1562558
1562590 1562532
1562538 1562538
1562521 1562599
1562569 1562586
1562590 1562532
1562547 1562545
1562516 1562586
1562527 1562587
1562562 1562517
1562587 1562533
1562593 1562583
1562565 1562600
1562527 1562520
1562547 1562504
1562545 1562587
1562591 1562597
1562531 1562514
1562576 1562562
781278 781257
781261 781262
781280 781338
781290 781317
781340 781313
781287 781338
781252 781333
781349 781290
781296 781331
781257 781257
781284 781279
781338 781279
781303 781292
781327 781311
781293 781284
781342 781276
781269 781269
781339 781302
781306 781293
781261 781285
781270 781292
781266 781346
781311 781303
781339 781341
781317 781339
781302 781330
781255 781254
781272 781349
781269 781350
781285 781257
781324 781292
781263 781252
781299 781272
781279 781350
781278 781317
781344 781338
781309 781342
781301 781291
781292 781341
781338 781266
781317 781339
781261 781307
781336 781273
781327 781281
781260 781319
781259 781300
781278 781325
781298 781255
781302 781286
781338 781288
781329 781314
781264 781257
781266 781262
781331 781299
781298 781303
781257 781321
781321 781309
781279 781301
781324 781252
781321 781321
390692 390638
390710 390677
390656 390659
390663 390669
390659 390659
390641 390637
390692 390706
390643 390725
390701 390632
390685 390647
390708 390641
390628 390685
390696 390657
390665 390660
390685 390704
390710 390703
390704 390629
390684 390721
390676 390713
390673 390658
390706 390684
390648 390698
390670 390717
390714 390628
390671 390719
390665 390717
390722 390633
390678 390662
390692 390719
390723 390656
390704 390628
390722 390722
390660 390725
390673 390654
390673 390717
390666 390711
390655 390653
390661 390656
390722 390636
390648 390714
390670 390629
390626 390704
390694 390687
390693 390638
390657 390654
390634 390642
390682 390628
390712 390666
390628 390630
390670 390667
390690 390664
390703 390669
390645 390688
390666 390634
390686 390662
390667 390641
390626 390631
390668 390662
390641 390665
390712 390725
195335 195386
195327 195373
195377 195388
195394 195336
195343 195315
195323 195374
195338 195319
195377 195348
195408 195352
195342 195366
195361 195375
195330 195334
195408 195356
195392 195365
195366 195327
195398 195363
195374 195329
195392 195351
195332 195398
195344 195326
195379 195397
195351 195340
195405 195349
195398 195340
195383 195317
195382 195370
195343 195398
195373 195320
195333 195360
195321 195389
195351 195338
195406 195386
195389 195367
195356 195396
195400 195391
195387 195364
195396 195325
195365 195405
195392 195329
195329 195360
195373 195324
195378 195370
195346 195384
195374 195352
195323 195329
195354 195371
195340 195331
195368 195376
195394 195326
195403 195344
195401 195366
195344 195339
195400 195323
195346 195319
195322 195411
195351 195407
195382 195350
195397 195325
195383 195399
195377 195329
7 45
8 85
31 29
5 80
27 69
42 15
34 91
70 14
2 8
61 82
5 61
99 11
58 12
37 95
7 52
40 89
12 13
67 1
80 1
67 38
92 28
29 19
23 59
10 63
15 93
97 87
83 65
58 85
100 50
38 53
15 72
36 93
88 61
45 62
46 65
49 70
57 97
56 89
86 7
88 21
71 3
63 46
12 28
15 53
8 59
32 31
8 60
65 41
86 55
29 34
78 66
37 97
59 80
38 2
26 17
38 87
61 48
55 87
39 43
13 71
