# source: JorikJooken
# original path: jj_extract\knapsackProblemInstances-master\problemInstances\n_800_c_1000000_g_14_f_0.3_eps_1e-05_s_200\test.in
# optimal value: 1020917
# format: n capacity, then weight value
800 1000000
500072 500039
500059 500157
500020 500185
500069 500165
500042 500060
500101 500088
500114 500132
500070 500033
500176 500013
500180 500078
500136 500020
500025 500061
500201 500169
500082 500019
500165 500061
500122 500207
500028 500158
500099 500151
500049 500076
500087 500133
500172 500098
500166 500120
500059 500105
500043 500126
500053 500181
500059 500180
500103 500089
500107 500187
500030 500060
500188 500190
500109 500162
500062 500069
500143 500024
500120 500141
500022 500177
500172 500174
500127 500159
500145 500114
500055 500132
500039 500044
500065 500056
500081 500016
500047 500165
250030 250074
250113 250063
250200 250035
250188 250047
250161 250117
250119 250200
250085 250092
250054 250040
250045 250025
250035 250166
250021 250038
250155 250027
250127 250158
250159 250164
250180 250121
250020 250187
250084 250196
250145 250192
250101 250035
250203 250085
250063 250209
250084 250164
250151 250209
250043 250077
250141 250152
250152 250071
250067 250062
250130 250065
250182 250184
250148 250038
250051 250039
250025 250104
250191 250161
250088 250091
250046 250167
250181 250111
250132 250039
250029 250204
250154 250112
250156 250031
250188 250038
250157 250018
250024 250141
125113 125092
125193 125068
125200 125183
125165 125189
125168 125146
125036 125191
125079 125150
125195 125157
125163 125099
125067 125169
125051 125135
125159 125190
125143 125040
125051 125175
125152 125095
125156 125136
125186 125018
125034 125089
125154 125162
125083 125075
125126 125049
125139 125193
125150 125126
125068 125048
125089 125083
125198 125104
125031 125023
125012 125184
125182 125201
125167 125165
125044 125185
125147 125209
125040 125051
125176 125072
125037 125094
125198 125166
125150 125160
125210 125037
125108 125159
125148 125189
125171 125065
125183 125104
125121 125094
62540 62674
62542 62702
62582 62565
62629 62598
62700 62705
62669 62633
62592 62582
62672 62671
62641 62664
62638 62514
62694 62576
62643 62562
62524 62586
62609 62623
62625 62678
62677 62590
62531 62601
62673 62703
62555 62587
62631 62709
62574 62540
62677 62569
62527 62545
62616 62549
62590 62676
62669 62564
62637 62643
62532 62607
62694 62515
62622 62584
62572 62575
62647 62631
62590 62573
62570 62612
62706 62519
62575 62538
62547 62661
62620 62603
62649 62530
62630 62690
62644 62626
62526 62587
62537 62635
31282 31298
31371 31349
31285 31445
31307 31334
31320 31354
31353 31269
31309 31333
31315 31306
31269 31436
31385 31287
31287 31431
31460 31341
31316 31342
31348 31308
31421 31275
31431 31443
31343 31412
31408 31413
31314 31438
31290 31420
31424 31276
31342 31456
31304 31310
31277 31447
31335 31456
31300 31430
31265 31337
31440 31353
31439 31452
31264 31299
31441 31332
31459 31263
31360 31284
31364 31320
31420 31379
31391 31370
31372 31262
31435 31430
31301 31353
31286 31354
31351 31277
31378 31320
31448 31264
15701 15646
15713 15748
15759 15807
15807 15763
15734 15702
15772 15680
15819 15774
15662 15794
15748 15763
15790 15649
15818 15756
15768 15684
15638 15671
15722 15700
15803 15639
15827 15791
15739 15681
15720 15750
15804 15668
15700 15785
15671 15662
15719 15794
15721 15830
15806 15781
15694 15760
15700 15676
15791 15805
15786 15691
15831 15700
15832 15788
15795 15806
15752 15679
15703 15670
15819 15732
15638 15740
15728 15798
15658 15789
15734 15659
15827 15773
15813 15700
15701 15758
15768 15749
15674 15749
8009 7962
7900 7895
7947 7955
7988 7847
7954 7968
7856 7913
8014 7979
7858 7898
7967 7931
7879 7947
7835 7995
7946 7887
7955 7979
8022 7954
7856 7863
7842 7829
7994 7825
7858 7921
7884 7904
7974 7958
7869 7948
7906 7967
8009 7876
7997 7971
7842 7874
7865 7873
7923 7935
7901 7997
7987 7862
7909 7949
7944 7876
7895 7900
7865 7958
8002 7841
7897 7831
7859 7855
7989 7915
7920 7844
8018 7928
7922 7887
7941 7983
7841 7846
7983 7963
3967 4074
3966 4018
4027 4058
3952 3989
3924 3984
3965 3939
4044 3920
4095 4058
3921 3970
3954 4101
3924 4043
4072 3965
3960 4095
4065 4087
4095 4040
4030 4017
4032 3927
4043 3966
4081 4013
3955 3978
4051 3929
4087 4017
4077 4111
3952 3936
3957 4093
4107 4111
4102 4083
4105 3945
3999 4116
3980 4097
3939 4059
4048 3998
3922 4091
3971 4014
3999 3952
4051 4113
4033 3962
4077 4092
3998 3936
4038 3942
4057 3934
4034 4114
4006 3942
2004 2163
1971 2061
1990 1997
2053 1991
2117 2134
1974 2138
2007 1994
1977 2095
1975 2037
2097 2110
1997 2065
2124 2059
2035 2139
2107 2011
2106 2031
2060 1995
2078 2113
2091 1977
2096 2138
1996 2008
2053 1986
2095 1987
2156 2006
2059 2013
2070 1993
2047 2090
2163 2151
2067 2074
2146 2085
2062 2069
2089 2071
2010 2030
2004 2072
2104 2127
2153 2055
2054 1990
1977 2019
2031 2123
2144 2098
2047 2009
2070 2146
2118 2092
1974 2012
1066 1035
1162 1045
1144 1132
1002 1106
1069 1083
1037 1061
1067 1151
1032 1009
1185 1003
993 1114
1061 998
1077 1062
1045 1160
988 1048
1144 1149
1134 1038
995 1081
1034 1138
1180 1124
1097 1151
1138 1020
1092 1112
1017 1112
1142 1086
1054 1001
1119 1123
1055 1136
1116 1142
997 1142
1035 1003
1165 1090
1130 1105
1139 1184
1039 1082
1110 1011
1159 1118
1045 1080
993 1036
1095 1014
1066 1124
1130 1110
1087 1181
1056 1158
668 670
505 508
559 552
514 590
530 667
648 695
677 640
514 553
611 584
506 596
536 653
500 594
678 575
696 539
675 540
579 640
566 552
589 586
648 620
621 654
683 634
640 603
544 553
553 661
571 669
629 671
533 686
646 505
560 504
676 529
548 572
623 685
567 590
524 559
593 569
614 552
500 546
660 617
660 646
611 641
553 656
645 679
651 666
281 375
432 415
293 368
301 341
279 287
329 287
337 317
279 389
319 419
420 324
294 439
407 369
379 392
413 367
379 355
383 424
388 431
309 305
380 415
345 411
312 408
379 301
380 276
314 328
308 365
330 263
346 437
265 380
437 281
371 370
348 396
281 436
385 275
359 345
342 400
418 441
291 387
313 382
379 289
405 450
352 275
345 258
424 264
288 323
322 171
311 228
152 163
303 194
264 208
226 285
175 199
321 218
279 167
222 152
218 137
293 236
324 200
214 209
170 184
273 176
137 301
156 204
139 231
142 290
297 315
258 222
239 261
326 226
225 275
155 287
310 220
243 262
309 208
166 287
231 144
259 279
140 300
149 285
262 206
300 294
227 172
143 278
241 203
290 246
307 308
276 147
88 32
56 86
145 71
83 78
54 113
179 186
190 20
6 108
87 76
147 82
45 10
102 152
161 78
164 111
13 187
119 114
165 152
87 164
98 77
109 169
112 98
3 23
98 55
124 48
52 143
91 147
164 93
132 135
45 135
73 45
103 124
12 134
72 126
57 35
35 101
106 9
153 64
71 126
151 101
91 109
47 157
171 80
46 65
196 11
24 38
49 144
75 82
16 180
186 144
82 101
75 159
39 146
109 112
181 162
156 91
44 48
98 38
191 120
36 6
94 31
2 125
64 101
84 179
6 190
129 90
177 148
35 154
40 102
123 49
116 160
23 72
60 159
185 111
183 90
164 58
72 74
62 161
152 31
154 127
187 66
41 188
137 74
123 126
143 125
142 49
83 110
194 167
55 31
23 24
23 122
63 168
9 40
136 32
77 19
28 168
180 115
70 88
136 51
45 20
61 157
21 141
147 76
158 140
2 169
126 109
111 169
152 117
2 141
2 185
9 71
124 27
17 136
98 178
42 6
88 142
82 124
31 49
79 195
27 112
37 78
86 8
88 6
54 91
110 9
6 88
30 133
46 2
143 2
27 77
122 84
167 169
110 14
170 54
190 130
20 110
148 29
29 90
98 12
57 154
114 159
150 100
139 178
48 199
128 90
53 10
153 164
24 1
116 145
157 44
114 170
82 1
14 136
136 59
73 8
153 8
58 104
26 108
38 131
111 114
129 152
126 142
75 166
170 189
151 44
23 108
45 156
183 61
163 133
69 35
21 137
186 98
39 167
182 51
148 191
76 196
45 107
38 15
181 2
183 172
133 121
47 55
97 101
180 197
120 58
141 151
110 163
53 17
5 6
48 200
42 23
67 76
142 13
161 190
13 60
133 15
151 174
177 26
37 107
160 35
191 173
70 89
174 65
171 13
98 20
107 139
133 116
14 200
200 58
24 23
37 49
21 145
121 155
120 102
157 147
87 74
158 143
65 13
69 151
133 188
44 83
118 5
137 167
9 119
158 115
56 62
70 103
117 151
163 17
142 169
16 52
183 67
144 87
99 81
75 79
49 119
116 80
106 104
32 154
1 54
143 59
153 174
