# source: JorikJooken
# original path: jj_extract\knapsackProblemInstances-master\problemInstances\n_400_c_10000000000_g_6_f_0.3_eps_0.1_s_200\test.in
# optimal value: 9937513040
# format: n capacity, then weight value
400 10000000000
6000000062 6000000038
6000000137 6000000194
6000000133 6000000101
6000000080 6000000108
6000000088 6000000091
6000000028 6000000103
6000000192 6000000029
6000000046 6000000075
6000000090 6000000001
6000000035 6000000139
6000000056 6000000177
6000000074 6000000175
6000000194 6000000176
6000000152 6000000171
6000000022 6000000094
6000000139 6000000007
6000000017 6000000107
6000000160 6000000161
6000000019 6000000176
6000000011 6000000074
6000000078 6000000128
6000000097 6000000135
6000000138 6000000003
6000000049 6000000006
6000000115 6000000157
6000000170 6000000023
6000000180 6000000085
6000000134 6000000059
6000000192 6000000002
6000000194 6000000168
6000000127 6000000107
6000000120 6000000196
6000000075 6000000002
6000000196 6000000118
6000000119 6000000044
6000000125 6000000132
6000000013 6000000085
6000000112 6000000037
6000000009 6000000122
6000000151 6000000174
6000000143 6000000110
6000000092 6000000037
6000000051 6000000021
6000000095 6000000180
6000000151 6000000155
6000000066 6000000051
6000000137 6000000113
6000000030 6000000030
6000000199 6000000012
6000000085 6000000112
6000000025 6000000081
6000000194 6000000070
6000000117 6000000159
6000000014 6000000098
6000000162 6000000069
6000000118 6000000160
3500000119 3500000025
3500000156 3500000089
3500000105 3500000199
3500000168 3500000044
3500000161 3500000102
3500000186 3500000079
3500000198 3500000100
3500000159 3500000018
3500000095 3500000002
3500000189 3500000126
3500000180 3500000194
3500000048 3500000144
3500000043 3500000053
3500000150 3500000029
3500000103 3500000130
3500000184 3500000060
3500000047 3500000070
3500000160 3500000049
3500000156 3500000035
3500000014 3500000003
3500000115 3500000009
3500000089 3500000162
3500000188 3500000051
3500000096 3500000073
3500000160 3500000051
3500000153 3500000184
3500000196 3500000043
3500000040 3500000064
3500000029 3500000086
3500000078 3500000130
3500000006 3500000031
3500000141 3500000151
3500000091 3500000055
3500000065 3500000104
3500000032 3500000096
3500000092 3500000110
3500000154 3500000188
3500000120 3500000050
3500000040 3500000120
3500000066 3500000019
3500000134 3500000122
3500000144 3500000030
3500000078 3500000150
3500000030 3500000174
3500000004 3500000095
3500000052 3500000146
3500000099 3500000195
3500000122 3500000173
3500000084 3500000001
3500000100 3500000181
3500000165 3500000168
3500000172 3500000139
3500000118 3500000162
3500000178 3500000155
3500000083 3500000144
3500000086 3500000030
2250000130 2250000053
2250000158 2250000192
2250000098 2250000183
2250000151 2250000054
2250000028 2250000038
2250000002 2250000099
2250000014 2250000090
2250000019 2250000143
2250000087 2250000188
2250000150 2250000026
2250000058 2250000013
2250000179 2250000044
2250000102 2250000027
2250000131 2250000118
2250000196 2250000078
2250000017 2250000151
2250000163 2250000101
2250000160 2250000183
2250000178 2250000093
2250000010 2250000164
2250000108 2250000169
2250000092 2250000114
2250000029 2250000074
2250000008 2250000024
2250000139 2250000047
2250000069 2250000161
2250000167 2250000174
2250000120 2250000085
2250000046 2250000088
2250000108 2250000090
2250000083 2250000131
2250000057 2250000018
2250000018 2250000142
2250000144 2250000050
2250000013 2250000040
2250000145 2250000110
2250000194 2250000015
2250000042 2250000181
2250000107 2250000006
2250000020 2250000130
2250000092 2250000115
2250000065 2250000064
2250000135 2250000060
2250000004 2250000173
2250000083 2250000003
2250000066 2250000146
2250000021 2250000095
2250000061 2250000002
2250000112 2250000187
2250000065 2250000134
2250000138 2250000165
2250000021 2250000118
2250000119 2250000027
2250000052 2250000142
2250000144 2250000050
2250000001 2250000092
1625000100 1625000025
1625000077 1625000059
1625000004 1625000135
1625000024 1625000195
1625000053 1625000193
1625000035 1625000136
1625000158 1625000004
1625000012 1625000029
1625000062 1625000099
1625000107 1625000135
1625000016 1625000092
1625000007 1625000015
1625000185 1625000063
1625000057 1625000031
1625000069 1625000158
1625000111 1625000054
1625000126 1625000055
1625000072 1625000108
1625000116 1625000019
1625000142 1625000146
1625000019 1625000007
1625000102 1625000080
1625000171 1625000111
1625000030 1625000040
1625000079 1625000177
1625000093 1625000039
1625000059 1625000197
1625000189 1625000147
1625000198 1625000036
1625000105 1625000078
1625000082 1625000176
1625000075 1625000154
1625000199 1625000126
1625000053 1625000054
1625000108 1625000038
1625000015 1625000142
1625000188 1625000081
1625000050 1625000090
1625000149 1625000101
1625000078 1625000026
1625000090 1625000122
1625000147 1625000055
1625000142 1625000147
1625000136 1625000198
1625000080 1625000182
1625000151 1625000078
1625000179 1625000088
1625000008 1625000082
1625000042 1625000106
1625000114 1625000151
1625000134 1625000089
1625000016 1625000047
1625000098 1625000170
1625000196 1625000036
1625000107 1625000058
1625000092 1625000143
1312500117 1312500158
1312500005 1312500192
1312500081 1312500028
1312500108 1312500180
1312500036 1312500066
1312500170 1312500026
1312500103 1312500016
1312500072 1312500085
1312500020 1312500177
1312500152 1312500075
1312500130 1312500149
1312500013 1312500039
1312500110 1312500078
1312500161 1312500178
1312500019 1312500012
1312500131 1312500058
1312500167 1312500122
1312500047 1312500174
1312500073 1312500090
1312500160 1312500005
1312500191 1312500155
1312500167 1312500189
1312500156 1312500191
1312500149 1312500149
1312500132 1312500081
1312500074 1312500015
1312500119 1312500131
1312500143 1312500083
1312500194 1312500047
1312500013 1312500114
1312500063 1312500033
1312500124 1312500004
1312500144 1312500152
1312500099 1312500093
1312500196 1312500021
1312500139 1312500101
1312500187 1312500005
1312500125 1312500178
1312500156 1312500096
1312500045 1312500088
1312500062 1312500157
1312500140 1312500101
1312500038 1312500118
1312500040 1312500070
1312500049 1312500100
1312500153 1312500177
1312500138 1312500092
1312500033 1312500049
1312500011 1312500051
1312500098 1312500100
1312500118 1312500174
1312500187 1312500152
1312500168 1312500032
1312500070 1312500026
1312500099 1312500194
1312500082 1312500135
101 170
12 86
14 153
80 16
177 169
112 170
125 194
76 80
98 13
120 71
133 83
95 185
30 68
33 123
103 47
69 199
153 74
166 155
129 164
84 65
153 33
199 149
119 175
25 187
120 97
32 163
17 190
77 12
56 27
53 142
141 32
197 24
134 114
175 6
153 19
83 136
154 127
43 142
4 17
140 44
132 135
109 182
109 141
190 162
136 12
75 101
176 143
31 99
186 185
155 105
22 14
193 169
130 61
96 137
110 179
114 68
83 109
30 178
39 97
109 150
81 150
141 199
20 163
159 18
126 106
50 137
198 121
149 181
64 47
200 103
154 68
70 7
41 155
125 140
95 132
153 192
3 144
85 97
40 19
48 58
37 88
192 149
188 97
14 132
117 105
123 13
176 178
34 63
103 9
157 54
41 141
174 71
130 45
104 90
64 49
174 13
74 63
71 37
90 144
65 161
73 174
66 21
121 80
198 22
75 177
2 196
153 24
89 68
82 54
77 65
149 52
44 27
192 156
83 60
121 107
106 141
65 81
114 109
113 102
144 51
