# source: JorikJooken
# original path: jj_extract\knapsackProblemInstances-master\problemInstances\n_600_c_100000000_g_14_f_0.2_eps_0.01_s_200\test.in
# optimal value: 100011960
# format: n capacity, then weight value
600 100000000
51000188 51000186
51000001 51000166
51000035 51000179
51000029 51000130
51000100 51000191
51000054 51000187
51000050 51000024
51000094 51000049
51000095 51000031
51000151 51000074
51000011 51000031
51000136 51000025
51000102 51000071
51000056 51000060
51000045 51000042
51000122 51000026
51000039 51000023
51000060 51000199
51000084 51000065
51000179 51000114
51000112 51000141
51000082 51000141
51000012 51000108
51000166 51000009
51000018 51000080
51000154 51000136
51000161 51000090
51000034 51000017
51000157 51000026
51000009 51000113
51000096 51000100
51000185 51000137
51000073 51000041
51000089 51000114
51000084 51000156
51000144 51000151
26000063 26000105
26000097 26000058
26000145 26000175
26000137 26000052
26000100 26000025
26000102 26000018
26000100 26000152
26000035 26000120
26000073 26000175
26000121 26000039
26000109 26000024
26000106 26000151
26000051 26000074
26000127 26000186
26000138 26000033
26000045 26000167
26000099 26000144
26000123 26000045
26000055 26000007
26000103 26000138
26000118 26000013
26000066 26000183
26000175 26000071
26000001 26000084
26000183 26000144
26000033 26000106
26000035 26000156
26000111 26000164
26000186 26000190
26000068 26000013
26000128 26000002
26000030 26000020
26000159 26000194
26000161 26000115
26000033 26000178
26000134 26000106
13500011 13500174
13500199 13500034
13500041 13500166
13500159 13500004
13500074 13500094
13500105 13500139
13500005 13500098
13500047 13500166
13500027 13500175
13500053 13500096
13500183 13500056
13500150 13500113
13500144 13500016
13500038 13500078
13500086 13500045
13500047 13500196
13500148 13500137
13500089 13500007
13500107 13500091
13500024 13500170
13500103 13500083
13500069 13500147
13500063 13500145
13500008 13500098
13500154 13500123
13500033 13500127
13500031 13500051
13500032 13500105
13500074 13500075
13500010 13500041
13500056 13500037
13500106 13500037
13500173 13500084
13500184 13500100
13500124 13500025
13500107 13500070
7250091 7250089
7250133 7250021
7250153 7250199
7250135 7250022
7250116 7250171
7250096 7250089
7250111 7250015
7250031 7250061
7250197 7250099
7250137 7250189
7250152 7250034
7250115 7250186
7250087 7250198
7250066 7250186
7250187 7250086
7250133 7250155
7250181 7250048
7250034 7250199
7250147 7250191
7250118 7250036
7250170 7250037
7250195 7250194
7250059 7250019
7250010 7250187
7250144 7250019
7250051 7250197
7250126 7250185
7250096 7250086
7250186 7250187
7250178 7250165
7250133 7250199
7250136 7250097
7250139 7250028
7250155 7250176
7250149 7250102
7250049 7250098
4125132 4125007
4125105 4125199
4125173 4125168
4125167 4125087
4125070 4125098
4125181 4125039
4125003 4125105
4125066 4125093
4125044 4125132
4125088 4125033
4125069 4125126
4125005 4125070
4125103 4125064
4125103 4125178
4125145 4125188
4125019 4125121
4125198 4125185
4125125 4125040
4125050 4125063
4125182 4125046
4125160 4125171
4125048 4125127
4125126 4125193
4125176 4125061
4125110 4125057
4125052 4125105
4125126 4125114
4125047 4125070
4125180 4125016
4125032 4125062
4125111 4125158
4125098 4125170
4125053 4125116
4125009 4125175
4125105 4125032
4125027 4125036
2562524 2562685
2562566 2562624
2562700 2562529
2562515 2562623
2562571 2562529
2562564 2562569
2562506 2562546
2562678 2562574
2562564 2562586
2562649 2562597
2562623 2562596
2562637 2562667
2562552 2562678
2562540 2562566
2562627 2562654
2562699 2562672
2562539 2562658
2562556 2562606
2562543 2562522
2562522 2562535
2562581 2562548
2562635 2562595
2562601 2562689
2562660 2562642
2562596 2562696
2562539 2562597
2562537 2562636
2562638 2562530
2562592 2562576
2562643 2562677
2562545 2562658
2562548 2562687
2562598 2562509
2562525 2562564
2562518 2562519
2562594 2562572
1781291 1781439
1781281 1781433
1781268 1781429
1781308 1781299
1781252 1781447
1781288 1781423
1781299 1781347
1781450 1781253
1781446 1781385
1781404 1781410
1781410 1781440
1781270 1781298
1781254 1781317
1781292 1781340
1781292 1781418
1781274 1781389
1781437 1781350
1781261 1781405
1781389 1781380
1781329 1781312
1781366 1781281
1781298 1781287
1781256 1781405
1781395 1781439
1781279 1781352
1781365 1781355
1781318 1781435
1781361 1781430
1781448 1781355
1781276 1781261
1781377 1781400
1781349 1781260
1781327 1781377
1781273 1781356
1781314 1781402
1781398 1781392
1390764 1390642
1390684 1390713
1390783 1390737
1390707 1390694
1390649 1390658
1390722 1390686
1390736 1390739
1390678 1390691
1390737 1390816
1390630 1390816
1390804 1390671
1390649 1390729
1390723 1390753
1390792 1390774
1390723 1390815
1390636 1390694
1390753 1390627
1390710 1390632
1390761 1390626
1390711 1390648
1390823 1390666
1390756 1390697
1390752 1390690
1390773 1390732
1390727 1390666
1390657 1390729
1390729 1390757
1390768 1390639
1390691 1390656
1390825 1390819
1390742 1390626
1390680 1390674
1390785 1390718
1390760 1390646
1390790 1390715
1390682 1390777
1195502 1195370
1195459 1195388
1195362 1195456
1195511 1195435
1195455 1195496
1195341 1195423
1195396 1195324
1195398 1195369
1195489 1195489
1195421 1195428
1195320 1195324
1195344 1195425
1195430 1195376
1195449 1195366
1195467 1195410
1195403 1195475
1195427 1195466
1195511 1195369
1195333 1195362
1195485 1195504
1195353 1195314
1195372 1195418
1195370 1195336
1195411 1195341
1195446 1195432
1195315 1195416
1195504 1195316
1195468 1195496
1195390 1195500
1195325 1195432
1195391 1195497
1195464 1195500
1195462 1195343
1195447 1195404
1195507 1195437
1195453 1195344
1097709 1097683
1097683 1097775
1097753 1097775
1097731 1097674
1097799 1097794
1097805 1097850
1097718 1097802
1097682 1097746
1097768 1097712
1097756 1097689
1097719 1097692
1097707 1097750
1097713 1097661
1097828 1097725
1097814 1097709
1097739 1097809
1097709 1097772
1097845 1097739
1097844 1097835
1097729 1097840
1097711 1097791
1097712 1097797
1097716 1097738
1097836 1097800
1097664 1097824
1097843 1097800
1097811 1097693
1097698 1097722
1097818 1097773
1097784 1097660
1097672 1097752
1097785 1097837
1097669 1097800
1097674 1097727
1097731 1097659
1097769 1097693
1048875 1048937
1048873 1048862
1048944 1048910
1048880 1048973
1048832 1048884
1048915 1048893
1049014 1048960
1048947 1048953
1049003 1048987
1048838 1048972
1048861 1048834
1048890 1048906
1048903 1048906
1049015 1048993
1048923 1048884
1049005 1049007
1048940 1048957
1048883 1048882
1049019 1048894
1049003 1048886
1048829 1049005
1049028 1048963
1048945 1049018
1048885 1049004
1048925 1048936
1049011 1049007
1048942 1048926
1048852 1048853
1048945 1048897
1048861 1048840
1048929 1048973
1048854 1048832
1048916 1048895
1048882 1048884
1048925 1048978
1048989 1048978
1024613 1024505
1024501 1024417
1024565 1024608
1024438 1024478
1024614 1024537
1024468 1024543
1024610 1024494
1024512 1024488
1024422 1024579
1024591 1024593
1024502 1024605
1024471 1024432
1024453 1024528
1024573 1024516
1024476 1024485
1024494 1024527
1024418 1024484
1024596 1024584
1024443 1024513
1024499 1024591
1024507 1024445
1024427 1024469
1024569 1024609
1024591 1024437
1024590 1024609
1024598 1024469
1024439 1024557
1024583 1024599
1024486 1024610
1024549 1024578
1024587 1024524
1024460 1024490
1024580 1024544
1024491 1024602
1024448 1024508
1024603 1024496
1012329 1012235
1012328 1012261
1012311 1012282
1012312 1012217
1012383 1012323
1012248 1012300
1012279 1012312
1012296 1012236
1012262 1012291
1012232 1012251
1012343 1012314
1012301 1012374
1012366 1012279
1012313 1012323
1012364 1012339
1012294 1012394
1012380 1012340
1012380 1012291
1012238 1012404
1012329 1012212
1012365 1012300
1012352 1012239
1012307 1012219
1012352 1012279
1012265 1012260
1012331 1012326
1012388 1012260
1012236 1012263
1012374 1012364
1012281 1012266
1012388 1012218
1012226 1012345
1012292 1012311
1012339 1012268
1012324 1012368
1012360 1012222
39 123
85 84
164 175
11 158
90 136
133 174
154 157
66 37
6 124
18 30
76 57
143 154
144 47
122 119
89 102
115 10
39 195
147 161
130 195
79 169
67 136
172 132
46 185
54 3
59 8
58 80
75 71
45 80
79 190
77 181
3 75
113 59
111 195
137 172
144 21
32 162
52 32
44 19
174 187
177 185
11 94
120 150
131 82
181 58
104 19
8 165
161 167
16 179
175 38
12 172
104 115
95 69
139 12
175 53
26 74
76 182
134 32
50 72
179 48
33 54
71 67
60 112
80 151
161 189
132 61
180 153
50 29
129 90
155 38
36 98
94 88
20 99
186 48
17 14
187 194
141 198
154 40
164 83
75 78
98 34
177 193
3 125
179 175
199 107
151 26
190 63
143 13
191 65
136 67
82 166
24 68
74 101
41 60
154 199
57 30
87 115
83 200
62 116
187 63
184 119
161 77
188 169
178 57
155 149
136 113
186 102
63 80
67 103
141 54
37 86
63 83
39 63
104 36
117 3
142 95
66 143
101 119
176 191
109 127
124 197
46 83
192 129
15 59
51 164
26 178
126 174
197 42
71 195
7 153
92 41
175 41
1 171
