# source: JorikJooken
# original path: jj_extract\knapsackProblemInstances-master\problemInstances\n_1200_c_1000000_g_6_f_0.2_eps_0.01_s_200\test.in
# optimal value: 1010729
# format: n capacity, then weight value
1200 1000000
510097 510059
510034 510078
510172 510105
510163 510181
510149 510139
510152 510111
510011 510063
510014 510200
510037 510155
510168 510088
510176 510055
510163 510178
510071 510045
510102 510133
510058 510110
510150 510119
510173 510144
510192 510173
510014 510180
510004 510187
510031 510200
510171 510009
510095 510104
510028 510041
510075 510036
510091 510067
510148 510039
510143 510124
510054 510097
510100 510090
510154 510183
510161 510101
510029 510169
510006 510137
510176 510160
510100 510040
510116 510016
510137 510083
510011 510052
510069 510096
510117 510062
510047 510155
510072 510136
510042 510176
510017 510194
510179 510180
510001 510154
510117 510016
510015 510072
510001 510166
510120 510013
510067 510105
510031 510045
510193 510107
510160 510151
510144 510004
510164 510012
510022 510197
510006 510038
510011 510156
510128 510151
510094 510019
510084 510088
510143 510106
510011 510033
510009 510159
510198 510024
510151 510125
510037 510168
510040 510156
510029 510131
510054 510080
510180 510161
510194 510045
510198 510082
510122 510074
510169 510003
510025 510059
510133 510063
510115 510048
510020 510173
510043 510112
510094 510159
510002 510096
510197 510061
510132 510038
510175 510011
510081 510185
510094 510047
510142 510054
510106 510060
510085 510017
510074 510049
510173 510021
510196 510053
510182 510049
510098 510096
510102 510094
510007 510160
510138 510192
510001 510034
510177 510027
510011 510047
510166 510172
510126 510160
510072 510176
510140 510020
510003 510137
510015 510016
510009 510076
510100 510100
510181 510070
510108 510188
510129 510148
510084 510081
510137 510193
510045 510190
510109 510193
510115 510018
510198 510189
510171 510140
510195 510039
510193 510161
510136 510066
510001 510070
510144 510087
510011 510168
510147 510036
510037 510046
510184 510164
510131 510186
510001 510010
510009 510054
510151 510056
510016 510160
510027 510045
510184 510156
510137 510069
510151 510118
510096 510130
510091 510062
510157 510136
510028 510041
510143 510032
510141 510196
510136 510179
510190 510033
510089 510072
510042 510154
510176 510086
510011 510108
510144 510195
510122 510142
510020 510179
510041 510162
510199 510051
510061 510017
510170 510007
510101 510070
510097 510054
510077 510102
510104 510045
510191 510012
510014 510170
510059 510079
510158 510105
510065 510109
510053 510084
510046 510090
510079 510005
510084 510069
510052 510021
510125 510118
510044 510028
510130 510044
510038 510052
510067 510070
510194 510104
510083 510001
510018 510014
510147 510007
510199 510019
510038 510042
510194 510191
510174 510108
510065 510113
510175 510177
510070 510148
510078 510085
510197 510037
510175 510117
510087 510060
260062 260089
260158 260095
260150 260107
260080 260011
260173 260149
260073 260184
260150 260142
260021 260004
260155 260162
260091 260164
260105 260050
260198 260100
260189 260161
260116 260182
260020 260097
260156 260041
260122 260184
260122 260063
260182 260198
260031 260181
260017 260022
260040 260043
260075 260040
260080 260144
260122 260112
260136 260177
260056 260116
260145 260169
260184 260181
260079 260080
260061 260140
260003 260190
260129 260139
260124 260109
260053 260195
260017 260081
260141 260067
260134 260165
260006 260149
260059 260028
260016 260068
260103 260058
260063 260162
260149 260127
260166 260113
260077 260026
260086 260028
260110 260087
260148 260105
260003 260166
260016 260097
260177 260084
260004 260048
260088 260157
260126 260165
260131 260119
260092 260092
260004 260161
260152 260075
260155 260012
260028 260119
260039 260036
260097 260071
260133 260197
260147 260084
260099 260043
260092 260010
260097 260001
260033 260018
260170 260143
260014 260178
260011 260078
260137 260060
260025 260168
260089 260079
260106 260060
260180 260031
260048 260048
260128 260167
260045 260066
260170 260154
260033 260065
260161 260163
260007 260118
260161 260027
260190 260143
260003 260066
260168 260034
260153 260031
260056 260133
260131 260100
260154 260143
260112 260129
260076 260110
260077 260011
260188 260065
260160 260038
260198 260066
260161 260034
260013 260055
260145 260123
260016 260067
260027 260107
260110 260102
260136 260013
260042 260171
260184 260005
260001 260083
260136 260052
260040 260004
260153 260037
260177 260196
260101 260036
260005 260179
260196 260123
260097 260104
260188 260113
260072 260159
260033 260177
260137 260007
260094 260120
260197 260081
260167 260173
260178 260058
260178 260101
260088 260175
260038 260116
260141 260061
260200 260198
260157 260192
260155 260180
260078 260073
260038 260159
260150 260200
260049 260027
260024 260028
260041 260083
260092 260188
260002 260114
260122 260180
260200 260152
260001 260074
260101 260034
260022 260170
260007 260190
260019 260085
260147 260169
260161 260194
260132 260064
260029 260184
260142 260056
260137 260023
260028 260094
260003 260196
260192 260077
260194 260005
260165 260006
260007 260040
260172 260115
260065 260170
260149 260086
260153 260187
260057 260030
260099 260009
260032 260095
260193 260182
260117 260111
260099 260155
260195 260049
260192 260050
260076 260086
260102 260025
260033 260164
260054 260154
260054 260003
260108 260149
260091 260138
260107 260102
260062 260192
260083 260118
260160 260105
260034 260138
260183 260100
260026 260128
260115 260049
260017 260152
260092 260012
260020 260119
260116 260067
260164 260139
260185 260011
260022 260185
135148 135129
135105 135082
135137 135150
135179 135014
135071 135168
135172 135142
135060 135073
135135 135077
135108 135109
135158 135198
135112 135048
135177 135149
135147 135070
135138 135077
135089 135064
135002 135191
135011 135076
135021 135095
135097 135118
135003 135194
135058 135120
135053 135065
135107 135186
135162 135181
135195 135027
135190 135157
135177 135174
135188 135044
135020 135081
135127 135042
135170 135060
135179 135062
135187 135045
135014 135179
135104 135172
135194 135079
135136 135028
135010 135174
135159 135083
135060 135062
135154 135018
135157 135111
135015 135019
135076 135121
135024 135163
135135 135046
135177 135015
135059 135194
135115 135140
135169 135199
135053 135044
135104 135050
135179 135127
135039 135065
135145 135080
135060 135041
135197 135151
135034 135027
135118 135132
135183 135005
135169 135149
135155 135053
135061 135143
135120 135059
135066 135061
135159 135138
135136 135172
135074 135092
135157 135133
135024 135078
135141 135001
135161 135007
135042 135200
135077 135108
135095 135087
135180 135170
135184 135179
135150 135200
135101 135109
135076 135186
135074 135070
135158 135113
135176 135090
135099 135181
135003 135035
135083 135198
135148 135131
135133 135055
135197 135145
135180 135151
135091 135134
135194 135060
135172 135047
135003 135162
135014 135146
135161 135081
135193 135122
135102 135039
135167 135024
135037 135174
135145 135103
135108 135022
135023 135085
135093 135175
135080 135057
135168 135138
135009 135096
135146 135029
135100 135149
135029 135197
135178 135031
135183 135027
135156 135128
135168 135170
135016 135057
135109 135087
135057 135045
135142 135024
135052 135178
135098 135196
135108 135051
135064 135082
135019 135056
135043 135150
135188 135012
135119 135179
135171 135070
135157 135034
135021 135115
135194 135149
135095 135114
135048 135017
135170 135180
135069 135149
135074 135070
135058 135091
135124 135128
135076 135166
135069 135118
135030 135068
135061 135011
135057 135009
135158 135077
135164 135173
135179 135153
135081 135056
135199 135095
135134 135092
135084 135092
135103 135154
135095 135126
135030 135060
135128 135100
135148 135084
135009 135038
135174 135187
135143 135145
135108 135065
135022 135031
135112 135083
135011 135111
135034 135065
135108 135080
135059 135078
135084 135046
135148 135132
135180 135113
135137 135074
135104 135053
135107 135184
135079 135117
135198 135117
135161 135127
135011 135163
135094 135147
135030 135034
135079 135166
135134 135130
135076 135189
135135 135015
135038 135143
135140 135092
135080 135194
135141 135062
135105 135045
135038 135074
135160 135096
135014 135018
135046 135153
135139 135004
135062 135053
135195 135091
72516 72664
72533 72554
72645 72603
72670 72621
72603 72608
72646 72519
72681 72522
72601 72634
72594 72666
72524 72548
72548 72636
72637 72634
72653 72698
72594 72559
72658 72645
72662 72617
72562 72540
72687 72618
72654 72530
72516 72528
72624 72522
72563 72663
72662 72616
72648 72623
72603 72686
72621 72614
72561 72670
72535 72673
72679 72642
72655 72539
72666 72667
72573 72505
72695 72695
72518 72611
72516 72550
72526 72562
72567 72700
72683 72556
72511 72510
72570 72591
72595 72687
72606 72602
72659 72621
72614 72628
72522 72553
72543 72602
72677 72652
72683 72502
72644 72569
72540 72654
72600 72700
72608 72697
72575 72561
72634 72599
72688 72624
72584 72579
72648 72662
72664 72622
72520 72699
72503 72677
72655 72630
72504 72565
72585 72650
72510 72543
72684 72507
72539 72519
72609 72590
72684 72534
72507 72613
72580 72548
72692 72597
72700 72546
72619 72622
72671 72516
72527 72609
72576 72692
72610 72613
72659 72684
72688 72530
72697 72565
72528 72565
72588 72658
72616 72552
72690 72580
72515 72700
72697 72613
72699 72529
72577 72566
72517 72530
72688 72630
72557 72546
72607 72619
72545 72501
72610 72638
72572 72550
72557 72560
72532 72695
72612 72648
72529 72597
72526 72698
72531 72568
72573 72547
72664 72647
72697 72527
72603 72567
72605 72512
72554 72608
72578 72552
72600 72674
72550 72650
72574 72690
72697 72659
72503 72623
72553 72576
72686 72626
72569 72663
72644 72526
72683 72563
72603 72571
72547 72574
72636 72665
72625 72655
72670 72639
72615 72627
72641 72561
72527 72503
72679 72576
72646 72545
72658 72644
72634 72620
72529 72633
72503 72509
72600 72569
72514 72583
72526 72572
72602 72571
72606 72638
72682 72596
72648 72676
72516 72685
72543 72602
72685 72670
72522 72637
72619 72613
72682 72504
72587 72539
72544 72625
72693 72567
72556 72542
72516 72676
72584 72648
72598 72672
72542 72571
72679 72508
72676 72694
72550 72565
72609 72576
72658 72573
72650 72554
72699 72668
72661 72509
72663 72522
72639 72555
72610 72544
72658 72595
72657 72691
72593 72554
72509 72575
72700 72672
72641 72611
72612 72566
72655 72600
72524 72664
72510 72641
72622 72603
72516 72570
72585 72637
72611 72679
72686 72632
72656 72591
72621 72574
72552 72593
72585 72587
72698 72692
72571 72591
72614 72542
72591 72530
72536 72645
72636 72572
72599 72666
72650 72659
72544 72684
41326 41255
41259 41420
41301 41364
41421 41253
41272 41350
41260 41298
41277 41252
41448 41377
41438 41264
41304 41305
41335 41396
41411 41392
41389 41400
41376 41358
41370 41331
41419 41330
41416 41281
41355 41252
41449 41412
41301 41299
41366 41288
41435 41299
41377 41342
41386 41293
41281 41342
41393 41334
41255 41326
41422 41302
41443 41419
41448 41398
41329 41393
41378 41304
41388 41444
41288 41347
41363 41376
41412 41309
41419 41308
41374 41263
41405 41343
41408 41439
41440 41416
41275 41284
41286 41412
41289 41357
41397 41418
41368 41449
41412 41310
41359 41342
41364 41269
41439 41426
41312 41327
41448 41283
41326 41374
41287 41281
41378 41266
41337 41361
41305 41403
41328 41424
41264 41337
41362 41312
41309 41323
41339 41414
41360 41327
41395 41431
41355 41258
41297 41388
41268 41417
41387 41264
41272 41314
41386 41417
41404 41328
41325 41349
41310 41330
41279 41450
41298 41252
41255 41434
41368 41362
41369 41448
41374 41304
41450 41264
41300 41367
41411 41328
41371 41413
41339 41284
41354 41364
41377 41374
41399 41439
41291 41383
41439 41301
41413 41348
41448 41292
41334 41374
41287 41406
41262 41396
41439 41349
41355 41351
41271 41448
41392 41299
41276 41386
41348 41349
41430 41393
41378 41324
41431 41271
41310 41334
41401 41355
41258 41450
41434 41438
41257 41349
41410 41295
41306 41286
41422 41386
41434 41320
41298 41320
41314 41363
41288 41334
41302 41278
41256 41430
41399 41449
41394 41372
41449 41379
41431 41389
41290 41252
41408 41301
41292 41269
41287 41297
41332 41346
41441 41392
41408 41433
41298 41438
41288 41358
41253 41271
41442 41307
41346 41289
41309 41324
41253 41324
41410 41300
41268 41253
41337 41445
41378 41407
41307 41411
41338 41328
41409 41294
41319 41416
41441 41371
41314 41356
41385 41407
41369 41391
41278 41341
41436 41295
41423 41379
41344 41448
41349 41322
41268 41315
41450 41408
41286 41303
41293 41404
41301 41307
41314 41325
41428 41302
41318 41366
41287 41317
41345 41349
41435 41262
41418 41332
41266 41343
41298 41275
41343 41443
41336 41405
41296 41426
41263 41258
41436 41300
41320 41380
41354 41359
41322 41354
41303 41289
41256 41312
41408 41439
41261 41322
41290 41305
41314 41416
41287 41290
41329 41297
41284 41349
41344 41388
41338 41443
41439 41364
41429 41447
41388 41417
41262 41291
41389 41300
41447 41266
41275 41372
55 48
177 33
61 79
86 140
147 75
14 178
48 116
164 176
133 92
5 114
189 73
37 152
118 143
63 82
139 1
48 197
136 133
74 4
197 24
21 57
63 190
28 174
173 186
122 114
33 22
107 58
198 168
164 192
105 115
177 42
73 50
70 32
114 70
94 41
156 24
70 98
43 8
56 195
153 83
37 12
100 99
45 172
33 185
100 187
121 14
26 112
26 165
148 48
137 121
14 171
159 28
54 145
89 142
8 23
168 59
183 151
191 166
4 120
73 13
91 34
10 127
188 196
8 109
98 38
193 67
161 196
35 34
167 68
91 77
45 192
138 129
10 91
11 31
23 18
29 31
162 4
22 184
199 129
159 109
1 94
32 91
78 67
55 53
63 89
19 105
36 186
70 86
44 170
135 46
61 75
153 107
47 104
117 131
129 200
51 68
164 138
167 137
167 47
138 66
134 21
139 31
182 83
91 163
118 56
176 187
186 158
184 90
53 111
32 23
30 161
51 160
130 123
141 182
168 192
124 45
107 165
2 139
79 105
18 173
2 1
82 55
8 181
199 137
143 183
135 44
98 60
7 27
106 104
95 146
190 67
55 148
95 64
153 149
97 8
68 81
176 110
130 136
127 92
94 89
35 108
85 142
42 145
179 48
195 76
68 14
114 45
151 27
193 44
118 125
195 2
33 26
49 148
78 94
92 77
190 145
80 60
91 84
97 162
188 59
199 138
3 97
152 60
101 52
90 35
88 73
199 91
184 73
66 83
191 62
61 52
133 59
125 34
61 75
84 37
7 20
198 77
7 157
82 181
133 10
55 79
22 116
34 19
88 70
175 179
104 166
67 32
93 58
88 139
59 81
102 82
112 53
190 11
81 160
91 28
58 159
75 58
170 98
90 139
3 24
112 62
187 179
184 185
75 191
23 14
87 98
13 121
195 187
66 1
119 71
36 131
143 36
127 66
42 195
124 131
7 92
176 192
169 37
158 145
86 175
14 110
81 189
6 122
17 119
100 174
52 70
34 60
95 45
132 77
60 133
34 28
77 100
13 4
154 24
174 156
84 111
32 2
90 187
185 163
145 19
102 21
