# source: JorikJooken
# original path: jj_extract\knapsackProblemInstances-master\problemInstances\n_800_c_100000000_g_14_f_0.3_eps_0.0001_s_100\test.in
# optimal value: 100010271
# format: n capacity, then weight value
800 100000000
50010017 50010083
50010052 50010094
50010086 50010021
50010038 50010020
50010052 50010046
50010095 50010037
50010080 50010073
50010075 50010060
50010097 50010031
50010088 50010047
50010045 50010075
50010063 50010028
50010036 50010091
50010005 50010056
50010047 50010048
50010047 50010072
50010026 50010048
50010097 50010094
50010084 50010034
50010008 50010024
50010094 50010020
50010014 50010036
50010023 50010058
50010001 50010038
50010020 50010051
50010028 50010072
50010080 50010082
50010056 50010029
50010039 50010046
50010060 50010080
50010093 50010055
50010007 50010073
50010009 50010039
50010017 50010092
50010039 50010049
50010044 50010021
50010001 50010095
50010095 50010090
50010031 50010098
50010040 50010056
50010035 50010100
50010012 50010049
50010056 50010026
25010026 25010026
25010019 25010083
25010097 25010039
25010012 25010086
25010019 25010048
25010058 25010027
25010056 25010098
25010004 25010083
25010071 25010012
25010069 25010006
25010044 25010050
25010084 25010022
25010075 25010050
25010059 25010073
25010063 25010017
25010066 25010083
25010036 25010055
25010096 25010043
25010004 25010080
25010011 25010002
25010084 25010083
25010099 25010059
25010007 25010078
25010034 25010048
25010035 25010003
25010034 25010007
25010021 25010009
25010048 25010038
25010029 25010027
25010027 25010006
25010066 25010054
25010003 25010038
25010088 25010014
25010036 25010032
25010007 25010046
25010012 25010071
25010041 25010065
25010099 25010037
25010034 25010007
25010029 25010085
25010044 25010020
25010043 25010014
25010030 25010030
12510026 12510016
12510089 12510083
12510007 12510046
12510033 12510087
12510045 12510021
12510077 12510033
12510063 12510023
12510081 12510091
12510042 12510036
12510027 12510031
12510030 12510057
12510097 12510008
12510094 12510025
12510007 12510097
12510087 12510039
12510058 12510042
12510053 12510072
12510073 12510075
12510075 12510045
12510087 12510077
12510011 12510047
12510069 12510082
12510088 12510022
12510071 12510023
12510020 12510044
12510037 12510064
12510034 12510058
12510003 12510051
12510073 12510052
12510023 12510029
12510031 12510091
12510043 12510083
12510049 12510092
12510080 12510055
12510071 12510013
12510051 12510097
12510089 12510043
12510066 12510010
12510052 12510037
12510043 12510009
12510028 12510020
12510011 12510084
12510091 12510021
6260001 6260029
6260011 6260087
6260030 6260026
6260077 6260059
6260014 6260070
6260081 6260035
6260070 6260036
6260030 6260040
6260045 6260090
6260050 6260039
6260060 6260094
6260053 6260029
6260003 6260010
6260008 6260085
6260087 6260044
6260094 6260030
6260073 6260054
6260056 6260044
6260020 6260067
6260094 6260080
6260037 6260076
6260073 6260034
6260090 6260052
6260004 6260034
6260032 6260036
6260014 6260044
6260027 6260048
6260021 6260042
6260020 6260025
6260012 6260077
6260066 6260027
6260015 6260043
6260027 6260037
6260052 6260082
6260060 6260024
6260011 6260003
6260014 6260087
6260015 6260052
6260093 6260096
6260088 6260021
6260024 6260060
6260049 6260024
6260079 6260040
3135029 3135071
3135077 3135059
3135039 3135082
3135056 3135014
3135065 3135050
3135004 3135017
3135032 3135064
3135088 3135063
3135092 3135072
3135070 3135085
3135033 3135039
3135070 3135049
3135060 3135098
3135052 3135021
3135062 3135024
3135007 3135076
3135043 3135047
3135082 3135051
3135009 3135091
3135015 3135004
3135040 3135034
3135081 3135074
3135066 3135047
3135030 3135071
3135028 3135093
3135066 3135072
3135094 3135029
3135072 3135092
3135098 3135045
3135078 3135066
3135002 3135071
3135047 3135037
3135064 3135016
3135061 3135019
3135037 3135042
3135039 3135031
3135019 3135003
3135074 3135029
3135008 3135075
3135050 3135057
3135052 3135087
3135076 3135043
3135070 3135098
1572516 1572562
1572530 1572514
1572600 1572524
1572589 1572549
1572577 1572584
1572539 1572545
1572578 1572591
1572516 1572584
1572515 1572564
1572559 1572534
1572570 1572564
1572578 1572515
1572543 1572552
1572557 1572556
1572505 1572554
1572525 1572578
1572538 1572587
1572599 1572580
1572583 1572580
1572583 1572505
1572599 1572573
1572537 1572574
1572547 1572533
1572504 1572528
1572562 1572577
1572547 1572508
1572563 1572556
1572561 1572516
1572551 1572525
1572586 1572541
1572597 1572572
1572544 1572591
1572581 1572534
1572594 1572526
1572567 1572558
1572566 1572541
1572597 1572561
1572519 1572557
1572503 1572583
1572599 1572530
1572575 1572572
1572557 1572531
1572595 1572520
791271 791290
791256 791313
791277 791332
791294 791285
791326 791336
791260 791299
791283 791275
791321 791312
791284 791302
791272 791277
791279 791320
791267 791312
791258 791296
791339 791258
791300 791267
791333 791262
791283 791347
791311 791309
791323 791258
791297 791314
791254 791263
791263 791262
791322 791282
791291 791328
791300 791325
791296 791320
791339 791269
791261 791268
791298 791317
791345 791315
791301 791324
791332 791257
791309 791291
791321 791309
791317 791289
791333 791348
791327 791311
791275 791334
791261 791275
791322 791297
791306 791280
791296 791346
791282 791313
400716 400658
400651 400706
400724 400663
400658 400626
400676 400710
400663 400725
400710 400649
400716 400717
400653 400627
400677 400670
400640 400692
400703 400720
400665 400671
400683 400704
400691 400721
400664 400662
400723 400721
400691 400719
400699 400641
400638 400670
400704 400707
400640 400685
400723 400697
400677 400650
400673 400692
400672 400669
400706 400658
400703 400694
400674 400689
400643 400656
400714 400632
400648 400685
400648 400676
400670 400671
400644 400705
400695 400716
400680 400675
400675 400634
400669 400643
400635 400678
400643 400676
400648 400703
400677 400668
205358 205365
205323 205388
205388 205356
205359 205333
205389 205342
205357 205393
205326 205331
205355 205353
205355 205368
205362 205358
205370 205402
205356 205315
205319 205397
205316 205398
205335 205313
205325 205368
205392 205387
205388 205380
205323 205356
205374 205400
205348 205326
205385 205389
205367 205322
205332 205325
205352 205356
205392 205353
205326 205318
205335 205354
205328 205388
205389 205341
205408 205391
205364 205361
205378 205410
205340 205385
205371 205362
205404 205405
205362 205387
205321 205409
205326 205342
205339 205330
205354 205383
205361 205367
205387 205387
107673 107671
107729 107708
107682 107742
107697 107662
107696 107730
107747 107728
107737 107677
107658 107751
107732 107712
107723 107726
107718 107693
107755 107727
107685 107664
107721 107704
107725 107742
107710 107731
107747 107725
107713 107678
107711 107705
107664 107663
107718 107733
107732 107718
107661 107734
107747 107708
107675 107698
107687 107671
107688 107696
107674 107678
107756 107705
107702 107670
107748 107717
107695 107693
107685 107755
107660 107734
107700 107705
107702 107718
107670 107659
107703 107690
107729 107735
107751 107738
107704 107745
107731 107689
107667 107659
58904 58882
58897 58884
58867 58874
58926 58830
58896 58852
58870 58916
58871 58907
58919 58880
58832 58901
58904 58845
58841 58920
58919 58847
58833 58837
58902 58836
58918 58862
58877 58910
58834 58831
58877 58878
58838 58875
58896 58924
58916 58863
58873 58922
58847 58849
58880 58899
58874 58865
58886 58883
58841 58900
58864 58848
58845 58860
58863 58905
58866 58882
58858 58873
58927 58841
58847 58864
58843 58875
58904 58905
58864 58841
58924 58911
58877 58865
58848 58896
58834 58911
58840 58924
58860 58839
34450 34495
34484 34483
34436 34418
34442 34470
34427 34509
34501 34438
34438 34457
34467 34438
34497 34444
34437 34508
34495 34512
34478 34427
34478 34424
34501 34421
34504 34510
34433 34451
34435 34474
34500 34508
34450 34450
34484 34498
34421 34419
34462 34453
34474 34458
34443 34513
34488 34446
34475 34417
34418 34460
34472 34419
34474 34466
34485 34415
34453 34449
34489 34507
34470 34475
34483 34464
34500 34494
34429 34472
34424 34456
34489 34512
34456 34488
34431 34470
34475 34508
34477 34422
34425 34489
22307 22306
22299 22208
22286 22274
22221 22242
22255 22294
22297 22281
22282 22217
22211 22264
22294 22214
22296 22256
22302 22234
22304 22276
22277 22281
22289 22212
22213 22262
22247 22287
22212 22262
22284 22246
22213 22212
22214 22217
22240 22269
22254 22258
22299 22288
22209 22286
22229 22209
22266 22238
22228 22306
22214 22261
22246 22208
22217 22260
22213 22220
22255 22222
22283 22244
22212 22272
22248 22254
22247 22238
22271 22277
22216 22287
22254 22239
22253 22305
22307 22211
22298 22291
22251 22282
38 54
19 17
2 20
90 99
14 71
97 10
81 48
86 1
87 69
65 21
99 71
89 51
85 18
1 20
79 67
57 48
27 72
2 32
67 93
15 12
48 86
10 94
15 58
75 45
15 78
85 66
93 74
83 55
19 84
48 99
34 23
31 91
6 11
41 6
86 82
2 47
92 5
80 24
41 81
12 98
38 98
79 79
44 55
1 62
55 9
7 38
79 63
49 39
56 31
49 12
41 97
46 15
95 43
73 37
9 23
81 28
73 49
98 45
85 52
48 19
9 75
19 83
76 16
66 31
24 33
27 83
26 17
86 82
77 35
27 86
38 18
57 35
30 96
48 21
43 23
50 92
48 21
5 23
38 88
2 28
48 56
99 15
84 52
58 51
51 98
41 90
73 68
14 24
58 86
86 42
59 76
54 42
14 72
79 27
85 47
92 51
40 93
65 14
28 73
66 52
21 17
67 82
50 97
23 54
52 60
84 38
26 6
52 92
31 9
33 14
61 91
13 83
15 90
54 99
40 79
61 98
12 90
83 55
11 72
93 60
5 60
84 42
60 11
70 80
33 55
40 68
68 57
12 27
19 39
91 23
17 3
82 65
47 35
34 5
53 49
28 54
73 9
39 8
1 84
76 17
78 71
90 66
13 46
67 7
56 83
18 25
62 74
72 27
59 59
100 59
6 69
22 24
36 4
60 35
24 75
40 88
12 100
7 36
86 44
53 46
79 22
96 79
93 92
53 4
15 94
74 5
53 63
87 44
83 59
15 43
41 24
52 75
86 50
11 7
100 52
19 25
100 10
3 27
54 59
95 20
33 64
52 4
73 47
39 31
8 86
17 52
5 19
93 62
49 87
36 32
68 94
61 16
60 29
46 29
69 26
74 90
54 72
42 42
24 51
65 69
17 29
77 20
16 9
33 43
58 59
73 46
48 69
40 58
60 38
83 8
59 17
52 2
15 86
98 87
84 19
56 67
82 56
15 3
30 42
48 78
38 15
47 14
76 9
60 66
99 36
77 78
84 99
43 57
42 66
42 95
18 75
71 45
48 66
48 75
48 37
77 42
45 83
36 7
51 80
33 3
24 15
