# source: JorikJooken
# original path: jj_extract\knapsackProblemInstances-master\problemInstances\n_1000_c_100000000_g_10_f_0.3_eps_0.1_s_200\test.in
# optimal value: 99994682
# format: n capacity, then weight value
1000 100000000
60000081 60000012
60000132 60000096
60000012 60000176
60000155 60000084
60000143 60000173
60000133 60000165
60000172 60000099
60000165 60000120
60000039 60000026
60000183 60000096
60000078 60000171
60000032 60000103
60000128 60000030
60000056 60000192
60000186 60000158
60000067 60000192
60000009 60000027
60000068 60000002
60000124 60000103
60000027 60000006
60000133 60000172
60000187 60000135
60000076 60000127
60000060 60000087
60000136 60000192
60000167 60000032
60000128 60000132
60000123 60000176
60000166 60000116
60000133 60000103
60000137 60000019
60000191 60000153
60000041 60000012
60000138 60000144
60000025 60000111
60000137 60000077
60000125 60000083
60000162 60000140
60000070 60000068
60000178 60000158
60000095 60000082
60000142 60000081
60000152 60000061
60000183 60000152
60000147 60000139
60000111 60000138
60000175 60000122
60000009 60000131
60000024 60000050
60000175 60000030
60000032 60000071
60000112 60000036
60000062 60000043
60000038 60000138
60000089 60000095
60000016 60000068
60000185 60000024
60000114 60000101
60000160 60000026
60000021 60000134
60000174 60000193
60000137 60000176
60000124 60000160
60000066 60000173
60000035 60000118
60000039 60000199
60000159 60000180
60000070 60000095
60000096 60000044
60000026 60000161
60000133 60000002
60000081 60000015
60000161 60000133
60000030 60000008
60000064 60000036
60000188 60000127
60000112 60000175
35000175 35000012
35000107 35000024
35000045 35000028
35000162 35000072
35000040 35000127
35000002 35000109
35000189 35000054
35000129 35000198
35000157 35000180
35000025 35000068
35000087 35000128
35000096 35000049
35000147 35000063
35000026 35000113
35000167 35000142
35000142 35000048
35000020 35000079
35000045 35000091
35000023 35000181
35000037 35000102
35000200 35000017
35000186 35000025
35000025 35000125
35000019 35000006
35000027 35000091
35000075 35000001
35000145 35000094
35000186 35000196
35000031 35000025
35000066 35000120
35000129 35000016
35000096 35000075
35000150 35000189
35000196 35000091
35000171 35000184
35000015 35000116
35000087 35000071
35000145 35000153
35000122 35000002
35000053 35000066
35000048 35000164
35000111 35000073
35000140 35000192
35000164 35000151
35000006 35000105
35000106 35000125
35000123 35000197
35000156 35000126
35000001 35000090
35000129 35000127
35000002 35000137
35000096 35000024
35000067 35000026
35000074 35000170
35000100 35000186
35000005 35000150
35000166 35000042
35000115 35000082
35000078 35000144
35000010 35000085
35000169 35000023
35000089 35000040
35000152 35000008
35000128 35000021
35000098 35000174
35000171 35000171
35000015 35000067
35000192 35000047
35000064 35000090
35000026 35000177
35000162 35000039
35000127 35000186
35000127 35000016
35000109 35000107
35000107 35000170
35000002 35000088
35000124 35000198
22500187 22500073
22500144 22500056
22500191 22500135
22500075 22500013
22500160 22500160
22500054 22500086
22500042 22500165
22500023 22500034
22500183 22500150
22500134 22500072
22500081 22500200
22500023 22500185
22500116 22500192
22500065 22500173
22500122 22500096
22500026 22500193
22500055 22500145
22500191 22500193
22500036 22500008
22500194 22500029
22500071 22500152
22500198 22500113
22500011 22500104
22500027 22500123
22500049 22500066
22500012 22500170
22500174 22500161
22500170 22500095
22500037 22500105
22500107 22500192
22500045 22500179
22500193 22500007
22500036 22500072
22500025 22500153
22500153 22500088
22500074 22500181
22500001 22500139
22500179 22500158
22500117 22500198
22500160 22500145
22500133 22500053
22500105 22500014
22500126 22500114
22500058 22500108
22500146 22500108
22500099 22500024
22500015 22500065
22500164 22500152
22500019 22500161
22500104 22500047
22500048 22500004
22500162 22500171
22500008 22500186
22500042 22500100
22500057 22500080
22500184 22500170
22500093 22500120
22500013 22500116
22500044 22500077
22500035 22500058
22500079 22500171
22500052 22500145
22500107 22500128
22500050 22500113
22500054 22500070
22500196 22500128
22500151 22500157
22500188 22500093
22500114 22500169
22500173 22500152
22500148 22500064
22500048 22500139
22500183 22500113
22500190 22500129
22500177 22500076
22500052 22500009
22500019 22500099
16250170 16250133
16250090 16250115
16250182 16250056
16250128 16250107
16250043 16250033
16250048 16250179
16250139 16250112
16250079 16250185
16250095 16250168
16250196 16250051
16250181 16250178
16250016 16250194
16250077 16250181
16250122 16250095
16250004 16250198
16250008 16250011
16250188 16250085
16250140 16250098
16250144 16250134
16250026 16250143
16250076 16250153
16250073 16250038
16250039 16250175
16250048 16250130
16250153 16250146
16250014 16250008
16250138 16250193
16250023 16250197
16250193 16250087
16250084 16250167
16250091 16250196
16250157 16250186
16250037 16250168
16250152 16250192
16250020 16250135
16250071 16250102
16250097 16250012
16250084 16250122
16250074 16250156
16250084 16250174
16250196 16250113
16250148 16250190
16250116 16250095
16250171 16250015
16250130 16250185
16250188 16250151
16250003 16250184
16250095 16250042
16250031 16250034
16250150 16250029
16250045 16250078
16250173 16250005
16250023 16250151
16250023 16250132
16250193 16250094
16250136 16250038
16250040 16250018
16250079 16250025
16250043 16250159
16250061 16250045
16250035 16250041
16250001 16250034
16250078 16250094
16250113 16250053
16250111 16250142
16250010 16250007
16250118 16250178
16250087 16250165
16250077 16250197
16250051 16250004
16250017 16250119
16250147 16250075
16250123 16250152
16250163 16250073
16250116 16250171
16250051 16250054
16250163 16250097
13125167 13125042
13125190 13125026
13125077 13125031
13125151 13125072
13125179 13125193
13125008 13125045
13125017 13125018
13125064 13125061
13125177 13125038
13125009 13125094
13125100 13125106
13125007 13125151
13125125 13125055
13125063 13125197
13125059 13125188
13125003 13125123
13125155 13125095
13125061 13125015
13125004 13125085
13125071 13125066
13125191 13125146
13125176 13125109
13125193 13125195
13125151 13125062
13125171 13125151
13125104 13125170
13125032 13125172
13125050 13125150
13125009 13125111
13125026 13125006
13125192 13125132
13125055 13125066
13125039 13125108
13125180 13125189
13125193 13125162
13125076 13125177
13125042 13125190
13125156 13125021
13125140 13125183
13125097 13125063
13125118 13125087
13125023 13125195
13125128 13125100
13125125 13125151
13125128 13125120
13125050 13125154
13125195 13125069
13125177 13125036
13125024 13125134
13125061 13125040
13125134 13125076
13125079 13125069
13125040 13125015
13125044 13125015
13125154 13125097
13125018 13125132
13125130 13125196
13125081 13125116
13125070 13125190
13125113 13125068
13125172 13125175
13125056 13125159
13125189 13125136
13125057 13125147
13125130 13125184
13125197 13125085
13125022 13125080
13125104 13125198
13125143 13125197
13125131 13125084
13125007 13125041
13125109 13125007
13125027 13125177
13125140 13125066
13125091 13125066
13125002 13125177
13125139 13125111
11562514 11562519
11562630 11562687
11562511 11562548
11562565 11562638
11562669 11562512
11562600 11562651
11562625 11562553
11562633 11562570
11562682 11562638
11562543 11562693
11562600 11562595
11562686 11562681
11562546 11562522
11562679 11562502
11562673 11562670
11562560 11562677
11562637 11562530
11562615 11562641
11562621 11562694
11562548 11562520
11562589 11562679
11562549 11562574
11562514 11562590
11562678 11562533
11562624 11562654
11562511 11562581
11562677 11562648
11562605 11562504
11562620 11562527
11562576 11562501
11562560 11562651
11562598 11562557
11562690 11562540
11562690 11562563
11562624 11562628
11562519 11562578
11562598 11562599
11562569 11562656
11562532 11562511
11562545 11562693
11562534 11562628
11562596 11562689
11562623 11562691
11562504 11562577
11562512 11562593
11562615 11562612
11562628 11562615
11562615 11562632
11562585 11562683
11562692 11562684
11562618 11562646
11562523 11562613
11562670 11562694
11562604 11562516
11562573 11562616
11562547 11562607
11562687 11562699
11562536 11562673
11562633 11562532
11562623 11562619
11562532 11562569
11562564 11562674
11562543 11562580
11562555 11562506
11562691 11562658
11562691 11562605
11562667 11562618
11562642 11562594
11562689 11562540
11562650 11562545
11562615 11562699
11562640 11562509
11562694 11562551
11562649 11562607
11562651 11562538
11562600 11562630
11562565 11562609
10781301 10781420
10781280 10781369
10781420 10781360
10781359 10781395
10781419 10781430
10781328 10781307
10781334 10781314
10781306 10781435
10781294 10781351
10781415 10781294
10781397 10781415
10781352 10781269
10781395 10781324
10781363 10781446
10781316 10781417
10781312 10781312
10781284 10781255
10781278 10781262
10781423 10781276
10781344 10781262
10781271 10781320
10781331 10781395
10781405 10781281
10781336 10781406
10781440 10781425
10781331 10781321
10781419 10781338
10781307 10781300
10781383 10781317
10781363 10781254
10781437 10781339
10781336 10781346
10781368 10781369
10781375 10781435
10781294 10781284
10781418 10781408
10781382 10781424
10781266 10781289
10781358 10781267
10781371 10781396
10781423 10781313
10781276 10781447
10781433 10781252
10781332 10781429
10781367 10781397
10781375 10781348
10781285 10781295
10781445 10781299
10781303 10781444
10781424 10781438
10781261 10781366
10781450 10781426
10781311 10781275
10781383 10781328
10781437 10781413
10781348 10781302
10781417 10781276
10781257 10781383
10781256 10781257
10781272 10781284
10781397 10781397
10781374 10781371
10781384 10781384
10781291 10781271
10781336 10781355
10781413 10781443
10781347 10781267
10781328 10781400
10781434 10781409
10781424 10781361
10781437 10781299
10781396 10781397
10781386 10781292
10781298 10781353
10781447 10781377
10781416 10781396
10781305 10781335
10390700 10390663
10390755 10390812
10390630 10390709
10390745 10390715
10390693 10390814
10390750 10390792
10390766 10390652
10390700 10390696
10390812 10390699
10390788 10390716
10390690 10390659
10390705 10390779
10390735 10390761
10390655 10390713
10390734 10390728
10390763 10390626
10390801 10390765
10390762 10390696
10390643 10390783
10390814 10390654
10390651 10390685
10390784 10390663
10390819 10390710
10390750 10390777
10390711 10390721
10390648 10390767
10390649 10390776
10390783 10390724
10390736 10390704
10390646 10390821
10390801 10390706
10390642 10390661
10390756 10390667
10390790 10390698
10390678 10390720
10390694 10390787
10390751 10390723
10390728 10390777
10390726 10390734
10390725 10390807
10390753 10390762
10390638 10390711
10390710 10390626
10390673 10390663
10390776 10390825
10390735 10390776
10390681 10390719
10390821 10390761
10390631 10390807
10390812 10390696
10390784 10390743
10390760 10390694
10390671 10390798
10390816 10390824
10390725 10390658
10390679 10390713
10390761 10390726
10390734 10390759
10390655 10390763
10390813 10390750
10390762 10390785
10390784 10390670
10390630 10390639
10390729 10390707
10390793 10390785
10390751 10390663
10390807 10390783
10390719 10390823
10390642 10390764
10390629 10390723
10390647 10390771
10390739 10390819
10390754 10390814
10390748 10390628
10390747 10390725
10390711 10390703
10390680 10390629
10195446 10195449
10195478 10195360
10195494 10195426
10195415 10195365
10195448 10195392
10195342 10195380
10195396 10195464
10195400 10195367
10195423 10195403
10195409 10195471
10195458 10195476
10195478 10195412
10195321 10195418
10195432 10195391
10195348 10195451
10195407 10195406
10195363 10195455
10195360 10195351
10195346 10195402
10195497 10195332
10195412 10195462
10195487 10195350
10195393 10195491
10195498 10195382
10195430 10195442
10195509 10195507
10195399 10195371
10195355 10195488
10195434 10195401
10195381 10195473
10195487 10195340
10195317 10195472
10195435 10195336
10195468 10195496
10195357 10195323
10195503 10195472
10195444 10195383
10195391 10195385
10195442 10195394
10195358 10195335
10195320 10195404
10195368 10195492
10195385 10195368
10195496 10195451
10195473 10195380
10195337 10195319
10195473 10195326
10195380 10195477
10195511 10195457
10195448 10195475
10195411 10195398
10195385 10195324
10195447 10195466
10195364 10195380
10195370 10195325
10195379 10195486
10195382 10195356
10195450 10195320
10195433 10195482
10195414 10195396
10195353 10195337
10195319 10195458
10195359 10195473
10195319 10195373
10195497 10195447
10195510 10195426
10195362 10195363
10195488 10195430
10195456 10195379
10195512 10195402
10195410 10195505
10195402 10195511
10195326 10195327
10195474 10195326
10195481 10195493
10195396 10195396
10195313 10195403
185 114
108 119
32 168
9 181
169 136
144 71
178 16
173 128
31 132
26 10
67 68
93 103
87 13
83 93
55 173
60 166
64 46
176 68
88 179
1 18
176 143
54 71
94 6
160 83
44 162
97 173
187 29
85 87
110 172
95 51
126 63
67 101
42 199
169 83
40 173
6 175
172 134
19 127
199 149
42 114
134 43
194 69
144 36
10 63
102 179
177 144
142 145
193 75
64 179
188 112
44 17
53 28
74 161
80 22
80 89
12 196
198 58
134 158
103 142
16 117
144 44
125 195
117 49
146 113
93 133
150 129
183 186
34 86
19 62
14 132
186 138
183 91
22 7
114 18
160 174
126 65
165 44
38 137
69 107
53 186
82 186
110 6
82 108
125 56
82 102
101 94
136 77
172 81
63 180
15 80
13 13
12 116
136 94
38 171
196 87
15 117
169 7
169 83
123 173
37 133
123 99
139 185
2 194
164 136
51 70
139 196
79 62
159 84
12 31
46 104
88 79
66 70
16 190
109 150
118 58
177 87
122 178
19 174
18 169
4 88
18 37
78 188
17 150
136 43
165 21
67 19
132 1
6 180
44 46
137 195
176 177
108 130
40 66
41 38
34 151
167 175
126 85
63 122
67 141
78 27
69 50
109 133
48 181
71 115
139 185
148 132
127 167
40 199
120 49
198 115
156 95
72 133
71 135
168 129
27 161
67 56
124 183
76 4
154 70
140 87
35 141
48 9
63 3
19 135
74 152
199 188
136 10
30 125
166 148
173 28
101 101
139 125
191 36
152 157
163 88
154 98
101 64
115 95
54 178
94 118
157 155
122 162
52 136
84 109
172 52
66 159
44 31
167 59
146 65
138 54
92 27
57 55
56 59
57 176
76 128
45 106
44 153
162 103
6 104
5 159
140 10
22 9
31 184
144 126
171 196
156 101
15 40
121 42
81 34
48 105
59 117
128 37
25 61
137 137
168 49
48 16
191 36
54 134
189 55
151 140
167 103
127 135
159 79
171 151
98 165
184 95
110 32
155 116
191 129
1 159
85 135
188 49
4 87
85 1
149 148
159 98
189 163
40 88
200 106
55 190
93 92
147 121
6 137
39 125
64 178
127 32
173 85
49 73
169 15
92 44
111 54
81 65
133 138
90 143
40 192
80 150
115 12
195 187
193 119
118 35
118 52
44 197
91 142
77 11
74 196
195 147
45 63
92 50
27 8
50 114
54 149
126 78
13 197
178 134
24 58
189 88
1 74
123 21
10 196
41 53
10 26
49 161
195 83
55 188
175 97
64 66
132 118
80 180
3 193
86 138
184 138
187 17
160 100
176 20
16 148
179 84
11 62
76 167
93 91
128 9
23 96
27 19
17 132
15 78
11 150
124 108
130 194
