# source: JorikJooken
# original path: jj_extract\knapsackProblemInstances-master\problemInstances\n_1000_c_100000000_g_10_f_0.1_eps_0.01_s_300\test.in
# optimal value: 100014865
# format: n capacity, then weight value
1000 100000000
51000029 51000176
51000161 51000170
51000225 51000253
51000010 51000265
51000055 51000070
51000151 51000210
51000001 51000102
51000214 51000256
51000108 51000087
51000281 51000088
51000114 51000053
51000049 51000071
51000230 51000047
51000124 51000210
51000211 51000022
51000159 51000011
51000030 51000007
51000235 51000165
51000103 51000230
51000173 51000083
51000095 51000099
51000129 51000286
51000185 51000280
51000058 51000225
51000210 51000017
51000165 51000119
51000124 51000190
51000145 51000234
51000146 51000072
51000186 51000220
51000252 51000002
51000094 51000218
51000028 51000028
51000119 51000069
51000176 51000196
51000287 51000256
51000007 51000183
51000071 51000098
51000009 51000274
51000295 51000024
51000145 51000090
51000297 51000156
51000191 51000205
51000160 51000053
51000057 51000130
51000105 51000241
51000142 51000249
51000220 51000091
51000090 51000251
51000052 51000203
51000250 51000284
51000013 51000219
51000153 51000117
51000100 51000136
51000160 51000242
51000086 51000283
51000245 51000229
51000113 51000090
51000066 51000098
51000135 51000197
51000113 51000013
51000252 51000095
51000100 51000039
51000122 51000020
51000092 51000013
51000207 51000023
51000264 51000094
51000126 51000110
51000272 51000277
51000082 51000134
51000271 51000023
51000197 51000157
51000130 51000198
51000263 51000270
51000032 51000211
51000121 51000180
51000080 51000293
51000024 51000281
51000297 51000056
51000098 51000269
51000194 51000006
51000145 51000182
51000121 51000039
51000069 51000101
51000219 51000141
51000127 51000246
51000208 51000151
51000179 51000156
51000207 51000293
51000184 51000283
51000047 51000018
51000175 51000269
51000031 51000297
51000114 51000001
51000205 51000109
51000219 51000112
51000047 51000070
51000236 51000200
51000175 51000008
51000027 51000222
26000282 26000002
26000068 26000300
26000223 26000019
26000120 26000152
26000109 26000157
26000151 26000224
26000163 26000218
26000175 26000073
26000053 26000110
26000110 26000170
26000273 26000016
26000156 26000220
26000235 26000021
26000274 26000271
26000127 26000253
26000200 26000299
26000194 26000163
26000215 26000121
26000179 26000093
26000242 26000069
26000093 26000023
26000037 26000149
26000084 26000225
26000210 26000180
26000074 26000113
26000156 26000166
26000074 26000042
26000059 26000055
26000107 26000229
26000112 26000214
26000244 26000064
26000174 26000121
26000090 26000148
26000052 26000095
26000125 26000278
26000251 26000183
26000011 26000274
26000261 26000016
26000112 26000121
26000174 26000137
26000084 26000044
26000145 26000224
26000285 26000268
26000092 26000086
26000160 26000213
26000067 26000147
26000083 26000097
26000045 26000090
26000268 26000158
26000228 26000290
26000201 26000107
26000097 26000133
26000005 26000280
26000221 26000181
26000283 26000091
26000110 26000038
26000185 26000096
26000103 26000266
26000166 26000031
26000068 26000271
26000096 26000282
26000049 26000009
26000046 26000016
26000206 26000078
26000100 26000230
26000011 26000227
26000124 26000011
26000011 26000263
26000220 26000079
26000023 26000168
26000157 26000206
26000034 26000238
26000138 26000252
26000286 26000154
26000079 26000072
26000181 26000228
26000008 26000009
26000020 26000216
26000189 26000105
26000283 26000100
26000138 26000111
26000139 26000259
26000158 26000182
26000194 26000207
26000076 26000133
26000165 26000004
26000002 26000013
26000199 26000260
26000032 26000285
26000294 26000233
26000018 26000139
26000205 26000124
26000245 26000041
26000251 26000092
26000126 26000268
26000159 26000083
26000053 26000184
26000225 26000033
26000083 26000201
26000282 26000106
13500173 13500088
13500281 13500266
13500048 13500031
13500099 13500050
13500071 13500196
13500072 13500038
13500248 13500206
13500234 13500148
13500120 13500099
13500179 13500128
13500103 13500296
13500047 13500055
13500283 13500108
13500263 13500242
13500099 13500293
13500105 13500035
13500090 13500041
13500120 13500116
13500076 13500033
13500064 13500055
13500154 13500158
13500200 13500038
13500071 13500092
13500066 13500059
13500116 13500231
13500223 13500264
13500299 13500036
13500007 13500170
13500217 13500031
13500037 13500153
13500134 13500121
13500252 13500141
13500238 13500053
13500102 13500148
13500158 13500002
13500255 13500103
13500246 13500139
13500300 13500160
13500130 13500015
13500282 13500041
13500024 13500168
13500215 13500212
13500105 13500044
13500279 13500096
13500221 13500032
13500289 13500031
13500091 13500153
13500300 13500021
13500292 13500150
13500187 13500111
13500237 13500133
13500086 13500230
13500172 13500286
13500046 13500005
13500163 13500070
13500127 13500232
13500082 13500067
13500038 13500225
13500137 13500226
13500167 13500219
13500292 13500222
13500010 13500261
13500086 13500284
13500015 13500088
13500051 13500179
13500135 13500120
13500040 13500059
13500293 13500024
13500211 13500031
13500148 13500285
13500202 13500173
13500025 13500132
13500090 13500200
13500112 13500127
13500108 13500047
13500091 13500080
13500022 13500030
13500144 13500025
13500104 13500006
13500052 13500104
13500073 13500074
13500070 13500055
13500094 13500040
13500137 13500297
13500147 13500106
13500228 13500073
13500119 13500043
13500139 13500030
13500251 13500218
13500008 13500033
13500057 13500267
13500281 13500278
13500120 13500262
13500253 13500103
13500209 13500209
13500075 13500287
13500149 13500078
13500269 13500256
13500145 13500271
13500026 13500067
7250132 7250063
7250133 7250012
7250058 7250084
7250132 7250207
7250024 7250261
7250078 7250263
7250163 7250084
7250106 7250158
7250212 7250197
7250023 7250248
7250187 7250142
7250190 7250114
7250006 7250018
7250249 7250125
7250137 7250088
7250086 7250030
7250233 7250114
7250035 7250167
7250088 7250091
7250184 7250234
7250199 7250288
7250028 7250288
7250010 7250231
7250264 7250290
7250298 7250239
7250042 7250007
7250229 7250251
7250246 7250014
7250025 7250165
7250264 7250242
7250046 7250275
7250095 7250280
7250051 7250137
7250245 7250130
7250128 7250247
7250290 7250194
7250003 7250232
7250185 7250284
7250042 7250079
7250138 7250111
7250273 7250262
7250224 7250286
7250251 7250100
7250156 7250011
7250102 7250089
7250104 7250252
7250075 7250193
7250054 7250029
7250286 7250096
7250097 7250035
7250244 7250205
7250214 7250035
7250217 7250206
7250182 7250074
7250247 7250155
7250044 7250087
7250232 7250121
7250131 7250146
7250141 7250176
7250078 7250144
7250280 7250003
7250064 7250246
7250025 7250287
7250069 7250287
7250137 7250178
7250260 7250193
7250005 7250077
7250171 7250166
7250156 7250271
7250299 7250144
7250245 7250014
7250108 7250057
7250053 7250234
7250258 7250045
7250207 7250033
7250120 7250184
7250173 7250056
7250269 7250070
7250100 7250124
7250140 7250011
7250271 7250128
7250176 7250138
7250124 7250215
7250255 7250191
7250198 7250074
7250031 7250098
7250004 7250041
7250187 7250120
7250107 7250298
7250069 7250243
7250100 7250236
7250101 7250277
7250007 7250115
7250112 7250029
7250266 7250195
7250034 7250291
7250164 7250079
7250227 7250212
7250044 7250216
7250283 7250015
4125051 4125122
4125130 4125207
4125018 4125001
4125284 4125088
4125206 4125187
4125030 4125075
4125221 4125172
4125289 4125014
4125197 4125008
4125149 4125085
4125292 4125016
4125271 4125159
4125123 4125047
4125098 4125058
4125020 4125144
4125069 4125140
4125268 4125283
4125084 4125153
4125218 4125265
4125076 4125262
4125212 4125121
4125034 4125204
4125069 4125220
4125019 4125068
4125149 4125215
4125136 4125066
4125152 4125277
4125051 4125165
4125285 4125285
4125225 4125162
4125263 4125012
4125149 4125116
4125289 4125197
4125232 4125240
4125251 4125226
4125012 4125292
4125273 4125256
4125026 4125157
4125278 4125154
4125269 4125135
4125196 4125263
4125194 4125271
4125054 4125101
4125045 4125134
4125040 4125126
4125290 4125184
4125214 4125263
4125140 4125200
4125046 4125036
4125214 4125072
4125217 4125206
4125055 4125220
4125118 4125293
4125291 4125243
4125167 4125046
4125080 4125181
4125192 4125155
4125078 4125004
4125200 4125277
4125131 4125111
4125026 4125064
4125111 4125002
4125153 4125094
4125096 4125190
4125090 4125021
4125226 4125230
4125017 4125249
4125155 4125167
4125285 4125082
4125092 4125241
4125201 4125111
4125293 4125072
4125080 4125012
4125021 4125135
4125109 4125045
4125038 4125260
4125017 4125063
4125082 4125014
4125272 4125103
4125127 4125145
4125039 4125192
4125090 4125060
4125261 4125029
4125219 4125204
4125010 4125022
4125018 4125063
4125003 4125141
4125201 4125179
4125016 4125096
4125139 4125265
4125121 4125196
4125080 4125043
4125300 4125214
4125024 4125163
4125011 4125060
4125156 4125089
4125084 4125057
4125135 4125008
4125213 4125075
4125191 4125093
2562703 2562701
2562700 2562508
2562789 2562705
2562640 2562519
2562554 2562521
2562544 2562610
2562584 2562770
2562702 2562636
2562545 2562635
2562537 2562528
2562717 2562565
2562655 2562561
2562726 2562528
2562600 2562517
2562643 2562580
2562528 2562587
2562504 2562618
2562667 2562688
2562686 2562599
2562528 2562739
2562771 2562669
2562554 2562695
2562749 2562514
2562541 2562754
2562587 2562659
2562792 2562659
2562772 2562761
2562563 2562548
2562712 2562636
2562706 2562545
2562797 2562554
2562739 2562766
2562723 2562684
2562703 2562521
2562799 2562542
2562660 2562647
2562593 2562630
2562765 2562549
2562796 2562538
2562782 2562624
2562547 2562704
2562714 2562702
2562629 2562791
2562587 2562707
2562619 2562782
2562624 2562768
2562521 2562788
2562688 2562542
2562581 2562721
2562645 2562769
2562730 2562598
2562586 2562745
2562562 2562555
2562740 2562640
2562615 2562590
2562574 2562668
2562766 2562564
2562650 2562716
2562793 2562655
2562613 2562598
2562516 2562672
2562705 2562636
2562567 2562741
2562757 2562539
2562737 2562561
2562734 2562549
2562555 2562600
2562765 2562550
2562590 2562550
2562600 2562627
2562513 2562639
2562510 2562796
2562797 2562785
2562581 2562660
2562779 2562581
2562710 2562542
2562718 2562577
2562644 2562635
2562677 2562740
2562762 2562581
2562652 2562797
2562632 2562775
2562656 2562632
2562697 2562717
2562790 2562692
2562782 2562660
2562595 2562696
2562630 2562720
2562676 2562784
2562764 2562651
2562523 2562676
2562666 2562517
2562647 2562637
2562650 2562582
2562603 2562792
2562624 2562737
2562568 2562509
2562504 2562602
2562778 2562505
2562534 2562699
1781512 1781351
1781331 1781375
1781266 1781526
1781490 1781317
1781439 1781329
1781423 1781471
1781341 1781538
1781380 1781431
1781495 1781486
1781512 1781431
1781532 1781456
1781314 1781318
1781404 1781550
1781383 1781537
1781381 1781265
1781408 1781550
1781478 1781544
1781279 1781260
1781303 1781320
1781441 1781518
1781284 1781400
1781402 1781466
1781503 1781414
1781406 1781287
1781518 1781295
1781375 1781332
1781357 1781324
1781445 1781454
1781419 1781525
1781490 1781450
1781423 1781498
1781508 1781307
1781253 1781354
1781443 1781329
1781537 1781396
1781337 1781480
1781319 1781517
1781281 1781454
1781515 1781328
1781491 1781321
1781518 1781390
1781463 1781471
1781371 1781395
1781392 1781258
1781539 1781541
1781425 1781383
1781439 1781331
1781464 1781529
1781394 1781432
1781284 1781360
1781408 1781306
1781547 1781260
1781366 1781403
1781335 1781288
1781252 1781270
1781531 1781496
1781385 1781460
1781510 1781510
1781448 1781372
1781320 1781397
1781464 1781393
1781455 1781265
1781283 1781469
1781283 1781471
1781299 1781411
1781498 1781255
1781397 1781446
1781467 1781530
1781462 1781255
1781279 1781494
1781512 1781483
1781548 1781468
1781442 1781346
1781292 1781279
1781321 1781251
1781332 1781478
1781345 1781500
1781287 1781418
1781348 1781444
1781397 1781515
1781398 1781275
1781279 1781439
1781349 1781453
1781522 1781295
1781407 1781292
1781456 1781402
1781405 1781271
1781485 1781476
1781442 1781263
1781474 1781264
1781315 1781279
1781298 1781408
1781305 1781288
1781279 1781426
1781455 1781490
1781501 1781392
1781311 1781432
1781394 1781327
1781491 1781277
1781486 1781336
1390713 1390837
1390657 1390626
1390838 1390730
1390631 1390660
1390820 1390864
1390828 1390907
1390641 1390773
1390771 1390750
1390656 1390730
1390628 1390909
1390876 1390899
1390757 1390911
1390871 1390701
1390868 1390691
1390865 1390780
1390826 1390652
1390741 1390665
1390670 1390809
1390649 1390919
1390691 1390791
1390655 1390849
1390784 1390782
1390918 1390782
1390705 1390672
1390750 1390782
1390896 1390908
1390874 1390633
1390799 1390635
1390677 1390889
1390661 1390841
1390680 1390659
1390707 1390739
1390820 1390836
1390653 1390834
1390771 1390842
1390790 1390879
1390679 1390918
1390907 1390759
1390686 1390670
1390836 1390633
1390664 1390853
1390762 1390841
1390844 1390661
1390737 1390744
1390806 1390663
1390649 1390639
1390783 1390751
1390910 1390853
1390922 1390781
1390655 1390840
1390799 1390674
1390802 1390687
1390858 1390767
1390697 1390726
1390855 1390852
1390691 1390823
1390726 1390841
1390910 1390715
1390712 1390685
1390882 1390774
1390710 1390769
1390781 1390645
1390921 1390670
1390756 1390637
1390719 1390876
1390834 1390742
1390852 1390728
1390732 1390843
1390856 1390820
1390873 1390656
1390692 1390651
1390901 1390823
1390707 1390729
1390729 1390873
1390796 1390922
1390808 1390626
1390636 1390685
1390709 1390905
1390701 1390914
1390805 1390807
1390883 1390899
1390627 1390817
1390921 1390651
1390871 1390824
1390867 1390649
1390716 1390685
1390668 1390912
1390807 1390727
1390636 1390745
1390800 1390727
1390630 1390685
1390761 1390767
1390842 1390899
1390866 1390639
1390879 1390719
1390842 1390719
1390716 1390677
1390823 1390765
1390686 1390843
1390697 1390707
1195318 1195365
1195402 1195459
1195600 1195556
1195352 1195413
1195542 1195468
1195422 1195429
1195469 1195517
1195510 1195433
1195514 1195455
1195406 1195582
1195354 1195331
1195528 1195409
1195416 1195361
1195498 1195601
1195562 1195431
1195514 1195492
1195595 1195601
1195376 1195504
1195435 1195359
1195572 1195444
1195387 1195581
1195355 1195540
1195439 1195443
1195455 1195541
1195352 1195539
1195569 1195387
1195569 1195485
1195539 1195388
1195436 1195596
1195360 1195535
1195332 1195535
1195585 1195472
1195424 1195598
1195611 1195594
1195561 1195487
1195594 1195382
1195544 1195373
1195605 1195564
1195423 1195588
1195360 1195352
1195609 1195408
1195459 1195543
1195372 1195530
1195570 1195570
1195395 1195383
1195359 1195440
1195516 1195443
1195386 1195576
1195547 1195562
1195372 1195337
1195397 1195322
1195445 1195462
1195338 1195530
1195422 1195541
1195547 1195413
1195582 1195471
1195438 1195324
1195422 1195440
1195425 1195402
1195386 1195533
1195485 1195480
1195481 1195606
1195475 1195563
1195363 1195375
1195362 1195550
1195439 1195526
1195503 1195357
1195512 1195320
1195545 1195593
1195544 1195592
1195541 1195425
1195553 1195392
1195465 1195529
1195446 1195534
1195431 1195371
1195345 1195424
1195359 1195363
1195321 1195609
1195489 1195410
1195428 1195381
1195564 1195610
1195401 1195425
1195501 1195511
1195354 1195498
1195602 1195391
1195594 1195462
1195483 1195368
1195439 1195414
1195588 1195559
1195354 1195384
1195517 1195533
1195503 1195430
1195523 1195566
1195401 1195400
1195361 1195443
1195471 1195379
1195598 1195324
1195542 1195565
1195488 1195436
1195570 1195497
155 79
276 73
144 183
201 116
149 180
107 231
78 216
275 222
188 197
90 189
292 92
233 66
213 276
157 125
16 134
156 29
258 215
33 13
158 66
137 14
173 216
238 90
286 39
172 100
9 210
102 71
47 159
33 88
41 248
58 186
256 277
215 20
19 178
264 228
132 88
252 218
183 29
171 157
289 192
296 298
128 97
86 15
138 69
179 121
191 150
79 46
133 47
20 183
92 71
276 56
161 189
168 56
259 195
246 277
222 209
124 48
85 224
226 151
208 126
181 173
141 136
163 44
80 52
40 33
100 88
79 33
280 269
101 32
65 234
27 75
49 116
33 193
202 22
157 9
64 193
169 3
265 58
234 164
118 294
221 247
272 62
56 116
39 17
133 32
206 156
289 73
72 98
9 289
114 238
128 55
169 130
73 168
45 255
134 204
221 213
3 43
129 253
80 50
116 77
198 188
