# source: JorikJooken
# original path: jj_extract\knapsackProblemInstances-master\problemInstances\n_600_c_100000000_g_10_f_0.2_eps_0.001_s_100\test.in
# optimal value: 100006100
# format: n capacity, then weight value
600 100000000
50100088 50100091
50100068 50100024
50100075 50100014
50100065 50100051
50100058 50100033
50100024 50100016
50100043 50100007
50100071 50100064
50100085 50100094
50100013 50100054
50100060 50100094
50100050 50100094
50100029 50100048
50100066 50100009
50100059 50100016
50100008 50100050
50100044 50100011
50100091 50100053
50100011 50100084
50100047 50100075
50100006 50100067
50100077 50100056
50100077 50100024
50100006 50100096
50100095 50100006
50100023 50100050
50100067 50100017
50100097 50100036
50100062 50100086
50100050 50100052
50100009 50100056
50100041 50100098
50100043 50100003
50100093 50100068
50100044 50100067
50100081 50100030
50100059 50100038
50100077 50100085
50100048 50100074
50100002 50100031
50100025 50100099
50100046 50100063
50100081 50100005
50100056 50100016
50100049 50100040
50100009 50100068
50100054 50100095
50100081 50100013
50100016 50100038
50100009 50100096
50100069 50100088
50100084 50100016
50100091 50100010
25100027 25100038
25100030 25100100
25100059 25100074
25100047 25100005
25100056 25100054
25100080 25100097
25100022 25100048
25100099 25100024
25100099 25100048
25100060 25100081
25100033 25100071
25100045 25100086
25100045 25100042
25100064 25100079
25100049 25100033
25100051 25100079
25100005 25100054
25100028 25100005
25100094 25100009
25100025 25100038
25100034 25100059
25100052 25100070
25100099 25100023
25100021 25100060
25100094 25100070
25100031 25100003
25100055 25100002
25100025 25100024
25100097 25100030
25100003 25100065
25100035 25100084
25100076 25100015
25100034 25100015
25100071 25100028
25100040 25100037
25100034 25100001
25100070 25100078
25100065 25100040
25100027 25100046
25100064 25100092
25100037 25100040
25100059 25100044
25100020 25100057
25100016 25100054
25100016 25100048
25100087 25100078
25100086 25100042
25100025 25100057
25100091 25100079
25100033 25100075
25100057 25100096
25100064 25100017
25100028 25100023
12600004 12600040
12600089 12600047
12600078 12600056
12600028 12600022
12600047 12600025
12600031 12600039
12600019 12600087
12600097 12600070
12600004 12600078
12600021 12600036
12600013 12600012
12600097 12600030
12600079 12600007
12600031 12600034
12600094 12600008
12600022 12600020
12600001 12600013
12600085 12600063
12600043 12600001
12600067 12600090
12600075 12600080
12600025 12600099
12600064 12600030
12600074 12600036
12600056 12600038
12600066 12600097
12600005 12600006
12600059 12600019
12600100 12600042
12600016 12600021
12600037 12600018
12600099 12600059
12600005 12600051
12600037 12600011
12600070 12600097
12600090 12600029
12600092 12600041
12600055 12600067
12600017 12600081
12600100 12600052
12600077 12600025
12600044 12600100
12600085 12600066
12600090 12600039
12600029 12600047
12600017 12600004
12600097 12600010
12600005 12600001
12600030 12600004
12600094 12600092
12600060 12600070
12600012 12600099
12600086 12600070
6350054 6350029
6350055 6350007
6350008 6350053
6350002 6350067
6350064 6350012
6350018 6350001
6350059 6350081
6350048 6350007
6350009 6350098
6350070 6350041
6350070 6350091
6350094 6350006
6350044 6350056
6350003 6350004
6350048 6350082
6350046 6350013
6350066 6350090
6350062 6350086
6350057 6350062
6350001 6350094
6350077 6350016
6350083 6350098
6350029 6350100
6350091 6350026
6350002 6350022
6350061 6350078
6350095 6350002
6350059 6350050
6350024 6350035
6350098 6350030
6350022 6350004
6350085 6350091
6350077 6350015
6350009 6350050
6350002 6350008
6350020 6350074
6350093 6350055
6350087 6350005
6350021 6350002
6350046 6350043
6350007 6350033
6350100 6350036
6350029 6350073
6350085 6350042
6350070 6350011
6350083 6350071
6350092 6350055
6350016 6350085
6350087 6350031
6350020 6350093
6350041 6350076
6350021 6350023
6350032 6350045
3225078 3225045
3225028 3225007
3225085 3225092
3225036 3225034
3225091 3225004
3225025 3225042
3225067 3225075
3225017 3225014
3225029 3225013
3225005 3225016
3225037 3225097
3225044 3225038
3225022 3225097
3225055 3225007
3225018 3225049
3225027 3225010
3225093 3225031
3225003 3225060
3225002 3225024
3225064 3225050
3225009 3225001
3225046 3225007
3225093 3225055
3225046 3225063
3225037 3225056
3225025 3225081
3225029 3225011
3225037 3225024
3225053 3225036
3225052 3225080
3225014 3225038
3225063 3225055
3225017 3225079
3225081 3225067
3225078 3225091
3225006 3225086
3225062 3225057
3225002 3225086
3225095 3225082
3225017 3225089
3225038 3225009
3225093 3225069
3225023 3225058
3225009 3225093
3225024 3225040
3225061 3225065
3225059 3225093
3225005 3225017
3225093 3225065
3225056 3225093
3225025 3225038
3225088 3225076
3225100 3225061
1662553 1662594
1662504 1662584
1662570 1662559
1662504 1662528
1662519 1662568
1662555 1662572
1662503 1662573
1662572 1662571
1662533 1662587
1662540 1662598
1662518 1662514
1662510 1662548
1662512 1662547
1662572 1662507
1662590 1662560
1662598 1662584
1662560 1662522
1662530 1662532
1662550 1662515
1662557 1662570
1662566 1662515
1662561 1662501
1662529 1662570
1662580 1662504
1662501 1662572
1662580 1662559
1662593 1662577
1662548 1662588
1662562 1662540
1662553 1662568
1662575 1662506
1662579 1662592
1662597 1662542
1662564 1662589
1662520 1662563
1662518 1662507
1662522 1662558
1662534 1662532
1662556 1662502
1662510 1662565
1662597 1662591
1662548 1662516
1662509 1662562
1662520 1662575
1662502 1662559
1662561 1662508
1662557 1662588
1662578 1662528
1662595 1662503
1662578 1662576
1662575 1662535
1662535 1662552
1662558 1662574
881276 881301
881273 881302
881266 881253
881296 881300
881343 881306
881267 881266
881283 881331
881314 881309
881348 881261
881271 881288
881342 881269
881305 881341
881262 881292
881282 881263
881330 881335
881340 881309
881327 881327
881328 881332
881265 881338
881253 881257
881277 881346
881285 881287
881288 881298
881327 881315
881300 881334
881314 881333
881350 881267
881293 881313
881347 881309
881334 881267
881335 881307
881290 881335
881324 881283
881296 881309
881271 881261
881256 881325
881278 881266
881302 881285
881269 881260
881277 881262
881325 881251
881349 881321
881251 881317
881265 881340
881349 881287
881297 881330
881259 881331
881279 881264
881275 881325
881284 881320
881349 881276
881283 881284
881271 881279
490678 490668
490722 490701
490676 490688
490701 490657
490707 490655
490642 490704
490724 490719
490650 490644
490667 490657
490658 490651
490644 490658
490716 490677
490714 490662
490637 490693
490649 490669
490675 490649
490713 490680
490629 490716
490690 490707
490681 490680
490692 490722
490640 490693
490679 490673
490689 490634
490679 490699
490648 490660
490644 490675
490687 490635
490675 490637
490706 490702
490725 490636
490635 490710
490630 490686
490647 490651
490688 490688
490644 490650
490724 490633
490643 490725
490639 490705
490649 490725
490629 490638
490706 490663
490682 490631
490719 490716
490715 490703
490653 490699
490673 490644
490688 490718
490708 490631
490663 490696
490641 490652
490655 490679
490666 490673
295406 295329
295329 295313
295351 295399
295401 295344
295388 295382
295363 295390
295319 295339
295352 295321
295323 295391
295404 295397
295314 295335
295321 295391
295344 295361
295349 295357
295388 295384
295398 295384
295354 295351
295411 295380
295409 295394
295315 295324
295399 295328
295412 295334
295382 295315
295348 295409
295395 295375
295360 295345
295369 295375
295408 295351
295351 295355
295313 295376
295316 295365
295364 295373
295395 295386
295411 295352
295404 295341
295361 295348
295363 295369
295328 295332
295337 295318
295392 295324
295334 295345
295379 295366
295352 295349
295397 295378
295379 295313
295317 295383
295327 295399
295370 295402
295335 295403
295327 295343
295392 295387
295384 295411
295360 295335
67 48
18 36
54 65
15 42
45 47
16 43
86 89
47 85
82 43
100 44
55 56
51 69
47 91
69 72
69 35
57 96
65 75
95 58
18 68
88 62
83 12
83 56
15 76
53 4
37 31
32 20
29 2
18 54
85 81
57 91
100 29
98 76
39 64
80 41
6 52
87 39
79 63
3 99
1 7
25 20
100 24
42 85
72 79
61 19
63 24
11 89
14 13
67 48
29 4
97 31
87 19
38 2
26 54
89 27
38 90
26 79
86 18
45 23
31 62
16 41
100 36
72 53
100 97
75 88
84 75
30 66
45 40
53 20
11 9
3 40
26 41
87 9
11 76
76 6
72 24
69 75
73 23
47 58
65 40
48 89
49 22
37 42
77 59
37 80
67 8
37 42
74 15
27 8
9 42
63 63
25 65
3 30
19 19
5 97
61 40
16 31
8 78
26 62
27 43
28 96
27 33
26 82
19 14
65 89
69 100
64 76
98 43
24 5
8 77
44 4
48 86
85 66
45 72
37 26
100 3
14 96
49 89
16 70
68 65
44 52
71 80
62 10
42 88
