# source: JorikJooken
# original path: jj_extract\knapsackProblemInstances-master\problemInstances\n_1200_c_100000000_g_2_f_0.2_eps_1e-05_s_200\test.in
# optimal value: 50025628
# format: n capacity, then weight value
1200 100000000
50001151 50001001
50001046 50001161
50001195 50001179
50001070 50001079
50001156 50001071
50001111 50001169
50001149 50001104
50001082 50001070
50001097 50001151
50001094 50001113
50001175 50001169
50001020 50001016
50001148 50001157
50001136 50001161
50001115 50001052
50001165 50001009
50001064 50001075
50001078 50001074
50001073 50001126
50001017 50001031
50001008 50001156
50001132 50001135
50001149 50001088
50001034 50001150
50001100 50001093
50001059 50001001
50001163 50001177
50001195 50001174
50001040 50001129
50001036 50001189
50001111 50001185
50001111 50001069
50001049 50001089
50001084 50001162
50001158 50001071
50001138 50001102
50001182 50001132
50001173 50001004
50001089 50001097
50001030 50001173
50001154 50001105
50001021 50001043
50001185 50001036
50001170 50001148
50001094 50001159
50001128 50001035
50001113 50001136
50001053 50001070
50001057 50001083
50001155 50001167
50001055 50001058
50001046 50001130
50001006 50001115
50001065 50001088
50001052 50001096
50001025 50001111
50001052 50001080
50001064 50001123
50001049 50001180
50001082 50001045
50001128 50001015
50001139 50001164
50001143 50001112
50001044 50001144
50001121 50001135
50001118 50001121
50001158 50001144
50001030 50001131
50001074 50001094
50001043 50001125
50001138 50001058
50001193 50001003
50001125 50001142
50001187 50001089
50001163 50001092
50001149 50001016
50001150 50001166
50001143 50001108
50001065 50001006
50001139 50001003
50001142 50001182
50001125 50001061
50001002 50001164
50001017 50001190
50001185 50001118
50001139 50001062
50001079 50001053
50001132 50001029
50001038 50001126
50001126 50001103
50001182 50001068
50001059 50001038
50001126 50001116
50001116 50001122
50001055 50001060
50001159 50001192
50001099 50001005
50001130 50001173
50001130 50001043
50001199 50001024
50001122 50001012
50001173 50001067
50001125 50001115
50001014 50001051
50001046 50001090
50001035 50001057
50001187 50001009
50001162 50001041
50001119 50001041
50001193 50001189
50001125 50001038
50001051 50001143
50001181 50001050
50001168 50001178
50001117 50001012
50001107 50001187
50001169 50001165
50001190 50001136
50001058 50001171
50001084 50001093
50001057 50001064
50001102 50001002
50001186 50001170
50001103 50001181
50001093 50001115
50001165 50001163
50001021 50001129
50001047 50001119
50001175 50001013
50001024 50001091
50001070 50001093
50001090 50001174
50001123 50001016
50001194 50001082
50001081 50001044
50001142 50001080
50001173 50001186
50001081 50001104
50001102 50001128
50001156 50001122
50001068 50001142
50001097 50001154
50001136 50001056
50001157 50001065
50001104 50001104
50001037 50001132
50001071 50001105
50001065 50001150
50001076 50001153
50001196 50001152
50001111 50001178
50001043 50001073
50001019 50001154
50001086 50001098
50001181 50001086
50001059 50001055
50001081 50001065
50001048 50001132
50001152 50001019
50001088 50001169
50001079 50001051
50001121 50001073
50001094 50001070
50001011 50001123
50001028 50001085
50001039 50001029
50001096 50001047
50001066 50001060
50001094 50001005
50001091 50001024
50001127 50001123
50001058 50001085
50001072 50001100
50001024 50001073
50001166 50001157
50001121 50001117
50001134 50001138
50001104 50001098
50001126 50001115
50001039 50001166
50001048 50001061
50001178 50001092
50001002 50001060
50001101 50001134
50001092 50001167
50001120 50001152
50001134 50001063
50001029 50001012
50001144 50001079
50001065 50001111
50001162 50001066
50001042 50001080
50001019 50001132
50001018 50001050
50001080 50001178
50001120 50001174
50001189 50001130
50001098 50001099
50001045 50001027
50001196 50001179
50001034 50001095
50001157 50001091
50001151 50001023
50001077 50001128
50001041 50001118
50001051 50001027
50001177 50001096
50001083 50001123
50001181 50001105
50001192 50001144
50001159 50001076
50001036 50001136
50001063 50001168
50001032 50001168
50001029 50001049
50001054 50001049
50001179 50001057
50001180 50001033
50001157 50001147
50001009 50001029
50001116 50001021
50001017 50001011
50001131 50001197
50001078 50001166
50001156 50001116
50001180 50001174
50001050 50001129
50001011 50001033
50001079 50001174
50001146 50001139
50001030 50001166
50001025 50001110
50001134 50001110
50001121 50001126
50001052 50001194
50001168 50001180
50001015 50001148
50001165 50001079
50001076 50001176
50001066 50001070
50001018 50001191
50001174 50001119
50001166 50001013
50001110 50001150
50001161 50001071
50001106 50001122
50001166 50001030
50001151 50001137
50001117 50001171
50001080 50001128
50001003 50001127
50001010 50001029
50001137 50001178
50001098 50001183
50001047 50001105
50001171 50001151
50001072 50001006
50001116 50001197
50001197 50001197
50001102 50001185
50001111 50001085
50001095 50001173
50001072 50001092
50001003 50001039
50001187 50001020
50001186 50001137
50001028 50001011
50001072 50001039
50001135 50001057
50001040 50001056
50001060 50001034
50001096 50001070
50001101 50001114
50001029 50001043
50001000 50001124
50001104 50001061
50001162 50001007
50001033 50001123
50001171 50001065
50001084 50001161
50001056 50001046
50001151 50001027
50001016 50001132
50001045 50001150
50001034 50001037
50001152 50001125
50001088 50001149
50001059 50001089
50001083 50001037
50001005 50001092
50001015 50001008
50001055 50001192
50001007 50001088
50001139 50001187
50001131 50001096
50001131 50001053
50001155 50001117
50001000 50001154
50001047 50001109
50001111 50001134
50001018 50001081
50001134 50001091
50001029 50001195
50001101 50001182
50001153 50001093
50001072 50001087
50001185 50001044
50001141 50001071
50001179 50001061
50001089 50001171
50001179 50001198
50001015 50001069
50001046 50001143
50001110 50001010
50001136 50001055
50001095 50001121
50001010 50001126
50001159 50001077
50001125 50001195
50001120 50001029
50001069 50001103
50001090 50001142
50001126 50001154
50001155 50001003
50001067 50001082
50001063 50001051
50001198 50001081
50001031 50001008
50001084 50001116
50001023 50001038
50001164 50001133
50001119 50001173
50001086 50001182
50001069 50001187
50001044 50001134
50001147 50001058
50001078 50001167
50001032 50001127
50001024 50001114
50001188 50001082
50001006 50001124
50001085 50001170
50001051 50001103
50001005 50001023
50001000 50001022
50001119 50001019
50001165 50001019
50001040 50001084
50001086 50001154
50001006 50001185
50001071 50001176
50001090 50001135
50001192 50001196
50001178 50001198
50001152 50001178
50001035 50001075
50001094 50001069
50001055 50001101
50001153 50001070
50001001 50001198
50001037 50001055
50001148 50001165
50001104 50001178
50001135 50001157
50001086 50001148
50001025 50001052
50001151 50001137
50001023 50001188
50001192 50001068
50001017 50001141
50001107 50001027
50001100 50001117
50001149 50001046
50001155 50001137
50001146 50001105
50001143 50001143
50001071 50001125
50001182 50001005
50001099 50001035
50001035 50001135
50001086 50001010
50001031 50001158
50001086 50001085
50001026 50001151
50001173 50001177
50001194 50001045
50001068 50001186
50001190 50001136
50001042 50001013
50001070 50001125
50001019 50001162
50001034 50001108
50001040 50001079
50001092 50001139
50001150 50001090
50001034 50001018
50001037 50001134
50001090 50001173
50001098 50001179
50001011 50001059
50001071 50001016
50001164 50001002
50001010 50001163
50001121 50001037
50001006 50001182
50001035 50001009
50001049 50001158
50001081 50001103
50001010 50001027
50001067 50001123
50001043 50001164
50001055 50001181
50001159 50001177
50001046 50001038
50001166 50001027
50001117 50001124
50001196 50001196
50001063 50001197
50001011 50001094
50001171 50001122
50001029 50001183
50001140 50001181
50001158 50001095
50001101 50001122
50001032 50001122
50001195 50001088
50001021 50001003
50001162 50001118
50001156 50001141
50001176 50001143
50001072 50001017
50001045 50001192
50001162 50001182
50001144 50001186
50001064 50001136
50001053 50001136
50001198 50001088
50001182 50001077
50001035 50001013
50001117 50001141
50001152 50001051
50001118 50001052
50001164 50001134
50001113 50001150
50001018 50001046
50001143 50001129
50001183 50001059
50001194 50001003
50001004 50001106
50001071 50001006
50001102 50001078
50001076 50001078
50001101 50001173
50001168 50001197
50001101 50001002
50001188 50001145
50001114 50001183
50001044 50001128
50001130 50001008
50001191 50001149
50001074 50001131
50001042 50001096
50001183 50001001
50001175 50001115
50001054 50001117
50001004 50001087
50001167 50001196
50001138 50001020
50001186 50001174
50001000 50001118
50001056 50001156
50001099 50001139
50001043 50001021
50001163 50001063
50001147 50001036
50001194 50001003
50001078 50001066
50001140 50001195
50001064 50001042
50001112 50001047
50001080 50001141
50001105 50001189
50001043 50001191
50001111 50001105
50001044 50001160
50001040 50001020
50001196 50001192
50001108 50001018
50001031 50001072
50001164 50001115
50001002 50001159
50001058 50001122
50001104 50001127
50001122 50001102
50001151 50001140
50001134 50001017
50001136 50001132
50001087 50001085
50001191 50001088
50001045 50001041
50001091 50001134
50001158 50001043
50001119 50001133
50001092 50001053
50001142 50001058
50001048 50001026
50001004 50001138
50001179 50001129
50001027 50001159
50001135 50001159
50001121 50001007
50001092 50001134
50001198 50001100
50001090 50001033
50001031 50001043
50001148 50001024
50001159 50001038
50001195 50001060
50001162 50001132
50001078 50001004
50001062 50001020
50001078 50001044
50001027 50001071
50001093 50001167
50001139 50001067
50001199 50001067
50001166 50001153
50001078 50001117
50001122 50001140
50001084 50001085
50001133 50001095
50001016 50001007
50001093 50001005
50001163 50001161
50001028 50001149
50001016 50001152
50001012 50001152
50001179 50001077
50001047 50001104
50001168 50001080
50001154 50001192
50001036 50001189
50001000 50001096
50001044 50001158
50001079 50001049
50001080 50001136
50001097 50001149
50001136 50001065
50001128 50001154
50001160 50001117
50001060 50001026
50001019 50001103
50001177 50001135
50001048 50001137
50001106 50001094
50001110 50001080
50001144 50001049
50001018 50001055
50001199 50001100
50001121 50001078
50001007 50001065
50001005 50001121
50001188 50001017
50001176 50001063
50001107 50001114
50001144 50001002
50001014 50001191
50001023 50001029
50001155 50001088
50001021 50001146
50001180 50001003
50001172 50001174
50001094 50001017
50001119 50001124
50001196 50001144
50001182 50001091
50001076 50001079
50001168 50001022
50001107 50001055
50001031 50001080
50001198 50001027
50001103 50001007
50001078 50001151
50001087 50001073
50001033 50001119
50001065 50001020
50001029 50001149
50001115 50001075
50001089 50001197
50001172 50001177
50001182 50001192
50001002 50001077
50001089 50001050
50001117 50001083
50001177 50001064
50001138 50001185
50001062 50001171
50001089 50001015
50001061 50001182
50001127 50001155
50001056 50001048
50001110 50001057
50001155 50001015
50001068 50001162
50001148 50001093
50001091 50001108
50001016 50001182
50001126 50001174
50001054 50001024
50001015 50001084
50001148 50001026
50001173 50001051
50001133 50001103
50001115 50001157
50001184 50001150
50001024 50001127
50001032 50001137
50001128 50001052
50001046 50001068
50001159 50001191
50001017 50001174
50001024 50001105
50001191 50001169
50001117 50001094
50001198 50001068
50001095 50001049
50001137 50001181
50001130 50001066
50001109 50001109
50001122 50001051
50001186 50001061
50001115 50001021
50001106 50001199
50001139 50001148
50001010 50001132
50001009 50001081
50001030 50001156
50001028 50001148
50001149 50001140
50001020 50001155
50001011 50001023
50001152 50001005
50001166 50001055
50001002 50001128
50001024 50001004
50001191 50001019
50001109 50001118
50001018 50001064
50001154 50001154
50001010 50001037
50001195 50001162
50001074 50001022
50001050 50001147
50001002 50001148
50001195 50001007
50001062 50001156
50001125 50001010
50001070 50001072
50001062 50001018
50001046 50001185
50001179 50001092
50001147 50001021
50001131 50001084
50001084 50001166
50001052 50001146
50001061 50001032
50001050 50001057
50001181 50001005
50001165 50001181
50001086 50001017
50001189 50001159
50001028 50001055
50001034 50001109
50001189 50001158
50001104 50001162
50001022 50001066
50001112 50001089
50001137 50001003
50001056 50001018
50001152 50001064
50001123 50001067
50001133 50001078
50001160 50001106
50001150 50001198
50001147 50001102
50001147 50001043
50001199 50001068
50001030 50001088
50001129 50001053
50001127 50001084
50001051 50001197
50001086 50001198
50001031 50001127
50001114 50001065
50001159 50001140
50001067 50001161
50001161 50001157
50001133 50001006
50001118 50001006
50001164 50001147
50001173 50001004
50001191 50001076
50001003 50001049
50001075 50001067
50001034 50001178
50001056 50001164
50001000 50001074
50001167 50001185
50001034 50001080
50001170 50001044
50001106 50001119
50001161 50001040
50001169 50001164
50001182 50001122
50001005 50001152
50001055 50001128
50001011 50001105
50001037 50001162
50001178 50001061
50001051 50001176
50001029 50001165
50001086 50001159
50001095 50001098
50001054 50001025
50001000 50001070
50001053 50001060
50001112 50001133
50001010 50001084
50001102 50001129
50001033 50001161
50001060 50001102
50001174 50001133
50001033 50001017
50001022 50001045
50001111 50001016
50001109 50001057
50001039 50001180
50001062 50001181
50001190 50001095
50001111 50001182
50001180 50001093
50001016 50001195
50001180 50001076
50001169 50001148
50001014 50001056
50001177 50001092
50001177 50001114
50001033 50001044
50001137 50001153
50001010 50001048
50001057 50001154
50001196 50001039
50001136 50001101
50001075 50001116
50001024 50001142
50001198 50001108
50001125 50001197
50001024 50001044
50001104 50001130
50001180 50001080
50001174 50001186
50001095 50001173
50001178 50001031
50001115 50001131
50001022 50001023
50001185 50001078
50001006 50001178
50001082 50001009
50001068 50001063
50001041 50001120
50001017 50001043
50001087 50001069
50001013 50001111
50001015 50001078
50001008 50001063
50001174 50001128
50001033 50001019
50001120 50001118
50001011 50001003
50001106 50001067
50001167 50001181
50001051 50001159
50001005 50001017
50001135 50001126
50001170 50001088
50001130 50001198
50001063 50001109
50001198 50001064
50001167 50001093
50001012 50001061
50001058 50001058
50001159 50001145
50001181 50001185
50001075 50001172
50001089 50001114
50001171 50001000
50001197 50001011
50001131 50001144
50001020 50001124
50001185 50001182
50001154 50001029
50001103 50001107
50001189 50001153
50001060 50001091
50001184 50001049
50001050 50001195
50001144 50001144
50001175 50001129
50001095 50001150
50001186 50001009
50001143 50001179
50001194 50001015
50001004 50001119
50001077 50001001
50001075 50001144
50001085 50001182
50001107 50001092
50001077 50001155
50001194 50001140
50001045 50001041
50001045 50001022
50001099 50001095
50001104 50001035
50001180 50001113
50001038 50001076
50001087 50001191
50001154 50001183
50001028 50001170
50001021 50001164
50001006 50001175
50001179 50001000
50001074 50001038
50001192 50001119
50001069 50001008
50001006 50001189
50001018 50001127
50001024 50001107
50001030 50001000
50001185 50001194
50001181 50001130
50001099 50001129
50001180 50001079
50001194 50001065
50001147 50001183
50001085 50001044
50001187 50001011
50001060 50001128
50001017 50001030
50001115 50001153
50001154 50001084
50001136 50001034
50001156 50001173
50001175 50001003
50001156 50001125
50001012 50001077
50001102 50001026
50001093 50001175
50001132 50001199
50001139 50001106
50001156 50001013
50001088 50001112
50001064 50001106
50001177 50001152
50001064 50001002
50001013 50001080
50001122 50001029
50001053 50001147
50001098 50001094
50001168 50001043
50001011 50001066
50001134 50001116
50001038 50001052
50001197 50001138
50001089 50001198
50001107 50001164
50001005 50001165
50001133 50001192
50001007 50001048
50001094 50001199
50001004 50001126
50001090 50001167
50001189 50001079
50001125 50001147
50001091 50001149
50001120 50001031
50001188 50001010
50001199 50001164
50001064 50001165
50001187 50001018
50001103 50001167
50001176 50001150
50001035 50001121
50001017 50001040
50001018 50001096
50001053 50001084
50001002 50001117
50001040 50001088
50001154 50001163
50001192 50001077
50001117 50001092
50001087 50001195
50001025 50001051
50001059 50001079
50001152 50001143
50001045 50001055
50001048 50001087
50001021 50001030
50001016 50001154
50001038 50001107
50001052 50001089
50001165 50001173
50001151 50001103
50001141 50001134
50001191 50001192
50001185 50001129
50001177 50001114
50001016 50001046
50001185 50001152
50001174 50001142
50001067 50001071
50001158 50001138
50001047 50001165
50001154 50001044
50001185 50001148
50001196 50001071
50001071 50001145
50001002 50001197
50001140 50001030
50001150 50001009
50001082 50001084
50001010 50001072
50001101 50001015
50001128 50001079
50001038 50001031
50001119 50001029
50001191 50001019
50001008 50001106
50001066 50001091
50001014 50001060
50001151 50001029
50001002 50001071
50001142 50001090
50001041 50001058
50001108 50001175
50001026 50001101
50001102 50001127
50001170 50001007
50001003 50001011
50001172 50001051
50001011 50001146
50001153 50001036
50001075 50001012
50001019 50001044
50001163 50001057
50001151 50001051
50001053 50001114
50001190 50001106
50001080 50001076
50001110 50001187
50001107 50001195
11 85
14 4
9 139
84 37
123 149
91 88
142 155
75 86
115 166
187 80
143 113
47 190
148 159
189 54
148 167
158 193
169 125
74 146
130 57
98 191
42 74
196 14
77 33
112 85
122 167
163 66
63 14
6 67
54 55
180 141
10 184
45 108
124 70
200 16
79 141
20 127
31 164
20 118
127 169
35 164
106 179
96 106
189 9
142 167
199 32
43 173
170 163
15 141
143 164
90 75
65 127
38 127
116 171
15 154
149 37
151 30
56 13
75 82
50 193
44 9
97 83
19 169
196 15
122 144
42 151
146 44
75 109
32 67
85 22
136 197
56 73
186 109
115 114
101 147
158 123
14 196
38 66
12 104
148 8
43 152
109 59
16 48
115 105
22 174
164 7
48 135
5 161
56 57
95 51
73 149
162 122
52 81
76 14
11 5
153 117
137 44
122 189
158 8
150 79
180 148
125 49
111 95
198 145
117 187
103 6
145 47
24 82
11 25
157 197
169 138
92 136
118 187
178 106
73 75
112 89
197 175
30 141
36 119
45 200
186 71
128 124
116 160
124 53
81 82
166 93
24 84
80 118
118 114
167 172
141 38
97 142
166 138
13 169
171 38
183 143
31 60
103 80
135 147
164 54
54 59
40 192
30 98
54 196
159 96
131 132
56 42
95 50
157 20
66 85
125 143
6 180
183 154
50 192
44 9
72 83
95 43
184 25
166 5
18 106
147 115
37 125
39 184
167 5
93 3
104 109
152 188
106 146
192 36
177 158
65 38
62 64
128 34
71 78
55 65
123 49
196 62
67 61
112 146
155 3
141 18
183 161
88 6
49 130
117 29
113 7
18 78
181 112
173 115
35 80
135 188
69 170
3 131
141 55
108 84
84 184
64 78
6 166
82 38
102 44
135 199
68 78
85 164
148 72
168 102
104 139
135 131
48 79
108 46
105 63
92 164
27 85
126 98
7 179
154 21
121 121
115 154
109 27
82 166
41 80
117 111
190 158
42 177
131 163
75 23
108 6
79 87
88 133
67 69
20 79
116 178
200 120
100 114
26 168
88 181
43 53
2 74
49 157
134 41
23 22
38 56
