# source: JorikJooken
# original path: jj_extract\knapsackProblemInstances-master\problemInstances\n_1200_c_1000000_g_14_f_0.1_eps_0.01_s_200\test.in
# optimal value: 1015067
# format: n capacity, then weight value
1200 1000000
510102 510128
510191 510058
510007 510120
510059 510054
510075 510036
510184 510013
510071 510023
510099 510085
510114 510128
510140 510160
510009 510160
510126 510164
510143 510045
510082 510195
510190 510125
510055 510194
510164 510060
510104 510075
510088 510141
510177 510075
510120 510095
510113 510125
510128 510155
510146 510041
510110 510169
510164 510049
510117 510186
510193 510093
510131 510111
510116 510183
510157 510123
510074 510198
510094 510151
510078 510161
510192 510162
510131 510061
510125 510134
510121 510047
510103 510061
510004 510038
510088 510149
510094 510153
510074 510075
510062 510095
510184 510083
510068 510037
510057 510151
510017 510087
510079 510148
510066 510104
510132 510068
510189 510089
510106 510046
510147 510015
510030 510019
510074 510030
510131 510197
510014 510163
510115 510155
510022 510060
510163 510145
510172 510064
510008 510192
510007 510085
510123 510162
510002 510149
510086 510123
510128 510120
510200 510171
510186 510082
510122 510006
510180 510062
510056 510112
510161 510077
510118 510096
510041 510191
510126 510196
510009 510039
510176 510061
510054 510011
510011 510061
510062 510031
510107 510157
260180 260116
260168 260181
260122 260005
260062 260007
260192 260034
260136 260075
260065 260074
260083 260084
260023 260054
260022 260155
260101 260147
260053 260194
260045 260033
260063 260189
260100 260008
260190 260200
260179 260005
260068 260169
260100 260061
260095 260171
260083 260148
260065 260066
260170 260137
260044 260050
260086 260193
260083 260115
260022 260049
260159 260153
260181 260114
260106 260083
260041 260088
260170 260082
260152 260060
260079 260028
260172 260194
260034 260152
260162 260044
260176 260019
260115 260044
260166 260028
260077 260184
260002 260197
260110 260064
260077 260158
260102 260185
260023 260039
260158 260066
260183 260122
260085 260157
260158 260186
260090 260136
260128 260134
260147 260017
260152 260091
260035 260187
260022 260163
260040 260171
260182 260139
260067 260192
260013 260110
260013 260099
260131 260118
260184 260127
260020 260089
260142 260122
260102 260050
260068 260095
260009 260047
260145 260019
260181 260078
260019 260139
260161 260099
260114 260120
260059 260134
260077 260180
260096 260064
260074 260169
260093 260141
260128 260020
260007 260011
260188 260119
260049 260191
260122 260036
135131 135154
135002 135128
135100 135072
135114 135048
135094 135032
135121 135069
135165 135144
135190 135060
135058 135172
135067 135063
135180 135129
135101 135049
135151 135044
135052 135060
135021 135136
135133 135129
135154 135094
135026 135022
135176 135003
135070 135011
135060 135148
135144 135150
135096 135049
135159 135105
135123 135142
135011 135178
135015 135029
135008 135060
135108 135139
135079 135197
135144 135179
135061 135017
135111 135152
135019 135004
135196 135080
135150 135068
135182 135109
135187 135032
135173 135112
135059 135145
135084 135027
135092 135191
135163 135133
135111 135113
135078 135187
135108 135102
135039 135171
135088 135080
135125 135145
135137 135106
135083 135056
135026 135071
135135 135150
135105 135084
135179 135025
135006 135184
135075 135106
135060 135050
135076 135192
135130 135032
135185 135043
135051 135121
135009 135122
135141 135146
135012 135044
135060 135165
135115 135120
135038 135158
135103 135042
135073 135087
135184 135023
135032 135019
135197 135184
135194 135022
135098 135023
135170 135164
135111 135090
135055 135026
135132 135138
135166 135068
135144 135056
135157 135073
135150 135065
72503 72533
72534 72589
72575 72561
72591 72627
72615 72576
72512 72620
72517 72551
72571 72501
72693 72700
72554 72662
72504 72639
72517 72519
72557 72550
72576 72636
72681 72529
72583 72601
72617 72673
72621 72667
72689 72666
72686 72570
72647 72643
72616 72655
72568 72577
72598 72530
72643 72547
72673 72694
72665 72583
72602 72689
72512 72601
72566 72571
72558 72629
72554 72640
72583 72568
72646 72587
72631 72505
72540 72673
72561 72692
72516 72642
72637 72575
72636 72552
72588 72557
72650 72579
72627 72662
72533 72632
72568 72542
72628 72521
72526 72592
72528 72609
72534 72550
72564 72508
72580 72634
72609 72694
72572 72658
72669 72595
72563 72572
72652 72514
72553 72595
72543 72622
72665 72596
72598 72677
72676 72506
72513 72547
72644 72663
72661 72650
72630 72522
72617 72627
72665 72641
72511 72513
72503 72647
72512 72573
72675 72502
72581 72633
72652 72644
72619 72565
72587 72503
72657 72516
72509 72607
72586 72563
72685 72637
72541 72511
72692 72540
72547 72582
72593 72521
41339 41418
41354 41402
41311 41422
41275 41287
41294 41373
41253 41392
41315 41335
41306 41402
41282 41354
41286 41271
41257 41373
41364 41306
41391 41280
41334 41274
41322 41353
41448 41360
41317 41424
41410 41301
41261 41331
41312 41267
41385 41272
41446 41266
41377 41296
41357 41254
41418 41348
41432 41379
41296 41419
41273 41435
41345 41272
41302 41418
41278 41316
41304 41446
41432 41316
41385 41373
41384 41286
41262 41268
41368 41254
41390 41331
41436 41369
41413 41407
41381 41439
41373 41307
41259 41411
41366 41337
41307 41346
41381 41406
41318 41371
41277 41438
41363 41420
41279 41327
41380 41358
41312 41359
41392 41448
41279 41334
41335 41400
41278 41437
41375 41263
41440 41334
41410 41298
41379 41344
41365 41395
41401 41351
41406 41437
41407 41366
41285 41281
41284 41331
41368 41283
41441 41414
41446 41341
41255 41446
41260 41397
41304 41371
41359 41262
41355 41406
41402 41326
41369 41440
41418 41404
41428 41372
41344 41396
41395 41395
41367 41429
41297 41364
41258 41317
25674 25700
25720 25805
25633 25690
25702 25720
25794 25736
25634 25784
25808 25706
25768 25776
25699 25754
25712 25800
25789 25677
25645 25778
25626 25668
25756 25818
25668 25634
25725 25782
25650 25713
25822 25663
25638 25660
25655 25678
25793 25772
25782 25664
25748 25817
25687 25680
25746 25695
25761 25724
25723 25723
25677 25711
25753 25789
25796 25669
25825 25824
25761 25636
25634 25793
25771 25824
25659 25699
25672 25822
25755 25702
25728 25750
25801 25779
25805 25695
25786 25709
25695 25772
25784 25682
25655 25654
25743 25723
25808 25698
25759 25760
25773 25749
25681 25728
25775 25796
25782 25805
25708 25703
25688 25739
25652 25724
25751 25749
25802 25819
25696 25692
25652 25767
25805 25638
25756 25659
25675 25799
25689 25709
25736 25627
25660 25768
25659 25772
25654 25750
25801 25794
25768 25662
25816 25761
25630 25746
25697 25766
25782 25714
25787 25766
25645 25731
25754 25797
25810 25696
25758 25717
25823 25698
25667 25685
25679 25815
25824 25694
25798 25690
25806 25632
17845 17960
17941 17905
18008 17859
18005 17944
17850 17891
17899 17817
18008 17857
18001 17889
17929 17913
17992 17849
17860 17873
17868 17995
17881 17881
17977 17863
17918 17882
17829 17938
17985 17965
17891 17929
17902 17818
17815 17934
17890 17864
17859 17974
17903 17835
17864 18007
17976 17859
17913 17990
17855 18008
17847 18012
17852 17988
18006 17908
17899 17988
17881 17839
17877 17906
17857 17942
18010 17957
17820 17873
17862 17835
17993 17899
17946 17829
17824 17932
17903 17943
17844 17850
17920 17837
17967 17816
17935 17907
17852 17998
17990 17833
17999 17947
17991 17818
18000 17855
17838 17881
17889 17816
17891 17983
17998 17822
17849 17999
17825 17843
17832 17845
17986 17992
17989 17856
17823 17892
18003 17994
17910 17911
17826 17820
17815 17819
17967 17935
17994 17866
17939 17959
17958 17923
18005 17967
17868 17886
17887 17906
17953 17837
17941 17892
17828 18000
17912 17911
17825 17899
17859 17999
17950 17996
17848 17958
17889 17829
17829 17888
17952 17820
17896 17870
13950 14041
14021 13932
13946 14078
14058 13918
13963 13974
13913 14037
13962 13952
13926 14020
13940 13952
14034 13949
13982 14053
14042 14055
14062 13963
13951 14073
13959 13944
14012 14091
14001 14085
14045 14053
13922 13933
14081 13952
14014 13922
13997 13909
14080 13974
13919 13956
14103 14021
14100 13918
13924 14005
13962 13965
14062 13964
14078 13959
14054 14057
14034 14105
13925 14085
13968 14005
13942 14080
14050 13971
14055 13955
14081 13987
14000 14089
14105 14011
14097 13951
13957 13935
13939 13994
13912 13945
13963 13985
13929 14042
14045 13968
14010 13969
13940 13975
13966 14027
13970 14056
14087 14017
13924 14106
13931 14057
14038 13918
14010 13976
13952 13920
13933 14075
14042 14004
13987 14040
13994 14043
14073 14017
13915 14096
14033 13980
13993 14065
14000 13999
14042 14011
14073 14065
13927 13910
13949 13986
13982 13957
13948 14081
14031 13949
14055 13913
13963 13910
14095 13994
14096 13948
13947 13953
14048 13982
14009 13949
13913 13971
13974 14062
14104 14086
12086 12112
12014 12096
11999 12108
12016 12124
12122 12057
12027 12093
12089 12047
12051 12023
11971 11967
12058 12059
12076 12113
12143 12039
12123 11995
12061 12079
12081 12141
12004 12048
12058 12068
12058 12125
12041 12094
12029 12094
12132 12122
12043 12144
11961 12098
12096 12002
12096 12075
11975 12145
12064 12082
12029 12104
12100 11988
12145 11978
12057 12149
12111 12104
12035 12095
12085 12113
11995 12039
12043 11979
11982 12036
12083 12056
12121 12141
12094 12113
12130 12014
12064 12013
12104 12138
12109 11985
12017 12112
12068 11985
12108 11998
12018 12029
12151 12014
12139 12033
11976 12036
12098 12143
12117 11964
12084 12129
12116 12143
12015 12145
12103 12121
12067 12137
12085 12072
11993 12119
12088 12098
12088 12116
11958 12132
11975 12043
12082 12011
12055 11984
12028 12036
12090 11970
12127 12067
12025 12145
11981 12032
11979 11991
12056 12124
12015 12115
12081 12153
11977 12112
12047 12045
11996 11989
12077 12060
12082 12115
11966 12149
12080 11985
12134 11982
11037 11066
11163 11039
11010 11176
11111 11014
11087 11063
10981 11141
11107 10989
11048 11013
11092 11036
11067 11138
11164 11086
11111 10998
10990 11030
11005 11160
11134 11089
11033 11145
11049 11068
11104 11079
11092 10988
11095 11164
11129 11049
11172 11107
11170 11142
11032 11091
11036 11050
11135 11043
11012 11163
11035 11077
11172 11099
11120 11038
11049 11024
11131 11151
11027 11047
11042 10994
11123 11093
11162 11158
10977 11016
11030 11027
11029 11017
11057 11095
11121 11050
10996 11002
11093 10985
11007 11077
11045 11015
11117 11060
11175 11005
11129 11028
11089 11123
11021 11045
10982 11121
11143 11172
11002 11038
11060 11065
11050 10980
11111 10983
10987 10996
10994 11173
11026 11079
11084 11126
11033 11129
11154 11124
11142 11022
10990 11080
11097 11098
11154 10981
11081 11114
11030 10977
11116 11010
11037 11067
11162 11175
11099 11066
11099 11007
11164 11064
11016 11164
11134 11143
11107 11073
11091 11111
10999 11161
10999 11127
11023 11166
11043 11072
11002 11110
10603 10614
10597 10523
10569 10651
10502 10519
10644 10564
10599 10529
10646 10682
10642 10674
10667 10652
10602 10680
10502 10573
10685 10563
10633 10581
10600 10503
10585 10563
10600 10595
10637 10608
10623 10552
10645 10534
10504 10677
10578 10656
10590 10652
10564 10674
10489 10615
10598 10568
10549 10634
10542 10652
10565 10591
10510 10554
10558 10498
10522 10551
10652 10492
10615 10545
10595 10630
10560 10584
10539 10573
10644 10558
10628 10647
10671 10634
10684 10640
10673 10520
10559 10595
10496 10606
10500 10591
10685 10601
10557 10596
10590 10588
10623 10540
10559 10500
10519 10629
10602 10569
10517 10511
10590 10659
10626 10563
10511 10549
10586 10521
10546 10625
10585 10648
10657 10535
10672 10593
10674 10569
10637 10499
10569 10581
10555 10633
10661 10687
10531 10519
10504 10512
10509 10512
10670 10628
10523 10560
10602 10594
10681 10548
10582 10495
10670 10543
10653 10621
10622 10577
10543 10660
10624 10609
10533 10623
10680 10558
10520 10687
10634 10526
10600 10657
10424 10326
10416 10394
10281 10398
10387 10362
10416 10265
10349 10443
10278 10390
10403 10429
10410 10310
10280 10386
10287 10420
10398 10319
10301 10304
10389 10331
10273 10245
10437 10429
10370 10350
10423 10246
10273 10277
10413 10270
10250 10424
10336 10283
10432 10261
10344 10434
10292 10322
10346 10384
10323 10403
10426 10285
10342 10429
10266 10392
10320 10409
10406 10362
10439 10355
10427 10442
10306 10262
10420 10275
10350 10441
10304 10261
10257 10298
10432 10301
10420 10314
10257 10435
10431 10401
10247 10314
10374 10418
10281 10338
10422 10394
10440 10379
10399 10384
10315 10364
10405 10310
10416 10428
10432 10276
10296 10275
10268 10303
10306 10430
10430 10348
10269 10350
10252 10319
10409 10375
10383 10293
10434 10347
10263 10385
10312 10265
10364 10405
10425 10336
10289 10329
10320 10307
10291 10273
10350 10380
10440 10250
10360 10379
10441 10360
10396 10358
10403 10386
10343 10390
10277 10302
10392 10296
10254 10444
10266 10402
10336 10325
10250 10342
10324 10373
10235 10223
10154 10266
10193 10231
10321 10210
10311 10310
10267 10252
10214 10279
10139 10286
10201 10178
10145 10201
10201 10306
10217 10298
10181 10318
10174 10284
10230 10193
10272 10310
10223 10181
10306 10155
10151 10302
10191 10261
10188 10165
10221 10284
10136 10175
10227 10208
10274 10175
10294 10322
10169 10147
10231 10140
10200 10213
10211 10158
10229 10265
10168 10273
10178 10309
10226 10153
10286 10256
10314 10225
10297 10204
10237 10266
10228 10136
10311 10276
10125 10185
10193 10273
10241 10145
10308 10176
10214 10187
10125 10247
10178 10237
10240 10161
10285 10248
10178 10225
10313 10179
10178 10137
10280 10229
10285 10261
10233 10315
10139 10148
10253 10144
10265 10268
10146 10203
10154 10304
10283 10149
10257 10130
10176 10240
10255 10208
10221 10225
10265 10245
10154 10271
10214 10187
10269 10186
10159 10205
10284 10276
10316 10231
10289 10234
10216 10277
10257 10239
10201 10162
10212 10246
10300 10210
10187 10312
10298 10318
10218 10299
10282 10200
10254 10145
15 74
77 26
44 151
27 97
144 54
192 101
36 75
53 42
37 136
22 68
41 53
180 138
152 199
42 168
197 19
2 28
166 141
191 177
73 139
146 102
49 196
67 162
10 199
49 162
100 15
127 122
120 68
68 125
140 182
102 185
175 108
190 195
65 30
177 31
129 98
190 107
180 171
62 189
102 7
10 86
48 116
194 119
130 14
39 50
79 143
87 125
198 3
137 21
171 59
55 128
161 107
47 192
144 1
51 79
76 94
134 29
3 80
151 159
98 140
17 186
106 150
77 164
100 173
83 75
12 165
34 138
111 140
145 19
13 40
125 60
61 109
189 42
127 18
54 82
59 91
173 44
144 96
141 6
77 36
38 134
40 41
84 50
181 9
160 126
59 37
174 180
48 43
68 87
89 43
176 52
174 132
139 186
185 153
41 81
76 142
184 158
45 65
55 131
56 178
132 66
177 184
139 72
115 55
116 10
45 25
157 171
62 65
68 116
144 47
4 196
138 183
135 189
105 61
180 145
19 55
7 10
22 116
43 38
85 2
9 24
36 20
