# source: JorikJooken
# original path: jj_extract\knapsackProblemInstances-master\problemInstances\n_800_c_100000000_g_10_f_0.3_eps_1e-05_s_100\test.in
# optimal value: 100006536
# format: n capacity, then weight value
800 100000000
50001016 50001071
50001023 50001045
50001077 50001051
50001033 50001014
50001082 50001068
50001087 50001081
50001007 50001036
50001040 50001007
50001033 50001008
50001030 50001033
50001045 50001007
50001033 50001005
50001063 50001095
50001008 50001063
50001083 50001056
50001044 50001032
50001049 50001068
50001031 50001043
50001084 50001063
50001028 50001035
50001023 50001007
50001048 50001023
50001065 50001027
50001064 50001022
50001041 50001074
50001049 50001048
50001025 50001049
50001071 50001010
50001094 50001078
50001097 50001043
50001004 50001045
50001038 50001025
50001055 50001028
50001099 50001023
50001034 50001012
50001052 50001029
50001036 50001070
50001005 50001065
50001050 50001065
50001090 50001047
50001052 50001081
50001001 50001060
50001078 50001056
50001031 50001000
50001020 50001028
50001028 50001011
50001046 50001020
50001069 50001058
50001026 50001007
50001066 50001017
50001029 50001068
50001008 50001007
50001081 50001041
50001078 50001025
50001023 50001089
50001034 50001062
50001055 50001007
50001094 50001028
50001074 50001084
50001061 50001095
50001029 50001047
50001044 50001056
25001025 25001066
25001024 25001029
25001061 25001099
25001094 25001055
25001017 25001088
25001089 25001096
25001076 25001095
25001012 25001096
25001093 25001071
25001041 25001018
25001072 25001048
25001045 25001034
25001032 25001091
25001083 25001076
25001016 25001022
25001087 25001074
25001043 25001030
25001063 25001044
25001048 25001054
25001020 25001063
25001010 25001068
25001061 25001062
25001004 25001071
25001024 25001077
25001033 25001094
25001047 25001010
25001042 25001086
25001014 25001026
25001097 25001043
25001069 25001031
25001059 25001100
25001059 25001024
25001085 25001023
25001070 25001082
25001060 25001055
25001018 25001031
25001013 25001036
25001083 25001045
25001011 25001072
25001070 25001048
25001067 25001071
25001043 25001021
25001097 25001083
25001057 25001026
25001016 25001029
25001062 25001073
25001001 25001093
25001033 25001097
25001094 25001066
25001093 25001035
25001022 25001099
25001042 25001031
25001067 25001067
25001001 25001018
25001100 25001076
25001043 25001089
25001096 25001070
25001045 25001005
25001082 25001087
25001076 25001073
25001037 25001010
25001030 25001071
12501100 12501063
12501007 12501091
12501079 12501098
12501032 12501047
12501061 12501023
12501015 12501044
12501033 12501079
12501003 12501098
12501027 12501062
12501014 12501093
12501036 12501050
12501081 12501056
12501092 12501016
12501009 12501048
12501022 12501065
12501031 12501020
12501076 12501098
12501085 12501094
12501038 12501001
12501091 12501044
12501085 12501080
12501055 12501033
12501013 12501092
12501023 12501045
12501069 12501055
12501026 12501053
12501096 12501064
12501036 12501027
12501031 12501015
12501036 12501047
12501047 12501048
12501020 12501070
12501037 12501092
12501037 12501013
12501074 12501091
12501032 12501055
12501038 12501034
12501073 12501059
12501068 12501052
12501009 12501027
12501030 12501011
12501094 12501046
12501002 12501036
12501010 12501063
12501094 12501067
12501007 12501079
12501090 12501097
12501100 12501065
12501058 12501089
12501040 12501026
12501065 12501027
12501093 12501006
12501004 12501007
12501052 12501078
12501043 12501047
12501019 12501095
12501065 12501048
12501097 12501049
12501009 12501008
12501040 12501008
12501072 12501036
12501094 12501016
6251004 6251069
6251044 6251061
6251035 6251080
6251082 6251080
6251058 6251005
6251057 6251044
6251043 6251073
6251056 6251084
6251053 6251071
6251066 6251032
6251089 6251030
6251091 6251069
6251017 6251023
6251021 6251073
6251020 6251075
6251098 6251059
6251050 6251091
6251094 6251093
6251025 6251093
6251085 6251083
6251075 6251078
6251038 6251029
6251049 6251039
6251081 6251023
6251001 6251041
6251018 6251021
6251040 6251047
6251066 6251079
6251010 6251078
6251057 6251031
6251090 6251092
6251086 6251026
6251083 6251060
6251072 6251078
6251079 6251058
6251021 6251007
6251010 6251061
6251083 6251079
6251061 6251022
6251092 6251019
6251006 6251005
6251072 6251065
6251042 6251032
6251025 6251075
6251096 6251022
6251004 6251003
6251015 6251022
6251046 6251062
6251034 6251024
6251034 6251020
6251031 6251051
6251040 6251077
6251035 6251058
6251069 6251051
6251052 6251034
6251095 6251100
6251034 6251064
6251047 6251094
6251070 6251058
6251018 6251074
6251044 6251037
6251092 6251026
3126050 3126091
3126045 3126004
3126070 3126006
3126002 3126057
3126066 3126044
3126022 3126074
3126083 3126091
3126003 3126098
3126064 3126059
3126004 3126080
3126012 3126091
3126071 3126030
3126063 3126068
3126005 3126011
3126041 3126011
3126046 3126096
3126051 3126076
3126053 3126075
3126039 3126021
3126027 3126040
3126085 3126030
3126013 3126077
3126064 3126096
3126069 3126008
3126078 3126076
3126049 3126016
3126033 3126035
3126068 3126043
3126034 3126024
3126030 3126067
3126055 3126046
3126040 3126028
3126074 3126088
3126002 3126049
3126034 3126079
3126006 3126010
3126016 3126096
3126032 3126076
3126006 3126075
3126061 3126083
3126028 3126022
3126076 3126020
3126044 3126060
3126008 3126071
3126011 3126034
3126075 3126010
3126060 3126017
3126072 3126005
3126081 3126010
3126071 3126062
3126089 3126026
3126057 3126079
3126080 3126052
3126074 3126015
3126095 3126069
3126066 3126040
3126075 3126022
3126014 3126012
3126049 3126091
3126029 3126001
3126049 3126020
3126007 3126070
1563540 1563519
1563566 1563543
1563569 1563561
1563537 1563519
1563558 1563560
1563569 1563578
1563589 1563529
1563538 1563507
1563549 1563549
1563582 1563566
1563600 1563593
1563513 1563543
1563580 1563559
1563548 1563522
1563539 1563583
1563539 1563550
1563557 1563538
1563502 1563518
1563543 1563523
1563575 1563536
1563549 1563587
1563589 1563573
1563536 1563529
1563539 1563532
1563567 1563532
1563501 1563592
1563517 1563541
1563541 1563521
1563528 1563547
1563554 1563545
1563538 1563527
1563510 1563535
1563521 1563572
1563533 1563586
1563517 1563545
1563542 1563556
1563522 1563581
1563522 1563598
1563538 1563566
1563525 1563513
1563545 1563593
1563508 1563556
1563581 1563548
1563561 1563558
1563551 1563552
1563519 1563559
1563597 1563555
1563547 1563586
1563533 1563543
1563555 1563564
1563558 1563547
1563591 1563519
1563518 1563520
1563589 1563590
1563563 1563600
1563567 1563557
1563583 1563516
1563530 1563565
1563541 1563549
1563515 1563506
1563516 1563504
1563556 1563535
782338 782286
782298 782302
782286 782317
782325 782317
782331 782303
782330 782299
782332 782264
782347 782340
782257 782339
782324 782293
782277 782262
782300 782263
782345 782311
782287 782293
782290 782295
782349 782292
782324 782321
782318 782348
782253 782323
782274 782287
782266 782286
782326 782287
782314 782316
782300 782306
782304 782340
782316 782346
782259 782319
782317 782296
782268 782270
782257 782278
782288 782263
782266 782260
782268 782305
782256 782342
782290 782310
782286 782312
782309 782307
782279 782274
782344 782331
782320 782298
782296 782279
782308 782274
782294 782295
782271 782332
782339 782301
782298 782310
782341 782258
782262 782328
782318 782279
782336 782329
782266 782344
782293 782332
782309 782299
782310 782294
782304 782316
782264 782272
782279 782302
782310 782278
782307 782326
782345 782276
782324 782338
782309 782273
391637 391646
391658 391641
391647 391644
391654 391686
391668 391648
391703 391700
391657 391669
391674 391652
391652 391702
391706 391696
391691 391653
391633 391656
391653 391636
391673 391670
391625 391712
391650 391655
391691 391663
391685 391685
391696 391724
391636 391653
391637 391678
391662 391668
391705 391665
391706 391661
391706 391683
391627 391718
391708 391721
391720 391716
391678 391692
391722 391626
391649 391690
391705 391656
391696 391696
391638 391627
391723 391697
391678 391688
391678 391693
391723 391712
391629 391721
391636 391649
391702 391637
391669 391664
391722 391695
391683 391696
391674 391722
391680 391627
391686 391676
391644 391659
391669 391688
391665 391708
391666 391636
391655 391693
391664 391706
391628 391696
391681 391686
391702 391667
391657 391682
391686 391714
391694 391631
391642 391650
391644 391657
391714 391671
196395 196343
196389 196343
196363 196370
196326 196349
196322 196400
196351 196406
196408 196372
196402 196379
196357 196337
196341 196353
196341 196316
196325 196412
196391 196403
196363 196368
196318 196369
196360 196368
196379 196390
196392 196355
196375 196345
196409 196326
196378 196407
196363 196333
196396 196316
196407 196351
196382 196380
196358 196325
196340 196408
196385 196411
196336 196384
196353 196351
196353 196328
196313 196405
196376 196364
196411 196367
196319 196382
196320 196392
196322 196344
196381 196353
196359 196387
196409 196323
196315 196409
196344 196343
196358 196329
196363 196370
196318 196378
196367 196329
196361 196345
196342 196400
196411 196320
196390 196392
196371 196403
196355 196350
196348 196400
196356 196369
196319 196405
196368 196356
196412 196366
196342 196318
196400 196316
196407 196373
196398 196368
196397 196363
83 90
83 52
72 77
27 13
4 66
42 42
55 94
73 35
15 46
92 7
44 59
59 16
6 36
15 89
98 7
40 65
25 55
8 3
2 79
67 78
64 26
79 46
90 20
6 54
11 75
63 25
84 82
55 22
22 65
56 29
46 79
99 84
20 56
31 89
14 54
79 67
94 63
81 42
50 66
70 100
82 88
35 47
53 15
65 69
11 59
39 1
19 14
22 9
3 9
72 91
60 100
68 55
84 15
22 31
70 7
28 46
67 53
99 9
13 71
1 99
82 90
15 27
37 83
52 30
16 82
2 77
85 34
100 90
30 68
54 20
89 16
59 52
17 66
39 88
66 27
28 100
66 47
23 83
73 74
32 74
27 56
98 27
9 94
95 55
1 71
95 59
95 58
59 57
73 81
53 24
1 12
50 34
2 72
99 77
57 28
96 43
28 38
21 59
57 93
83 50
37 94
75 40
3 38
77 22
34 41
39 19
75 99
29 48
81 13
66 80
23 45
92 30
95 94
99 7
51 57
52 4
96 3
29 53
61 40
52 58
90 74
89 3
13 43
76 90
99 86
47 47
30 78
21 15
48 88
3 86
71 37
53 99
10 51
86 80
96 35
24 67
80 77
96 21
32 47
66 92
33 15
45 35
65 9
74 54
84 79
67 44
80 90
7 83
97 22
2 67
70 67
1 83
46 50
73 60
8 40
64 64
51 37
68 43
34 17
41 41
42 53
29 61
33 85
53 40
62 82
24 91
62 63
10 8
34 3
59 77
20 62
41 46
18 47
73 12
91 12
93 42
36 93
49 52
93 21
14 9
97 48
32 68
17 50
34 40
84 27
36 53
34 7
4 82
82 59
88 94
67 58
35 97
72 71
29 96
34 65
52 3
23 56
35 64
63 84
27 72
85 36
84 67
89 27
18 84
11 1
3 41
71 65
85 61
25 47
19 100
63 49
53 90
77 82
41 11
28 24
82 65
42 69
98 81
67 7
80 80
47 3
25 13
35 23
29 39
4 16
86 46
43 5
36 74
21 11
45 69
51 1
43 32
2 94
92 24
49 95
28 28
9 83
41 58
100 32
51 90
66 77
69 4
