# source: JorikJooken
# original path: jj_extract\knapsackProblemInstances-master\problemInstances\n_400_c_1000000_g_2_f_0.1_eps_0.1_s_300\test.in
# optimal value: 606257
# format: n capacity, then weight value
400 1000000
600186 600096
600018 600031
600183 600202
600181 600063
600013 600078
600283 600245
600093 600013
600210 600106
600258 600025
600141 600111
600278 600269
600157 600144
600085 600205
600101 600010
600294 600026
600194 600227
600092 600082
600295 600149
600122 600038
600086 600166
600063 600135
600185 600194
600231 600117
600184 600050
600157 600259
600081 600046
600237 600165
600200 600036
600156 600107
600249 600042
600153 600136
600274 600061
600011 600173
600073 600105
600101 600274
600158 600009
600218 600297
600168 600154
600018 600260
600161 600266
600032 600139
600029 600268
600298 600120
600238 600142
600201 600092
600126 600169
600033 600155
600177 600060
600177 600285
600249 600133
600267 600102
600162 600170
600094 600183
600151 600084
600104 600229
600129 600240
600136 600072
600068 600026
600209 600013
600011 600297
600055 600285
600072 600225
600169 600222
600241 600160
600081 600069
600016 600102
600300 600197
600003 600097
600016 600133
600110 600291
600013 600041
600179 600061
600077 600246
600191 600086
600205 600148
600246 600288
600180 600229
600086 600104
600235 600255
600074 600233
600061 600076
600116 600266
600161 600283
600209 600267
600056 600050
600189 600076
600218 600214
600282 600134
600129 600134
600045 600153
600259 600042
600170 600162
600109 600079
600258 600020
600282 600032
600178 600214
600183 600085
600210 600077
600151 600298
600024 600236
600126 600244
600094 600226
600079 600121
600253 600197
600266 600092
600295 600117
600275 600268
600299 600146
600249 600151
600185 600021
600296 600095
600268 600114
600186 600174
600298 600238
600236 600207
600242 600223
600212 600240
600089 600037
600029 600017
600151 600299
600115 600038
600078 600067
600264 600223
600137 600060
600041 600033
600221 600105
600135 600163
600187 600261
600140 600025
600229 600088
600285 600246
600176 600134
600186 600137
600141 600188
600099 600070
600087 600213
600257 600007
600168 600059
600299 600211
600236 600288
600090 600223
600277 600275
600182 600047
600187 600051
600201 600023
600162 600103
600182 600177
600260 600255
600165 600228
600295 600139
600242 600215
600145 600249
600202 600284
600177 600068
600266 600084
600121 600172
600111 600291
600166 600136
600275 600203
600056 600212
600189 600125
600111 600249
600221 600020
600297 600242
600251 600254
600053 600289
600103 600171
600020 600089
600045 600216
600212 600228
600133 600065
600172 600113
600240 600187
600168 600145
600147 600236
600118 600022
600123 600078
600178 600012
600002 600264
600265 600263
600291 600233
600062 600092
600093 600140
600221 600286
600201 600076
600105 600283
600053 600053
600089 600079
600036 600290
600187 600182
600203 600030
600191 600028
600121 600220
600049 600239
600016 600025
600232 600043
600291 600097
600077 600186
600076 600288
600181 600068
600285 600186
600296 600053
600125 600249
600148 600143
600156 600057
600088 600105
600038 600028
600007 600020
600065 600213
600199 600060
600040 600128
600188 600238
600242 600241
600276 600018
600053 600106
600158 600088
600163 600238
600019 600143
600004 600038
600043 600017
600188 600101
600025 600064
600156 600038
600055 600016
600011 600040
600226 600185
600132 600065
600190 600102
600164 600042
600060 600107
600267 600082
600288 600128
600172 600284
600090 600176
600252 600268
600296 600117
600057 600210
600197 600003
600231 600299
600161 600091
600133 600239
600146 600130
600089 600266
600254 600192
600241 600170
600219 600171
600167 600246
600022 600098
600160 600184
600241 600063
600047 600117
600046 600157
600223 600045
600275 600277
600194 600006
600016 600224
600191 600019
600132 600284
600102 600242
600291 600013
600043 600069
600247 600106
600099 600096
600226 600150
600026 600253
600100 600025
600136 600140
600157 600299
600129 600090
600286 600297
600156 600061
600070 600273
600047 600138
600026 600181
600079 600282
600272 600091
600068 600295
600114 600206
600070 600200
600005 600025
600138 600155
600018 600236
600071 600045
600264 600162
600158 600228
600116 600115
600224 600035
600235 600186
600089 600208
600228 600227
600065 600272
600084 600150
600271 600263
600075 600213
600036 600164
600027 600084
600225 600277
600165 600010
600055 600073
600215 600280
600094 600097
600045 600075
600130 600290
600183 600073
600145 600300
600253 600188
600025 600227
600026 600084
600256 600063
600232 600092
600300 600017
600054 600209
600117 600192
600243 600262
600078 600217
600134 600176
600087 600065
600123 600294
600046 600111
600166 600175
600255 600021
600114 600216
600183 600154
600208 600109
600272 600065
600154 600142
600273 600286
600094 600299
600163 600286
600194 600201
600299 600203
600116 600071
600168 600062
600047 600026
600056 600004
600295 600234
600079 600274
600222 600221
600271 600138
600161 600163
600168 600243
600202 600149
600089 600055
600192 600160
600048 600234
600082 600060
600180 600212
600184 600220
600044 600103
600133 600233
600110 600023
600169 600036
600225 600073
600052 600236
600074 600120
600067 600140
600299 600019
600095 600128
600284 600003
600084 600099
210 46
234 182
219 164
188 185
291 204
234 77
185 73
112 277
125 54
66 176
41 294
35 94
34 151
165 164
102 44
52 189
26 208
277 228
69 102
155 41
139 90
273 6
163 157
2 205
69 259
293 150
264 99
106 147
187 133
209 125
127 136
22 182
31 263
266 24
39 131
159 20
268 286
8 298
124 167
29 126
