# source: JorikJooken
# original path: jj_extract\knapsackProblemInstances-master\problemInstances\n_800_c_10000000000_g_6_f_0.2_eps_0_s_100\test.in
# optimal value: 9687510346
# format: n capacity, then weight value
800 10000000000
5000000042 5000000043
5000000069 5000000095
5000000059 5000000053
5000000052 5000000033
5000000077 5000000057
5000000022 5000000060
5000000023 5000000039
5000000067 5000000007
5000000039 5000000065
5000000089 5000000026
5000000047 5000000040
5000000009 5000000069
5000000098 5000000033
5000000100 5000000009
5000000009 5000000048
5000000096 5000000081
5000000083 5000000017
5000000024 5000000079
5000000004 5000000033
5000000059 5000000085
5000000041 5000000082
5000000063 5000000015
5000000057 5000000055
5000000027 5000000100
5000000078 5000000034
5000000071 5000000030
5000000086 5000000100
5000000042 5000000027
5000000028 5000000012
5000000085 5000000041
5000000100 5000000009
5000000018 5000000071
5000000021 5000000009
5000000050 5000000056
5000000077 5000000056
5000000033 5000000022
5000000094 5000000050
5000000059 5000000010
5000000042 5000000053
5000000067 5000000090
5000000022 5000000010
5000000043 5000000046
5000000012 5000000079
5000000086 5000000099
5000000017 5000000100
5000000075 5000000077
5000000043 5000000029
5000000029 5000000009
5000000043 5000000067
5000000066 5000000049
5000000099 5000000083
5000000059 5000000004
5000000091 5000000011
5000000065 5000000019
5000000092 5000000038
5000000072 5000000037
5000000046 5000000033
5000000053 5000000099
5000000069 5000000057
5000000099 5000000069
5000000071 5000000074
5000000011 5000000010
5000000002 5000000035
5000000049 5000000064
5000000011 5000000062
5000000046 5000000024
5000000046 5000000022
5000000024 5000000071
5000000100 5000000065
5000000065 5000000022
5000000018 5000000004
5000000025 5000000010
5000000065 5000000019
5000000018 5000000017
5000000072 5000000030
5000000014 5000000010
5000000011 5000000007
5000000085 5000000028
5000000085 5000000012
5000000077 5000000029
5000000008 5000000088
5000000070 5000000099
5000000071 5000000079
5000000092 5000000061
5000000038 5000000012
5000000099 5000000024
5000000080 5000000096
5000000054 5000000098
5000000012 5000000051
5000000059 5000000069
5000000037 5000000057
5000000004 5000000090
5000000076 5000000051
5000000028 5000000057
5000000014 5000000084
5000000037 5000000037
5000000092 5000000046
5000000027 5000000056
5000000066 5000000034
5000000022 5000000069
5000000092 5000000100
5000000068 5000000086
5000000023 5000000035
5000000010 5000000025
5000000054 5000000030
5000000076 5000000054
5000000041 5000000077
5000000056 5000000095
5000000098 5000000058
5000000025 5000000053
5000000018 5000000072
5000000093 5000000082
5000000037 5000000095
5000000036 5000000034
5000000042 5000000074
5000000003 5000000064
5000000090 5000000024
5000000093 5000000010
5000000016 5000000032
5000000016 5000000050
5000000009 5000000068
5000000044 5000000100
5000000045 5000000035
5000000028 5000000084
5000000014 5000000098
5000000039 5000000084
5000000026 5000000045
5000000022 5000000008
2500000072 2500000022
2500000010 2500000011
2500000075 2500000038
2500000057 2500000093
2500000084 2500000050
2500000088 2500000036
2500000024 2500000080
2500000069 2500000070
2500000046 2500000094
2500000055 2500000071
2500000065 2500000056
2500000043 2500000097
2500000025 2500000036
2500000004 2500000013
2500000096 2500000088
2500000084 2500000065
2500000057 2500000007
2500000007 2500000091
2500000048 2500000006
2500000070 2500000057
2500000004 2500000041
2500000043 2500000033
2500000034 2500000049
2500000016 2500000035
2500000087 2500000085
2500000093 2500000053
2500000045 2500000015
2500000008 2500000084
2500000093 2500000023
2500000072 2500000041
2500000064 2500000067
2500000097 2500000023
2500000030 2500000029
2500000069 2500000027
2500000062 2500000011
2500000010 2500000082
2500000010 2500000007
2500000046 2500000063
2500000099 2500000026
2500000011 2500000025
2500000032 2500000063
2500000035 2500000086
2500000025 2500000075
2500000077 2500000062
2500000008 2500000011
2500000049 2500000046
2500000099 2500000035
2500000081 2500000081
2500000030 2500000004
2500000074 2500000070
2500000039 2500000020
2500000015 2500000014
2500000036 2500000049
2500000043 2500000091
2500000053 2500000083
2500000044 2500000084
2500000064 2500000044
2500000017 2500000005
2500000060 2500000008
2500000076 2500000062
2500000045 2500000027
2500000095 2500000085
2500000044 2500000071
2500000081 2500000098
2500000047 2500000041
2500000005 2500000090
2500000068 2500000052
2500000020 2500000019
2500000011 2500000089
2500000037 2500000027
2500000074 2500000095
2500000034 2500000071
2500000046 2500000090
2500000045 2500000005
2500000066 2500000003
2500000025 2500000100
2500000023 2500000036
2500000035 2500000054
2500000024 2500000054
2500000050 2500000052
2500000084 2500000068
2500000063 2500000095
2500000035 2500000079
2500000022 2500000012
2500000028 2500000088
2500000040 2500000091
2500000080 2500000002
2500000057 2500000045
2500000064 2500000003
2500000065 2500000043
2500000099 2500000007
2500000052 2500000038
2500000048 2500000025
2500000038 2500000041
2500000054 2500000078
2500000011 2500000041
2500000032 2500000019
2500000011 2500000006
2500000075 2500000046
2500000027 2500000081
2500000094 2500000040
2500000100 2500000053
2500000006 2500000039
2500000006 2500000018
2500000051 2500000044
2500000100 2500000039
2500000031 2500000087
2500000045 2500000062
2500000094 2500000045
2500000069 2500000026
2500000096 2500000067
2500000012 2500000021
2500000036 2500000082
2500000014 2500000028
2500000073 2500000017
2500000070 2500000047
2500000058 2500000052
2500000066 2500000002
2500000047 2500000029
2500000045 2500000031
2500000092 2500000023
2500000059 2500000094
2500000029 2500000016
2500000026 2500000007
2500000045 2500000065
2500000047 2500000025
2500000085 2500000045
2500000039 2500000007
1250000037 1250000035
1250000031 1250000099
1250000013 1250000069
1250000047 1250000015
1250000008 1250000044
1250000023 1250000091
1250000028 1250000080
1250000013 1250000090
1250000030 1250000014
1250000095 1250000056
1250000059 1250000053
1250000073 1250000091
1250000093 1250000032
1250000049 1250000066
1250000094 1250000093
1250000029 1250000081
1250000065 1250000066
1250000037 1250000030
1250000027 1250000032
1250000059 1250000094
1250000011 1250000011
1250000077 1250000003
1250000003 1250000039
1250000018 1250000035
1250000045 1250000062
1250000091 1250000087
1250000071 1250000078
1250000068 1250000018
1250000075 1250000068
1250000073 1250000044
1250000010 1250000056
1250000065 1250000017
1250000044 1250000032
1250000080 1250000063
1250000076 1250000014
1250000076 1250000076
1250000041 1250000033
1250000087 1250000031
1250000028 1250000098
1250000017 1250000049
1250000058 1250000019
1250000065 1250000037
1250000068 1250000015
1250000088 1250000009
1250000050 1250000030
1250000062 1250000006
1250000090 1250000085
1250000029 1250000085
1250000019 1250000100
1250000050 1250000047
1250000031 1250000014
1250000056 1250000070
1250000100 1250000003
1250000026 1250000034
1250000039 1250000077
1250000035 1250000069
1250000097 1250000065
1250000079 1250000043
1250000033 1250000044
1250000006 1250000001
1250000097 1250000040
1250000087 1250000004
1250000025 1250000031
1250000071 1250000003
1250000040 1250000034
1250000083 1250000037
1250000092 1250000013
1250000005 1250000100
1250000098 1250000034
1250000007 1250000060
1250000023 1250000022
1250000059 1250000065
1250000086 1250000081
1250000073 1250000034
1250000090 1250000019
1250000086 1250000079
1250000022 1250000068
1250000014 1250000023
1250000063 1250000094
1250000029 1250000055
1250000002 1250000068
1250000038 1250000038
1250000064 1250000018
1250000003 1250000007
1250000023 1250000029
1250000041 1250000099
1250000078 1250000093
1250000100 1250000052
1250000056 1250000035
1250000093 1250000064
1250000017 1250000070
1250000004 1250000008
1250000004 1250000042
1250000048 1250000047
1250000044 1250000043
1250000048 1250000003
1250000002 1250000071
1250000014 1250000089
1250000083 1250000041
1250000026 1250000036
1250000004 1250000094
1250000006 1250000093
1250000097 1250000068
1250000020 1250000055
1250000077 1250000056
1250000065 1250000059
1250000019 1250000038
1250000069 1250000053
1250000012 1250000081
1250000001 1250000027
1250000076 1250000054
1250000058 1250000016
1250000025 1250000066
1250000037 1250000045
1250000059 1250000040
1250000029 1250000001
1250000040 1250000056
1250000037 1250000030
1250000081 1250000082
1250000080 1250000039
1250000039 1250000075
1250000067 1250000029
1250000027 1250000083
1250000031 1250000015
1250000053 1250000053
1250000046 1250000018
1250000084 1250000096
1250000005 1250000032
625000067 625000065
625000096 625000051
625000028 625000039
625000040 625000089
625000018 625000003
625000047 625000010
625000088 625000071
625000070 625000036
625000034 625000070
625000081 625000055
625000021 625000051
625000062 625000094
625000100 625000017
625000020 625000091
625000025 625000099
625000041 625000068
625000051 625000016
625000023 625000017
625000002 625000069
625000099 625000098
625000060 625000064
625000054 625000073
625000048 625000053
625000022 625000088
625000091 625000031
625000053 625000065
625000060 625000005
625000030 625000071
625000005 625000042
625000081 625000027
625000081 625000025
625000024 625000083
625000025 625000044
625000029 625000076
625000037 625000096
625000097 625000095
625000022 625000024
625000050 625000023
625000045 625000078
625000004 625000062
625000053 625000072
625000060 625000094
625000052 625000031
625000076 625000021
625000046 625000100
625000099 625000048
625000033 625000088
625000087 625000047
625000083 625000063
625000050 625000075
625000019 625000038
625000009 625000097
625000100 625000081
625000057 625000096
625000089 625000090
625000060 625000018
625000081 625000064
625000004 625000066
625000059 625000064
625000046 625000068
625000092 625000029
625000039 625000081
625000070 625000008
625000021 625000003
625000053 625000041
625000081 625000060
625000068 625000082
625000033 625000064
625000011 625000065
625000075 625000056
625000031 625000090
625000091 625000048
625000018 625000093
625000027 625000061
625000081 625000011
625000070 625000063
625000097 625000021
625000058 625000082
625000052 625000052
625000077 625000007
625000084 625000060
625000028 625000021
625000012 625000023
625000009 625000062
625000072 625000061
625000006 625000086
625000088 625000016
625000023 625000011
625000087 625000079
625000086 625000009
625000058 625000041
625000050 625000093
625000068 625000047
625000032 625000095
625000081 625000086
625000041 625000016
625000004 625000041
625000094 625000021
625000063 625000062
625000075 625000068
625000064 625000020
625000023 625000088
625000081 625000029
625000069 625000013
625000092 625000066
625000039 625000069
625000020 625000085
625000061 625000043
625000049 625000075
625000014 625000028
625000097 625000019
625000027 625000053
625000093 625000051
625000089 625000048
625000007 625000017
625000077 625000035
625000054 625000098
625000022 625000011
625000096 625000074
625000099 625000065
625000098 625000066
625000066 625000050
625000075 625000012
625000008 625000032
625000043 625000057
625000099 625000015
625000091 625000090
625000059 625000035
312500064 312500086
312500068 312500018
312500085 312500090
312500012 312500001
312500035 312500058
312500037 312500020
312500049 312500072
312500042 312500047
312500069 312500083
312500016 312500065
312500036 312500088
312500009 312500082
312500093 312500022
312500099 312500018
312500043 312500055
312500019 312500096
312500030 312500085
312500023 312500055
312500019 312500011
312500041 312500046
312500007 312500083
312500049 312500059
312500075 312500036
312500078 312500087
312500063 312500036
312500008 312500067
312500084 312500086
312500018 312500059
312500047 312500085
312500094 312500039
312500080 312500022
312500035 312500041
312500033 312500017
312500081 312500003
312500054 312500080
312500065 312500037
312500059 312500043
312500044 312500035
312500046 312500066
312500034 312500100
312500046 312500090
312500015 312500027
312500082 312500089
312500048 312500024
312500029 312500006
312500020 312500034
312500076 312500076
312500084 312500042
312500008 312500008
312500088 312500096
312500003 312500036
312500011 312500043
312500031 312500088
312500036 312500001
312500093 312500077
312500050 312500024
312500039 312500048
312500086 312500092
312500079 312500065
312500044 312500022
312500058 312500059
312500077 312500023
312500083 312500027
312500028 312500027
312500011 312500014
312500027 312500056
312500028 312500065
312500060 312500033
312500071 312500057
312500021 312500039
312500040 312500089
312500030 312500100
312500079 312500055
312500061 312500029
312500050 312500089
312500047 312500056
312500086 312500053
312500049 312500030
312500048 312500057
312500073 312500034
312500024 312500018
312500002 312500019
312500078 312500002
312500100 312500033
312500036 312500082
312500033 312500007
312500095 312500019
312500034 312500075
312500010 312500027
312500085 312500078
312500087 312500068
312500046 312500078
312500020 312500083
312500048 312500049
312500023 312500054
312500057 312500035
312500059 312500083
312500026 312500005
312500023 312500011
312500095 312500078
312500022 312500057
312500072 312500074
312500079 312500024
312500005 312500086
312500096 312500082
312500043 312500082
312500079 312500012
312500040 312500100
312500032 312500069
312500013 312500078
312500059 312500091
312500050 312500060
312500021 312500074
312500003 312500053
312500067 312500015
312500070 312500014
312500034 312500018
312500058 312500012
312500036 312500038
312500048 312500047
312500093 312500071
312500004 312500012
312500047 312500007
312500032 312500086
312500040 312500070
312500092 312500003
312500092 312500060
312500025 312500050
48 32
42 53
94 16
99 15
70 86
46 52
7 5
19 49
18 9
94 50
62 90
79 46
46 60
35 62
59 37
48 33
66 61
57 13
2 68
48 53
91 61
91 29
22 84
43 83
53 65
96 38
81 23
19 58
10 28
40 12
6 99
47 15
93 32
62 43
76 88
68 33
11 100
68 65
91 97
81 37
1 31
61 87
47 12
86 46
72 8
76 52
30 68
13 4
73 49
78 49
70 63
49 22
75 7
30 32
52 95
95 45
26 4
43 39
89 61
91 34
60 93
55 91
57 12
27 85
8 45
60 16
36 36
90 12
21 39
79 96
60 98
94 33
37 67
40 74
31 33
39 64
96 68
57 90
24 63
48 99
93 11
98 35
74 78
7 96
25 37
49 46
21 41
54 20
100 44
81 27
3 89
28 80
26 80
98 57
63 61
45 64
28 39
92 32
40 41
20 5
36 53
55 21
61 29
74 86
78 34
24 77
61 39
25 46
15 12
58 7
32 93
84 17
12 44
77 97
30 16
5 36
79 6
39 12
35 82
29 57
84 14
80 24
48 39
36 72
15 47
8 6
100 21
30 44
3 45
7 54
75 3
78 17
29 41
19 71
26 2
96 8
100 19
19 12
53 34
94 8
4 85
57 61
39 92
61 37
89 55
37 94
18 62
14 37
3 6
75 92
64 83
80 29
73 81
94 32
39 96
10 92
38 55
34 15
5 22
64 73
