# source: JorikJooken
# original path: jj_extract\knapsackProblemInstances-master\problemInstances\n_1200_c_10000000000_g_10_f_0.2_eps_0.1_s_300\test.in
# optimal value: 9996132418
# format: n capacity, then weight value
1200 10000000000
6000000039 6000000139
6000000215 6000000067
6000000255 6000000152
6000000162 6000000066
6000000193 6000000216
6000000056 6000000104
6000000236 6000000192
6000000069 6000000111
6000000062 6000000028
6000000209 6000000063
6000000236 6000000271
6000000099 6000000276
6000000140 6000000233
6000000293 6000000149
6000000156 6000000210
6000000191 6000000147
6000000181 6000000299
6000000263 6000000179
6000000192 6000000222
6000000100 6000000220
6000000070 6000000290
6000000118 6000000292
6000000227 6000000090
6000000152 6000000185
6000000180 6000000119
6000000272 6000000195
6000000250 6000000143
6000000088 6000000251
6000000131 6000000103
6000000234 6000000272
6000000246 6000000047
6000000187 6000000214
6000000021 6000000275
6000000240 6000000177
6000000235 6000000105
6000000050 6000000268
6000000112 6000000233
6000000037 6000000007
6000000051 6000000209
6000000046 6000000223
6000000073 6000000161
6000000068 6000000140
6000000198 6000000237
6000000013 6000000078
6000000151 6000000012
6000000274 6000000293
6000000171 6000000055
6000000119 6000000021
6000000284 6000000264
6000000087 6000000292
6000000096 6000000042
6000000272 6000000073
6000000018 6000000277
6000000216 6000000254
6000000136 6000000118
6000000239 6000000150
6000000024 6000000209
6000000081 6000000161
6000000101 6000000098
6000000251 6000000094
6000000073 6000000093
6000000198 6000000110
6000000040 6000000108
6000000144 6000000296
6000000095 6000000279
6000000180 6000000164
6000000182 6000000117
6000000153 6000000081
6000000184 6000000201
6000000007 6000000298
6000000181 6000000236
6000000113 6000000172
6000000199 6000000025
6000000252 6000000063
6000000140 6000000201
6000000041 6000000194
6000000183 6000000188
6000000056 6000000233
6000000215 6000000285
6000000048 6000000221
6000000226 6000000280
6000000172 6000000156
6000000058 6000000179
6000000271 6000000028
6000000081 6000000119
6000000030 6000000254
6000000140 6000000082
6000000047 6000000207
6000000125 6000000113
6000000068 6000000132
6000000026 6000000252
6000000213 6000000196
6000000111 6000000095
6000000154 6000000022
6000000199 6000000136
6000000121 6000000225
6000000204 6000000170
6000000025 6000000164
6000000078 6000000154
6000000128 6000000038
6000000199 6000000238
6000000217 6000000244
6000000300 6000000006
6000000190 6000000154
6000000292 6000000176
6000000095 6000000094
3500000217 3500000203
3500000038 3500000232
3500000253 3500000246
3500000278 3500000257
3500000097 3500000036
3500000112 3500000264
3500000029 3500000118
3500000276 3500000017
3500000010 3500000026
3500000195 3500000194
3500000022 3500000278
3500000216 3500000012
3500000123 3500000123
3500000233 3500000060
3500000243 3500000296
3500000143 3500000033
3500000015 3500000081
3500000177 3500000071
3500000252 3500000142
3500000079 3500000137
3500000280 3500000170
3500000080 3500000170
3500000193 3500000214
3500000243 3500000061
3500000014 3500000106
3500000255 3500000088
3500000165 3500000132
3500000065 3500000009
3500000244 3500000041
3500000141 3500000223
3500000081 3500000256
3500000174 3500000250
3500000201 3500000002
3500000259 3500000272
3500000122 3500000296
3500000218 3500000169
3500000110 3500000245
3500000013 3500000145
3500000207 3500000258
3500000167 3500000090
3500000101 3500000024
3500000065 3500000194
3500000097 3500000067
3500000200 3500000173
3500000078 3500000068
3500000225 3500000252
3500000244 3500000227
3500000107 3500000160
3500000020 3500000012
3500000215 3500000066
3500000026 3500000295
3500000234 3500000001
3500000093 3500000081
3500000099 3500000022
3500000117 3500000116
3500000064 3500000064
3500000018 3500000124
3500000159 3500000021
3500000020 3500000056
3500000146 3500000239
3500000127 3500000113
3500000288 3500000156
3500000080 3500000141
3500000112 3500000179
3500000036 3500000056
3500000031 3500000128
3500000019 3500000259
3500000152 3500000282
3500000280 3500000250
3500000165 3500000113
3500000175 3500000279
3500000140 3500000005
3500000149 3500000164
3500000290 3500000054
3500000214 3500000042
3500000237 3500000160
3500000127 3500000263
3500000137 3500000224
3500000038 3500000277
3500000011 3500000071
3500000022 3500000062
3500000110 3500000066
3500000229 3500000193
3500000097 3500000163
3500000148 3500000224
3500000151 3500000289
3500000294 3500000025
3500000021 3500000077
3500000297 3500000039
3500000071 3500000295
3500000273 3500000197
3500000215 3500000018
3500000274 3500000135
3500000059 3500000022
3500000203 3500000082
3500000100 3500000238
3500000291 3500000286
3500000101 3500000286
3500000212 3500000258
3500000296 3500000292
3500000270 3500000034
3500000265 3500000227
3500000047 3500000140
3500000103 3500000271
3500000162 3500000087
3500000245 3500000173
2250000281 2250000011
2250000115 2250000229
2250000182 2250000192
2250000195 2250000032
2250000145 2250000229
2250000079 2250000069
2250000148 2250000293
2250000164 2250000134
2250000236 2250000258
2250000097 2250000178
2250000007 2250000134
2250000058 2250000060
2250000062 2250000137
2250000082 2250000154
2250000218 2250000228
2250000206 2250000085
2250000209 2250000184
2250000039 2250000279
2250000018 2250000209
2250000300 2250000053
2250000212 2250000268
2250000130 2250000291
2250000043 2250000209
2250000236 2250000097
2250000187 2250000049
2250000021 2250000289
2250000287 2250000177
2250000062 2250000196
2250000158 2250000261
2250000255 2250000256
2250000089 2250000056
2250000181 2250000096
2250000215 2250000215
2250000276 2250000027
2250000067 2250000111
2250000268 2250000204
2250000260 2250000079
2250000092 2250000073
2250000142 2250000036
2250000291 2250000202
2250000256 2250000042
2250000111 2250000277
2250000226 2250000060
2250000066 2250000010
2250000196 2250000242
2250000225 2250000186
2250000291 2250000285
2250000191 2250000173
2250000053 2250000199
2250000197 2250000107
2250000134 2250000031
2250000220 2250000148
2250000053 2250000218
2250000163 2250000058
2250000191 2250000200
2250000059 2250000047
2250000257 2250000049
2250000235 2250000233
2250000098 2250000015
2250000293 2250000254
2250000074 2250000288
2250000018 2250000005
2250000097 2250000092
2250000166 2250000204
2250000157 2250000087
2250000252 2250000214
2250000239 2250000259
2250000114 2250000114
2250000138 2250000087
2250000213 2250000151
2250000215 2250000145
2250000144 2250000064
2250000152 2250000177
2250000103 2250000038
2250000199 2250000002
2250000052 2250000126
2250000079 2250000031
2250000145 2250000294
2250000092 2250000173
2250000163 2250000268
2250000191 2250000129
2250000009 2250000056
2250000073 2250000249
2250000078 2250000232
2250000046 2250000084
2250000120 2250000231
2250000079 2250000093
2250000217 2250000166
2250000224 2250000242
2250000294 2250000145
2250000040 2250000213
2250000096 2250000276
2250000024 2250000048
2250000172 2250000143
2250000032 2250000183
2250000208 2250000100
2250000089 2250000083
2250000157 2250000154
2250000076 2250000138
2250000248 2250000035
2250000013 2250000212
2250000096 2250000103
2250000244 2250000024
2250000027 2250000144
2250000041 2250000007
2250000195 2250000037
1625000153 1625000055
1625000028 1625000166
1625000261 1625000032
1625000128 1625000049
1625000231 1625000242
1625000043 1625000003
1625000043 1625000238
1625000275 1625000262
1625000154 1625000185
1625000164 1625000278
1625000172 1625000061
1625000250 1625000080
1625000236 1625000005
1625000105 1625000024
1625000198 1625000009
1625000265 1625000091
1625000036 1625000274
1625000152 1625000291
1625000017 1625000116
1625000093 1625000066
1625000207 1625000274
1625000268 1625000035
1625000029 1625000238
1625000257 1625000163
1625000008 1625000287
1625000145 1625000293
1625000182 1625000281
1625000198 1625000088
1625000256 1625000129
1625000094 1625000294
1625000078 1625000085
1625000126 1625000137
1625000042 1625000217
1625000243 1625000291
1625000183 1625000274
1625000245 1625000104
1625000253 1625000262
1625000110 1625000254
1625000129 1625000228
1625000246 1625000295
1625000286 1625000128
1625000222 1625000096
1625000191 1625000183
1625000109 1625000265
1625000152 1625000082
1625000044 1625000212
1625000239 1625000030
1625000268 1625000194
1625000025 1625000202
1625000212 1625000065
1625000287 1625000223
1625000049 1625000216
1625000289 1625000224
1625000178 1625000063
1625000077 1625000122
1625000197 1625000062
1625000072 1625000274
1625000151 1625000280
1625000105 1625000012
1625000081 1625000190
1625000146 1625000139
1625000050 1625000270
1625000210 1625000199
1625000033 1625000222
1625000193 1625000133
1625000074 1625000132
1625000112 1625000115
1625000100 1625000057
1625000168 1625000271
1625000046 1625000273
1625000216 1625000118
1625000234 1625000277
1625000248 1625000148
1625000270 1625000154
1625000130 1625000179
1625000272 1625000264
1625000102 1625000233
1625000191 1625000148
1625000068 1625000086
1625000052 1625000191
1625000231 1625000118
1625000145 1625000272
1625000266 1625000048
1625000137 1625000066
1625000219 1625000043
1625000266 1625000248
1625000098 1625000151
1625000287 1625000112
1625000029 1625000184
1625000062 1625000187
1625000036 1625000082
1625000246 1625000280
1625000015 1625000013
1625000256 1625000248
1625000290 1625000134
1625000076 1625000274
1625000096 1625000201
1625000286 1625000183
1625000184 1625000180
1625000115 1625000067
1625000216 1625000092
1625000211 1625000231
1625000065 1625000170
1625000104 1625000272
1625000059 1625000014
1625000164 1625000035
1312500173 1312500067
1312500175 1312500126
1312500024 1312500180
1312500045 1312500004
1312500162 1312500269
1312500210 1312500207
1312500045 1312500131
1312500251 1312500028
1312500274 1312500196
1312500089 1312500085
1312500069 1312500129
1312500283 1312500140
1312500211 1312500036
1312500006 1312500064
1312500119 1312500291
1312500060 1312500078
1312500003 1312500294
1312500009 1312500068
1312500192 1312500170
1312500077 1312500198
1312500083 1312500162
1312500282 1312500296
1312500271 1312500257
1312500242 1312500008
1312500004 1312500094
1312500142 1312500142
1312500227 1312500166
1312500135 1312500186
1312500103 1312500243
1312500121 1312500033
1312500244 1312500018
1312500036 1312500042
1312500116 1312500188
1312500286 1312500214
1312500092 1312500129
1312500199 1312500268
1312500275 1312500151
1312500005 1312500197
1312500052 1312500164
1312500125 1312500203
1312500086 1312500051
1312500096 1312500255
1312500052 1312500175
1312500296 1312500150
1312500112 1312500009
1312500002 1312500252
1312500251 1312500174
1312500136 1312500232
1312500262 1312500188
1312500166 1312500194
1312500020 1312500170
1312500124 1312500187
1312500227 1312500031
1312500204 1312500296
1312500051 1312500264
1312500285 1312500235
1312500042 1312500161
1312500198 1312500272
1312500266 1312500058
1312500240 1312500218
1312500126 1312500123
1312500066 1312500211
1312500109 1312500051
1312500258 1312500071
1312500034 1312500072
1312500191 1312500136
1312500171 1312500134
1312500020 1312500038
1312500145 1312500055
1312500058 1312500131
1312500082 1312500200
1312500157 1312500030
1312500207 1312500198
1312500255 1312500156
1312500007 1312500129
1312500248 1312500263
1312500250 1312500221
1312500006 1312500162
1312500017 1312500164
1312500110 1312500135
1312500275 1312500169
1312500112 1312500063
1312500297 1312500263
1312500006 1312500174
1312500101 1312500127
1312500094 1312500210
1312500157 1312500142
1312500081 1312500157
1312500191 1312500096
1312500078 1312500059
1312500036 1312500134
1312500260 1312500006
1312500019 1312500073
1312500275 1312500235
1312500232 1312500206
1312500060 1312500293
1312500055 1312500121
1312500297 1312500104
1312500019 1312500179
1312500211 1312500233
1312500085 1312500207
1312500200 1312500269
1312500201 1312500076
1312500215 1312500281
1312500084 1312500296
1312500231 1312500046
1156250278 1156250119
1156250015 1156250110
1156250079 1156250281
1156250067 1156250242
1156250167 1156250053
1156250189 1156250049
1156250161 1156250106
1156250107 1156250018
1156250176 1156250285
1156250125 1156250058
1156250294 1156250248
1156250252 1156250234
1156250265 1156250072
1156250187 1156250177
1156250157 1156250209
1156250127 1156250089
1156250216 1156250177
1156250277 1156250205
1156250166 1156250060
1156250249 1156250058
1156250014 1156250019
1156250150 1156250181
1156250155 1156250040
1156250032 1156250266
1156250258 1156250227
1156250081 1156250157
1156250220 1156250172
1156250183 1156250151
1156250134 1156250275
1156250068 1156250185
1156250229 1156250195
1156250204 1156250229
1156250054 1156250102
1156250044 1156250103
1156250121 1156250034
1156250193 1156250076
1156250004 1156250159
1156250176 1156250107
1156250184 1156250084
1156250236 1156250145
1156250225 1156250253
1156250291 1156250143
1156250066 1156250018
1156250012 1156250021
1156250201 1156250293
1156250189 1156250165
1156250177 1156250253
1156250262 1156250285
1156250010 1156250138
1156250062 1156250041
1156250219 1156250282
1156250050 1156250272
1156250014 1156250047
1156250300 1156250010
1156250244 1156250063
1156250056 1156250085
1156250213 1156250129
1156250055 1156250214
1156250282 1156250081
1156250028 1156250227
1156250149 1156250098
1156250251 1156250278
1156250014 1156250072
1156250204 1156250001
1156250215 1156250217
1156250051 1156250173
1156250262 1156250002
1156250068 1156250205
1156250116 1156250082
1156250152 1156250040
1156250206 1156250266
1156250294 1156250089
1156250100 1156250163
1156250041 1156250154
1156250239 1156250251
1156250128 1156250257
1156250158 1156250298
1156250281 1156250104
1156250259 1156250123
1156250192 1156250089
1156250082 1156250020
1156250166 1156250052
1156250135 1156250256
1156250026 1156250193
1156250118 1156250188
1156250035 1156250146
1156250274 1156250151
1156250257 1156250208
1156250066 1156250125
1156250271 1156250195
1156250013 1156250160
1156250243 1156250100
1156250113 1156250227
1156250287 1156250011
1156250268 1156250113
1156250166 1156250124
1156250260 1156250240
1156250279 1156250068
1156250213 1156250007
1156250062 1156250095
1156250262 1156250024
1156250084 1156250208
1156250049 1156250120
1156250092 1156250232
1156250229 1156250070
1156250242 1156250106
1078125086 1078125235
1078125054 1078125086
1078125073 1078125290
1078125242 1078125167
1078125203 1078125180
1078125199 1078125270
1078125246 1078125184
1078125208 1078125165
1078125200 1078125078
1078125115 1078125243
1078125043 1078125085
1078125118 1078125224
1078125224 1078125077
1078125059 1078125126
1078125165 1078125202
1078125043 1078125154
1078125010 1078125194
1078125081 1078125235
1078125105 1078125198
1078125049 1078125003
1078125243 1078125259
1078125231 1078125012
1078125005 1078125284
1078125059 1078125025
1078125098 1078125003
1078125012 1078125185
1078125274 1078125057
1078125213 1078125005
1078125251 1078125175
1078125128 1078125090
1078125277 1078125034
1078125141 1078125083
1078125167 1078125072
1078125115 1078125289
1078125095 1078125052
1078125117 1078125034
1078125064 1078125220
1078125193 1078125187
1078125161 1078125035
1078125124 1078125037
1078125128 1078125025
1078125010 1078125187
1078125149 1078125165
1078125209 1078125134
1078125111 1078125290
1078125083 1078125275
1078125037 1078125277
1078125154 1078125157
1078125134 1078125086
1078125285 1078125230
1078125233 1078125044
1078125112 1078125200
1078125074 1078125071
1078125128 1078125122
1078125220 1078125151
1078125063 1078125218
1078125167 1078125075
1078125083 1078125026
1078125289 1078125049
1078125182 1078125043
1078125297 1078125080
1078125295 1078125206
1078125278 1078125244
1078125010 1078125118
1078125123 1078125217
1078125067 1078125159
1078125212 1078125202
1078125141 1078125033
1078125034 1078125109
1078125190 1078125178
1078125105 1078125145
1078125092 1078125290
1078125097 1078125252
1078125296 1078125061
1078125180 1078125248
1078125203 1078125256
1078125143 1078125005
1078125184 1078125079
1078125287 1078125210
1078125157 1078125264
1078125174 1078125193
1078125038 1078125024
1078125026 1078125193
1078125228 1078125143
1078125121 1078125270
1078125116 1078125022
1078125131 1078125269
1078125250 1078125045
1078125173 1078125223
1078125068 1078125102
1078125201 1078125081
1078125064 1078125001
1078125190 1078125196
1078125179 1078125049
1078125062 1078125005
1078125111 1078125269
1078125226 1078125239
1078125263 1078125141
1078125253 1078125121
1078125237 1078125173
1078125289 1078125122
1078125198 1078125096
1078125230 1078125153
1078125031 1078125060
1078125144 1078125029
1078125264 1078125215
1039062640 1039062703
1039062758 1039062606
1039062761 1039062739
1039062518 1039062747
1039062659 1039062514
1039062543 1039062589
1039062796 1039062800
1039062550 1039062508
1039062776 1039062525
1039062629 1039062708
1039062516 1039062612
1039062691 1039062561
1039062605 1039062549
1039062521 1039062531
1039062506 1039062794
1039062594 1039062783
1039062648 1039062713
1039062507 1039062751
1039062778 1039062695
1039062798 1039062779
1039062709 1039062738
1039062709 1039062520
1039062781 1039062648
1039062773 1039062655
1039062648 1039062772
1039062587 1039062698
1039062643 1039062734
1039062671 1039062730
1039062617 1039062552
1039062576 1039062685
1039062712 1039062736
1039062547 1039062527
1039062533 1039062634
1039062631 1039062661
1039062618 1039062782
1039062680 1039062531
1039062510 1039062562
1039062548 1039062758
1039062706 1039062610
1039062609 1039062781
1039062638 1039062513
1039062615 1039062588
1039062698 1039062727
1039062626 1039062731
1039062765 1039062508
1039062532 1039062715
1039062659 1039062699
1039062770 1039062583
1039062639 1039062502
1039062636 1039062502
1039062611 1039062600
1039062609 1039062788
1039062751 1039062749
1039062673 1039062708
1039062767 1039062530
1039062655 1039062741
1039062582 1039062707
1039062679 1039062795
1039062679 1039062744
1039062628 1039062506
1039062621 1039062605
1039062522 1039062670
1039062787 1039062766
1039062699 1039062503
1039062577 1039062543
1039062733 1039062667
1039062670 1039062607
1039062791 1039062670
1039062558 1039062563
1039062675 1039062575
1039062743 1039062743
1039062707 1039062665
1039062526 1039062704
1039062761 1039062557
1039062535 1039062769
1039062728 1039062753
1039062758 1039062714
1039062797 1039062587
1039062646 1039062690
1039062746 1039062656
1039062690 1039062689
1039062605 1039062761
1039062528 1039062782
1039062720 1039062622
1039062696 1039062584
1039062696 1039062661
1039062686 1039062768
1039062669 1039062702
1039062635 1039062772
1039062764 1039062614
1039062745 1039062738
1039062582 1039062596
1039062655 1039062724
1039062615 1039062602
1039062670 1039062740
1039062687 1039062616
1039062783 1039062753
1039062514 1039062580
1039062617 1039062639
1039062656 1039062646
1039062528 1039062641
1039062756 1039062640
1039062576 1039062744
1039062663 1039062512
1039062667 1039062519
1039062524 1039062688
1019531519 1019531506
1019531407 1019531477
1019531313 1019531369
1019531377 1019531486
1019531354 1019531528
1019531329 1019531510
1019531480 1019531270
1019531419 1019531375
1019531347 1019531290
1019531398 1019531491
1019531544 1019531400
1019531475 1019531542
1019531292 1019531524
1019531259 1019531305
1019531465 1019531433
1019531375 1019531355
1019531468 1019531524
1019531527 1019531405
1019531443 1019531262
1019531262 1019531284
1019531251 1019531319
1019531338 1019531464
1019531512 1019531434
1019531451 1019531431
1019531361 1019531504
1019531278 1019531497
1019531504 1019531314
1019531252 1019531380
1019531355 1019531485
1019531275 1019531515
1019531408 1019531376
1019531483 1019531404
1019531281 1019531544
1019531269 1019531444
1019531343 1019531473
1019531300 1019531281
1019531507 1019531475
1019531348 1019531256
1019531385 1019531294
1019531341 1019531479
1019531327 1019531291
1019531256 1019531473
1019531523 1019531283
1019531347 1019531299
1019531521 1019531534
1019531354 1019531413
1019531342 1019531460
1019531477 1019531465
1019531323 1019531533
1019531355 1019531416
1019531425 1019531416
1019531423 1019531504
1019531436 1019531298
1019531413 1019531542
1019531348 1019531285
1019531409 1019531452
1019531526 1019531444
1019531369 1019531463
1019531524 1019531355
1019531445 1019531454
1019531425 1019531352
1019531520 1019531475
1019531447 1019531533
1019531340 1019531327
1019531461 1019531548
1019531436 1019531294
1019531539 1019531531
1019531479 1019531464
1019531428 1019531420
1019531259 1019531416
1019531522 1019531352
1019531550 1019531390
1019531517 1019531403
1019531485 1019531264
1019531342 1019531361
1019531465 1019531371
1019531538 1019531275
1019531549 1019531441
1019531459 1019531271
1019531346 1019531539
1019531431 1019531353
1019531348 1019531502
1019531275 1019531390
1019531288 1019531440
1019531258 1019531479
1019531501 1019531505
1019531549 1019531482
1019531485 1019531288
1019531484 1019531454
1019531405 1019531537
1019531452 1019531258
1019531342 1019531376
1019531534 1019531542
1019531413 1019531496
1019531431 1019531315
1019531276 1019531544
1019531326 1019531478
1019531316 1019531504
1019531470 1019531408
1019531255 1019531545
1019531262 1019531378
1019531510 1019531331
1019531290 1019531323
1019531501 1019531459
1019531334 1019531263
1019531360 1019531441
130 71
86 80
132 93
70 40
114 150
87 213
196 166
88 14
192 240
35 17
271 114
116 170
170 286
43 55
7 126
167 100
67 286
241 269
93 61
179 133
225 294
30 17
114 70
173 273
78 152
250 180
60 281
86 227
281 58
93 189
11 198
41 93
204 300
97 232
158 13
224 37
117 274
257 291
249 69
220 188
15 121
41 218
5 52
231 54
257 20
290 95
12 271
124 263
164 197
7 205
229 293
148 194
228 113
29 244
2 14
97 160
274 48
14 250
241 86
155 175
112 6
290 71
223 276
10 186
107 60
297 33
258 38
81 160
87 42
66 163
300 235
16 83
270 153
291 230
86 7
261 245
238 77
113 89
135 20
216 10
275 122
203 271
44 228
103 184
234 161
136 61
14 294
278 115
212 117
105 280
262 254
28 46
41 200
221 263
39 123
100 251
108 296
135 68
295 268
214 196
174 271
212 10
46 177
55 3
70 224
256 92
259 142
127 208
10 187
206 9
79 7
207 194
273 214
16 145
77 67
183 241
285 132
238 100
207 61
233 150
169 88
64 255
108 241
60 36
233 185
203 192
162 53
102 35
37 276
238 213
49 131
111 138
159 137
245 162
72 30
198 160
235 266
249 214
5 292
91 60
260 211
111 12
170 15
132 221
125 233
213 112
54 94
27 180
117 118
110 42
162 103
106 88
148 57
30 64
177 139
165 125
89 156
240 150
35 298
192 162
128 14
203 160
113 155
295 100
164 219
136 286
209 141
117 245
296 40
118 126
245 59
58 224
117 97
97 58
119 81
50 38
108 28
53 97
202 215
151 150
35 9
120 118
259 248
213 223
62 243
111 276
140 3
196 267
269 41
253 201
196 9
270 226
30 64
70 195
200 117
285 247
71 274
76 180
71 231
263 12
68 251
10 51
90 253
74 56
69 140
59 171
253 229
131 40
53 208
238 87
72 119
236 159
83 283
35 126
79 31
144 256
18 83
174 171
16 72
262 62
72 122
284 76
107 234
269 273
122 76
230 129
219 178
74 141
154 258
147 4
60 45
265 287
205 9
296 70
221 292
260 199
275 174
160 141
3 155
27 121
63 187
118 41
300 165
1 112
105 238
61 161
