# source: JorikJooken
# original path: jj_extract\knapsackProblemInstances-master\problemInstances\n_600_c_1000000_g_6_f_0.1_eps_0.01_s_200\test.in
# optimal value: 1002908
# format: n capacity, then weight value
600 1000000
510009 510141
510107 510074
510071 510147
510035 510159
510143 510071
510148 510177
510161 510048
510140 510186
510059 510119
510145 510052
510167 510180
510033 510140
510156 510159
510125 510099
510010 510140
510142 510100
510039 510152
510080 510176
510194 510093
510031 510050
510025 510018
510117 510149
510023 510179
510041 510093
510064 510104
510131 510105
510061 510079
510008 510071
510005 510042
510038 510040
510001 510140
510181 510145
510041 510072
510084 510106
510166 510067
510078 510016
510137 510036
510105 510069
510143 510129
510003 510101
510085 510057
510187 510107
510197 510195
510103 510138
510063 510175
510124 510124
510071 510142
510145 510106
510057 510181
510147 510085
510030 510048
510136 510063
510119 510005
510168 510024
510080 510012
510191 510033
510051 510097
510014 510091
510103 510033
510156 510167
510003 510008
510137 510004
510083 510170
510086 510200
510059 510006
510136 510151
510137 510038
510193 510137
510041 510159
510172 510157
510073 510131
510176 510102
510113 510136
510093 510149
510034 510058
510163 510117
510173 510043
510158 510021
510112 510107
510066 510130
510168 510174
510106 510075
510111 510135
510012 510154
510060 510191
510105 510015
510191 510151
510080 510020
510106 510037
510005 510066
510184 510198
510138 510185
510018 510091
510007 510070
510089 510049
510166 510161
510097 510096
510024 510133
510159 510115
510137 510139
510147 510012
510056 510105
510038 510023
510045 510017
510197 510110
510196 510085
510092 510166
510053 510004
260087 260100
260018 260084
260087 260023
260148 260052
260078 260139
260032 260026
260084 260092
260186 260145
260016 260173
260024 260012
260154 260166
260191 260160
260110 260082
260118 260071
260155 260118
260016 260093
260191 260105
260122 260001
260024 260026
260081 260200
260020 260110
260009 260092
260165 260165
260187 260003
260139 260003
260031 260195
260162 260081
260110 260112
260059 260160
260085 260094
260010 260186
260105 260075
260140 260071
260112 260167
260133 260161
260190 260135
260098 260006
260079 260029
260038 260114
260004 260062
260153 260153
260024 260138
260156 260031
260069 260010
260069 260094
260031 260126
260029 260001
260184 260102
260199 260014
260053 260141
260091 260049
260095 260072
260187 260086
260076 260196
260039 260072
260015 260065
260180 260024
260089 260064
260175 260127
260019 260106
260019 260172
260090 260093
260181 260030
260159 260123
260001 260021
260114 260014
260153 260023
260141 260148
260031 260040
260147 260190
260060 260101
260012 260033
260177 260163
260086 260107
260118 260087
260114 260006
260153 260189
260067 260113
260031 260097
260179 260139
260092 260061
260052 260008
260073 260002
260166 260062
260087 260024
260037 260127
260103 260051
260007 260122
260011 260168
260111 260196
260003 260012
260045 260053
260097 260113
260179 260076
260196 260001
260074 260153
260051 260093
260094 260017
260132 260050
260019 260192
260194 260040
260070 260102
260158 260044
260103 260034
260024 260022
260084 260090
260029 260035
260194 260182
135032 135086
135073 135023
135045 135137
135024 135028
135008 135178
135010 135085
135174 135190
135179 135101
135006 135069
135005 135034
135195 135010
135157 135187
135020 135075
135059 135118
135154 135050
135046 135109
135194 135057
135091 135058
135066 135081
135111 135117
135102 135137
135078 135170
135024 135183
135034 135010
135069 135143
135137 135170
135128 135158
135056 135089
135182 135164
135124 135161
135168 135160
135157 135060
135179 135156
135003 135030
135179 135166
135108 135009
135018 135176
135040 135199
135050 135102
135155 135163
135120 135169
135185 135104
135141 135076
135165 135011
135134 135040
135026 135004
135023 135112
135102 135078
135077 135034
135116 135153
135140 135073
135151 135002
135166 135066
135062 135118
135093 135143
135060 135180
135107 135048
135110 135104
135091 135123
135143 135064
135156 135139
135016 135104
135052 135159
135069 135154
135120 135015
135104 135062
135075 135193
135022 135104
135015 135163
135110 135059
135097 135123
135138 135195
135006 135128
135104 135005
135073 135196
135147 135067
135060 135130
135106 135159
135191 135030
135041 135023
135005 135036
135127 135171
135114 135132
135085 135073
135151 135057
135191 135049
135067 135047
135113 135133
135046 135158
135174 135171
135045 135104
135108 135079
135050 135056
135046 135064
135008 135169
135115 135145
135191 135150
135008 135157
135122 135155
135085 135025
135030 135099
135034 135085
135080 135036
135032 135040
135169 135137
135045 135156
135055 135034
135040 135194
72519 72661
72517 72532
72593 72564
72687 72501
72508 72626
72681 72529
72689 72632
72519 72677
72658 72582
72510 72508
72684 72643
72507 72541
72558 72651
72536 72600
72602 72509
72514 72647
72588 72595
72607 72667
72526 72539
72642 72644
72540 72672
72566 72523
72557 72528
72562 72652
72531 72635
72527 72539
72522 72561
72539 72503
72566 72621
72680 72607
72672 72572
72592 72556
72572 72583
72652 72640
72569 72630
72550 72633
72556 72625
72531 72696
72678 72549
72590 72626
72527 72584
72644 72666
72650 72593
72554 72655
72588 72683
72698 72653
72637 72601
72555 72537
72637 72516
72595 72547
72530 72533
72663 72653
72593 72695
72501 72626
72510 72571
72535 72524
72565 72628
72539 72514
72533 72684
72512 72597
72533 72633
72668 72621
72522 72627
72660 72617
72564 72661
72547 72579
72675 72549
72543 72532
72646 72592
72609 72515
72534 72528
72629 72595
72698 72683
72637 72596
72504 72621
72642 72694
72617 72660
72669 72640
72509 72670
72618 72645
72625 72570
72506 72633
72649 72576
72681 72564
72552 72556
72642 72665
72525 72540
72601 72573
72625 72660
72650 72591
72628 72604
72555 72657
72583 72632
72666 72525
72636 72572
72685 72625
72649 72610
72509 72538
72589 72695
72642 72696
72632 72672
72694 72608
72640 72631
72526 72546
72579 72570
72622 72600
72573 72565
72640 72634
41278 41344
41350 41411
41420 41387
41338 41263
41356 41359
41426 41419
41269 41347
41291 41341
41321 41417
41352 41255
41433 41288
41311 41447
41318 41312
41303 41396
41262 41394
41419 41289
41429 41333
41303 41348
41300 41343
41281 41302
41426 41428
41411 41374
41348 41440
41331 41443
41374 41408
41394 41397
41296 41325
41290 41347
41271 41378
41345 41339
41429 41439
41385 41274
41284 41304
41297 41363
41318 41379
41378 41323
41314 41403
41357 41417
41418 41376
41422 41377
41305 41319
41334 41405
41262 41318
41300 41301
41439 41325
41255 41441
41380 41350
41431 41428
41434 41296
41431 41362
41306 41416
41378 41446
41262 41293
41434 41266
41348 41329
41383 41391
41401 41278
41376 41287
41342 41334
41377 41383
41346 41428
41377 41409
41290 41398
41343 41412
41311 41266
41390 41415
41296 41312
41427 41413
41281 41431
41268 41276
41348 41445
41329 41421
41274 41254
41280 41415
41445 41274
41251 41324
41410 41381
41302 41426
41436 41387
41381 41355
41341 41251
41445 41327
41423 41417
41450 41346
41330 41427
41333 41448
41251 41315
41421 41320
41272 41423
41414 41420
41422 41382
41289 41416
41287 41304
41430 41259
41285 41275
41354 41438
41449 41428
41356 41347
41297 41312
41331 41262
41276 41405
41299 41396
41284 41341
41296 41256
41420 41317
41369 41390
41362 41426
41418 41365
192 59
111 86
28 142
54 83
129 188
155 148
133 73
200 25
73 99
83 153
73 160
155 40
124 63
72 189
109 133
63 114
174 137
98 31
107 48
39 55
180 23
88 67
97 19
44 180
74 91
8 156
109 197
127 49
85 46
180 140
169 8
16 46
76 104
192 186
125 68
64 37
184 186
100 187
51 65
157 29
95 46
132 47
123 21
2 178
37 189
28 98
192 58
126 78
194 12
74 84
54 37
141 173
184 80
191 194
51 69
58 3
179 29
27 164
191 57
87 182
