# source: JorikJooken
# original path: jj_extract\knapsackProblemInstances-master\problemInstances\n_1000_c_1000000_g_2_f_0.1_eps_0.1_s_200\test.in
# optimal value: 610142
# format: n capacity, then weight value
1000 1000000
600083 600099
600067 600007
600176 600173
600157 600120
600102 600018
600081 600112
600029 600016
600131 600156
600181 600180
600023 600142
600014 600054
600055 600044
600123 600067
600183 600162
600037 600169
600179 600055
600027 600169
600180 600071
600061 600115
600066 600070
600158 600125
600093 600197
600093 600023
600011 600166
600016 600140
600007 600143
600118 600063
600050 600088
600057 600160
600004 600005
600010 600195
600189 600047
600068 600050
600051 600192
600158 600162
600090 600180
600200 600103
600196 600052
600088 600135
600085 600011
600061 600112
600003 600180
600195 600009
600200 600160
600163 600002
600105 600025
600111 600092
600120 600111
600075 600130
600004 600054
600198 600064
600158 600015
600045 600081
600074 600175
600106 600145
600021 600171
600026 600080
600142 600130
600057 600075
600088 600172
600124 600197
600178 600029
600095 600143
600121 600195
600153 600011
600104 600072
600141 600142
600172 600143
600074 600109
600090 600115
600085 600178
600062 600050
600156 600051
600014 600102
600080 600122
600137 600108
600164 600118
600147 600072
600088 600134
600112 600154
600056 600020
600194 600128
600019 600028
600112 600083
600181 600138
600151 600082
600124 600070
600190 600110
600148 600005
600158 600134
600183 600082
600063 600138
600044 600085
600037 600061
600070 600120
600175 600124
600042 600022
600015 600140
600182 600006
600027 600158
600174 600028
600125 600100
600126 600074
600124 600087
600135 600041
600116 600080
600052 600009
600102 600194
600155 600164
600170 600170
600068 600136
600125 600018
600063 600139
600033 600119
600157 600035
600153 600097
600173 600058
600124 600168
600049 600109
600158 600173
600016 600189
600035 600045
600034 600169
600174 600127
600117 600013
600084 600042
600130 600149
600016 600157
600191 600175
600021 600075
600070 600003
600129 600017
600180 600170
600095 600077
600069 600159
600055 600066
600193 600054
600150 600187
600053 600031
600099 600017
600107 600087
600128 600192
600194 600099
600026 600115
600116 600133
600063 600112
600024 600162
600182 600185
600194 600041
600063 600100
600005 600181
600070 600035
600185 600118
600032 600008
600199 600128
600027 600145
600182 600173
600063 600081
600150 600114
600171 600136
600084 600014
600026 600010
600193 600108
600070 600163
600041 600037
600062 600155
600119 600129
600041 600170
600106 600079
600094 600014
600160 600114
600103 600124
600155 600100
600004 600035
600180 600008
600096 600015
600144 600075
600125 600156
600133 600187
600089 600003
600057 600006
600195 600162
600126 600077
600077 600101
600024 600098
600150 600054
600066 600175
600004 600150
600182 600041
600193 600163
600064 600055
600032 600137
600149 600131
600130 600198
600019 600188
600200 600119
600060 600003
600147 600077
600028 600096
600151 600070
600160 600102
600032 600030
600140 600125
600097 600086
600141 600054
600132 600062
600177 600086
600141 600135
600192 600145
600018 600023
600166 600044
600011 600035
600085 600034
600133 600136
600111 600009
600040 600118
600094 600011
600190 600146
600029 600064
600153 600116
600109 600107
600102 600172
600118 600148
600158 600062
600079 600148
600017 600079
600042 600006
600010 600158
600186 600165
600194 600146
600098 600172
600127 600076
600061 600128
600019 600064
600128 600155
600129 600030
600048 600024
600009 600141
600125 600029
600063 600102
600086 600130
600194 600016
600116 600182
600180 600161
600092 600153
600034 600168
600063 600003
600183 600055
600142 600035
600173 600058
600194 600054
600025 600076
600067 600032
600164 600182
600083 600178
600086 600196
600184 600011
600008 600195
600095 600014
600147 600117
600033 600168
600120 600113
600131 600166
600175 600091
600125 600131
600162 600154
600198 600044
600010 600027
600152 600146
600170 600054
600191 600134
600108 600081
600116 600077
600033 600028
600009 600175
600195 600155
600047 600001
600005 600053
600020 600031
600009 600081
600078 600015
600169 600044
600113 600110
600090 600002
600085 600087
600194 600005
600090 600083
600044 600057
600049 600086
600053 600042
600028 600169
600180 600197
600104 600103
600108 600102
600006 600186
600123 600089
600058 600143
600029 600193
600148 600014
600131 600198
600049 600125
600124 600115
600024 600088
600034 600023
600082 600138
600015 600152
600134 600124
600184 600134
600075 600194
600079 600031
600156 600148
600142 600028
600021 600133
600101 600061
600051 600111
600141 600012
600131 600170
600165 600093
600059 600140
600112 600023
600052 600058
600022 600132
600075 600089
600160 600175
600057 600099
600195 600100
600032 600117
600043 600100
600141 600194
600152 600190
600066 600080
600093 600147
600115 600108
600145 600027
600179 600189
600052 600054
600069 600159
600018 600074
600198 600032
600038 600053
600091 600037
600122 600040
600007 600158
600137 600081
600072 600023
600041 600001
600070 600048
600147 600059
600081 600140
600085 600129
600055 600006
600142 600161
600136 600005
600037 600024
600023 600103
600047 600075
600005 600158
600184 600010
600173 600075
600037 600078
600087 600055
600010 600130
600013 600042
600044 600188
600073 600064
600099 600014
600051 600192
600187 600083
600112 600048
600020 600167
600169 600151
600148 600136
600058 600067
600017 600042
600104 600061
600078 600121
600095 600196
600081 600179
600039 600005
600129 600141
600161 600044
600148 600014
600122 600106
600187 600090
600003 600005
600160 600087
600002 600183
600075 600179
600130 600148
600060 600180
600176 600196
600068 600103
600094 600066
600031 600028
600102 600185
600085 600145
600006 600059
600115 600086
600059 600193
600101 600151
600029 600192
600031 600124
600004 600064
600033 600011
600144 600184
600130 600057
600163 600199
600163 600101
600186 600033
600120 600090
600141 600119
600023 600006
600015 600155
600179 600024
600179 600194
600165 600055
600168 600080
600088 600068
600178 600006
600110 600088
600194 600113
600176 600107
600045 600041
600001 600086
600021 600075
600036 600001
600040 600139
600047 600144
600073 600004
600110 600056
600058 600032
600115 600148
600049 600017
600125 600143
600110 600015
600145 600087
600127 600084
600165 600127
600168 600155
600132 600187
600020 600071
600103 600195
600121 600125
600050 600030
600006 600116
600118 600067
600186 600147
600061 600150
600168 600180
600110 600177
600175 600043
600080 600062
600186 600018
600039 600090
600156 600142
600151 600192
600069 600152
600098 600091
600068 600165
600064 600180
600041 600191
600053 600139
600154 600125
600160 600130
600097 600070
600009 600046
600116 600158
600184 600161
600113 600057
600127 600109
600125 600086
600061 600089
600049 600086
600165 600200
600164 600001
600172 600101
600052 600136
600108 600086
600043 600038
600191 600157
600172 600033
600146 600153
600184 600194
600016 600134
600041 600072
600099 600137
600090 600040
600072 600171
600070 600084
600169 600018
600162 600039
600097 600033
600045 600116
600183 600152
600121 600005
600150 600020
600039 600019
600003 600146
600010 600154
600065 600022
600154 600097
600141 600189
600058 600075
600112 600019
600032 600086
600022 600082
600148 600077
600184 600041
600065 600022
600109 600197
600017 600200
600096 600130
600048 600159
600150 600084
600128 600065
600162 600133
600126 600137
600161 600181
600196 600122
600149 600168
600172 600095
600068 600043
600126 600199
600157 600164
600142 600011
600155 600096
600041 600172
600013 600060
600115 600145
600098 600062
600047 600176
600031 600131
600100 600109
600127 600141
600069 600123
600065 600177
600199 600145
600135 600040
600067 600180
600055 600113
600162 600110
600072 600080
600059 600086
600046 600070
600080 600019
600155 600054
600170 600178
600029 600065
600107 600170
600163 600113
600074 600005
600147 600093
600116 600110
600095 600068
600149 600073
600154 600141
600148 600198
600130 600072
600177 600171
600049 600055
600176 600110
600142 600157
600096 600112
600106 600160
600062 600097
600175 600079
600176 600134
600180 600104
600068 600164
600100 600182
600116 600196
600167 600173
600057 600195
600192 600069
600102 600070
600040 600021
600184 600196
600026 600193
600191 600088
600194 600146
600099 600164
600076 600115
600178 600115
600008 600167
600131 600090
600044 600140
600054 600141
600165 600041
600150 600193
600191 600052
600038 600051
600189 600042
600022 600097
600080 600188
600053 600061
600029 600109
600092 600084
600023 600057
600153 600192
600110 600182
600058 600174
600056 600108
600137 600011
600060 600050
600051 600072
600024 600033
600047 600174
600035 600150
600069 600033
600038 600026
600029 600089
600104 600104
600051 600018
600149 600086
600031 600158
600148 600035
600102 600033
600076 600129
600180 600102
600023 600056
600143 600064
600079 600082
600193 600166
600181 600176
600004 600086
600190 600119
600054 600144
600028 600176
600164 600132
600075 600119
600128 600198
600095 600022
600106 600052
600174 600133
600139 600094
600104 600077
600031 600020
600194 600057
600032 600018
600027 600197
600153 600137
600063 600114
600055 600128
600185 600108
600053 600051
600197 600059
600088 600083
600179 600014
600174 600097
600199 600155
600198 600042
600101 600198
600200 600168
600098 600199
600080 600178
600073 600004
600083 600012
600008 600104
600026 600019
600160 600200
600156 600054
600052 600008
600031 600190
600017 600055
600030 600034
600011 600122
600197 600075
600111 600195
600077 600050
600195 600004
600172 600045
600138 600174
600176 600102
600118 600131
600042 600181
600007 600003
600040 600186
600032 600199
600146 600077
600099 600147
600078 600050
600172 600063
600143 600057
600020 600170
600084 600128
600171 600137
600056 600074
600035 600118
600021 600012
600151 600172
600151 600164
600071 600161
600070 600009
600113 600085
600175 600050
600039 600198
600037 600129
600078 600119
600086 600079
600010 600189
600017 600017
600187 600030
600004 600145
600136 600074
600141 600012
600005 600004
600061 600124
600023 600125
600048 600062
600067 600088
600152 600154
600150 600050
600113 600078
600105 600079
600052 600186
600036 600022
600110 600160
600170 600011
600113 600021
600164 600063
600058 600041
600065 600105
600071 600106
600094 600005
600022 600034
600018 600050
600107 600180
600175 600044
600187 600183
600200 600193
600039 600172
600080 600160
600096 600048
600135 600055
600014 600131
600149 600032
600187 600040
600028 600117
600093 600034
600054 600025
600053 600154
600074 600193
600143 600037
600003 600016
600046 600072
600197 600069
600113 600022
600109 600130
600090 600108
600023 600018
600107 600071
600025 600168
600113 600106
600116 600055
600142 600159
600159 600047
600065 600116
600158 600130
600176 600156
600185 600050
600031 600047
600086 600122
600107 600076
600020 600178
600154 600076
600061 600199
600058 600189
600116 600082
600074 600178
600126 600020
600031 600127
600116 600085
600065 600139
600054 600064
600093 600111
600196 600191
600091 600008
600153 600084
600025 600138
600163 600117
600064 600077
600032 600034
600195 600145
600059 600158
600098 600187
600066 600153
600139 600179
600085 600007
600043 600106
600082 600092
600029 600177
600081 600063
600022 600095
600102 600008
600029 600042
600173 600054
600172 600104
600125 600057
600077 600040
600097 600061
600011 600133
600065 600184
600124 600112
600152 600189
600037 600014
600186 600002
600114 600104
600133 600003
600199 600153
600196 600163
600166 600168
600061 600151
600002 600062
600198 600194
600181 600179
600103 600082
600171 600073
600183 600122
600068 600094
600144 600076
600140 600160
600021 600150
600131 600190
600092 600113
600197 600145
600148 600189
600003 600118
600131 600165
600101 600190
600177 600152
600023 600031
600016 600167
600023 600197
600105 600037
600108 600159
600003 600058
600089 600176
600180 600183
600060 600152
600024 600133
600104 600018
600171 600118
600168 600046
600188 600085
600135 600010
600086 600032
600164 600151
600158 600191
600179 600034
600189 600093
600132 600086
600124 600174
600181 600136
600038 600173
600014 600071
600029 600034
600087 600103
600135 600022
600132 600154
600030 600045
600058 600036
600115 600004
600063 600193
600128 600006
600116 600008
600178 600009
600185 600012
600016 600052
600057 600024
600165 600052
600164 600037
600023 600106
600109 600091
600027 600028
600008 600175
600173 600121
600075 600131
600196 600146
600167 600080
600143 600120
600039 600126
600033 600111
600196 600095
600081 600156
600039 600009
600115 600165
600075 600024
600044 600183
600132 600085
600121 600012
600105 600016
600035 600177
600118 600132
600116 600035
600158 600031
600189 600017
600040 600159
600135 600147
600117 600080
600092 600184
171 171
198 194
67 10
88 106
199 49
1 84
33 10
37 15
18 31
12 193
167 65
183 157
32 121
36 123
41 164
60 157
137 162
70 105
132 91
181 192
58 83
63 126
171 158
18 155
35 149
115 3
123 125
138 144
42 115
193 122
79 36
142 35
59 120
113 77
195 70
135 47
66 64
103 181
26 103
40 2
127 195
7 127
158 52
34 145
125 143
152 21
59 112
78 121
152 139
56 146
34 43
180 34
120 149
121 171
63 196
15 15
11 53
18 60
91 156
180 96
50 50
125 27
96 189
88 82
179 40
39 31
48 130
196 10
172 193
159 113
189 47
184 114
171 66
135 48
1 98
64 54
200 68
5 132
117 88
137 146
155 175
199 65
59 39
142 171
127 125
43 129
119 116
136 177
178 76
14 68
43 172
152 101
116 34
65 47
84 55
47 83
76 102
29 51
165 126
196 15
