# source: JorikJooken
# original path: jj_extract\knapsackProblemInstances-master\problemInstances\n_800_c_1000000_g_14_f_0.3_eps_0.1_s_100\test.in
# optimal value: 1005080
# format: n capacity, then weight value
800 1000000
600056 600062
600038 600075
600006 600011
600019 600085
600020 600074
600017 600025
600057 600041
600015 600091
600071 600052
600085 600059
600051 600062
600096 600075
600011 600049
600039 600087
600066 600058
600097 600033
600085 600089
600019 600006
600087 600085
600089 600069
600012 600012
600049 600041
600062 600066
600003 600036
600023 600081
600054 600042
600076 600029
600070 600072
600100 600006
600004 600026
600006 600090
600089 600070
600052 600095
600085 600045
600098 600018
600088 600052
600005 600001
600061 600016
600027 600054
600019 600080
600002 600029
600028 600099
600078 600097
350040 350048
350070 350077
350012 350092
350100 350023
350040 350096
350065 350087
350010 350063
350026 350042
350008 350075
350073 350053
350028 350004
350083 350015
350067 350023
350082 350100
350095 350001
350021 350033
350013 350061
350053 350021
350060 350071
350047 350037
350073 350006
350012 350090
350048 350072
350025 350087
350003 350056
350074 350032
350014 350027
350009 350040
350049 350058
350002 350037
350066 350094
350042 350008
350096 350090
350044 350028
350016 350075
350092 350019
350031 350048
350043 350067
350018 350014
350007 350097
350010 350069
350085 350035
350014 350092
225033 225061
225022 225015
225054 225066
225096 225046
225089 225032
225011 225007
225007 225025
225051 225081
225011 225008
225088 225079
225036 225053
225031 225024
225013 225008
225064 225053
225041 225029
225017 225038
225006 225096
225093 225092
225038 225016
225060 225093
225065 225001
225099 225076
225043 225063
225049 225004
225079 225048
225059 225078
225091 225040
225073 225009
225093 225076
225081 225077
225085 225033
225036 225037
225077 225090
225035 225038
225063 225040
225035 225057
225044 225074
225031 225023
225063 225013
225059 225007
225001 225091
225084 225029
225039 225081
162586 162513
162504 162594
162570 162555
162533 162508
162560 162578
162526 162509
162523 162511
162572 162594
162515 162581
162550 162576
162524 162591
162579 162566
162584 162518
162593 162537
162516 162545
162545 162509
162554 162574
162574 162594
162569 162557
162523 162505
162513 162567
162587 162572
162565 162564
162559 162596
162501 162541
162514 162595
162597 162534
162586 162580
162582 162504
162507 162588
162506 162502
162561 162518
162588 162596
162599 162557
162519 162552
162533 162520
162523 162512
162590 162554
162571 162557
162591 162501
162516 162591
162561 162593
162571 162535
131304 131325
131330 131279
131317 131295
131252 131312
131314 131317
131321 131321
131334 131340
131310 131270
131252 131331
131281 131254
131290 131260
131276 131329
131285 131348
131314 131318
131350 131282
131304 131278
131332 131256
131283 131265
131326 131252
131256 131257
131289 131340
131270 131299
131333 131348
131268 131308
131338 131305
131338 131307
131290 131293
131335 131272
131300 131272
131339 131333
131251 131298
131265 131274
131319 131315
131273 131320
131312 131276
131343 131298
131300 131263
131338 131266
131313 131328
131293 131309
131277 131313
131257 131263
131266 131332
115670 115704
115692 115705
115702 115721
115634 115711
115675 115691
115684 115638
115651 115723
115664 115725
115627 115658
115662 115689
115628 115701
115665 115669
115632 115723
115717 115646
115630 115723
115662 115682
115654 115670
115717 115679
115644 115668
115631 115702
115648 115684
115685 115708
115666 115633
115665 115640
115670 115689
115679 115723
115681 115718
115631 115683
115662 115699
115648 115643
115657 115681
115631 115679
115696 115660
115721 115694
115721 115637
115680 115660
115678 115705
115643 115638
115700 115657
115697 115688
115690 115676
115633 115688
115666 115656
107816 107898
107845 107826
107884 107878
107892 107909
107817 107911
107864 107844
107887 107879
107890 107821
107908 107834
107848 107865
107876 107875
107908 107816
107817 107862
107911 107875
107872 107850
107871 107908
107833 107819
107835 107892
107889 107862
107885 107903
107823 107892
107815 107889
107823 107855
107844 107883
107863 107868
107912 107815
107900 107868
107904 107883
107862 107890
107885 107851
107839 107853
107834 107824
107879 107813
107843 107826
107853 107870
107825 107847
107871 107894
107855 107873
107854 107899
107877 107851
107828 107836
107867 107880
107901 107902
103962 103934
103942 103998
103913 103989
103955 103953
103973 103914
103990 103972
103959 103967
103915 103974
103913 103978
103938 103914
103913 103985
103936 103935
103993 103966
104005 103953
103915 103934
103973 103990
104003 103933
103927 103954
103946 103994
103955 103908
103907 103947
103955 103920
103913 103929
103909 103913
103914 103915
103942 103995
103950 103984
103968 103938
103911 103954
103951 103985
103962 103934
103983 103990
103960 103962
104000 103972
103999 103978
103932 103969
104004 103952
103909 103932
104006 103983
103991 103911
103917 103968
104001 103912
103913 103918
101985 102043
101984 102028
101988 102009
101971 101957
101957 102011
102042 102024
101980 102001
101971 102039
102025 102024
102007 102012
101986 102018
102042 102041
102040 102009
102038 102038
101995 101959
101988 101971
102010 101962
102016 101965
102024 101993
101997 102021
101975 102015
101992 101955
102049 101985
102048 102016
101975 102016
101973 101981
101978 101996
101967 101962
102032 102012
102012 102026
101970 102008
101958 101963
101997 101958
102004 102050
101964 102002
101990 102010
101993 101962
101986 101961
101968 102044
101990 101991
102011 102014
101963 101981
101996 102041
101018 101004
101059 101003
101037 100999
101056 101020
101054 100992
101058 101010
101038 101053
101049 100980
100983 101018
100990 101012
101053 100984
100983 101055
101014 101053
100983 101063
101072 101042
101037 101018
101013 100999
101047 101045
101074 100994
100982 101014
101022 101007
101064 101000
101008 101040
101076 100997
101053 101004
101022 101013
101069 101051
101060 100997
101065 100999
101024 100998
101069 101004
101016 101020
101000 101045
100978 101013
101053 101009
101027 100979
101000 101076
101032 100980
101014 100996
101018 100983
101005 100980
101067 100980
101057 101035
100504 100499
100575 100583
100516 100546
100502 100519
100490 100507
100516 100498
100489 100576
100526 100496
100522 100491
100520 100570
100568 100536
100525 100558
100574 100545
100572 100575
100577 100565
100542 100542
100581 100517
100497 100510
100585 100585
100505 100562
100494 100518
100519 100552
100502 100534
100576 100550
100566 100514
100547 100516
100548 100577
100526 100543
100506 100497
100539 100568
100538 100534
100500 100574
100569 100550
100555 100497
100502 100555
100490 100507
100495 100517
100533 100536
100572 100521
100528 100492
100519 100567
100524 100529
100502 100538
100301 100282
100344 100309
100265 100315
100264 100340
100266 100279
100309 100304
100332 100284
100304 100275
100327 100294
100252 100303
100282 100284
100333 100268
100264 100284
100267 100328
100264 100327
100299 100262
100313 100341
100333 100297
100248 100300
100281 100291
100259 100326
100253 100326
100252 100335
100275 100327
100336 100284
100334 100307
100332 100311
100248 100248
100314 100262
100265 100251
100277 100283
100279 100281
100321 100327
100342 100306
100312 100268
100311 100328
100295 100253
100306 100289
100259 100306
100307 100266
100338 100291
100336 100295
100267 100335
100202 100198
100136 100189
100178 100148
100184 100169
100142 100153
100188 100192
100195 100215
100124 100169
100198 100153
100196 100185
100215 100143
100222 100207
100209 100145
100123 100127
100201 100141
100209 100186
100222 100146
100175 100208
100180 100211
100202 100216
100124 100196
100132 100182
100174 100159
100175 100141
100207 100138
100153 100170
100180 100206
100170 100202
100148 100157
100124 100168
100197 100167
100161 100188
100124 100190
100148 100182
100180 100206
100173 100159
100183 100128
100201 100204
100143 100189
100154 100137
100205 100146
100146 100148
100147 100126
61 37
50 32
42 56
80 82
80 97
54 88
82 52
76 29
84 12
13 52
6 57
44 2
69 37
14 1
30 85
90 46
61 28
45 69
11 62
65 2
99 18
46 34
39 88
99 62
68 75
51 2
58 3
52 57
34 52
89 90
55 79
15 96
14 33
53 73
26 52
71 49
68 1
98 6
32 47
79 18
64 81
23 4
32 89
45 78
32 86
83 15
89 69
25 18
67 74
54 7
90 24
65 9
62 98
94 25
22 71
28 91
23 85
49 59
1 40
81 31
6 11
16 43
44 2
70 27
8 21
38 80
29 33
85 100
66 100
74 11
62 1
31 53
21 84
52 36
50 79
55 60
41 31
41 62
21 92
51 84
81 88
17 72
29 70
46 66
73 10
93 65
22 11
40 63
24 42
77 45
83 63
73 37
43 18
89 26
82 51
75 5
74 75
4 3
42 40
52 27
11 16
39 61
24 53
95 22
92 46
67 55
34 99
12 64
43 51
57 97
2 64
29 78
10 31
82 47
69 80
26 62
25 16
98 79
60 98
52 60
10 79
18 10
53 93
17 57
94 31
12 82
15 56
83 60
15 68
57 34
75 70
45 94
96 8
37 97
35 77
50 53
53 33
1 80
76 14
81 26
22 15
24 9
16 5
5 77
98 13
49 72
69 73
86 45
82 14
45 33
32 100
31 58
48 59
20 5
35 3
9 100
56 79
77 54
16 54
6 29
34 82
93 37
6 18
60 28
41 45
96 11
42 91
49 83
50 28
15 27
96 72
84 28
20 71
43 5
17 66
82 64
70 98
80 41
69 70
69 20
81 30
53 95
74 67
77 4
95 84
58 9
71 30
61 25
82 21
27 28
7 66
51 64
99 100
55 96
12 38
64 98
75 31
58 32
53 19
62 7
71 16
3 57
56 85
46 43
30 11
32 73
39 57
97 39
46 23
54 8
83 7
17 92
37 38
62 32
31 20
53 46
59 62
99 93
45 94
6 73
68 82
37 86
59 47
38 99
60 14
43 45
75 92
67 26
11 98
8 22
42 87
64 59
86 91
30 86
12 88
3 80
13 30
6 9
94 78
60 43
6 58
