# source: JorikJooken
# original path: jj_extract\knapsackProblemInstances-master\problemInstances\n_1200_c_100000000_g_6_f_0.3_eps_1e-05_s_100\test.in
# optimal value: 96927267
# format: n capacity, then weight value
1200 100000000
50001016 50001029
50001069 50001080
50001079 50001059
50001065 50001074
50001049 50001021
50001048 50001097
50001054 50001084
50001017 50001012
50001036 50001068
50001075 50001050
50001083 50001090
50001033 50001061
50001075 50001033
50001057 50001090
50001028 50001093
50001082 50001026
50001063 50001091
50001060 50001014
50001072 50001036
50001059 50001046
50001042 50001058
50001023 50001037
50001019 50001026
50001074 50001079
50001069 50001037
50001011 50001054
50001011 50001008
50001090 50001051
50001039 50001002
50001021 50001071
50001013 50001042
50001070 50001058
50001092 50001074
50001008 50001013
50001004 50001067
50001058 50001071
50001000 50001067
50001046 50001013
50001008 50001012
50001045 50001073
50001088 50001087
50001005 50001092
50001016 50001073
50001058 50001039
50001068 50001064
50001049 50001027
50001099 50001048
50001073 50001066
50001028 50001024
50001028 50001083
50001013 50001001
50001054 50001039
50001053 50001091
50001050 50001034
50001037 50001081
50001062 50001029
50001089 50001014
50001074 50001088
50001053 50001057
50001067 50001009
50001025 50001038
50001008 50001007
50001062 50001008
50001043 50001090
50001078 50001048
50001069 50001043
50001073 50001062
50001060 50001047
50001014 50001089
50001018 50001025
50001069 50001047
50001090 50001081
50001031 50001089
50001031 50001039
50001013 50001099
50001095 50001083
50001031 50001017
50001017 50001000
50001020 50001042
50001012 50001021
50001054 50001046
50001090 50001066
50001073 50001022
50001014 50001013
50001080 50001014
50001050 50001023
50001072 50001064
50001021 50001048
50001034 50001026
50001087 50001088
50001084 50001091
50001048 50001037
50001045 50001095
50001018 50001020
50001053 50001034
50001093 50001035
50001070 50001067
50001052 50001011
50001093 50001050
50001012 50001027
50001078 50001075
50001003 50001007
50001030 50001058
50001000 50001002
50001072 50001011
50001003 50001007
50001022 50001082
50001089 50001062
50001047 50001071
50001002 50001063
50001023 50001075
50001040 50001049
50001062 50001035
50001098 50001060
50001066 50001040
50001022 50001080
50001052 50001067
50001000 50001036
50001068 50001095
50001093 50001094
50001005 50001074
50001002 50001019
50001082 50001096
50001039 50001086
50001067 50001031
50001059 50001005
50001099 50001005
50001082 50001047
50001062 50001008
50001024 50001027
50001010 50001057
50001017 50001004
50001059 50001014
50001058 50001088
50001033 50001058
50001031 50001077
50001000 50001062
50001082 50001035
50001063 50001026
50001085 50001075
50001034 50001071
50001092 50001079
50001066 50001051
50001079 50001085
50001028 50001001
50001032 50001054
50001045 50001038
50001043 50001023
50001042 50001006
50001030 50001026
50001031 50001072
50001066 50001096
50001004 50001006
50001001 50001089
50001031 50001061
50001041 50001062
50001070 50001087
50001000 50001083
50001040 50001049
50001063 50001019
50001049 50001079
50001044 50001067
50001054 50001015
50001092 50001079
50001095 50001093
50001053 50001037
50001085 50001005
50001066 50001041
25001085 25001008
25001019 25001013
25001100 25001082
25001008 25001019
25001073 25001044
25001037 25001033
25001077 25001005
25001047 25001087
25001007 25001079
25001015 25001020
25001084 25001037
25001034 25001014
25001095 25001061
25001026 25001018
25001002 25001092
25001024 25001056
25001005 25001088
25001041 25001004
25001070 25001037
25001063 25001093
25001020 25001044
25001057 25001008
25001055 25001092
25001077 25001087
25001096 25001003
25001088 25001098
25001002 25001014
25001018 25001008
25001043 25001037
25001016 25001099
25001097 25001008
25001067 25001034
25001045 25001008
25001062 25001008
25001003 25001013
25001083 25001032
25001063 25001024
25001001 25001052
25001086 25001099
25001039 25001081
25001049 25001047
25001045 25001045
25001055 25001021
25001023 25001083
25001017 25001048
25001090 25001003
25001019 25001026
25001096 25001044
25001020 25001022
25001057 25001093
25001018 25001006
25001027 25001051
25001035 25001077
25001004 25001012
25001073 25001070
25001063 25001093
25001033 25001071
25001099 25001089
25001002 25001089
25001022 25001062
25001060 25001076
25001033 25001090
25001083 25001021
25001007 25001088
25001033 25001030
25001087 25001061
25001017 25001095
25001058 25001006
25001029 25001074
25001007 25001064
25001044 25001059
25001092 25001039
25001051 25001050
25001020 25001094
25001066 25001008
25001003 25001083
25001051 25001079
25001094 25001013
25001043 25001097
25001081 25001081
25001057 25001074
25001095 25001036
25001088 25001076
25001092 25001051
25001066 25001096
25001040 25001044
25001066 25001015
25001009 25001058
25001023 25001089
25001034 25001043
25001001 25001028
25001078 25001020
25001057 25001076
25001056 25001069
25001060 25001100
25001097 25001074
25001051 25001033
25001092 25001065
25001075 25001077
25001075 25001044
25001058 25001042
25001080 25001092
25001075 25001011
25001052 25001007
25001074 25001007
25001078 25001057
25001025 25001030
25001092 25001002
25001007 25001024
25001077 25001045
25001006 25001040
25001019 25001092
25001079 25001054
25001026 25001045
25001001 25001051
25001089 25001061
25001007 25001015
25001073 25001063
25001011 25001072
25001032 25001086
25001059 25001022
25001029 25001045
25001014 25001098
25001039 25001099
25001008 25001092
25001025 25001060
25001070 25001015
25001051 25001061
25001097 25001033
25001034 25001007
25001095 25001039
25001090 25001046
25001072 25001073
25001026 25001091
25001021 25001032
25001028 25001072
25001037 25001060
25001051 25001010
25001088 25001006
25001099 25001035
25001017 25001003
25001097 25001019
25001058 25001003
25001085 25001006
25001072 25001088
25001059 25001072
25001069 25001044
25001058 25001076
25001048 25001084
25001064 25001051
25001084 25001004
25001095 25001087
25001044 25001031
25001038 25001047
25001067 25001088
25001081 25001034
25001021 25001004
25001038 25001050
25001086 25001015
25001099 25001027
25001020 25001091
25001079 25001042
25001054 25001092
25001049 25001094
25001062 25001018
25001002 25001020
25001071 25001055
25001054 25001052
12501091 12501003
12501049 12501057
12501087 12501042
12501059 12501053
12501059 12501056
12501075 12501045
12501089 12501025
12501045 12501082
12501085 12501062
12501032 12501029
12501005 12501035
12501089 12501011
12501047 12501038
12501046 12501079
12501015 12501010
12501089 12501021
12501060 12501034
12501098 12501074
12501011 12501075
12501047 12501023
12501007 12501094
12501089 12501064
12501038 12501020
12501003 12501099
12501079 12501036
12501067 12501052
12501065 12501028
12501013 12501039
12501086 12501049
12501075 12501051
12501031 12501026
12501072 12501088
12501027 12501048
12501044 12501033
12501019 12501037
12501089 12501049
12501065 12501078
12501098 12501064
12501021 12501074
12501066 12501076
12501070 12501072
12501057 12501089
12501041 12501084
12501055 12501052
12501076 12501031
12501012 12501044
12501015 12501078
12501031 12501051
12501081 12501087
12501063 12501001
12501023 12501093
12501062 12501066
12501016 12501054
12501092 12501053
12501053 12501010
12501070 12501087
12501094 12501007
12501044 12501095
12501087 12501064
12501002 12501050
12501016 12501057
12501008 12501067
12501029 12501076
12501088 12501081
12501017 12501093
12501081 12501099
12501031 12501047
12501077 12501024
12501084 12501077
12501035 12501060
12501017 12501054
12501042 12501017
12501067 12501100
12501018 12501083
12501011 12501021
12501016 12501026
12501020 12501026
12501072 12501059
12501052 12501097
12501099 12501057
12501056 12501082
12501068 12501094
12501075 12501013
12501038 12501062
12501001 12501046
12501073 12501011
12501001 12501061
12501056 12501040
12501061 12501100
12501040 12501066
12501062 12501035
12501070 12501015
12501096 12501056
12501039 12501024
12501084 12501054
12501086 12501003
12501050 12501084
12501052 12501087
12501060 12501046
12501045 12501068
12501043 12501038
12501066 12501092
12501022 12501029
12501095 12501048
12501004 12501092
12501085 12501035
12501038 12501053
12501043 12501033
12501025 12501054
12501044 12501012
12501046 12501059
12501082 12501055
12501042 12501064
12501100 12501033
12501025 12501096
12501007 12501067
12501013 12501013
12501040 12501004
12501088 12501067
12501094 12501035
12501086 12501008
12501097 12501011
12501040 12501005
12501064 12501075
12501045 12501091
12501020 12501032
12501050 12501025
12501085 12501046
12501035 12501006
12501083 12501044
12501032 12501008
12501079 12501090
12501058 12501034
12501035 12501034
12501084 12501089
12501069 12501005
12501035 12501039
12501005 12501068
12501005 12501059
12501042 12501019
12501029 12501091
12501007 12501038
12501085 12501010
12501044 12501037
12501018 12501030
12501024 12501041
12501100 12501068
12501049 12501048
12501098 12501070
12501046 12501100
12501004 12501088
12501071 12501064
12501074 12501095
12501014 12501039
12501021 12501077
12501006 12501060
12501058 12501010
12501093 12501034
12501033 12501034
12501031 12501047
12501056 12501028
12501077 12501095
12501022 12501002
12501069 12501040
12501063 12501090
12501032 12501083
12501071 12501028
12501100 12501057
6251047 6251095
6251046 6251054
6251075 6251063
6251029 6251088
6251042 6251082
6251007 6251052
6251018 6251035
6251021 6251039
6251050 6251040
6251097 6251022
6251046 6251030
6251045 6251013
6251086 6251058
6251052 6251025
6251005 6251010
6251040 6251083
6251081 6251019
6251082 6251022
6251061 6251063
6251035 6251028
6251063 6251093
6251009 6251017
6251008 6251026
6251022 6251096
6251061 6251083
6251059 6251039
6251078 6251056
6251013 6251067
6251081 6251020
6251044 6251036
6251001 6251089
6251025 6251026
6251050 6251054
6251056 6251007
6251062 6251059
6251057 6251031
6251078 6251093
6251044 6251098
6251096 6251080
6251041 6251005
6251051 6251086
6251081 6251073
6251058 6251016
6251090 6251051
6251041 6251002
6251043 6251094
6251077 6251018
6251012 6251090
6251023 6251095
6251017 6251085
6251064 6251067
6251080 6251068
6251062 6251015
6251001 6251033
6251071 6251064
6251069 6251068
6251091 6251006
6251043 6251001
6251063 6251072
6251021 6251035
6251055 6251026
6251029 6251020
6251019 6251098
6251094 6251065
6251079 6251022
6251084 6251048
6251066 6251074
6251080 6251065
6251014 6251015
6251046 6251078
6251035 6251046
6251009 6251021
6251073 6251032
6251038 6251005
6251077 6251077
6251042 6251045
6251033 6251064
6251012 6251044
6251063 6251032
6251050 6251062
6251064 6251058
6251051 6251078
6251048 6251058
6251035 6251044
6251024 6251067
6251090 6251087
6251070 6251013
6251007 6251083
6251090 6251098
6251053 6251032
6251009 6251014
6251042 6251099
6251013 6251064
6251062 6251046
6251016 6251011
6251066 6251079
6251070 6251095
6251008 6251023
6251073 6251033
6251097 6251012
6251052 6251086
6251090 6251016
6251020 6251019
6251062 6251039
6251062 6251021
6251012 6251078
6251028 6251003
6251093 6251012
6251072 6251074
6251015 6251031
6251018 6251043
6251050 6251076
6251027 6251068
6251047 6251076
6251017 6251071
6251083 6251041
6251016 6251065
6251023 6251038
6251033 6251072
6251038 6251042
6251060 6251073
6251043 6251077
6251060 6251069
6251097 6251093
6251099 6251017
6251070 6251023
6251026 6251020
6251020 6251008
6251098 6251089
6251073 6251086
6251090 6251049
6251075 6251049
6251038 6251070
6251034 6251083
6251056 6251057
6251099 6251053
6251054 6251072
6251029 6251013
6251094 6251054
6251081 6251019
6251030 6251005
6251091 6251027
6251002 6251048
6251030 6251050
6251093 6251073
6251024 6251088
6251033 6251010
6251085 6251045
6251077 6251085
6251004 6251008
6251100 6251071
6251015 6251036
6251066 6251075
6251075 6251048
6251023 6251032
6251021 6251030
6251042 6251028
6251049 6251004
6251090 6251056
6251060 6251014
6251021 6251088
6251076 6251001
6251051 6251079
6251047 6251094
6251073 6251025
6251087 6251062
6251043 6251054
6251052 6251077
3126007 3126035
3126015 3126033
3126034 3126089
3126092 3126071
3126027 3126024
3126084 3126065
3126043 3126032
3126068 3126047
3126059 3126040
3126084 3126011
3126038 3126045
3126061 3126066
3126012 3126084
3126068 3126079
3126006 3126054
3126086 3126006
3126078 3126029
3126003 3126078
3126063 3126093
3126100 3126051
3126081 3126067
3126060 3126087
3126050 3126022
3126047 3126036
3126043 3126040
3126007 3126010
3126100 3126054
3126091 3126081
3126084 3126073
3126092 3126067
3126021 3126035
3126006 3126006
3126018 3126095
3126058 3126001
3126004 3126027
3126094 3126013
3126026 3126052
3126005 3126093
3126013 3126033
3126026 3126015
3126004 3126039
3126071 3126032
3126027 3126098
3126008 3126028
3126072 3126025
3126041 3126050
3126075 3126097
3126044 3126064
3126011 3126054
3126035 3126096
3126018 3126022
3126021 3126018
3126060 3126077
3126091 3126007
3126049 3126032
3126068 3126035
3126015 3126081
3126008 3126070
3126022 3126089
3126067 3126067
3126009 3126033
3126094 3126100
3126005 3126002
3126081 3126096
3126051 3126087
3126049 3126001
3126059 3126071
3126079 3126007
3126091 3126023
3126058 3126018
3126094 3126060
3126056 3126003
3126005 3126005
3126086 3126002
3126016 3126081
3126085 3126002
3126031 3126072
3126091 3126086
3126092 3126013
3126080 3126062
3126073 3126004
3126079 3126018
3126034 3126097
3126027 3126096
3126038 3126041
3126005 3126045
3126048 3126003
3126080 3126032
3126086 3126099
3126057 3126083
3126054 3126100
3126055 3126056
3126073 3126093
3126048 3126072
3126099 3126094
3126077 3126002
3126005 3126072
3126075 3126018
3126095 3126049
3126100 3126019
3126093 3126013
3126042 3126031
3126015 3126026
3126084 3126055
3126090 3126064
3126048 3126017
3126040 3126059
3126092 3126098
3126066 3126014
3126052 3126003
3126098 3126035
3126082 3126089
3126063 3126080
3126007 3126015
3126080 3126012
3126062 3126065
3126028 3126057
3126015 3126019
3126062 3126074
3126088 3126009
3126025 3126028
3126074 3126071
3126098 3126038
3126060 3126084
3126032 3126049
3126095 3126080
3126089 3126097
3126011 3126061
3126023 3126089
3126100 3126040
3126070 3126069
3126007 3126060
3126029 3126055
3126074 3126086
3126097 3126077
3126004 3126007
3126070 3126088
3126080 3126039
3126001 3126074
3126002 3126041
3126007 3126092
3126083 3126093
3126019 3126030
3126028 3126034
3126004 3126068
3126062 3126046
3126021 3126015
3126025 3126088
3126028 3126090
3126093 3126066
3126059 3126059
3126072 3126090
3126076 3126094
3126083 3126064
3126012 3126061
3126095 3126084
3126018 3126081
3126075 3126048
3126088 3126007
3126078 3126069
3126087 3126046
3126020 3126077
3126090 3126069
3126078 3126086
3126084 3126019
3126027 3126062
3126009 3126092
3126064 3126021
29 23
10 83
55 92
58 90
1 21
3 36
69 2
76 60
47 20
80 68
83 92
94 85
71 79
2 5
62 42
7 79
9 6
59 98
75 46
74 19
68 79
53 31
70 42
31 73
46 44
62 96
15 99
67 93
15 82
94 35
47 33
19 16
46 93
58 90
29 11
42 25
64 62
21 5
51 55
56 74
69 51
20 70
5 70
67 33
50 83
20 56
42 25
61 81
72 100
20 8
20 71
10 16
67 2
36 87
2 67
76 33
60 61
58 79
16 83
26 33
16 25
99 64
29 31
41 87
63 46
73 18
23 68
84 23
70 66
16 42
63 43
43 81
2 55
68 90
69 13
52 3
62 86
85 28
12 50
90 2
60 59
37 88
69 66
66 55
57 6
66 43
13 46
3 4
68 87
74 92
74 3
73 67
75 30
39 1
63 20
76 39
75 65
50 72
89 39
21 16
38 24
72 39
42 34
4 36
37 25
80 5
79 75
25 68
14 6
64 70
77 92
98 20
67 16
8 97
4 68
63 93
42 18
24 39
90 18
74 51
77 47
8 78
23 12
36 28
63 100
32 1
100 1
89 12
63 45
85 30
38 88
56 86
100 36
94 23
58 81
36 70
76 39
37 23
10 50
21 89
16 66
44 26
63 85
26 94
84 54
52 3
22 98
82 14
31 71
88 74
17 41
36 71
18 20
6 71
90 74
25 19
96 66
90 73
87 77
56 100
7 71
97 86
28 1
5 79
77 37
70 31
21 75
91 10
19 96
71 32
14 60
74 82
59 57
19 22
56 12
6 74
66 80
93 62
30 76
48 63
77 88
76 24
39 65
69 94
50 59
62 46
19 66
71 54
36 83
72 46
6 2
21 60
51 44
83 58
55 12
90 40
70 72
22 10
95 81
47 18
14 73
33 65
17 42
5 87
86 25
36 34
66 64
90 88
51 18
21 55
8 20
34 14
74 73
48 10
99 53
85 30
45 91
80 86
53 66
15 96
19 96
50 5
2 79
72 88
97 70
5 85
74 45
15 92
16 78
10 89
67 15
19 46
48 35
68 6
25 13
50 37
21 31
54 1
33 69
67 53
73 84
79 24
52 14
13 92
65 95
54 76
40 31
94 85
65 15
35 81
74 25
82 52
98 23
76 76
96 93
93 27
52 50
66 39
86 30
82 52
79 56
10 87
74 30
64 76
19 94
32 65
38 70
100 19
68 17
48 2
23 93
22 97
98 15
88 86
69 3
47 97
7 26
10 40
79 82
5 21
6 92
45 60
22 19
30 92
93 1
70 80
13 53
89 85
21 24
50 50
47 79
67 11
92 21
38 40
46 65
66 60
87 12
96 58
67 11
19 26
15 29
47 20
93 35
17 68
8 46
91 87
22 23
64 57
58 13
95 50
99 68
83 8
44 65
57 3
91 52
19 34
80 6
67 60
1 24
55 41
76 63
31 24
72 93
53 73
89 90
60 33
27 3
85 1
57 21
18 18
62 74
47 50
58 90
75 34
52 64
91 22
36 36
81 100
72 74
27 31
31 62
91 47
69 54
28 82
41 50
57 12
60 44
99 36
55 53
50 40
20 94
67 81
59 65
47 99
97 39
26 81
66 20
38 25
23 62
82 81
