# source: JorikJooken
# original path: jj_extract\knapsackProblemInstances-master\problemInstances\n_600_c_1000000_g_14_f_0.2_eps_0.1_s_300\test.in
# optimal value: 1007961
# format: n capacity, then weight value
600 1000000
600101 600256
600258 600103
600090 600088
600072 600171
600282 600079
600184 600134
600233 600263
600177 600078
600176 600200
600272 600011
600148 600232
600052 600231
600213 600058
600173 600115
600012 600109
600094 600003
600096 600085
600082 600044
600215 600265
600226 600300
600153 600211
600093 600251
600100 600229
600233 600210
600156 600088
600008 600186
600295 600137
600122 600188
600176 600183
600174 600157
600238 600233
600087 600104
600292 600183
600170 600037
600088 600149
600115 600210
350189 350068
350033 350004
350201 350120
350225 350193
350035 350075
350088 350282
350003 350036
350094 350180
350066 350110
350283 350254
350068 350078
350097 350163
350034 350260
350221 350181
350261 350161
350134 350247
350138 350199
350190 350294
350113 350020
350283 350132
350107 350234
350199 350179
350098 350290
350207 350167
350097 350204
350136 350068
350067 350105
350193 350176
350051 350227
350136 350227
350003 350221
350287 350088
350195 350180
350125 350032
350098 350018
350016 350289
225132 225167
225253 225274
225053 225095
225196 225041
225210 225149
225072 225053
225147 225246
225233 225054
225200 225017
225217 225008
225269 225129
225142 225175
225038 225231
225075 225127
225108 225001
225112 225139
225073 225120
225162 225101
225265 225124
225285 225284
225007 225256
225010 225168
225051 225198
225031 225017
225258 225048
225201 225074
225300 225135
225087 225120
225181 225253
225249 225047
225199 225225
225183 225201
225274 225271
225230 225027
225016 225176
225207 225191
162713 162625
162663 162762
162779 162509
162575 162557
162618 162652
162763 162725
162680 162628
162529 162765
162777 162531
162771 162583
162670 162734
162561 162555
162714 162656
162725 162603
162612 162750
162522 162665
162549 162785
162514 162662
162526 162687
162769 162792
162608 162732
162578 162742
162591 162772
162550 162637
162697 162620
162615 162734
162624 162590
162546 162739
162689 162593
162686 162613
162754 162738
162517 162581
162707 162580
162708 162613
162613 162700
162527 162625
131295 131464
131432 131488
131350 131350
131323 131322
131425 131421
131414 131354
131510 131295
131266 131378
131418 131350
131442 131303
131372 131391
131299 131525
131326 131485
131368 131477
131456 131543
131277 131284
131399 131391
131401 131427
131294 131501
131526 131438
131263 131543
131279 131337
131328 131549
131266 131369
131468 131495
131394 131311
131384 131446
131335 131487
131514 131265
131260 131349
131512 131522
131313 131371
131438 131409
131406 131261
131289 131487
131440 131488
115699 115767
115845 115866
115830 115860
115894 115874
115855 115844
115716 115855
115843 115717
115832 115758
115857 115686
115632 115694
115730 115898
115845 115642
115857 115780
115735 115784
115747 115664
115718 115912
115836 115671
115775 115848
115666 115843
115836 115734
115769 115838
115794 115915
115708 115653
115644 115656
115768 115805
115884 115897
115878 115759
115889 115641
115862 115800
115723 115833
115797 115857
115809 115739
115761 115916
115689 115769
115826 115645
115824 115855
107998 107949
108001 107866
107932 107985
107868 107852
107999 108087
107890 108023
108076 108073
107871 107837
107912 108095
108077 107967
107985 108050
107926 108071
108083 107884
107933 107861
107839 107865
107902 108001
107909 107995
107834 108003
107878 107878
108111 107948
108062 108093
107816 108046
108101 107828
108053 107946
107845 107844
107866 107871
107834 107875
108028 108038
108039 107903
108034 107840
107908 108038
108095 108043
107865 107956
108112 108094
107894 107820
107937 107937
104142 104165
104083 104177
104165 103953
104090 103943
104137 103996
104103 104096
104187 104121
103961 103949
103955 103996
104073 104017
104114 104043
104045 104129
104045 104120
104206 104015
104017 103936
104117 104145
104190 103987
103907 104174
104155 103957
103938 103964
103943 104114
103992 104119
104008 104010
104007 104147
103933 104067
104098 104197
103940 103967
104201 104051
104075 104115
104138 103939
103970 104064
104096 104149
103948 103987
104069 104147
104199 103927
104136 104138
102056 101960
102101 101974
102176 102204
102213 102013
102085 101996
101998 101957
102010 102052
102071 102076
102145 102216
102234 102011
102186 101975
102197 102106
102012 102034
102130 102059
102116 102057
102104 102126
101990 102072
102054 102235
102184 102233
102199 102127
102013 102150
102068 102226
102157 102004
102152 102246
102151 102060
102009 102251
102198 102065
102031 102179
102151 102013
102137 102228
102196 102082
102180 102218
102022 102059
102114 102123
102158 102086
102163 102163
100978 101042
101194 101062
101079 101273
101259 101138
101008 101013
101008 101217
101030 101185
101254 100991
101007 100994
101038 101124
101088 101201
101138 100981
101088 101055
101046 101076
101256 101213
101029 100977
101147 101203
101065 101075
101258 101051
101265 101145
101066 101223
101172 101118
101102 100998
101066 101209
101159 101173
101184 101228
101099 101268
101146 100981
101082 101147
101067 101237
101006 101015
101021 101133
101195 101041
101262 101120
101110 101274
101241 101132
100749 100622
100563 100572
100641 100544
100646 100514
100607 100531
100550 100708
100667 100642
100713 100729
100503 100633
100674 100625
100703 100738
100610 100750
100524 100733
100597 100761
100512 100509
100754 100781
100583 100584
100779 100560
100782 100500
100565 100721
100519 100573
100538 100619
100690 100575
100613 100512
100605 100549
100661 100741
100644 100637
100785 100549
100750 100770
100503 100556
100713 100517
100575 100512
100700 100549
100632 100528
100687 100560
100624 100529
100391 100309
100264 100276
100439 100413
100333 100443
100397 100522
100434 100374
100266 100497
100448 100514
100468 100473
100256 100367
100442 100429
100392 100523
100354 100453
100383 100391
100491 100493
100476 100369
100328 100339
100379 100515
100497 100466
100272 100367
100426 100308
100412 100428
100310 100362
100500 100492
100395 100464
100391 100483
100428 100310
100526 100522
100438 100321
100267 100349
100505 100386
100263 100510
100392 100247
100341 100470
100405 100341
100541 100335
100161 100146
100377 100231
100258 100418
100415 100296
100295 100146
100199 100162
100387 100218
100381 100285
100367 100160
100202 100164
100411 100152
100266 100279
100242 100339
100350 100277
100296 100287
100392 100358
100253 100386
100298 100244
100178 100407
100339 100383
100142 100396
100208 100404
100253 100191
100238 100387
100264 100276
100243 100182
100123 100219
100256 100260
100316 100175
100173 100354
100348 100360
100326 100306
100401 100247
100132 100135
100411 100179
100224 100352
115 58
268 151
224 77
39 188
256 12
181 142
127 223
227 205
28 29
284 225
140 154
125 212
296 128
174 138
145 17
121 180
125 109
225 171
168 49
152 298
11 222
135 179
83 95
20 274
45 290
171 164
287 109
116 289
26 155
149 138
255 15
11 246
108 17
60 9
263 129
156 215
246 169
80 113
181 227
215 252
205 105
203 224
200 205
30 118
130 32
62 274
207 175
212 37
215 109
151 256
290 36
234 194
54 184
161 208
167 82
251 45
155 68
112 208
222 34
106 53
137 164
69 106
27 109
297 47
208 232
132 108
213 182
74 63
132 36
238 113
121 204
223 116
86 294
274 184
67 59
5 124
112 218
41 213
262 80
49 277
61 53
145 9
230 39
230 273
266 20
193 43
134 1
11 174
244 129
253 188
128 296
56 72
15 186
176 261
211 209
234 193
216 101
28 158
211 200
89 20
179 160
182 4
105 275
133 190
271 91
211 219
127 195
231 118
181 287
82 54
187 270
157 158
279 125
194 56
3 7
158 51
93 70
104 87
250 217
116 5
258 130
58 197
289 64
221 60
26 246
113 268
131 272
152 258
180 114
68 22
224 83
298 257
