# source: JorikJooken
# original path: jj_extract\knapsackProblemInstances-master\problemInstances\n_400_c_10000000000_g_2_f_0.3_eps_0_s_300\test.in
# optimal value: 5000018474
# format: n capacity, then weight value
400 10000000000
5000000140 5000000239
5000000223 5000000256
5000000101 5000000116
5000000226 5000000011
5000000263 5000000009
5000000113 5000000021
5000000238 5000000286
5000000296 5000000078
5000000188 5000000199
5000000199 5000000182
5000000197 5000000066
5000000233 5000000226
5000000187 5000000058
5000000141 5000000063
5000000118 5000000015
5000000098 5000000217
5000000199 5000000165
5000000007 5000000143
5000000058 5000000168
5000000133 5000000263
5000000145 5000000146
5000000207 5000000018
5000000144 5000000050
5000000285 5000000124
5000000221 5000000180
5000000096 5000000042
5000000083 5000000213
5000000296 5000000017
5000000282 5000000249
5000000094 5000000261
5000000055 5000000145
5000000001 5000000161
5000000171 5000000081
5000000103 5000000220
5000000257 5000000173
5000000116 5000000107
5000000224 5000000233
5000000006 5000000225
5000000152 5000000114
5000000231 5000000246
5000000253 5000000062
5000000123 5000000018
5000000099 5000000066
5000000238 5000000293
5000000068 5000000278
5000000243 5000000191
5000000261 5000000233
5000000128 5000000265
5000000213 5000000012
5000000092 5000000283
5000000299 5000000248
5000000062 5000000251
5000000045 5000000024
5000000129 5000000115
5000000192 5000000038
5000000166 5000000091
5000000047 5000000125
5000000014 5000000292
5000000090 5000000013
5000000161 5000000102
5000000181 5000000074
5000000147 5000000172
5000000073 5000000299
5000000217 5000000174
5000000121 5000000270
5000000286 5000000247
5000000124 5000000067
5000000225 5000000051
5000000037 5000000200
5000000209 5000000088
5000000157 5000000052
5000000222 5000000113
5000000138 5000000284
5000000201 5000000015
5000000105 5000000089
5000000104 5000000053
5000000066 5000000284
5000000026 5000000187
5000000160 5000000029
5000000109 5000000273
5000000262 5000000010
5000000299 5000000075
5000000031 5000000119
5000000118 5000000062
5000000080 5000000245
5000000189 5000000009
5000000042 5000000041
5000000293 5000000212
5000000287 5000000116
5000000091 5000000248
5000000011 5000000040
5000000042 5000000119
5000000197 5000000299
5000000294 5000000224
5000000028 5000000190
5000000281 5000000145
5000000294 5000000008
5000000083 5000000292
5000000190 5000000139
5000000083 5000000060
5000000135 5000000055
5000000021 5000000133
5000000021 5000000237
5000000104 5000000192
5000000216 5000000001
5000000046 5000000047
5000000272 5000000218
5000000033 5000000148
5000000275 5000000053
5000000212 5000000238
5000000181 5000000252
5000000119 5000000285
5000000158 5000000282
5000000036 5000000288
5000000020 5000000084
5000000031 5000000078
5000000187 5000000172
5000000152 5000000250
5000000246 5000000030
5000000016 5000000038
5000000274 5000000110
5000000057 5000000078
5000000108 5000000067
5000000167 5000000300
5000000292 5000000041
5000000300 5000000255
5000000049 5000000108
5000000290 5000000207
5000000267 5000000007
5000000106 5000000185
5000000037 5000000196
5000000101 5000000014
5000000264 5000000138
5000000155 5000000196
5000000056 5000000043
5000000106 5000000132
5000000050 5000000134
5000000055 5000000145
5000000067 5000000051
5000000011 5000000032
5000000121 5000000061
5000000238 5000000126
5000000281 5000000107
5000000290 5000000275
5000000032 5000000033
5000000013 5000000112
5000000126 5000000268
5000000208 5000000253
5000000022 5000000279
5000000116 5000000024
5000000043 5000000084
5000000065 5000000014
5000000267 5000000185
5000000184 5000000112
5000000216 5000000141
5000000239 5000000159
5000000091 5000000044
5000000023 5000000225
5000000014 5000000251
5000000089 5000000208
5000000220 5000000202
5000000024 5000000284
5000000057 5000000181
5000000061 5000000238
5000000197 5000000069
5000000033 5000000028
5000000124 5000000274
5000000038 5000000127
5000000215 5000000082
5000000020 5000000254
5000000144 5000000170
5000000026 5000000260
5000000288 5000000083
5000000096 5000000250
5000000084 5000000279
5000000052 5000000113
5000000060 5000000223
5000000053 5000000157
5000000267 5000000133
5000000153 5000000043
5000000061 5000000294
5000000009 5000000003
5000000245 5000000284
5000000013 5000000150
5000000192 5000000042
5000000253 5000000268
5000000198 5000000188
5000000127 5000000064
5000000061 5000000265
5000000060 5000000087
5000000291 5000000135
5000000027 5000000100
5000000017 5000000069
5000000122 5000000067
5000000032 5000000296
5000000023 5000000061
5000000008 5000000091
5000000061 5000000023
5000000080 5000000109
5000000165 5000000022
5000000177 5000000176
5000000261 5000000211
5000000033 5000000150
5000000195 5000000253
5000000023 5000000115
5000000173 5000000183
5000000251 5000000248
5000000194 5000000178
5000000163 5000000095
5000000257 5000000041
5000000297 5000000131
5000000003 5000000150
5000000158 5000000079
5000000011 5000000113
5000000057 5000000031
5000000094 5000000112
5000000227 5000000193
5000000092 5000000232
5000000158 5000000002
5000000258 5000000223
5000000188 5000000213
5000000234 5000000044
5000000015 5000000109
5000000015 5000000148
5000000238 5000000144
5000000120 5000000006
5000000160 5000000043
5000000192 5000000100
5000000205 5000000153
5000000183 5000000068
5000000270 5000000015
5000000180 5000000148
5000000004 5000000007
5000000003 5000000222
5000000209 5000000059
5000000086 5000000183
5000000114 5000000255
5000000296 5000000129
5000000012 5000000031
5000000177 5000000055
5000000014 5000000174
5000000008 5000000089
5000000142 5000000051
5000000184 5000000111
5000000230 5000000050
5000000027 5000000035
5000000058 5000000176
5000000029 5000000037
5000000237 5000000048
5000000145 5000000171
5000000035 5000000219
5000000243 5000000114
5000000115 5000000264
5000000029 5000000271
5000000234 5000000117
5000000102 5000000018
5000000145 5000000059
5000000021 5000000005
5000000052 5000000025
5000000282 5000000296
5000000121 5000000208
5000000107 5000000167
5000000141 5000000079
5000000102 5000000221
5000000134 5000000059
5000000008 5000000153
5000000137 5000000153
5000000003 5000000279
5000000221 5000000132
5000000251 5000000001
5000000204 5000000033
5000000238 5000000068
5000000002 5000000163
5000000246 5000000244
5000000108 5000000230
5000000284 5000000239
5000000114 5000000011
5000000081 5000000012
5000000154 5000000039
5000000245 5000000096
188 31
28 266
31 38
290 220
90 167
252 135
182 27
241 121
77 297
210 261
184 158
9 193
230 47
10 177
297 16
112 205
207 89
3 27
188 195
271 282
122 15
223 284
240 30
185 132
127 201
282 299
200 29
87 117
219 221
15 12
239 26
2 170
39 49
210 185
106 124
298 27
66 108
5 129
67 236
271 40
26 101
257 295
18 123
199 94
87 284
172 165
59 157
24 294
184 187
61 20
88 83
170 259
295 215
141 291
115 95
195 228
228 225
186 213
58 274
262 179
227 91
197 157
50 175
240 250
292 116
151 75
202 277
279 140
110 38
9 48
293 134
206 67
171 295
176 254
158 132
132 77
46 196
100 208
40 205
43 297
174 194
126 133
100 38
142 247
295 250
281 79
205 198
26 17
100 213
216 14
12 213
169 198
215 244
176 221
99 64
160 112
217 284
146 56
15 121
93 162
143 14
278 139
125 76
28 220
113 86
48 108
239 139
152 231
53 83
267 109
27 123
63 155
232 98
35 118
295 68
164 122
236 157
159 208
90 229
21 233
