# source: JorikJooken
# original path: jj_extract\knapsackProblemInstances-master\problemInstances\n_1000_c_100000000_g_2_f_0.1_eps_0.0001_s_100\test.in
# optimal value: 50014612
# format: n capacity, then weight value
1000 100000000
50010015 50010032
50010084 50010005
50010088 50010041
50010010 50010066
50010095 50010092
50010050 50010058
50010090 50010054
50010098 50010004
50010084 50010072
50010048 50010017
50010012 50010008
50010044 50010082
50010028 50010037
50010013 50010087
50010006 50010071
50010072 50010049
50010021 50010084
50010009 50010016
50010002 50010086
50010036 50010087
50010008 50010088
50010081 50010047
50010081 50010079
50010053 50010019
50010014 50010026
50010057 50010009
50010034 50010085
50010092 50010045
50010021 50010032
50010080 50010083
50010067 50010003
50010020 50010047
50010097 50010026
50010009 50010053
50010096 50010031
50010070 50010002
50010030 50010054
50010089 50010075
50010028 50010065
50010045 50010063
50010031 50010041
50010088 50010040
50010072 50010032
50010076 50010031
50010011 50010033
50010090 50010094
50010037 50010053
50010093 50010069
50010083 50010065
50010048 50010014
50010057 50010096
50010034 50010030
50010086 50010049
50010023 50010009
50010083 50010057
50010055 50010092
50010022 50010015
50010029 50010010
50010059 50010055
50010041 50010016
50010090 50010084
50010002 50010054
50010099 50010009
50010002 50010083
50010090 50010015
50010056 50010017
50010009 50010011
50010026 50010045
50010081 50010051
50010043 50010020
50010083 50010087
50010067 50010041
50010043 50010006
50010077 50010027
50010046 50010055
50010014 50010011
50010082 50010032
50010066 50010061
50010083 50010044
50010088 50010094
50010061 50010042
50010023 50010011
50010079 50010089
50010075 50010078
50010070 50010014
50010093 50010075
50010058 50010094
50010080 50010090
50010045 50010023
50010092 50010089
50010075 50010046
50010019 50010003
50010028 50010085
50010035 50010009
50010062 50010036
50010075 50010015
50010036 50010013
50010067 50010009
50010035 50010041
50010084 50010084
50010049 50010013
50010059 50010085
50010079 50010064
50010050 50010011
50010050 50010002
50010055 50010030
50010088 50010051
50010090 50010004
50010053 50010013
50010052 50010045
50010033 50010058
50010095 50010085
50010037 50010004
50010035 50010070
50010031 50010031
50010017 50010033
50010087 50010023
50010092 50010061
50010032 50010097
50010056 50010031
50010068 50010067
50010074 50010002
50010023 50010097
50010096 50010040
50010039 50010026
50010005 50010089
50010013 50010052
50010058 50010094
50010072 50010047
50010088 50010013
50010009 50010041
50010065 50010052
50010021 50010056
50010072 50010050
50010089 50010095
50010026 50010080
50010009 50010056
50010030 50010055
50010061 50010019
50010030 50010039
50010097 50010045
50010063 50010008
50010058 50010084
50010042 50010052
50010065 50010024
50010090 50010004
50010005 50010068
50010062 50010063
50010083 50010097
50010077 50010031
50010023 50010068
50010074 50010007
50010065 50010069
50010019 50010100
50010053 50010006
50010096 50010088
50010041 50010076
50010084 50010038
50010052 50010067
50010032 50010065
50010021 50010032
50010018 50010063
50010056 50010039
50010095 50010059
50010019 50010091
50010084 50010059
50010050 50010078
50010064 50010063
50010006 50010055
50010022 50010089
50010012 50010083
50010094 50010042
50010091 50010047
50010033 50010025
50010087 50010071
50010098 50010014
50010047 50010060
50010055 50010004
50010056 50010094
50010083 50010043
50010088 50010097
50010045 50010059
50010067 50010064
50010090 50010061
50010088 50010037
50010096 50010049
50010088 50010020
50010093 50010100
50010092 50010006
50010076 50010086
50010085 50010032
50010059 50010051
50010024 50010069
50010052 50010088
50010046 50010025
50010085 50010065
50010012 50010026
50010011 50010022
50010074 50010026
50010020 50010053
50010099 50010086
50010092 50010026
50010087 50010013
50010019 50010001
50010059 50010008
50010067 50010092
50010094 50010025
50010018 50010017
50010055 50010021
50010031 50010080
50010083 50010048
50010043 50010026
50010094 50010038
50010010 50010026
50010079 50010003
50010003 50010032
50010087 50010010
50010045 50010025
50010088 50010048
50010095 50010024
50010076 50010096
50010025 50010002
50010001 50010079
50010098 50010062
50010100 50010005
50010037 50010055
50010021 50010063
50010093 50010042
50010017 50010014
50010076 50010099
50010086 50010051
50010016 50010048
50010034 50010050
50010066 50010005
50010094 50010096
50010073 50010084
50010011 50010053
50010003 50010006
50010078 50010032
50010051 50010033
50010067 50010036
50010078 50010070
50010078 50010030
50010058 50010008
50010069 50010010
50010077 50010067
50010014 50010054
50010069 50010056
50010074 50010064
50010042 50010026
50010080 50010052
50010082 50010086
50010055 50010040
50010044 50010001
50010053 50010055
50010055 50010008
50010024 50010095
50010066 50010044
50010096 50010063
50010010 50010069
50010059 50010038
50010060 50010010
50010005 50010049
50010047 50010054
50010077 50010034
50010086 50010007
50010029 50010054
50010082 50010087
50010029 50010079
50010066 50010008
50010051 50010062
50010031 50010061
50010094 50010080
50010032 50010028
50010033 50010045
50010065 50010045
50010080 50010091
50010028 50010082
50010048 50010002
50010021 50010019
50010067 50010020
50010089 50010011
50010034 50010089
50010092 50010008
50010078 50010034
50010036 50010073
50010061 50010035
50010051 50010050
50010092 50010020
50010064 50010038
50010096 50010043
50010018 50010021
50010043 50010073
50010008 50010071
50010026 50010036
50010020 50010035
50010040 50010004
50010070 50010060
50010066 50010072
50010083 50010020
50010067 50010057
50010095 50010041
50010007 50010048
50010057 50010001
50010010 50010062
50010080 50010019
50010058 50010060
50010064 50010081
50010072 50010039
50010093 50010096
50010017 50010044
50010082 50010028
50010064 50010011
50010063 50010082
50010065 50010069
50010060 50010026
50010098 50010013
50010038 50010068
50010092 50010038
50010015 50010001
50010002 50010051
50010037 50010099
50010017 50010065
50010075 50010066
50010072 50010005
50010053 50010060
50010047 50010039
50010076 50010002
50010011 50010060
50010034 50010048
50010082 50010027
50010016 50010041
50010014 50010076
50010011 50010066
50010077 50010015
50010044 50010086
50010100 50010036
50010073 50010065
50010072 50010054
50010048 50010063
50010019 50010004
50010085 50010091
50010096 50010021
50010068 50010003
50010032 50010046
50010042 50010032
50010084 50010010
50010040 50010001
50010017 50010006
50010027 50010090
50010029 50010099
50010097 50010091
50010038 50010091
50010082 50010055
50010051 50010054
50010012 50010097
50010044 50010060
50010009 50010053
50010077 50010060
50010041 50010096
50010053 50010055
50010043 50010083
50010020 50010071
50010095 50010033
50010078 50010051
50010092 50010084
50010084 50010004
50010085 50010009
50010083 50010047
50010029 50010070
50010024 50010076
50010026 50010050
50010001 50010046
50010049 50010047
50010012 50010078
50010056 50010012
50010075 50010007
50010015 50010065
50010038 50010003
50010034 50010069
50010008 50010031
50010097 50010050
50010075 50010031
50010092 50010054
50010039 50010072
50010085 50010005
50010071 50010089
50010027 50010057
50010066 50010065
50010075 50010029
50010088 50010090
50010010 50010093
50010033 50010021
50010057 50010048
50010034 50010083
50010069 50010049
50010042 50010072
50010012 50010072
50010085 50010055
50010004 50010098
50010051 50010015
50010014 50010086
50010033 50010061
50010049 50010015
50010025 50010077
50010061 50010030
50010076 50010014
50010080 50010012
50010070 50010028
50010060 50010066
50010048 50010078
50010024 50010018
50010075 50010085
50010013 50010024
50010050 50010048
50010071 50010072
50010052 50010014
50010026 50010049
50010051 50010061
50010024 50010069
50010017 50010083
50010073 50010003
50010071 50010044
50010001 50010039
50010075 50010055
50010054 50010093
50010004 50010002
50010008 50010077
50010052 50010066
50010022 50010007
50010020 50010032
50010095 50010050
50010010 50010041
50010096 50010098
50010038 50010031
50010100 50010014
50010051 50010078
50010069 50010028
50010082 50010007
50010011 50010037
50010055 50010015
50010058 50010069
50010015 50010024
50010060 50010055
50010042 50010017
50010047 50010052
50010005 50010042
50010075 50010083
50010046 50010073
50010065 50010014
50010056 50010076
50010025 50010084
50010098 50010084
50010017 50010071
50010071 50010051
50010018 50010012
50010067 50010082
50010056 50010003
50010054 50010039
50010002 50010056
50010049 50010094
50010063 50010024
50010005 50010012
50010058 50010085
50010077 50010011
50010029 50010081
50010036 50010010
50010034 50010062
50010079 50010022
50010033 50010025
50010017 50010084
50010065 50010065
50010062 50010066
50010080 50010053
50010041 50010095
50010002 50010045
50010019 50010088
50010086 50010014
50010019 50010063
50010008 50010061
50010089 50010003
50010099 50010015
50010053 50010033
50010052 50010069
50010022 50010049
50010002 50010061
50010003 50010059
50010009 50010015
50010053 50010004
50010071 50010078
50010036 50010032
50010088 50010052
50010066 50010051
50010065 50010044
50010085 50010043
50010076 50010031
50010078 50010003
50010019 50010048
50010031 50010001
50010024 50010036
50010066 50010026
50010053 50010058
50010069 50010056
50010085 50010014
50010019 50010030
50010045 50010026
50010017 50010055
50010100 50010088
50010094 50010025
50010047 50010067
50010034 50010045
50010027 50010035
50010054 50010015
50010100 50010040
50010047 50010009
50010065 50010075
50010059 50010056
50010063 50010090
50010015 50010055
50010066 50010038
50010088 50010088
50010042 50010002
50010080 50010005
50010084 50010046
50010033 50010076
50010067 50010036
50010088 50010078
50010028 50010022
50010073 50010062
50010022 50010083
50010084 50010067
50010069 50010080
50010100 50010015
50010075 50010002
50010034 50010090
50010081 50010069
50010071 50010036
50010024 50010039
50010084 50010085
50010091 50010044
50010001 50010048
50010085 50010046
50010073 50010039
50010041 50010096
50010027 50010007
50010012 50010042
50010069 50010093
50010086 50010100
50010097 50010014
50010049 50010074
50010072 50010060
50010044 50010028
50010017 50010014
50010003 50010077
50010026 50010009
50010006 50010047
50010085 50010097
50010051 50010079
50010099 50010097
50010093 50010039
50010083 50010067
50010088 50010077
50010045 50010073
50010018 50010049
50010094 50010030
50010034 50010069
50010082 50010047
50010068 50010093
50010068 50010086
50010003 50010072
50010060 50010001
50010062 50010005
50010015 50010086
50010034 50010023
50010070 50010093
50010056 50010032
50010032 50010052
50010038 50010011
50010018 50010076
50010080 50010076
50010038 50010026
50010066 50010047
50010032 50010096
50010031 50010009
50010063 50010069
50010012 50010068
50010077 50010018
50010093 50010069
50010083 50010040
50010098 50010049
50010010 50010035
50010052 50010029
50010070 50010084
50010098 50010019
50010064 50010032
50010028 50010006
50010062 50010076
50010094 50010011
50010068 50010049
50010094 50010019
50010006 50010081
50010016 50010045
50010067 50010080
50010043 50010036
50010022 50010043
50010029 50010023
50010032 50010036
50010029 50010028
50010064 50010062
50010029 50010069
50010058 50010089
50010076 50010062
50010057 50010055
50010028 50010013
50010071 50010091
50010008 50010052
50010092 50010027
50010004 50010074
50010084 50010053
50010040 50010005
50010085 50010033
50010042 50010056
50010080 50010043
50010077 50010088
50010049 50010038
50010040 50010038
50010024 50010027
50010027 50010058
50010062 50010090
50010084 50010088
50010004 50010082
50010093 50010087
50010050 50010036
50010030 50010013
50010011 50010044
50010041 50010007
50010040 50010099
50010083 50010075
50010086 50010012
50010078 50010001
50010060 50010092
50010004 50010093
50010100 50010071
50010084 50010079
50010020 50010032
50010080 50010061
50010055 50010091
50010068 50010015
50010049 50010069
50010100 50010018
50010030 50010046
50010093 50010088
50010081 50010038
50010028 50010001
50010024 50010083
50010074 50010100
50010009 50010087
50010064 50010006
50010096 50010046
50010070 50010012
50010052 50010017
50010036 50010053
50010007 50010057
50010035 50010095
50010047 50010034
50010037 50010075
50010024 50010040
50010034 50010046
50010026 50010034
50010051 50010016
50010073 50010021
50010024 50010081
50010030 50010071
50010037 50010032
50010007 50010064
50010032 50010061
50010042 50010064
50010098 50010015
50010066 50010047
50010083 50010056
50010023 50010098
50010060 50010028
50010031 50010085
50010038 50010091
50010099 50010091
50010045 50010022
50010029 50010017
50010080 50010091
50010061 50010091
50010098 50010068
50010099 50010097
50010070 50010030
50010082 50010090
50010082 50010020
50010033 50010037
50010039 50010073
50010075 50010043
50010057 50010066
50010010 50010010
50010039 50010037
50010054 50010019
50010088 50010010
50010081 50010056
50010031 50010064
50010050 50010094
50010035 50010041
50010029 50010019
50010086 50010053
50010046 50010028
50010097 50010046
50010059 50010011
50010035 50010043
50010099 50010100
50010036 50010055
50010054 50010029
50010089 50010021
50010020 50010009
50010044 50010037
50010016 50010002
50010033 50010092
50010039 50010061
50010031 50010027
50010062 50010051
50010089 50010042
50010016 50010001
50010029 50010018
50010005 50010050
50010095 50010022
50010059 50010045
50010002 50010004
50010079 50010012
50010096 50010046
50010090 50010037
50010004 50010091
50010014 50010053
50010062 50010008
50010086 50010033
50010044 50010058
50010100 50010067
50010030 50010028
50010002 50010074
50010046 50010007
50010075 50010018
50010024 50010052
50010004 50010056
50010029 50010072
50010057 50010092
50010022 50010063
50010083 50010093
50010039 50010072
50010059 50010011
50010042 50010037
50010070 50010001
50010096 50010081
50010041 50010054
50010065 50010051
50010071 50010009
50010025 50010058
50010061 50010026
50010091 50010061
50010044 50010040
50010082 50010002
50010032 50010070
50010049 50010045
50010082 50010064
50010085 50010034
50010098 50010013
50010043 50010053
50010023 50010087
50010071 50010065
50010026 50010066
50010073 50010089
50010057 50010069
50010041 50010019
50010019 50010040
50010100 50010035
50010037 50010055
50010049 50010026
50010046 50010092
50010017 50010035
50010065 50010016
50010026 50010082
50010008 50010025
50010028 50010011
50010081 50010013
50010088 50010013
50010094 50010075
50010054 50010052
50010084 50010058
50010005 50010026
50010048 50010022
50010085 50010001
50010097 50010002
50010023 50010060
50010009 50010097
50010042 50010004
50010045 50010054
50010096 50010018
50010042 50010033
50010061 50010027
50010005 50010072
50010038 50010053
50010069 50010012
50010002 50010097
50010025 50010006
50010092 50010043
50010023 50010026
50010086 50010017
50010018 50010085
50010075 50010065
50010044 50010089
50010026 50010064
50010086 50010080
50010018 50010073
50010027 50010046
50010047 50010020
50010014 50010079
50010057 50010013
50010074 50010034
50010055 50010082
50010077 50010076
50010069 50010010
50010075 50010013
50010004 50010075
50010017 50010027
50010023 50010084
50010001 50010029
50010070 50010031
50010055 50010098
50010056 50010009
50010081 50010026
50010028 50010097
50010040 50010094
50010080 50010032
50010022 50010075
50010094 50010014
50010033 50010059
50010073 50010090
50010087 50010048
50010060 50010070
50010052 50010033
50010043 50010069
50010075 50010056
50010096 50010092
50010070 50010012
50010036 50010095
50010081 50010085
50010047 50010076
50010001 50010054
50010070 50010034
50010023 50010094
50010074 50010078
50010074 50010090
50010064 50010060
50010032 50010009
50010068 50010041
50010082 50010046
50010049 50010004
50010048 50010090
50010076 50010044
50010090 50010050
50010015 50010067
50010013 50010003
50010016 50010089
50010014 50010049
50010074 50010096
50010073 50010076
50010083 50010053
50010078 50010064
50010091 50010025
50010093 50010058
50010051 50010014
50010025 50010038
50010053 50010027
50010088 50010040
50010002 50010039
50010071 50010042
50010049 50010020
50010046 50010041
50010095 50010044
50010006 50010039
50010077 50010090
50010100 50010071
50010018 50010030
50010028 50010079
50010037 50010021
50010054 50010014
50010095 50010045
50010004 50010042
50010053 50010091
50010089 50010082
50010018 50010024
50010062 50010076
50010060 50010060
50010012 50010046
50010077 50010095
50010035 50010075
50010057 50010088
50010096 50010085
50010014 50010070
25 7
74 5
6 52
14 46
61 39
65 57
89 48
63 20
94 51
7 78
38 98
17 3
29 37
43 6
61 6
77 78
53 45
21 65
99 86
99 19
79 51
44 76
84 100
71 60
53 16
34 90
95 69
42 66
18 40
3 66
60 32
82 9
92 18
77 13
9 29
42 27
17 34
49 9
34 14
16 37
22 55
34 6
21 99
25 26
32 59
35 65
30 13
16 31
38 40
25 49
13 7
63 5
51 15
46 5
6 5
54 22
79 24
28 47
30 97
96 39
30 76
92 79
62 94
32 88
7 23
62 31
32 39
19 82
10 19
16 56
43 6
57 34
74 20
38 27
32 75
37 46
94 85
97 36
13 9
100 45
82 32
26 3
8 21
48 85
10 92
9 94
16 46
100 77
59 55
82 86
70 59
100 69
52 37
81 92
10 16
73 22
43 84
21 69
13 83
74 9
