# source: JorikJooken
# original path: jj_extract\knapsackProblemInstances-master\problemInstances\n_1200_c_1000000_g_2_f_0.2_eps_0.1_s_100\test.in
# optimal value: 612104
# format: n capacity, then weight value
1200 1000000
600057 600032
600095 600038
600020 600032
600057 600072
600072 600014
600020 600022
600019 600067
600003 600009
600030 600046
600067 600049
600017 600010
600083 600095
600084 600081
600006 600046
600041 600081
600054 600066
600095 600004
600061 600011
600035 600055
600083 600037
600042 600043
600044 600046
600053 600019
600084 600033
600006 600084
600033 600083
600046 600086
600062 600067
600074 600036
600051 600043
600067 600056
600045 600005
600006 600058
600028 600044
600023 600075
600053 600075
600018 600033
600074 600033
600092 600086
600054 600041
600054 600055
600079 600064
600042 600023
600046 600100
600048 600023
600061 600015
600021 600056
600090 600006
600048 600072
600031 600066
600059 600004
600066 600062
600098 600041
600100 600075
600027 600100
600023 600086
600083 600036
600042 600031
600022 600064
600028 600072
600072 600047
600012 600093
600011 600072
600033 600014
600069 600064
600065 600085
600043 600032
600009 600049
600002 600099
600077 600048
600059 600083
600075 600013
600069 600084
600095 600063
600021 600073
600064 600097
600051 600049
600052 600024
600050 600063
600091 600050
600035 600020
600093 600056
600062 600093
600018 600038
600047 600094
600006 600061
600007 600080
600063 600051
600078 600048
600032 600093
600060 600041
600080 600046
600011 600055
600019 600092
600012 600054
600084 600044
600086 600041
600027 600069
600065 600035
600081 600041
600059 600056
600066 600053
600081 600017
600020 600058
600043 600020
600082 600023
600037 600095
600004 600049
600001 600091
600086 600050
600034 600011
600070 600013
600020 600057
600049 600065
600099 600055
600040 600019
600063 600061
600014 600043
600035 600056
600055 600100
600043 600013
600021 600097
600084 600033
600021 600087
600041 600041
600033 600087
600052 600003
600030 600045
600045 600056
600020 600027
600027 600075
600082 600070
600079 600069
600019 600089
600050 600055
600088 600053
600023 600076
600085 600059
600016 600011
600075 600018
600014 600025
600015 600097
600074 600078
600037 600044
600016 600095
600060 600051
600071 600040
600009 600006
600019 600031
600008 600079
600049 600040
600067 600011
600021 600068
600018 600018
600035 600025
600058 600008
600022 600069
600086 600014
600025 600075
600009 600043
600048 600004
600003 600025
600081 600074
600042 600089
600007 600019
600084 600076
600084 600052
600093 600038
600008 600008
600056 600014
600073 600036
600023 600093
600074 600052
600033 600024
600040 600079
600092 600050
600034 600007
600057 600099
600043 600084
600036 600097
600055 600074
600038 600084
600057 600072
600001 600003
600084 600024
600009 600020
600069 600081
600058 600020
600071 600022
600067 600086
600071 600011
600015 600093
600063 600049
600022 600004
600008 600009
600098 600075
600093 600043
600063 600097
600021 600024
600066 600050
600064 600020
600040 600039
600033 600009
600046 600087
600082 600036
600041 600046
600069 600072
600058 600009
600064 600010
600031 600069
600066 600045
600093 600032
600089 600072
600060 600067
600039 600032
600024 600049
600053 600024
600100 600081
600016 600072
600050 600056
600098 600007
600012 600021
600015 600079
600052 600049
600055 600083
600038 600066
600025 600034
600084 600021
600070 600051
600073 600048
600040 600088
600013 600089
600071 600075
600071 600011
600051 600048
600090 600009
600057 600044
600044 600058
600056 600100
600076 600030
600006 600020
600007 600093
600057 600057
600017 600079
600082 600082
600083 600004
600091 600021
600059 600061
600093 600086
600095 600031
600083 600095
600036 600020
600050 600075
600061 600072
600061 600050
600024 600071
600038 600093
600047 600086
600050 600059
600006 600023
600053 600062
600066 600014
600091 600011
600044 600008
600020 600062
600018 600014
600089 600051
600054 600057
600092 600025
600099 600099
600067 600098
600076 600039
600069 600033
600010 600036
600014 600061
600050 600031
600055 600007
600044 600004
600034 600013
600080 600052
600047 600036
600007 600078
600002 600023
600096 600077
600064 600062
600046 600075
600070 600096
600076 600080
600077 600077
600060 600037
600038 600019
600043 600095
600051 600014
600035 600080
600064 600030
600100 600011
600028 600009
600059 600097
600056 600087
600075 600075
600052 600082
600085 600019
600008 600043
600088 600073
600006 600037
600010 600091
600079 600027
600025 600072
600078 600065
600035 600026
600076 600021
600034 600043
600070 600071
600057 600012
600082 600041
600064 600089
600041 600059
600094 600006
600056 600095
600064 600026
600085 600062
600086 600062
600040 600088
600045 600070
600051 600005
600078 600011
600038 600019
600044 600040
600069 600038
600052 600041
600085 600026
600059 600077
600078 600067
600051 600058
600091 600089
600013 600061
600084 600039
600068 600082
600004 600096
600005 600097
600015 600066
600076 600081
600052 600062
600086 600053
600023 600061
600004 600011
600064 600032
600021 600029
600090 600020
600088 600022
600083 600076
600055 600029
600034 600010
600048 600076
600016 600068
600078 600072
600006 600016
600087 600009
600076 600063
600025 600066
600046 600029
600038 600098
600089 600006
600099 600002
600100 600021
600068 600046
600044 600003
600033 600095
600052 600087
600055 600036
600051 600003
600009 600046
600029 600086
600022 600088
600054 600024
600016 600011
600068 600066
600007 600038
600059 600067
600003 600094
600014 600075
600061 600042
600030 600015
600084 600072
600017 600059
600086 600048
600052 600085
600011 600096
600017 600092
600075 600048
600030 600078
600091 600076
600090 600057
600018 600029
600086 600076
600012 600053
600032 600010
600076 600028
600055 600024
600026 600066
600025 600063
600043 600004
600094 600009
600011 600094
600055 600046
600076 600074
600052 600094
600009 600011
600078 600029
600075 600050
600009 600040
600034 600014
600076 600096
600065 600003
600022 600002
600086 600088
600043 600094
600041 600023
600034 600002
600023 600033
600082 600024
600004 600096
600042 600005
600012 600001
600047 600012
600049 600058
600053 600037
600023 600072
600057 600065
600088 600018
600016 600046
600096 600087
600094 600037
600081 600063
600030 600075
600039 600055
600021 600047
600051 600061
600068 600099
600069 600095
600096 600050
600041 600079
600081 600049
600032 600040
600068 600084
600057 600018
600060 600071
600023 600042
600044 600077
600005 600003
600080 600007
600088 600042
600036 600022
600039 600055
600078 600069
600065 600050
600085 600048
600083 600086
600098 600043
600062 600072
600051 600028
600047 600037
600027 600084
600099 600026
600023 600024
600085 600036
600050 600078
600066 600084
600055 600014
600077 600090
600071 600006
600073 600089
600009 600036
600011 600034
600062 600020
600013 600002
600027 600070
600027 600072
600088 600007
600032 600009
600030 600034
600029 600014
600023 600035
600056 600097
600025 600030
600057 600077
600013 600083
600095 600092
600080 600014
600083 600067
600007 600029
600095 600020
600091 600098
600014 600099
600029 600079
600042 600065
600055 600045
600085 600040
600092 600003
600013 600048
600073 600073
600096 600040
600074 600017
600010 600064
600098 600039
600054 600090
600071 600061
600092 600070
600048 600032
600049 600078
600045 600080
600038 600092
600045 600050
600051 600081
600006 600083
600039 600045
600056 600020
600096 600028
600005 600042
600024 600020
600018 600007
600011 600025
600054 600063
600026 600059
600046 600091
600089 600032
600025 600097
600084 600068
600029 600021
600017 600088
600057 600049
600028 600080
600040 600075
600095 600037
600008 600081
600098 600069
600070 600029
600069 600069
600078 600064
600058 600053
600036 600019
600084 600053
600040 600081
600022 600076
600039 600042
600085 600098
600052 600035
600022 600079
600071 600026
600058 600057
600001 600005
600014 600086
600053 600029
600082 600087
600046 600002
600043 600079
600081 600098
600022 600044
600024 600092
600058 600045
600052 600019
600037 600098
600088 600029
600031 600075
600024 600061
600037 600056
600080 600069
600093 600004
600030 600078
600072 600074
600016 600079
600048 600047
600085 600015
600030 600068
600087 600087
600039 600043
600043 600084
600100 600010
600075 600002
600066 600089
600022 600076
600005 600036
600065 600031
600014 600053
600038 600095
600089 600090
600065 600003
600065 600005
600044 600072
600048 600099
600084 600005
600005 600017
600042 600044
600039 600077
600062 600061
600068 600013
600013 600063
600042 600086
600052 600061
600040 600019
600063 600012
600086 600005
600076 600014
600003 600046
600081 600094
600086 600065
600029 600017
600061 600073
600020 600045
600097 600072
600081 600052
600063 600068
600087 600025
600012 600003
600032 600074
600074 600080
600085 600062
600042 600095
600020 600071
600046 600034
600040 600076
600015 600024
600037 600083
600009 600035
600092 600009
600034 600093
600021 600052
600064 600091
600004 600001
600040 600097
600004 600096
600060 600052
600100 600083
600014 600064
600072 600083
600012 600084
600037 600009
600088 600061
600006 600051
600015 600087
600032 600006
600056 600073
600073 600085
600033 600085
600077 600004
600025 600090
600011 600003
600075 600096
600033 600019
600017 600095
600082 600079
600070 600049
600007 600043
600060 600085
600008 600073
600010 600015
600041 600012
600019 600041
600043 600060
600010 600057
600039 600096
600001 600017
600060 600008
600068 600059
600011 600034
600039 600018
600057 600094
600047 600038
600086 600034
600068 600011
600007 600034
600040 600034
600014 600098
600088 600088
600015 600024
600062 600061
600067 600063
600079 600019
600003 600003
600012 600026
600075 600002
600098 600078
600090 600017
600092 600057
600028 600072
600096 600068
600047 600096
600039 600046
600081 600003
600012 600090
600009 600037
600091 600015
600041 600084
600061 600095
600058 600008
600014 600091
600058 600012
600038 600035
600021 600042
600048 600025
600075 600034
600005 600093
600091 600094
600090 600046
600006 600085
600020 600077
600045 600095
600046 600028
600028 600060
600039 600002
600086 600018
600006 600050
600016 600012
600020 600021
600001 600004
600015 600063
600061 600022
600050 600020
600031 600098
600009 600013
600055 600061
600098 600095
600064 600033
600017 600074
600041 600005
600013 600060
600085 600008
600049 600088
600081 600098
600041 600058
600098 600041
600017 600024
600035 600014
600092 600013
600065 600069
600077 600015
600065 600016
600079 600091
600010 600064
600092 600014
600088 600005
600093 600009
600082 600053
600049 600036
600018 600098
600090 600035
600089 600065
600041 600020
600043 600078
600076 600045
600083 600028
600025 600030
600008 600088
600084 600099
600045 600002
600052 600013
600089 600023
600020 600018
600096 600079
600035 600084
600008 600096
600005 600077
600068 600023
600025 600035
600004 600095
600045 600015
600087 600016
600084 600043
600003 600059
600010 600019
600061 600073
600070 600004
600055 600029
600050 600066
600079 600039
600040 600082
600040 600041
600054 600030
600060 600061
600030 600039
600062 600099
600020 600033
600083 600087
600065 600033
600079 600043
600076 600073
600047 600056
600042 600053
600050 600080
600060 600039
600007 600017
600055 600096
600082 600029
600064 600067
600002 600061
600009 600046
600097 600051
600036 600051
600060 600065
600053 600067
600020 600029
600063 600084
600019 600064
600002 600047
600039 600080
600083 600012
600011 600094
600060 600070
600049 600073
600014 600008
600042 600005
600002 600006
600003 600009
600053 600025
600072 600008
600067 600030
600026 600056
600022 600055
600035 600050
600046 600096
600040 600046
600042 600047
600055 600081
600049 600094
600021 600068
600061 600014
600057 600051
600020 600067
600066 600051
600076 600099
600007 600058
600023 600098
600001 600096
600053 600064
600083 600079
600022 600041
600071 600076
600010 600077
600059 600087
600025 600023
600079 600042
600093 600085
600020 600046
600076 600057
600045 600079
600013 600022
600096 600095
600028 600012
600024 600025
600096 600007
600089 600093
600032 600001
600003 600032
600019 600031
600054 600001
600093 600072
600036 600031
600065 600054
600083 600096
600096 600097
600078 600039
600088 600007
600042 600065
600051 600099
600067 600007
600043 600040
600009 600062
600079 600055
600025 600026
600035 600020
600017 600073
600098 600040
600099 600071
600070 600001
600082 600004
600091 600082
600042 600072
600060 600011
600021 600096
600051 600013
600026 600037
600029 600001
600039 600072
600019 600047
600096 600002
600018 600062
600030 600076
600055 600047
600100 600098
600076 600030
600064 600054
600046 600050
600084 600087
600023 600053
600010 600033
600066 600067
600099 600077
600078 600012
600098 600070
600068 600075
600007 600019
600032 600067
600028 600008
600033 600040
600085 600100
600004 600012
600067 600073
600017 600022
600077 600097
600082 600031
600085 600025
600030 600018
600002 600024
600014 600076
600096 600050
600081 600048
600016 600040
600018 600023
600035 600059
600020 600060
600045 600019
600063 600089
600003 600027
600026 600037
600050 600086
600002 600076
600024 600032
600085 600056
600029 600062
600086 600079
600093 600085
600077 600040
600030 600089
600055 600099
600014 600090
600092 600093
600030 600091
600078 600034
600066 600059
600038 600055
600003 600064
600079 600019
600029 600004
600018 600087
600093 600079
600079 600056
600045 600078
600023 600093
600074 600018
600053 600040
600049 600023
600021 600063
600059 600052
600099 600068
600038 600092
600037 600074
600069 600087
600064 600065
600086 600036
600050 600076
70 83
85 13
100 81
30 34
12 99
44 58
25 81
48 80
87 47
36 1
11 7
81 97
99 94
22 44
85 52
46 35
99 27
73 20
63 21
62 64
8 26
1 71
40 61
32 95
64 12
51 6
77 71
71 21
60 67
74 64
36 30
47 22
36 43
26 97
61 89
44 14
52 8
66 99
98 66
43 61
72 19
22 69
87 37
61 15
89 58
81 2
29 89
100 60
25 22
9 17
11 43
51 92
80 95
48 21
47 83
30 71
36 67
34 93
53 81
31 94
64 69
76 83
87 10
85 30
33 34
95 86
70 66
11 76
68 6
63 43
27 11
7 59
60 95
40 23
97 60
79 29
21 57
42 78
60 93
53 21
12 70
31 9
1 60
50 37
58 86
84 82
30 42
61 27
21 22
10 47
100 73
100 21
95 51
1 74
38 55
69 31
55 13
19 59
64 62
37 17
12 35
41 69
83 51
44 24
66 22
46 75
3 79
85 28
79 10
26 51
45 62
36 7
18 21
42 71
95 85
48 85
49 79
87 69
94 91
66 33
10 50
18 63
72 68
29 64
64 78
51 81
79 93
87 8
31 17
43 21
90 50
21 10
98 21
35 23
17 26
29 58
21 26
65 60
98 85
64 67
47 28
70 38
27 63
77 21
58 9
37 1
70 86
53 61
30 96
30 52
50 76
9 100
3 27
32 56
69 48
33 11
31 80
83 30
33 24
87 53
19 60
39 76
71 30
95 31
33 6
44 16
61 16
76 10
9 75
85 52
74 84
64 94
23 31
39 2
75 8
45 75
34 19
50 23
21 77
23 83
72 74
81 95
77 10
34 43
34 49
18 81
45 73
7 67
95 1
50 23
44 52
72 54
66 8
10 33
93 100
97 31
85 36
40 28
91 61
45 69
76 25
16 29
22 96
68 82
35 4
91 1
81 75
40 31
43 72
98 98
49 85
56 32
30 45
22 88
92 92
15 12
95 48
37 95
24 25
32 31
8 54
5 35
59 23
60 28
51 58
18 1
35 39
43 19
37 69
77 81
55 79
60 32
27 74
62 10
100 41
92 25
15 76
98 76
22 53
66 77
