# source: JorikJooken
# original path: jj_extract\knapsackProblemInstances-master\problemInstances\n_400_c_1000000_g_2_f_0.2_eps_0.1_s_100\test.in
# optimal value: 604448
# format: n capacity, then weight value
400 1000000
600045 600100
600078 600016
600024 600049
600067 600029
600040 600020
600083 600080
600008 600020
600025 600020
600023 600053
600003 600071
600021 600071
600076 600036
600077 600036
600093 600080
600085 600020
600054 600055
600072 600066
600098 600011
600076 600058
600068 600075
600018 600023
600075 600019
600092 600006
600087 600097
600023 600100
600100 600031
600023 600027
600018 600008
600086 600099
600010 600094
600086 600070
600043 600070
600026 600012
600019 600002
600004 600084
600029 600067
600092 600088
600013 600041
600065 600096
600052 600057
600037 600042
600079 600042
600012 600064
600083 600005
600091 600065
600081 600033
600037 600004
600020 600095
600068 600080
600007 600085
600009 600083
600008 600047
600060 600052
600045 600094
600002 600022
600035 600086
600006 600092
600082 600030
600089 600066
600013 600070
600084 600035
600033 600070
600027 600016
600041 600090
600083 600041
600065 600083
600066 600017
600096 600025
600030 600015
600008 600008
600069 600051
600004 600064
600029 600089
600041 600089
600094 600034
600026 600016
600060 600032
600062 600034
600009 600005
600039 600048
600075 600075
600035 600095
600061 600036
600034 600064
600019 600004
600005 600061
600066 600021
600080 600053
600043 600068
600019 600018
600008 600045
600062 600011
600072 600071
600026 600010
600011 600058
600055 600023
600001 600032
600095 600058
600100 600087
600027 600044
600044 600018
600026 600084
600035 600001
600081 600041
600006 600074
600069 600036
600058 600078
600026 600031
600092 600035
600019 600079
600049 600055
600077 600075
600083 600022
600044 600026
600088 600026
600075 600060
600099 600058
600082 600087
600095 600037
600016 600031
600013 600051
600100 600008
600010 600083
600046 600075
600091 600048
600003 600028
600071 600001
600097 600022
600094 600015
600070 600048
600086 600040
600068 600071
600080 600041
600048 600080
600024 600015
600014 600052
600083 600040
600025 600091
600096 600085
600024 600035
600090 600026
600056 600081
600055 600046
600085 600076
600071 600016
600034 600018
600055 600044
600005 600070
600031 600010
600025 600059
600047 600098
600047 600066
600084 600061
600029 600062
600062 600047
600080 600006
600093 600076
600025 600003
600049 600007
600022 600068
600022 600025
600040 600040
600038 600097
600079 600003
600017 600089
600054 600097
600037 600077
600090 600051
600077 600078
600057 600029
600039 600053
600079 600067
600002 600065
600001 600026
600055 600067
600077 600004
600023 600016
600004 600027
600028 600003
600069 600072
600024 600003
600078 600012
600013 600011
600039 600073
600082 600025
600003 600018
600030 600018
600086 600011
600003 600027
600071 600086
600039 600014
600064 600025
600016 600065
600006 600001
600055 600062
600015 600022
600004 600065
600001 600039
600039 600077
600057 600084
600039 600017
600057 600025
600073 600052
600098 600097
600082 600083
600058 600062
600005 600096
600047 600001
600030 600037
600027 600065
600011 600095
600030 600060
600029 600020
600076 600085
600084 600037
600022 600081
600100 600033
600024 600014
600060 600001
600069 600081
600033 600009
600100 600051
600020 600061
600013 600009
600018 600025
600063 600056
600021 600012
600068 600023
600075 600023
600087 600066
600018 600046
600044 600068
600038 600029
600023 600038
600079 600092
600062 600034
600045 600079
600056 600069
600090 600028
600070 600019
600094 600035
600047 600014
600040 600060
600095 600058
600049 600015
600025 600001
600069 600099
600041 600096
600098 600044
600012 600054
600002 600095
600067 600008
600008 600032
600022 600037
600055 600040
600054 600066
600065 600002
600047 600073
600089 600024
600091 600058
600069 600070
600079 600028
600007 600025
600059 600061
600094 600008
600051 600100
600026 600073
600048 600069
600043 600086
600001 600033
600032 600007
600068 600077
600085 600098
600012 600016
600031 600032
600083 600039
600087 600050
600044 600032
600016 600056
600059 600020
600068 600005
600006 600057
600090 600093
600085 600091
600071 600051
600093 600054
600035 600033
600043 600017
600047 600001
600054 600086
600037 600036
600095 600008
600046 600082
600033 600007
600065 600087
600091 600072
600012 600028
600023 600051
600046 600010
600092 600084
600049 600086
600003 600053
600003 600094
600048 600016
600085 600018
600047 600058
600072 600089
600042 600073
600045 600005
600022 600088
600068 600082
600066 600063
600083 600060
600077 600028
600066 600047
600002 600073
600088 600065
600005 600094
600003 600006
600038 600047
93 98
62 56
9 98
97 77
64 75
41 93
16 46
13 47
58 83
23 4
14 78
42 62
64 58
61 61
32 38
46 29
42 74
55 11
33 66
3 68
13 92
15 20
94 55
48 19
67 23
15 70
82 61
77 79
53 95
29 72
99 13
2 45
3 93
42 55
57 37
8 82
68 28
45 51
35 7
70 59
69 60
61 5
3 30
66 72
69 76
82 15
28 19
6 10
6 73
47 97
14 96
54 8
9 47
87 82
9 66
13 12
17 14
61 89
79 84
36 77
32 11
9 85
13 16
19 17
4 80
45 53
25 83
84 13
14 83
66 88
93 38
52 20
80 40
60 25
62 20
25 72
48 82
30 97
29 84
31 31
