# source: JorikJooken
# original path: jj_extract\knapsackProblemInstances-master\problemInstances\n_400_c_1000000_g_6_f_0.3_eps_0.1_s_200\test.in
# optimal value: 1004028
# format: n capacity, then weight value
400 1000000
600076 600100
600147 600073
600067 600143
600115 600145
600148 600020
600074 600068
600107 600137
600028 600110
600068 600033
600064 600023
600121 600172
600046 600040
600144 600082
600036 600094
600018 600168
600181 600082
600025 600160
600124 600186
600146 600118
600111 600039
600195 600153
600054 600056
600177 600169
600046 600131
600039 600059
600114 600110
600135 600110
600199 600042
600003 600115
600143 600009
600153 600176
600119 600137
600033 600099
600109 600173
600001 600138
600161 600187
600162 600115
600076 600185
600165 600051
600031 600095
600127 600067
600100 600075
600121 600166
600198 600083
600070 600157
600129 600186
600036 600136
600033 600148
600053 600182
600077 600185
600161 600010
600077 600048
600117 600031
600199 600005
600050 600056
600153 600105
350003 350025
350177 350124
350044 350130
350032 350089
350117 350177
350184 350091
350090 350143
350122 350033
350071 350089
350149 350062
350140 350097
350133 350111
350186 350062
350162 350010
350194 350177
350125 350084
350169 350128
350037 350103
350049 350001
350061 350096
350058 350131
350177 350063
350124 350172
350101 350098
350134 350178
350111 350006
350061 350022
350120 350102
350077 350191
350048 350182
350104 350085
350084 350029
350075 350093
350096 350081
350114 350092
350027 350006
350104 350023
350141 350169
350043 350035
350015 350113
350136 350025
350075 350076
350136 350089
350030 350062
350169 350006
350035 350047
350189 350180
350145 350178
350113 350029
350118 350069
350009 350160
350102 350038
350077 350192
350069 350177
350013 350023
350085 350125
225127 225189
225079 225058
225175 225078
225130 225082
225060 225038
225112 225118
225171 225045
225041 225075
225019 225011
225093 225183
225187 225151
225068 225057
225094 225043
225010 225101
225197 225161
225149 225177
225108 225067
225103 225120
225077 225193
225052 225172
225027 225106
225107 225163
225034 225095
225031 225157
225137 225073
225049 225029
225128 225087
225146 225183
225081 225143
225009 225182
225090 225044
225060 225175
225112 225074
225113 225196
225057 225182
225130 225100
225174 225165
225177 225064
225022 225116
225118 225185
225188 225056
225002 225189
225159 225106
225185 225094
225051 225058
225187 225137
225177 225073
225043 225038
225145 225116
225114 225045
225052 225057
225038 225014
225156 225023
225133 225003
225164 225130
225128 225147
162697 162529
162685 162582
162595 162628
162692 162655
162683 162655
162685 162644
162586 162623
162510 162622
162579 162552
162545 162698
162614 162554
162654 162661
162534 162529
162607 162608
162650 162697
162661 162594
162643 162546
162662 162501
162621 162640
162634 162522
162525 162576
162518 162619
162649 162576
162526 162575
162683 162549
162638 162591
162614 162677
162519 162518
162573 162638
162536 162669
162522 162529
162601 162511
162665 162550
162677 162642
162569 162627
162645 162598
162582 162694
162527 162552
162502 162647
162536 162603
162601 162664
162684 162670
162535 162536
162682 162624
162665 162700
162654 162606
162621 162510
162689 162588
162628 162677
162557 162599
162586 162576
162616 162692
162665 162637
162620 162563
162647 162640
162503 162653
131257 131320
131352 131398
131345 131342
131393 131271
131382 131429
131274 131405
131323 131434
131360 131438
131376 131432
131273 131331
131272 131267
131282 131413
131272 131284
131327 131367
131422 131432
131411 131434
131284 131415
131354 131300
131435 131319
131443 131253
131299 131442
131433 131251
131377 131335
131362 131269
131332 131416
131365 131445
131420 131344
131403 131312
131424 131313
131313 131262
131278 131394
131371 131346
131391 131306
131432 131402
131386 131275
131362 131378
131279 131426
131400 131437
131338 131297
131306 131258
131400 131356
131445 131408
131303 131346
131404 131383
131431 131373
131316 131324
131411 131387
131324 131360
131408 131376
131439 131273
131274 131342
131315 131353
131338 131322
131326 131442
131434 131291
131357 131301
114 148
123 111
88 45
1 134
10 86
69 20
10 62
184 26
18 128
200 23
7 23
51 28
17 186
199 147
93 149
132 98
42 33
92 73
111 47
193 73
117 19
80 176
70 134
42 92
71 87
106 124
28 23
181 174
130 129
190 58
8 108
99 77
34 175
138 181
144 14
99 12
14 53
186 160
95 33
11 160
128 187
120 60
156 130
159 148
179 86
157 180
128 57
39 43
191 4
119 139
164 69
70 129
42 53
137 153
35 34
183 180
153 28
67 6
176 100
58 116
199 106
167 36
87 61
85 11
105 198
45 165
31 16
137 145
87 112
144 38
174 199
67 162
87 102
22 57
142 16
30 97
74 175
149 11
121 67
1 107
116 181
197 9
116 176
114 70
15 123
89 179
45 21
88 129
97 19
97 99
94 64
23 37
182 43
109 104
101 115
5 194
113 95
184 168
56 158
195 99
26 91
199 191
29 70
5 151
46 2
34 95
138 66
16 185
26 12
37 63
147 62
172 21
88 103
30 148
112 44
161 45
191 187
196 136
69 181
197 164
