# source: JorikJooken
# original path: jj_extract\knapsackProblemInstances-master\problemInstances\n_800_c_100000000_g_6_f_0.3_eps_0.01_s_100\test.in
# optimal value: 99762610
# format: n capacity, then weight value
800 100000000
51000072 51000093
51000037 51000036
51000042 51000045
51000029 51000071
51000049 51000052
51000084 51000020
51000039 51000010
51000065 51000069
51000036 51000062
51000045 51000004
51000053 51000072
51000026 51000018
51000040 51000007
51000094 51000021
51000074 51000070
51000052 51000025
51000099 51000096
51000073 51000032
51000019 51000010
51000028 51000047
51000012 51000008
51000016 51000062
51000021 51000064
51000007 51000024
51000012 51000020
51000014 51000068
51000073 51000093
51000087 51000019
51000045 51000003
51000003 51000047
51000058 51000064
51000035 51000012
51000059 51000031
51000035 51000023
51000056 51000063
51000049 51000065
51000035 51000080
51000085 51000084
51000057 51000009
51000099 51000033
51000005 51000053
51000056 51000092
51000004 51000052
51000023 51000087
51000063 51000073
51000042 51000089
51000056 51000061
51000015 51000013
51000030 51000082
51000031 51000048
51000073 51000007
51000035 51000054
51000018 51000057
51000048 51000040
51000063 51000038
51000006 51000059
51000059 51000090
51000012 51000018
51000093 51000058
51000081 51000096
51000095 51000060
51000013 51000011
51000030 51000021
51000024 51000031
51000080 51000027
51000022 51000061
51000084 51000040
51000025 51000044
51000075 51000012
51000049 51000078
51000016 51000032
51000057 51000024
51000094 51000045
51000089 51000055
51000098 51000065
51000093 51000091
51000083 51000031
51000041 51000001
51000003 51000050
51000029 51000067
51000045 51000029
51000100 51000062
51000048 51000044
51000030 51000064
51000006 51000002
51000064 51000049
51000026 51000056
51000002 51000079
51000054 51000044
51000058 51000035
51000058 51000068
51000086 51000097
51000021 51000008
51000037 51000025
51000033 51000080
51000028 51000094
51000003 51000067
51000100 51000009
51000023 51000030
51000017 51000060
51000053 51000040
51000052 51000037
51000033 51000042
51000087 51000021
51000045 51000014
51000044 51000032
51000089 51000038
51000041 51000076
51000075 51000021
51000010 51000055
51000048 51000062
51000001 51000089
26000018 26000010
26000075 26000060
26000037 26000023
26000026 26000083
26000008 26000050
26000091 26000085
26000056 26000087
26000027 26000051
26000047 26000015
26000098 26000077
26000096 26000100
26000014 26000050
26000084 26000071
26000049 26000094
26000047 26000067
26000023 26000042
26000063 26000007
26000002 26000089
26000063 26000018
26000063 26000027
26000014 26000076
26000045 26000029
26000036 26000059
26000087 26000088
26000011 26000057
26000063 26000023
26000044 26000080
26000085 26000087
26000052 26000032
26000093 26000078
26000079 26000089
26000060 26000065
26000068 26000021
26000019 26000065
26000033 26000069
26000098 26000027
26000044 26000013
26000017 26000031
26000097 26000093
26000005 26000027
26000010 26000073
26000059 26000059
26000085 26000081
26000017 26000082
26000077 26000087
26000046 26000073
26000011 26000047
26000061 26000074
26000024 26000081
26000006 26000011
26000030 26000021
26000091 26000021
26000066 26000044
26000034 26000048
26000053 26000072
26000015 26000089
26000072 26000006
26000066 26000063
26000053 26000033
26000053 26000079
26000051 26000059
26000078 26000013
26000040 26000005
26000075 26000040
26000025 26000061
26000065 26000066
26000004 26000081
26000090 26000069
26000069 26000034
26000064 26000041
26000078 26000055
26000032 26000067
26000069 26000024
26000026 26000003
26000015 26000054
26000031 26000010
26000085 26000079
26000015 26000015
26000021 26000007
26000023 26000052
26000034 26000026
26000016 26000094
26000021 26000039
26000056 26000054
26000077 26000012
26000067 26000010
26000029 26000004
26000062 26000056
26000021 26000022
26000018 26000053
26000086 26000024
26000059 26000079
26000094 26000029
26000045 26000059
26000013 26000046
26000042 26000003
26000054 26000043
26000076 26000058
26000066 26000038
26000095 26000088
26000048 26000094
26000078 26000028
26000083 26000083
26000027 26000095
26000025 26000062
26000034 26000091
26000076 26000040
26000070 26000066
26000094 26000041
26000059 26000100
26000058 26000042
26000024 26000003
13500044 13500044
13500087 13500015
13500027 13500022
13500016 13500060
13500047 13500077
13500059 13500020
13500023 13500077
13500097 13500030
13500028 13500093
13500083 13500060
13500014 13500026
13500025 13500089
13500040 13500099
13500025 13500050
13500059 13500054
13500032 13500081
13500094 13500009
13500060 13500009
13500068 13500086
13500066 13500020
13500033 13500094
13500075 13500004
13500031 13500079
13500002 13500052
13500054 13500051
13500077 13500090
13500003 13500090
13500016 13500097
13500078 13500051
13500046 13500083
13500090 13500003
13500060 13500003
13500089 13500052
13500028 13500054
13500032 13500079
13500075 13500100
13500010 13500080
13500065 13500059
13500053 13500074
13500015 13500027
13500003 13500072
13500084 13500042
13500025 13500080
13500016 13500023
13500024 13500055
13500017 13500011
13500086 13500040
13500065 13500043
13500100 13500036
13500080 13500059
13500098 13500084
13500009 13500086
13500009 13500070
13500019 13500046
13500047 13500045
13500029 13500049
13500046 13500061
13500075 13500021
13500092 13500027
13500017 13500015
13500023 13500069
13500039 13500001
13500084 13500026
13500012 13500073
13500005 13500061
13500072 13500068
13500058 13500020
13500048 13500066
13500083 13500026
13500016 13500075
13500066 13500030
13500007 13500060
13500029 13500078
13500060 13500081
13500072 13500036
13500068 13500088
13500045 13500084
13500032 13500093
13500006 13500037
13500067 13500063
13500058 13500029
13500036 13500010
13500066 13500054
13500055 13500066
13500094 13500068
13500038 13500057
13500096 13500077
13500033 13500016
13500094 13500057
13500022 13500025
13500074 13500051
13500086 13500057
13500057 13500021
13500046 13500047
13500060 13500099
13500028 13500075
13500045 13500025
13500037 13500038
13500007 13500075
13500010 13500089
13500099 13500086
13500027 13500087
13500058 13500046
13500073 13500025
13500033 13500094
13500092 13500053
13500035 13500009
13500053 13500067
13500012 13500006
13500007 13500079
13500028 13500025
13500033 13500099
7250060 7250011
7250029 7250022
7250053 7250086
7250060 7250020
7250058 7250008
7250048 7250052
7250073 7250014
7250066 7250048
7250065 7250052
7250081 7250073
7250008 7250042
7250074 7250069
7250074 7250024
7250073 7250053
7250090 7250001
7250075 7250078
7250064 7250036
7250071 7250073
7250022 7250085
7250003 7250007
7250053 7250020
7250010 7250057
7250072 7250021
7250058 7250005
7250004 7250092
7250099 7250050
7250012 7250030
7250092 7250057
7250075 7250084
7250060 7250081
7250070 7250009
7250077 7250051
7250086 7250032
7250046 7250001
7250097 7250093
7250012 7250097
7250088 7250086
7250044 7250021
7250075 7250016
7250034 7250081
7250093 7250093
7250092 7250077
7250017 7250000
7250034 7250059
7250018 7250047
7250060 7250001
7250051 7250091
7250058 7250033
7250054 7250000
7250027 7250010
7250030 7250050
7250087 7250089
7250034 7250060
7250009 7250068
7250031 7250089
7250096 7250067
7250080 7250002
7250058 7250036
7250022 7250008
7250047 7250023
7250075 7250051
7250062 7250067
7250006 7250066
7250063 7250019
7250083 7250039
7250055 7250015
7250018 7250085
7250050 7250043
7250085 7250072
7250001 7250069
7250066 7250015
7250040 7250056
7250024 7250017
7250003 7250078
7250056 7250065
7250003 7250099
7250047 7250057
7250054 7250063
7250058 7250051
7250014 7250069
7250087 7250081
7250093 7250084
7250008 7250093
7250005 7250045
7250000 7250003
7250083 7250008
7250020 7250023
7250031 7250099
7250069 7250012
7250032 7250086
7250099 7250044
7250049 7250035
7250036 7250027
7250039 7250088
7250087 7250056
7250031 7250031
7250085 7250011
7250028 7250053
7250096 7250076
7250030 7250017
7250081 7250064
7250075 7250045
7250072 7250042
7250080 7250097
7250075 7250039
7250059 7250076
7250047 7250000
7250065 7250071
7250056 7250058
7250038 7250093
7250068 7250020
7250041 7250092
4125064 4125085
4125062 4125046
4125018 4125050
4125072 4125084
4125034 4125003
4125079 4125092
4125003 4125092
4125076 4125048
4125067 4125055
4125092 4125093
4125073 4125068
4125034 4125039
4125051 4125027
4125091 4125041
4125052 4125028
4125033 4125016
4125073 4125090
4125056 4125035
4125062 4125049
4125012 4125052
4125057 4125012
4125025 4125073
4125006 4125095
4125093 4125010
4125075 4125089
4125014 4125086
4125066 4125024
4125058 4125004
4125087 4125028
4125015 4125054
4125076 4125025
4125068 4125027
4125014 4125067
4125066 4125028
4125060 4125061
4125049 4125087
4125013 4125091
4125049 4125099
4125052 4125008
4125017 4125070
4125072 4125021
4125017 4125091
4125061 4125039
4125010 4125054
4125061 4125086
4125092 4125079
4125087 4125071
4125029 4125093
4125003 4125061
4125076 4125041
4125064 4125003
4125022 4125050
4125100 4125084
4125024 4125021
4125017 4125099
4125069 4125022
4125070 4125055
4125092 4125078
4125096 4125068
4125099 4125089
4125069 4125030
4125067 4125043
4125050 4125057
4125004 4125051
4125027 4125005
4125004 4125052
4125052 4125064
4125025 4125011
4125080 4125099
4125036 4125015
4125031 4125007
4125048 4125097
4125051 4125058
4125077 4125095
4125058 4125086
4125023 4125090
4125094 4125011
4125006 4125015
4125089 4125029
4125096 4125020
4125012 4125002
4125096 4125097
4125076 4125030
4125073 4125097
4125031 4125042
4125100 4125091
4125009 4125037
4125011 4125051
4125021 4125017
4125078 4125075
4125006 4125023
4125076 4125049
4125064 4125050
4125082 4125009
4125061 4125021
4125084 4125057
4125042 4125031
4125052 4125070
4125002 4125044
4125012 4125013
4125067 4125056
4125034 4125036
4125089 4125068
4125025 4125087
4125009 4125052
4125028 4125026
4125095 4125007
4125080 4125032
4125089 4125051
4125033 4125094
4125015 4125054
4125077 4125038
66 4
92 45
16 43
94 43
16 23
24 31
84 20
35 66
20 18
44 39
12 48
76 55
6 97
2 52
14 4
89 3
5 16
66 5
98 49
5 85
71 75
60 51
66 52
48 93
68 87
33 58
73 42
8 17
16 90
20 60
11 18
96 76
75 34
49 5
90 84
55 88
43 60
10 77
97 28
69 96
80 36
96 84
86 37
82 95
80 25
36 52
93 20
30 49
67 20
56 80
35 6
77 23
46 26
11 25
59 99
71 91
7 4
61 37
34 23
19 19
74 13
67 85
61 91
23 89
13 77
82 86
29 16
85 20
73 12
27 64
61 50
43 32
60 70
56 6
17 63
66 1
61 71
60 7
79 72
85 34
11 83
68 95
60 5
67 11
93 99
12 72
60 25
84 28
75 14
43 28
72 15
96 39
34 77
32 55
64 83
41 88
69 92
78 41
14 96
89 91
27 89
27 19
14 2
83 85
79 75
88 41
38 9
4 89
96 88
46 86
72 57
48 13
98 54
22 97
89 32
20 95
73 35
36 84
52 77
75 49
48 13
36 91
59 78
44 81
36 91
92 77
41 77
69 29
19 85
47 37
83 61
42 32
64 76
2 32
100 93
99 87
12 78
70 27
2 27
51 100
37 30
22 6
57 95
61 19
5 64
86 26
83 70
45 62
21 52
17 4
55 42
87 23
36 82
22 49
3 17
85 31
41 10
40 40
29 32
82 98
97 2
81 67
9 69
81 79
10 1
19 62
21 8
59 16
39 78
72 41
72 77
17 61
36 12
93 34
89 90
53 24
95 19
1 21
89 55
28 76
7 92
57 43
74 33
11 75
7 39
40 37
58 88
26 18
54 39
41 56
3 5
29 57
31 44
42 7
24 65
85 65
49 87
97 64
10 24
51 54
56 75
98 26
48 45
45 67
55 89
62 43
99 71
83 30
24 95
23 10
73 50
44 26
100 28
42 25
79 97
16 43
76 55
36 66
44 6
10 72
9 63
21 38
91 65
56 7
1 40
23 32
20 5
1 49
29 76
31 64
56 91
70 39
67 4
35 51
90 8
87 76
99 86
65 46
55 78
24 8
