# source: JorikJooken
# original path: jj_extract\knapsackProblemInstances-master\problemInstances\n_800_c_1000000_g_14_f_0.2_eps_0.01_s_100\test.in
# optimal value: 1007117
# format: n capacity, then weight value
800 1000000
510095 510057
510059 510056
510097 510066
510074 510063
510018 510058
510075 510010
510083 510074
510067 510083
510074 510094
510031 510076
510094 510094
510097 510081
510025 510011
510039 510070
510045 510057
510097 510097
510019 510005
510066 510039
510002 510034
510031 510061
510074 510006
510017 510061
510048 510064
510012 510069
510020 510099
510025 510059
510048 510017
510027 510042
510001 510005
510066 510043
510062 510004
510079 510077
510085 510079
510043 510086
510069 510060
510018 510002
510020 510047
510030 510055
510083 510067
510004 510015
510054 510074
510016 510010
510069 510066
510049 510079
510099 510097
510005 510035
510094 510053
510073 510061
510011 510089
260005 260025
260099 260012
260063 260090
260006 260058
260087 260091
260073 260027
260018 260091
260044 260036
260078 260094
260095 260095
260082 260057
260079 260026
260097 260047
260040 260083
260023 260093
260092 260095
260052 260016
260065 260097
260058 260007
260060 260083
260029 260043
260048 260038
260100 260055
260086 260024
260033 260010
260042 260066
260006 260073
260010 260053
260037 260013
260052 260092
260063 260096
260005 260041
260079 260040
260043 260047
260052 260096
260063 260071
260017 260024
260078 260065
260034 260041
260012 260033
260068 260088
260015 260018
260059 260033
260072 260082
260001 260087
260015 260031
260067 260041
260008 260002
260073 260069
135039 135048
135094 135022
135053 135028
135073 135009
135033 135053
135090 135046
135016 135051
135054 135099
135028 135071
135042 135095
135085 135093
135078 135018
135009 135086
135049 135041
135013 135045
135007 135050
135085 135030
135025 135098
135008 135073
135059 135074
135048 135067
135025 135094
135020 135079
135081 135063
135042 135096
135046 135011
135029 135098
135070 135065
135010 135064
135078 135041
135086 135001
135004 135034
135085 135022
135001 135055
135048 135081
135008 135031
135046 135003
135087 135042
135046 135052
135087 135078
135090 135062
135047 135058
135091 135040
135070 135088
135094 135090
135079 135017
135037 135055
135089 135098
135055 135064
72517 72502
72501 72556
72525 72581
72503 72571
72566 72551
72510 72566
72554 72564
72574 72520
72583 72536
72600 72596
72545 72513
72573 72529
72503 72586
72550 72562
72537 72553
72519 72590
72572 72547
72560 72578
72527 72516
72559 72545
72516 72578
72533 72575
72527 72591
72511 72540
72514 72528
72545 72518
72594 72561
72506 72584
72599 72578
72555 72550
72572 72522
72585 72586
72534 72556
72573 72568
72562 72554
72544 72575
72552 72596
72531 72524
72549 72507
72537 72534
72523 72505
72594 72523
72539 72587
72568 72532
72548 72550
72543 72568
72557 72578
72565 72521
72508 72561
41349 41263
41256 41263
41334 41260
41287 41343
41302 41300
41273 41322
41331 41307
41271 41350
41262 41313
41253 41300
41279 41342
41330 41320
41263 41319
41275 41340
41284 41312
41342 41347
41276 41341
41266 41253
41313 41303
41287 41301
41307 41251
41271 41275
41269 41308
41266 41346
41344 41329
41292 41263
41306 41256
41267 41279
41314 41257
41259 41302
41276 41303
41344 41258
41292 41291
41271 41343
41279 41255
41282 41332
41262 41288
41259 41251
41259 41255
41325 41329
41266 41289
41260 41336
41323 41281
41317 41260
41282 41297
41340 41347
41336 41265
41265 41325
41289 41266
25645 25671
25629 25723
25690 25703
25644 25722
25655 25695
25725 25649
25680 25637
25695 25652
25692 25632
25690 25635
25652 25632
25712 25666
25636 25712
25632 25683
25682 25649
25656 25707
25663 25674
25709 25701
25719 25632
25696 25684
25626 25674
25712 25697
25676 25668
25665 25683
25719 25695
25686 25644
25725 25648
25663 25682
25651 25696
25725 25709
25662 25721
25663 25639
25724 25666
25693 25664
25648 25660
25626 25682
25673 25656
25667 25644
25652 25679
25641 25699
25640 25669
25679 25687
25640 25722
25687 25720
25697 25660
25653 25725
25662 25662
25708 25652
25633 25701
17817 17852
17908 17894
17840 17867
17837 17863
17847 17881
17873 17860
17875 17895
17874 17843
17906 17888
17892 17854
17825 17880
17852 17823
17909 17834
17886 17882
17824 17886
17912 17870
17862 17815
17853 17861
17816 17898
17901 17849
17856 17831
17868 17816
17860 17819
17904 17861
17845 17845
17825 17854
17899 17838
17893 17846
17883 17823
17904 17837
17843 17876
17847 17911
17839 17877
17896 17819
17864 17909
17821 17867
17818 17879
17854 17905
17833 17825
17904 17909
17864 17824
17884 17849
17819 17888
17861 17813
17820 17833
17826 17837
17878 17830
17861 17846
17912 17879
14001 13940
14001 13955
13955 13936
13923 13945
13925 13969
13927 13981
13969 13984
13946 13951
13980 13997
13934 13912
13916 13925
13929 13992
13931 13945
13933 13921
13967 13933
13964 13960
13910 13998
13958 13954
13945 13978
13981 13996
13976 13986
13954 13937
13960 14005
13988 13980
14002 13990
13972 13955
13989 13989
13968 13949
13981 13915
13983 13995
13976 13938
13936 14000
13940 13921
13964 14005
13960 13907
13989 13917
13925 13909
13929 13940
13915 13998
13976 13957
13923 13982
13950 14000
13978 13952
13965 13973
13919 13984
13944 13934
13931 13913
13922 13931
13954 13970
11967 11990
12026 11998
12049 12000
11987 11986
12027 11972
12053 11997
12028 11969
12008 12017
12019 12002
11991 11993
11994 11982
12006 12004
12045 11977
11957 11968
11976 11973
12003 12048
12035 12017
12007 12032
11982 12037
12046 12026
12025 12051
12009 12021
11996 12000
12010 12044
11972 11974
11980 12020
12007 12018
11984 12020
11983 11972
12047 12053
11982 11972
12051 12027
12022 12038
11999 12013
11955 11971
11976 11981
11957 11985
11963 11966
11958 12033
12052 11996
12031 12052
12024 11992
12030 12033
12011 11979
12015 12039
12013 11978
12016 11979
11988 11974
12019 12013
11064 11028
11060 10994
11016 11044
10978 11052
11033 11007
11004 11026
11051 10984
11052 11027
11035 11012
11043 10998
11022 11007
10988 11049
11004 11038
10977 10999
11063 11029
11012 10980
11028 10979
11020 10990
10986 11028
11032 11041
10978 11073
11056 11074
11005 11048
11000 11012
11009 11038
11034 11017
11014 11035
11013 11041
11025 11075
11055 10998
11075 11014
11014 11051
11011 11058
11040 11029
11019 10999
11017 10983
11075 11042
11054 11014
11027 11073
10994 11036
11059 11041
10986 11014
10985 11072
11013 11016
11022 11000
10978 11075
11048 11076
11052 10978
11041 11066
10498 10545
10506 10505
10551 10547
10513 10517
10557 10561
10586 10522
10580 10575
10495 10520
10506 10573
10554 10551
10569 10516
10490 10490
10570 10503
10526 10498
10504 10555
10530 10564
10533 10525
10498 10502
10545 10569
10570 10586
10524 10568
10508 10553
10529 10576
10571 10502
10501 10515
10576 10529
10489 10527
10584 10518
10501 10564
10543 10580
10549 10571
10529 10539
10496 10497
10550 10520
10521 10523
10574 10523
10583 10572
10517 10528
10566 10491
10566 10549
10567 10552
10535 10498
10513 10517
10500 10508
10581 10583
10503 10533
10543 10542
10531 10491
10556 10518
10265 10251
10253 10275
10269 10291
10269 10320
10287 10307
10310 10318
10300 10276
10246 10290
10320 10282
10307 10336
10301 10276
10263 10311
10258 10270
10303 10325
10298 10257
10255 10314
10316 10292
10268 10335
10314 10333
10322 10263
10314 10323
10313 10249
10268 10304
10288 10319
10282 10265
10330 10245
10331 10291
10255 10316
10324 10338
10278 10323
10284 10271
10321 10299
10249 10268
10287 10247
10322 10323
10314 10295
10301 10292
10318 10291
10298 10270
10333 10296
10307 10251
10255 10264
10316 10300
10332 10293
10254 10340
10343 10305
10302 10331
10311 10320
10262 10247
10147 10155
10141 10165
10210 10163
10180 10216
10151 10188
10160 10143
10139 10150
10164 10213
10187 10177
10174 10203
10197 10182
10186 10162
10209 10204
10137 10170
10151 10191
10157 10183
10195 10145
10177 10175
10138 10201
10135 10125
10179 10158
10218 10208
10201 10204
10159 10214
10158 10134
10181 10128
10218 10133
10131 10132
10174 10187
10218 10185
10187 10198
10161 10198
10138 10199
10171 10215
10213 10152
10199 10199
10139 10198
10155 10195
10170 10128
10174 10150
10203 10130
10181 10184
10148 10131
10164 10182
10144 10147
10183 10222
10155 10152
10186 10210
10126 10214
59 50
58 80
17 33
52 24
3 90
100 22
68 27
23 91
83 81
70 41
98 90
22 84
10 20
52 77
86 84
18 75
65 11
91 83
56 26
7 89
92 76
82 33
52 74
7 61
25 30
56 14
89 33
8 23
58 58
69 30
24 30
16 36
37 31
76 50
89 83
91 27
72 60
59 98
15 90
41 94
42 13
23 66
48 19
28 57
69 87
72 25
91 92
75 33
32 65
20 74
99 1
14 100
60 2
93 25
4 76
57 90
99 30
87 66
83 80
51 35
21 20
48 43
56 13
26 74
5 93
96 63
45 53
20 89
14 85
60 1
87 59
46 12
74 52
72 88
54 28
58 100
93 19
32 87
50 13
78 85
61 50
4 57
85 71
43 36
70 57
45 13
28 67
89 26
43 48
61 81
100 61
28 74
92 55
80 42
100 94
56 25
10 97
72 54
52 99
5 57
91 3
79 95
28 62
90 72
84 33
43 99
74 94
6 52
75 96
60 97
94 93
5 94
96 2
89 81
61 24
16 74
21 56
17 22
95 57
27 40
83 89
84 73
53 41
81 87
43 27
19 31
62 92
91 39
69 22
90 66
75 42
40 93
27 46
97 41
78 29
73 76
83 91
25 56
62 7
52 91
84 57
91 74
29 58
67 67
51 31
30 41
83 61
36 84
44 49
21 72
98 27
95 13
9 95
65 35
27 73
19 79
44 53
63 45
51 47
81 20
79 21
67 14
50 52
