# source: JorikJooken
# original path: jj_extract\knapsackProblemInstances-master\problemInstances\n_400_c_100000000_g_2_f_0.2_eps_1e-05_s_300\test.in
# optimal value: 50012692
# format: n capacity, then weight value
400 100000000
50001298 50001081
50001223 50001242
50001057 50001257
50001159 50001061
50001148 50001051
50001290 50001012
50001024 50001053
50001033 50001064
50001198 50001102
50001230 50001033
50001152 50001177
50001241 50001228
50001238 50001207
50001009 50001285
50001257 50001002
50001151 50001001
50001115 50001298
50001083 50001299
50001298 50001295
50001259 50001096
50001209 50001184
50001200 50001298
50001220 50001087
50001123 50001226
50001170 50001013
50001221 50001169
50001219 50001173
50001218 50001021
50001295 50001027
50001140 50001219
50001229 50001197
50001155 50001069
50001278 50001094
50001299 50001232
50001047 50001065
50001267 50001258
50001243 50001099
50001218 50001281
50001057 50001227
50001036 50001005
50001031 50001045
50001102 50001059
50001059 50001140
50001178 50001153
50001158 50001042
50001014 50001083
50001210 50001272
50001206 50001187
50001120 50001069
50001120 50001053
50001279 50001253
50001032 50001097
50001282 50001258
50001008 50001081
50001291 50001176
50001253 50001051
50001183 50001042
50001064 50001062
50001281 50001155
50001146 50001278
50001036 50001091
50001061 50001107
50001263 50001107
50001212 50001120
50001164 50001257
50001098 50001293
50001012 50001151
50001025 50001271
50001288 50001096
50001260 50001254
50001104 50001256
50001281 50001064
50001110 50001198
50001185 50001043
50001240 50001239
50001084 50001217
50001010 50001140
50001127 50001246
50001165 50001281
50001137 50001106
50001210 50001234
50001036 50001018
50001212 50001122
50001217 50001141
50001229 50001005
50001038 50001049
50001119 50001261
50001176 50001228
50001111 50001168
50001150 50001030
50001055 50001261
50001282 50001124
50001257 50001238
50001293 50001284
50001235 50001127
50001015 50001227
50001274 50001292
50001271 50001028
50001007 50001234
50001122 50001219
50001061 50001080
50001056 50001064
50001286 50001223
50001077 50001216
50001189 50001260
50001238 50001048
50001241 50001062
50001184 50001234
50001182 50001131
50001217 50001266
50001243 50001015
50001088 50001058
50001085 50001241
50001098 50001215
50001214 50001074
50001026 50001014
50001024 50001076
50001255 50001268
50001219 50001065
50001169 50001207
50001112 50001123
50001276 50001152
50001052 50001145
50001228 50001009
50001189 50001025
50001270 50001059
50001011 50001125
50001286 50001281
50001264 50001091
50001033 50001164
50001255 50001242
50001186 50001151
50001189 50001121
50001020 50001155
50001025 50001284
50001204 50001245
50001275 50001192
50001187 50001250
50001242 50001217
50001244 50001136
50001104 50001078
50001055 50001052
50001130 50001005
50001255 50001218
50001125 50001169
50001269 50001191
50001174 50001289
50001257 50001199
50001050 50001178
50001206 50001103
50001154 50001039
50001262 50001101
50001179 50001186
50001037 50001104
50001148 50001093
50001009 50001274
50001225 50001120
50001041 50001110
50001201 50001233
50001267 50001106
50001153 50001024
50001082 50001072
50001110 50001280
50001008 50001286
50001065 50001040
50001254 50001233
50001109 50001111
50001272 50001185
50001192 50001139
50001018 50001172
50001280 50001173
50001190 50001266
50001047 50001101
50001194 50001200
50001299 50001108
50001036 50001293
50001161 50001298
50001203 50001260
50001128 50001202
50001184 50001236
50001241 50001009
50001265 50001273
50001241 50001105
50001199 50001207
50001298 50001086
50001233 50001100
50001261 50001092
50001117 50001143
50001112 50001099
50001119 50001040
50001056 50001056
50001100 50001225
50001191 50001018
50001079 50001134
50001193 50001123
50001197 50001015
50001048 50001283
50001051 50001118
50001272 50001179
50001242 50001242
50001143 50001185
50001118 50001140
50001261 50001242
50001020 50001168
50001183 50001072
50001025 50001168
50001277 50001144
50001247 50001000
50001227 50001005
50001013 50001134
50001064 50001048
50001248 50001229
50001262 50001044
50001234 50001100
50001206 50001175
50001023 50001054
50001032 50001228
50001160 50001126
50001058 50001051
50001059 50001050
50001022 50001165
50001261 50001062
50001175 50001099
50001279 50001032
50001115 50001181
50001237 50001204
50001054 50001246
50001225 50001076
50001060 50001033
50001275 50001133
50001185 50001014
50001153 50001037
50001102 50001172
50001168 50001211
50001058 50001198
50001108 50001258
50001122 50001231
50001014 50001012
50001111 50001068
50001155 50001195
50001154 50001109
50001276 50001048
50001028 50001105
50001184 50001277
50001086 50001238
50001089 50001146
50001057 50001279
50001237 50001142
50001029 50001267
50001207 50001094
50001022 50001066
50001092 50001142
50001278 50001264
50001019 50001212
50001030 50001169
50001146 50001231
50001255 50001102
50001061 50001135
50001094 50001256
50001287 50001242
50001054 50001061
50001060 50001198
50001070 50001242
50001207 50001100
50001032 50001007
50001162 50001298
50001285 50001189
50001151 50001232
50001098 50001177
50001225 50001290
50001195 50001280
50001243 50001028
50001190 50001206
50001078 50001267
50001147 50001017
50001143 50001180
50001234 50001179
50001239 50001049
50001163 50001113
50001106 50001235
50001056 50001243
50001047 50001150
50001010 50001004
50001230 50001203
50001028 50001254
50001238 50001161
50001249 50001146
50001106 50001046
50001014 50001257
50001210 50001220
50001053 50001074
50001225 50001137
50001164 50001078
50001015 50001280
50001209 50001158
50001024 50001237
50001063 50001023
50001184 50001188
50001166 50001022
50001255 50001025
50001089 50001059
50001276 50001210
50001061 50001080
50001152 50001185
50001087 50001166
50001016 50001238
50001246 50001056
50001253 50001011
50001180 50001116
50001219 50001194
50001257 50001284
50001266 50001239
50001081 50001277
50001219 50001010
50001158 50001181
50001175 50001126
50001199 50001079
50001180 50001100
50001153 50001236
50001057 50001007
45 166
296 209
120 224
42 285
227 21
191 78
181 276
51 109
92 55
256 203
272 57
214 197
257 108
67 253
231 255
111 89
289 12
169 249
194 145
9 28
222 93
295 31
210 139
181 89
255 280
63 42
117 126
108 74
141 247
26 121
126 233
253 28
298 115
40 261
222 64
249 288
90 84
18 103
222 188
74 158
242 249
162 175
77 181
5 68
216 165
207 107
30 182
271 14
238 217
19 169
287 195
133 137
182 39
142 215
226 194
32 80
203 133
141 7
138 47
283 223
43 55
104 177
208 177
44 160
181 111
103 172
90 174
93 120
132 154
3 268
228 216
128 236
285 55
161 165
246 174
166 212
133 28
74 71
90 77
294 11
