# source: JorikJooken
# original path: jj_extract\knapsackProblemInstances-master\problemInstances\n_1000_c_100000000_g_14_f_0.2_eps_1e-05_s_100\test.in
# optimal value: 100012635
# format: n capacity, then weight value
1000 100000000
50001055 50001028
50001071 50001045
50001038 50001097
50001072 50001038
50001042 50001075
50001008 50001020
50001074 50001052
50001031 50001025
50001040 50001007
50001047 50001052
50001029 50001036
50001032 50001080
50001026 50001004
50001028 50001092
50001040 50001003
50001091 50001083
50001047 50001057
50001097 50001029
50001068 50001022
50001079 50001032
50001029 50001041
50001072 50001049
50001090 50001042
50001046 50001033
50001021 50001012
50001071 50001050
50001052 50001058
50001038 50001026
50001062 50001039
50001092 50001058
50001031 50001082
50001045 50001062
50001009 50001082
50001073 50001059
50001092 50001075
50001055 50001047
50001093 50001047
50001035 50001076
50001060 50001004
50001014 50001077
50001025 50001010
50001074 50001058
50001042 50001022
50001098 50001022
50001005 50001091
50001060 50001003
50001029 50001075
50001044 50001048
50001065 50001096
50001054 50001063
50001064 50001088
50001059 50001052
50001092 50001070
50001019 50001045
50001073 50001066
50001069 50001085
50001036 50001070
50001050 50001061
50001084 50001093
50001055 50001058
50001045 50001075
25001041 25001065
25001054 25001041
25001037 25001057
25001044 25001016
25001058 25001091
25001078 25001008
25001011 25001056
25001097 25001080
25001011 25001033
25001090 25001009
25001018 25001068
25001020 25001058
25001079 25001092
25001015 25001010
25001013 25001018
25001026 25001035
25001078 25001071
25001074 25001082
25001052 25001009
25001049 25001098
25001068 25001008
25001064 25001006
25001064 25001055
25001026 25001073
25001089 25001062
25001062 25001076
25001099 25001052
25001014 25001008
25001094 25001033
25001032 25001035
25001058 25001094
25001025 25001035
25001008 25001066
25001008 25001031
25001076 25001026
25001081 25001080
25001034 25001050
25001042 25001077
25001056 25001057
25001032 25001044
25001086 25001006
25001002 25001036
25001099 25001066
25001064 25001048
25001097 25001047
25001053 25001057
25001032 25001071
25001016 25001074
25001074 25001046
25001076 25001077
25001095 25001008
25001055 25001030
25001090 25001086
25001009 25001045
25001064 25001018
25001028 25001066
25001093 25001021
25001028 25001014
25001094 25001024
25001020 25001031
25001051 25001011
12501058 12501070
12501009 12501016
12501069 12501011
12501085 12501028
12501098 12501038
12501058 12501043
12501042 12501016
12501001 12501060
12501092 12501072
12501028 12501004
12501036 12501067
12501020 12501067
12501064 12501050
12501012 12501084
12501051 12501011
12501067 12501021
12501089 12501022
12501005 12501035
12501019 12501040
12501021 12501075
12501070 12501012
12501037 12501083
12501034 12501053
12501017 12501078
12501079 12501024
12501047 12501026
12501005 12501085
12501100 12501024
12501067 12501073
12501050 12501046
12501077 12501066
12501024 12501011
12501024 12501041
12501050 12501062
12501047 12501041
12501032 12501084
12501059 12501089
12501060 12501029
12501033 12501010
12501063 12501042
12501072 12501004
12501049 12501065
12501038 12501005
12501095 12501099
12501003 12501097
12501011 12501019
12501057 12501062
12501060 12501073
12501009 12501059
12501031 12501092
12501088 12501071
12501098 12501070
12501047 12501010
12501038 12501012
12501015 12501009
12501066 12501018
12501050 12501085
12501098 12501037
12501076 12501015
12501048 12501093
12501038 12501081
6251017 6251025
6251090 6251094
6251097 6251031
6251004 6251017
6251059 6251044
6251028 6251036
6251021 6251098
6251094 6251015
6251078 6251065
6251010 6251049
6251068 6251081
6251044 6251086
6251093 6251082
6251084 6251098
6251001 6251059
6251069 6251067
6251038 6251091
6251095 6251093
6251098 6251061
6251086 6251097
6251049 6251006
6251097 6251081
6251013 6251011
6251033 6251024
6251041 6251023
6251040 6251031
6251067 6251001
6251016 6251064
6251018 6251042
6251065 6251075
6251036 6251059
6251047 6251041
6251100 6251023
6251066 6251011
6251058 6251025
6251033 6251007
6251035 6251092
6251063 6251097
6251011 6251082
6251039 6251076
6251022 6251077
6251022 6251054
6251042 6251018
6251011 6251086
6251011 6251050
6251092 6251074
6251033 6251054
6251018 6251044
6251095 6251024
6251068 6251083
6251046 6251071
6251078 6251099
6251020 6251001
6251021 6251044
6251047 6251048
6251003 6251074
6251055 6251076
6251009 6251009
6251069 6251036
6251086 6251057
6251012 6251077
3126029 3126077
3126059 3126100
3126034 3126010
3126094 3126036
3126096 3126080
3126088 3126020
3126098 3126094
3126042 3126032
3126051 3126071
3126015 3126010
3126056 3126013
3126053 3126085
3126078 3126013
3126087 3126099
3126084 3126059
3126061 3126017
3126086 3126053
3126093 3126048
3126009 3126025
3126041 3126088
3126019 3126092
3126026 3126013
3126098 3126019
3126095 3126025
3126064 3126059
3126003 3126009
3126077 3126094
3126075 3126006
3126075 3126091
3126035 3126100
3126049 3126096
3126040 3126027
3126087 3126033
3126019 3126016
3126091 3126044
3126021 3126061
3126039 3126054
3126045 3126034
3126048 3126001
3126007 3126061
3126081 3126087
3126029 3126001
3126020 3126037
3126090 3126081
3126070 3126055
3126068 3126077
3126025 3126049
3126084 3126037
3126030 3126042
3126004 3126011
3126045 3126070
3126010 3126040
3126041 3126078
3126063 3126006
3126094 3126030
3126050 3126020
3126079 3126028
3126013 3126018
3126091 3126003
3126004 3126097
3126099 3126077
1563542 1563509
1563524 1563557
1563549 1563595
1563576 1563524
1563580 1563571
1563504 1563560
1563525 1563587
1563502 1563559
1563592 1563529
1563516 1563567
1563535 1563548
1563506 1563524
1563564 1563522
1563510 1563546
1563513 1563566
1563531 1563546
1563576 1563550
1563560 1563588
1563505 1563590
1563508 1563516
1563524 1563600
1563502 1563531
1563519 1563505
1563553 1563505
1563550 1563572
1563554 1563517
1563593 1563528
1563527 1563587
1563571 1563573
1563585 1563557
1563545 1563563
1563503 1563562
1563572 1563581
1563569 1563595
1563595 1563517
1563577 1563587
1563589 1563527
1563598 1563504
1563530 1563581
1563574 1563551
1563519 1563553
1563556 1563569
1563561 1563509
1563555 1563508
1563521 1563600
1563597 1563568
1563514 1563550
1563588 1563563
1563521 1563572
1563533 1563584
1563565 1563566
1563538 1563592
1563565 1563568
1563532 1563575
1563533 1563562
1563596 1563514
1563521 1563592
1563532 1563560
1563519 1563598
1563563 1563557
1563597 1563597
782304 782263
782284 782267
782328 782274
782288 782259
782265 782350
782278 782328
782327 782261
782293 782283
782345 782349
782344 782295
782333 782338
782257 782323
782261 782315
782268 782286
782306 782283
782335 782316
782335 782263
782270 782274
782342 782253
782330 782274
782284 782258
782331 782330
782256 782257
782270 782263
782270 782340
782327 782344
782254 782289
782286 782326
782270 782269
782341 782332
782286 782320
782254 782276
782295 782262
782344 782278
782275 782275
782288 782281
782330 782312
782320 782275
782279 782348
782319 782341
782303 782309
782336 782313
782344 782254
782329 782343
782308 782277
782300 782258
782328 782328
782272 782289
782266 782303
782300 782321
782266 782295
782335 782343
782277 782320
782344 782285
782265 782322
782335 782270
782314 782266
782278 782340
782338 782345
782348 782294
782299 782335
391690 391658
391708 391629
391664 391634
391714 391719
391664 391645
391707 391643
391698 391685
391687 391654
391698 391697
391703 391629
391687 391633
391721 391678
391713 391699
391720 391632
391644 391691
391670 391646
391647 391646
391657 391697
391676 391680
391678 391669
391681 391720
391627 391674
391678 391699
391719 391708
391685 391650
391661 391632
391685 391642
391683 391666
391702 391714
391654 391668
391657 391714
391690 391651
391651 391651
391663 391647
391686 391709
391672 391636
391665 391695
391634 391686
391724 391701
391665 391693
391659 391675
391629 391690
391681 391632
391724 391632
391703 391708
391656 391666
391652 391717
391637 391700
391662 391678
391694 391655
391706 391720
391677 391708
391656 391661
391718 391667
391708 391640
391699 391662
391720 391659
391708 391692
391708 391645
391676 391686
391701 391688
196352 196387
196389 196362
196318 196371
196387 196345
196382 196349
196325 196351
196387 196333
196406 196335
196321 196318
196390 196334
196382 196377
196318 196376
196405 196313
196367 196376
196345 196317
196402 196348
196316 196377
196366 196350
196339 196365
196323 196381
196351 196337
196403 196399
196367 196348
196389 196411
196341 196367
196404 196347
196385 196398
196324 196339
196363 196404
196392 196373
196373 196377
196389 196389
196362 196391
196330 196378
196385 196376
196325 196344
196399 196368
196341 196349
196335 196338
196371 196333
196376 196354
196399 196375
196315 196314
196355 196412
196376 196370
196378 196318
196326 196400
196359 196389
196400 196410
196324 196328
196338 196403
196338 196322
196370 196314
196355 196383
196411 196409
196368 196317
196331 196378
196345 196363
196321 196320
196342 196369
196376 196376
98752 98699
98661 98741
98699 98746
98725 98734
98747 98708
98687 98729
98675 98725
98721 98694
98728 98714
98704 98737
98684 98699
98733 98700
98693 98742
98725 98746
98697 98659
98694 98693
98662 98711
98664 98692
98746 98664
98734 98719
98750 98749
98689 98690
98680 98695
98746 98657
98747 98729
98695 98734
98738 98750
98751 98737
98694 98711
98715 98706
98747 98659
98753 98659
98682 98746
98745 98680
98755 98672
98663 98721
98674 98686
98700 98701
98718 98689
98685 98729
98733 98671
98735 98683
98670 98679
98740 98659
98715 98670
98746 98698
98729 98696
98724 98745
98754 98705
98691 98684
98719 98703
98751 98751
98727 98671
98710 98729
98732 98677
98669 98738
98703 98689
98726 98666
98746 98721
98734 98714
98666 98742
49923 49909
49927 49927
49912 49875
49839 49834
49855 49859
49927 49905
49912 49907
49860 49925
49899 49860
49920 49909
49868 49850
49896 49895
49883 49928
49851 49839
49856 49910
49865 49899
49882 49858
49846 49872
49854 49866
49866 49907
49922 49923
49925 49903
49863 49916
49869 49923
49840 49890
49884 49888
49893 49927
49838 49850
49858 49897
49892 49867
49875 49872
49884 49882
49863 49832
49864 49906
49890 49837
49851 49884
49903 49838
49914 49853
49859 49852
49911 49859
49838 49866
49882 49906
49830 49874
49909 49851
49838 49914
49844 49899
49847 49910
49921 49865
49891 49884
49892 49883
49847 49921
49892 49854
49840 49903
49923 49836
49871 49861
49833 49923
49863 49842
49857 49893
49906 49829
49878 49913
49924 49849
25420 25483
25433 25512
25469 25450
25438 25488
25467 25463
25450 25415
25502 25447
25514 25454
25415 25425
25485 25450
25477 25499
25495 25496
25512 25508
25456 25501
25424 25461
25424 25442
25463 25467
25425 25460
25481 25449
25430 25512
25465 25513
25436 25498
25469 25482
25472 25490
25476 25508
25471 25474
25510 25479
25486 25418
25443 25512
25502 25452
25420 25513
25452 25505
25436 25429
25496 25512
25456 25480
25449 25480
25418 25471
25456 25505
25504 25496
25441 25464
25496 25421
25482 25484
25444 25505
25423 25512
25455 25498
25504 25477
25470 25505
25457 25427
25438 25477
25493 25499
25436 25445
25416 25510
25422 25417
25456 25472
25423 25431
25470 25481
25428 25472
25447 25434
25436 25417
25432 25460
25452 25488
13270 13287
13242 13223
13217 13247
13211 13291
13277 13283
13302 13246
13254 13210
13264 13265
13247 13209
13254 13249
13261 13288
13220 13289
13266 13227
13297 13232
13239 13260
13280 13248
13259 13249
13262 13299
13293 13273
13230 13233
13257 13242
13224 13295
13241 13280
13274 13298
13284 13221
13239 13253
13221 13217
13252 13246
13230 13218
13231 13250
13289 13276
13304 13247
13226 13224
13223 13224
13239 13235
13289 13251
13274 13210
13298 13220
13289 13272
13263 13232
13233 13298
13247 13212
13290 13286
13248 13241
13244 13234
13259 13237
13289 13233
13216 13257
13228 13280
13252 13255
13289 13262
13266 13278
13219 13279
13270 13274
13272 13228
13214 13253
13220 13284
13272 13208
13254 13295
13275 13242
13239 13247
90 28
45 65
19 98
60 73
91 72
81 88
52 8
54 91
90 21
96 60
42 93
47 43
12 32
79 83
86 31
76 100
11 11
60 14
46 52
88 62
87 67
32 59
83 93
32 71
42 13
83 88
88 59
35 29
14 6
32 60
98 51
9 4
77 92
90 89
51 26
43 80
57 62
59 58
18 64
46 25
21 44
5 88
92 2
63 6
55 82
7 9
91 4
59 98
5 86
50 74
2 19
99 23
36 9
10 6
75 77
20 51
8 43
29 80
63 73
9 78
76 25
35 26
80 30
54 55
51 47
35 90
34 52
9 68
45 25
66 45
13 57
23 64
41 21
42 16
25 20
1 24
55 5
40 65
65 98
83 88
19 32
34 25
33 61
3 39
75 88
59 88
24 91
86 40
98 13
7 83
53 45
13 40
22 37
15 41
90 50
87 63
38 57
50 39
76 21
57 38
58 6
29 25
57 90
91 38
53 42
67 90
31 67
35 54
80 25
83 94
42 2
55 99
39 83
3 14
46 65
66 75
79 68
88 95
69 24
31 41
43 34
10 83
15 67
11 99
92 35
71 82
35 25
51 92
29 65
68 97
33 74
90 59
74 70
71 22
32 87
69 24
97 40
31 14
74 72
17 5
7 96
55 70
91 15
99 72
73 47
83 10
94 16
11 3
66 72
89 47
21 74
45 61
2 61
5 70
62 80
88 36
76 40
14 24
40 76
24 94
80 24
52 86
49 75
38 51
52 97
99 87
33 98
54 51
79 94
5 94
90 38
82 85
2 9
100 28
49 57
59 80
25 85
91 5
59 77
52 85
22 51
27 88
60 76
13 12
41 63
26 8
52 89
2 83
70 89
29 63
20 49
60 60
49 13
47 12
94 75
53 50
48 98
72 74
20 92
68 17
84 79
43 22
45 64
13 99
14 66
17 58
42 88
