# source: JorikJooken
# original path: jj_extract\knapsackProblemInstances-master\problemInstances\n_1200_c_1000000_g_6_f_0.1_eps_0.0001_s_100\test.in
# optimal value: 980905
# format: n capacity, then weight value
1200 1000000
500142 500167
500159 500111
500187 500129
500128 500195
500159 500128
500176 500155
500191 500142
500144 500168
500175 500196
500124 500103
500177 500148
500116 500104
500195 500183
500129 500124
500182 500197
500167 500134
500199 500176
500196 500175
500107 500172
500102 500200
500123 500131
500172 500161
500172 500136
500173 500153
500132 500135
500183 500145
500146 500134
500165 500163
500103 500110
500128 500195
500144 500106
500152 500198
500114 500143
500118 500113
500165 500163
500179 500169
500114 500192
500169 500198
500146 500159
500140 500160
500150 500162
500142 500144
500132 500200
500172 500104
500140 500149
500177 500122
500174 500103
500110 500109
500161 500192
500171 500118
500136 500107
500153 500121
500115 500196
500182 500132
500185 500116
500159 500192
500117 500132
500151 500186
500187 500155
500106 500106
500124 500105
500169 500105
500171 500122
500139 500169
500142 500173
500171 500125
500173 500160
500113 500142
500116 500138
500178 500139
500107 500173
500148 500103
500183 500165
500178 500161
500175 500123
500199 500142
500128 500146
500148 500179
500107 500102
500115 500121
500155 500142
500144 500172
500150 500162
500105 500169
500153 500132
500106 500120
500122 500121
500157 500160
500117 500113
500114 500154
500127 500184
500159 500120
500146 500166
500134 500119
500125 500179
500173 500191
500114 500177
500183 500136
500170 500160
500151 500160
500109 500124
500188 500146
500197 500187
500107 500171
500167 500165
500143 500144
500113 500134
500194 500177
500166 500166
500128 500125
500158 500125
500176 500198
500136 500186
500194 500170
500196 500144
500195 500177
500128 500192
500185 500136
500158 500134
500160 500187
500160 500130
500109 500123
500150 500155
500125 500153
500129 500177
500189 500164
500179 500115
500148 500162
500132 500197
500165 500110
500165 500169
500175 500115
500113 500186
500114 500193
500146 500151
500164 500195
500152 500197
500199 500139
500151 500183
500184 500154
500136 500161
500187 500141
500161 500116
500166 500156
500178 500168
500151 500177
500150 500163
500172 500135
500169 500157
500117 500154
500149 500116
500110 500178
500169 500103
500143 500159
500170 500129
500161 500143
500154 500169
500103 500112
500142 500178
500140 500189
500184 500107
500159 500108
500168 500140
500114 500180
500127 500122
500192 500135
500126 500186
500151 500116
500118 500130
500125 500123
500128 500163
500108 500136
500156 500111
500181 500131
500178 500171
500179 500149
500150 500149
500164 500145
500190 500116
500120 500200
500118 500153
500200 500182
500189 500137
500188 500178
500153 500190
500178 500145
500155 500185
500160 500104
500173 500158
500158 500185
500146 500183
500160 500127
500162 500194
500128 500189
500193 500121
500104 500178
500142 500192
500168 500155
500146 500172
500197 500135
500162 500103
500122 500119
500148 500183
500126 500165
500116 500186
500165 500191
500132 500115
500192 500157
500177 500197
500185 500173
500131 500121
500117 500148
500167 500139
500164 500182
500192 500160
500167 500166
250122 250102
250193 250151
250156 250187
250188 250195
250130 250162
250176 250104
250181 250173
250163 250141
250200 250160
250123 250167
250119 250124
250186 250193
250175 250145
250103 250170
250172 250123
250155 250151
250139 250193
250167 250123
250171 250172
250171 250187
250189 250195
250182 250177
250175 250166
250192 250169
250132 250196
250114 250173
250128 250129
250154 250191
250135 250104
250148 250183
250194 250110
250188 250141
250187 250142
250112 250136
250177 250177
250116 250112
250128 250149
250150 250135
250140 250166
250137 250102
250188 250142
250147 250174
250133 250143
250171 250198
250151 250194
250128 250188
250109 250112
250190 250101
250112 250125
250113 250111
250177 250115
250165 250173
250104 250123
250166 250111
250134 250169
250153 250127
250167 250172
250125 250178
250161 250159
250182 250105
250179 250181
250170 250151
250126 250175
250145 250179
250172 250113
250161 250135
250117 250104
250187 250165
250135 250127
250110 250111
250180 250142
250106 250105
250101 250108
250149 250168
250171 250193
250133 250148
250119 250175
250200 250129
250148 250135
250200 250135
250169 250120
250117 250109
250164 250157
250124 250134
250187 250158
250176 250197
250165 250142
250182 250128
250154 250166
250174 250160
250167 250139
250112 250172
250192 250192
250122 250162
250150 250110
250130 250118
250185 250157
250151 250145
250143 250170
250138 250150
250188 250130
250149 250179
250107 250179
250123 250109
250190 250130
250130 250149
250131 250191
250152 250114
250135 250180
250126 250183
250197 250189
250178 250195
250102 250128
250133 250110
250106 250126
250163 250175
250115 250115
250172 250127
250180 250190
250101 250172
250184 250140
250106 250160
250135 250126
250171 250125
250181 250110
250140 250113
250172 250178
250164 250168
250200 250172
250161 250177
250133 250156
250148 250124
250132 250125
250103 250136
250144 250144
250175 250103
250141 250148
250165 250109
250193 250124
250156 250195
250124 250146
250122 250192
250125 250197
250130 250188
250122 250183
250193 250193
250162 250112
250163 250125
250140 250181
250128 250164
250145 250170
250154 250173
250107 250172
250104 250108
250198 250120
250161 250113
250152 250143
250131 250119
250126 250179
250166 250149
250154 250160
250173 250140
250185 250160
250131 250192
250128 250143
250195 250145
250133 250111
250135 250173
250200 250163
250190 250169
250117 250124
250155 250177
250164 250134
250156 250108
250200 250148
250139 250141
250151 250164
250184 250175
250145 250157
250144 250132
250195 250172
250103 250125
250118 250179
250171 250189
250101 250156
250153 250121
250103 250111
250183 250192
250158 250114
250179 250200
250135 250180
250169 250174
250104 250186
250194 250146
250113 250116
250134 250196
250114 250144
250152 250115
250186 250132
250119 250178
250175 250190
250193 250148
250114 250151
250136 250150
250159 250151
250108 250111
250149 250133
250107 250155
250111 250183
250103 250126
250123 250176
250183 250198
250131 250189
250198 250142
250148 250147
250182 250187
125125 125160
125183 125199
125178 125193
125157 125124
125136 125138
125184 125137
125182 125106
125110 125169
125166 125153
125192 125105
125160 125190
125140 125124
125146 125132
125164 125172
125174 125108
125134 125101
125187 125123
125118 125145
125198 125134
125167 125113
125108 125175
125143 125177
125160 125105
125186 125165
125147 125121
125168 125139
125145 125141
125126 125168
125170 125149
125158 125165
125101 125172
125101 125132
125141 125155
125188 125178
125121 125185
125103 125188
125105 125104
125159 125161
125110 125112
125123 125189
125127 125144
125180 125139
125155 125159
125174 125140
125139 125116
125168 125172
125168 125131
125158 125153
125165 125152
125106 125154
125124 125134
125136 125192
125158 125103
125183 125140
125141 125185
125149 125116
125161 125154
125127 125136
125186 125134
125178 125155
125196 125114
125179 125198
125190 125109
125159 125197
125191 125115
125142 125164
125170 125104
125134 125145
125134 125107
125158 125148
125129 125153
125153 125143
125167 125189
125189 125164
125102 125104
125107 125137
125106 125113
125178 125119
125175 125140
125152 125177
125125 125119
125123 125190
125130 125101
125107 125191
125136 125171
125153 125178
125189 125132
125101 125112
125136 125104
125173 125104
125150 125171
125133 125174
125184 125184
125142 125105
125189 125197
125121 125136
125112 125120
125107 125118
125112 125100
125155 125190
125181 125178
125191 125149
125100 125167
125119 125189
125128 125135
125167 125171
125106 125115
125125 125167
125147 125159
125191 125185
125168 125102
125139 125175
125167 125182
125118 125133
125116 125176
125171 125177
125151 125193
125189 125123
125117 125190
125108 125119
125193 125125
125106 125189
125115 125112
125161 125104
125164 125196
125117 125192
125174 125142
125169 125131
125112 125151
125164 125153
125163 125181
125177 125158
125144 125112
125184 125173
125115 125139
125141 125187
125167 125105
125116 125166
125147 125138
125191 125146
125121 125168
125163 125154
125110 125148
125110 125146
125128 125177
125188 125189
125124 125153
125191 125154
125105 125196
125196 125108
125138 125144
125176 125138
125195 125186
125139 125109
125139 125100
125194 125186
125159 125129
125168 125169
125182 125138
125185 125177
125159 125194
125111 125164
125134 125195
125186 125179
125178 125140
125179 125100
125108 125138
125131 125158
125148 125168
125128 125152
125198 125132
125136 125180
125198 125190
125192 125140
125151 125168
125105 125165
125131 125149
125101 125127
125134 125148
125121 125175
125108 125161
125159 125174
125171 125111
125109 125137
125118 125175
125133 125198
125123 125146
125197 125113
125133 125143
125188 125146
125132 125125
125120 125165
125128 125168
125170 125100
125134 125182
125197 125173
125175 125134
125126 125159
125124 125146
125116 125117
125114 125183
125109 125170
125127 125137
125165 125138
125188 125133
125163 125128
125178 125174
125187 125118
125191 125160
125151 125125
125194 125104
125107 125133
125110 125154
125179 125131
125103 125131
125117 125161
62633 62688
62672 62695
62689 62638
62662 62665
62654 62636
62620 62680
62635 62628
62644 62661
62657 62692
62699 62694
62693 62687
62657 62669
62616 62677
62699 62675
62657 62657
62685 62631
62648 62679
62625 62602
62658 62621
62640 62630
62617 62664
62605 62615
62624 62624
62664 62611
62675 62617
62623 62608
62694 62686
62660 62618
62602 62697
62629 62669
62699 62673
62678 62658
62622 62662
62673 62656
62635 62650
62700 62685
62620 62610
62644 62614
62601 62628
62604 62653
62639 62671
62689 62603
62651 62685
62616 62645
62665 62691
62620 62637
62620 62684
62648 62693
62607 62636
62656 62621
62669 62652
62698 62604
62612 62695
62602 62678
62683 62627
62653 62682
62611 62680
62693 62614
62619 62620
62617 62625
62700 62673
62606 62605
62661 62617
62633 62674
62664 62688
62675 62629
62700 62614
62611 62613
62637 62653
62665 62692
62643 62629
62650 62671
62646 62601
62683 62641
62693 62693
62646 62692
62673 62609
62676 62677
62689 62644
62645 62611
62607 62671
62678 62665
62626 62684
62690 62638
62671 62629
62691 62644
62616 62617
62653 62654
62614 62650
62669 62679
62607 62643
62619 62647
62685 62679
62680 62677
62696 62632
62660 62655
62638 62636
62675 62620
62688 62607
62651 62617
62692 62605
62664 62606
62647 62605
62642 62679
62665 62615
62689 62696
62651 62627
62623 62602
62679 62652
62677 62663
62653 62668
62606 62656
62665 62637
62655 62636
62676 62677
62675 62692
62643 62642
62619 62637
62637 62670
62698 62655
62675 62621
62622 62692
62647 62697
62601 62646
62659 62649
62624 62686
62638 62602
62621 62603
62613 62682
62665 62619
62672 62667
62684 62684
62672 62607
62626 62668
62661 62644
62613 62691
62619 62636
62617 62684
62659 62612
62693 62623
62647 62635
62604 62683
62657 62649
62687 62641
62667 62651
62626 62684
62618 62662
62667 62656
62691 62690
62682 62676
62676 62637
62623 62645
62686 62616
62608 62687
62661 62618
62671 62641
62620 62615
62681 62694
62647 62643
62624 62602
62617 62626
62624 62653
62656 62612
62624 62607
62667 62618
62609 62696
62699 62682
62639 62669
62674 62694
62609 62645
62629 62603
62654 62642
62661 62694
62652 62645
62671 62636
62636 62638
62699 62615
62610 62682
62610 62700
62685 62662
62606 62609
62693 62651
62613 62636
62693 62658
62698 62608
62638 62611
62689 62695
62684 62689
62631 62665
62661 62642
62684 62651
62611 62629
62601 62659
62672 62628
62691 62687
62649 62669
62666 62634
62680 62607
62686 62620
62635 62690
62678 62620
62680 62695
62659 62625
62656 62612
62668 62628
62672 62604
62660 62698
62660 62615
62660 62651
62667 62610
62669 62623
62632 62645
62633 62664
62619 62629
62626 62671
62611 62670
31374 31444
31375 31386
31365 31400
31428 31375
31444 31439
31359 31391
31368 31422
31397 31369
31411 31436
31394 31404
31413 31388
31373 31421
31441 31449
31412 31398
31403 31413
31386 31416
31439 31401
31370 31411
31402 31406
31364 31385
31413 31387
31439 31367
31419 31394
31392 31375
31446 31390
31446 31409
31359 31403
31441 31447
31415 31391
31441 31419
31428 31390
31360 31388
31439 31368
31433 31415
31422 31434
31432 31411
31359 31427
31397 31400
31401 31402
31433 31434
31446 31425
31426 31386
31391 31415
31439 31397
31362 31450
31447 31368
31389 31427
31431 31409
31436 31401
31430 31376
31418 31352
31417 31351
31368 31423
31416 31448
31398 31377
31372 31406
31438 31365
31431 31389
31389 31428
31450 31444
31435 31403
31375 31354
31435 31391
31367 31398
31431 31430
31394 31426
31377 31403
31413 31409
31375 31450
31368 31404
31425 31363
31446 31406
31448 31382
31377 31419
31408 31424
31385 31351
31379 31354
31394 31377
31417 31381
31423 31381
31448 31431
31363 31365
31446 31408
31383 31373
31391 31360
31365 31371
31429 31353
31435 31437
31384 31399
31404 31433
31383 31401
31432 31424
31373 31438
31405 31390
31438 31441
31416 31416
31368 31359
31405 31404
31374 31372
31386 31420
31400 31399
31415 31418
31406 31372
31432 31406
31433 31418
31410 31446
31364 31418
31429 31401
31387 31378
31396 31440
31359 31435
31370 31414
31426 31423
31395 31354
31366 31439
31402 31401
31383 31428
31410 31368
31383 31395
31427 31400
31387 31352
31399 31441
31436 31402
31376 31419
31433 31388
31408 31427
31444 31387
31427 31407
31411 31356
31356 31399
31388 31364
31422 31432
31360 31351
31449 31373
31422 31388
31383 31446
31442 31405
31409 31394
31354 31396
31374 31362
31406 31396
31409 31374
31397 31444
31435 31423
31390 31365
31410 31444
31408 31362
31444 31370
31371 31387
31396 31439
31443 31395
31383 31351
31404 31370
31426 31426
31409 31351
31400 31423
31422 31353
31449 31400
31394 31409
31404 31369
31375 31383
31431 31444
31433 31423
31383 31411
31442 31367
31385 31416
31378 31405
31364 31439
31352 31379
31449 31351
31379 31360
31444 31362
31378 31446
31448 31420
31417 31442
31408 31402
31372 31399
31406 31352
31403 31424
31378 31381
31399 31420
31375 31374
31365 31422
31422 31446
31382 31430
31426 31397
31369 31378
31426 31382
31439 31363
31359 31431
31438 31408
31377 31392
31431 31354
31359 31394
31396 31441
31363 31382
31443 31416
31408 31363
31388 31408
31425 31421
31374 31433
31408 31447
31397 31360
31441 31450
31398 31413
31419 31408
31420 31425
31352 31449
31441 31370
31358 31447
31367 31407
31403 31385
31366 31362
31433 31379
31372 31442
31360 31356
48 17
2 97
4 96
47 39
28 34
38 11
33 2
98 75
71 22
6 75
72 88
92 54
7 5
89 55
21 29
71 15
69 88
44 8
17 54
25 32
27 16
89 43
2 89
6 97
9 95
4 12
68 58
94 80
20 61
37 65
63 71
84 34
98 52
14 75
80 92
51 33
40 2
97 45
17 36
57 61
51 99
74 24
42 95
10 7
68 40
39 26
10 69
95 54
19 57
41 87
77 14
50 78
17 76
5 93
65 14
29 30
60 35
40 28
20 96
21 98
35 99
37 2
93 27
10 22
62 19
52 23
100 23
76 75
47 27
57 77
80 78
47 3
60 3
37 78
54 86
46 88
74 49
76 92
27 26
80 71
71 82
30 34
86 87
29 16
60 93
34 68
55 78
38 60
77 23
47 34
7 7
64 12
84 85
42 74
7 31
16 61
9 61
72 90
75 16
69 17
46 69
42 13
99 67
30 14
96 61
3 81
84 63
95 23
61 93
66 79
41 75
53 96
10 26
98 39
18 3
74 43
92 49
8 72
5 45
76 9
