# source: JorikJooken
# original path: jj_extract\knapsackProblemInstances-master\problemInstances\n_800_c_10000000000_g_10_f_0.1_eps_0.0001_s_300\test.in
# optimal value: 9999960407
# format: n capacity, then weight value
800 10000000000
5001000008 5001000252
5001000235 5001000020
5001000218 5001000143
5001000083 5001000092
5001000175 5001000060
5001000299 5001000036
5001000222 5001000149
5001000045 5001000081
5001000009 5001000250
5001000296 5001000268
5001000076 5001000213
5001000235 5001000059
5001000127 5001000241
5001000224 5001000148
5001000098 5001000057
5001000218 5001000023
5001000204 5001000260
5001000089 5001000125
5001000172 5001000139
5001000045 5001000228
5001000266 5001000221
5001000033 5001000053
5001000299 5001000004
5001000211 5001000002
5001000044 5001000170
5001000221 5001000150
5001000261 5001000174
5001000206 5001000042
5001000221 5001000130
5001000203 5001000124
5001000134 5001000050
5001000216 5001000299
5001000005 5001000034
5001000196 5001000202
5001000123 5001000128
5001000230 5001000041
5001000051 5001000101
5001000289 5001000038
5001000149 5001000215
5001000229 5001000078
5001000164 5001000053
5001000194 5001000151
5001000159 5001000278
5001000107 5001000258
5001000042 5001000037
5001000295 5001000215
5001000010 5001000235
5001000072 5001000001
5001000088 5001000093
5001000218 5001000200
5001000260 5001000056
5001000094 5001000216
5001000267 5001000232
5001000016 5001000095
5001000026 5001000280
5001000263 5001000022
5001000049 5001000150
5001000299 5001000212
5001000086 5001000109
5001000286 5001000107
5001000137 5001000176
5001000144 5001000136
5001000098 5001000016
5001000262 5001000096
5001000094 5001000039
5001000210 5001000099
5001000299 5001000108
5001000229 5001000190
5001000257 5001000057
5001000043 5001000271
5001000006 5001000194
5001000087 5001000176
5001000154 5001000073
5001000179 5001000010
5001000150 5001000071
5001000250 5001000285
5001000047 5001000093
5001000097 5001000105
5001000170 5001000026
5001000219 5001000018
2501000285 2501000297
2501000005 2501000023
2501000074 2501000262
2501000024 2501000143
2501000293 2501000138
2501000087 2501000162
2501000204 2501000271
2501000029 2501000277
2501000128 2501000283
2501000223 2501000230
2501000228 2501000063
2501000120 2501000043
2501000014 2501000060
2501000126 2501000092
2501000044 2501000040
2501000267 2501000249
2501000188 2501000007
2501000296 2501000223
2501000158 2501000231
2501000100 2501000286
2501000290 2501000131
2501000145 2501000059
2501000239 2501000229
2501000154 2501000154
2501000046 2501000208
2501000193 2501000249
2501000199 2501000283
2501000225 2501000054
2501000285 2501000282
2501000019 2501000118
2501000257 2501000052
2501000077 2501000214
2501000120 2501000008
2501000280 2501000145
2501000029 2501000284
2501000065 2501000151
2501000128 2501000121
2501000051 2501000292
2501000205 2501000244
2501000298 2501000070
2501000018 2501000194
2501000067 2501000205
2501000146 2501000171
2501000226 2501000045
2501000029 2501000242
2501000063 2501000099
2501000031 2501000225
2501000099 2501000157
2501000090 2501000078
2501000286 2501000259
2501000219 2501000186
2501000028 2501000253
2501000141 2501000018
2501000246 2501000149
2501000131 2501000004
2501000008 2501000148
2501000294 2501000203
2501000146 2501000043
2501000127 2501000161
2501000216 2501000015
2501000058 2501000158
2501000042 2501000111
2501000098 2501000155
2501000181 2501000121
2501000167 2501000049
2501000243 2501000223
2501000166 2501000146
2501000086 2501000292
2501000101 2501000125
2501000058 2501000193
2501000063 2501000240
2501000191 2501000173
2501000081 2501000140
2501000062 2501000031
2501000084 2501000268
2501000024 2501000015
2501000191 2501000277
2501000068 2501000051
2501000051 2501000208
2501000093 2501000216
1251000241 1251000111
1251000210 1251000125
1251000174 1251000280
1251000202 1251000253
1251000186 1251000098
1251000052 1251000294
1251000264 1251000041
1251000182 1251000162
1251000057 1251000187
1251000049 1251000258
1251000083 1251000104
1251000073 1251000231
1251000290 1251000149
1251000015 1251000007
1251000116 1251000100
1251000247 1251000188
1251000075 1251000178
1251000156 1251000068
1251000271 1251000193
1251000265 1251000118
1251000184 1251000032
1251000235 1251000102
1251000198 1251000237
1251000077 1251000255
1251000061 1251000172
1251000018 1251000132
1251000289 1251000042
1251000201 1251000101
1251000252 1251000067
1251000277 1251000171
1251000102 1251000160
1251000004 1251000077
1251000185 1251000251
1251000140 1251000023
1251000043 1251000057
1251000201 1251000237
1251000019 1251000157
1251000206 1251000102
1251000019 1251000277
1251000277 1251000034
1251000272 1251000013
1251000186 1251000140
1251000086 1251000003
1251000122 1251000038
1251000182 1251000228
1251000020 1251000049
1251000007 1251000294
1251000046 1251000181
1251000200 1251000085
1251000128 1251000123
1251000069 1251000179
1251000261 1251000018
1251000036 1251000109
1251000046 1251000173
1251000071 1251000131
1251000152 1251000254
1251000137 1251000066
1251000044 1251000145
1251000182 1251000290
1251000242 1251000049
1251000063 1251000263
1251000051 1251000151
1251000223 1251000084
1251000187 1251000246
1251000088 1251000253
1251000151 1251000216
1251000004 1251000073
1251000192 1251000236
1251000121 1251000265
1251000050 1251000227
1251000265 1251000237
1251000281 1251000007
1251000048 1251000265
1251000175 1251000158
1251000070 1251000104
1251000207 1251000070
1251000277 1251000264
1251000241 1251000154
1251000243 1251000124
1251000001 1251000185
626000114 626000015
626000116 626000257
626000052 626000018
626000071 626000176
626000052 626000295
626000284 626000133
626000294 626000265
626000282 626000017
626000113 626000061
626000099 626000165
626000116 626000146
626000153 626000230
626000219 626000013
626000269 626000175
626000212 626000277
626000176 626000212
626000127 626000047
626000003 626000242
626000031 626000046
626000108 626000141
626000159 626000083
626000002 626000113
626000248 626000292
626000207 626000070
626000048 626000085
626000107 626000101
626000228 626000146
626000196 626000051
626000030 626000261
626000175 626000173
626000206 626000167
626000293 626000137
626000074 626000135
626000103 626000194
626000149 626000191
626000268 626000005
626000011 626000207
626000268 626000204
626000110 626000110
626000195 626000105
626000259 626000076
626000181 626000201
626000294 626000162
626000278 626000171
626000225 626000228
626000232 626000007
626000061 626000124
626000094 626000132
626000028 626000200
626000172 626000194
626000064 626000133
626000195 626000054
626000277 626000265
626000106 626000094
626000136 626000125
626000262 626000189
626000200 626000104
626000185 626000233
626000202 626000151
626000097 626000202
626000095 626000225
626000265 626000049
626000004 626000255
626000133 626000144
626000247 626000034
626000043 626000180
626000111 626000016
626000296 626000298
626000140 626000150
626000117 626000219
626000227 626000296
626000229 626000272
626000025 626000155
626000028 626000176
626000060 626000195
626000284 626000149
626000068 626000296
626000005 626000189
626000073 626000195
626000280 626000214
313500159 313500048
313500184 313500038
313500290 313500005
313500289 313500271
313500266 313500173
313500278 313500295
313500098 313500170
313500110 313500063
313500056 313500210
313500086 313500189
313500110 313500016
313500185 313500095
313500083 313500282
313500068 313500009
313500237 313500254
313500024 313500112
313500292 313500069
313500206 313500271
313500227 313500148
313500229 313500297
313500249 313500126
313500033 313500210
313500106 313500219
313500013 313500084
313500061 313500045
313500132 313500200
313500224 313500113
313500007 313500283
313500196 313500138
313500223 313500214
313500158 313500173
313500093 313500073
313500170 313500167
313500017 313500092
313500206 313500251
313500017 313500153
313500014 313500157
313500156 313500023
313500085 313500054
313500201 313500161
313500125 313500273
313500131 313500018
313500016 313500169
313500065 313500217
313500094 313500178
313500199 313500086
313500297 313500202
313500281 313500064
313500172 313500263
313500143 313500249
313500204 313500282
313500179 313500091
313500100 313500288
313500104 313500087
313500027 313500078
313500269 313500042
313500041 313500272
313500225 313500031
313500030 313500074
313500205 313500057
313500022 313500238
313500103 313500228
313500265 313500280
313500101 313500027
313500040 313500266
313500266 313500233
313500238 313500072
313500050 313500272
313500175 313500168
313500065 313500217
313500114 313500295
313500191 313500272
313500052 313500009
313500007 313500164
313500138 313500269
313500058 313500292
313500280 313500063
313500162 313500216
313500074 313500136
313500143 313500037
157250138 157250040
157250206 157250212
157250236 157250102
157250057 157250108
157250129 157250069
157250023 157250058
157250203 157250235
157250062 157250196
157250160 157250032
157250214 157250278
157250038 157250243
157250069 157250133
157250207 157250037
157250167 157250259
157250219 157250286
157250299 157250037
157250226 157250175
157250125 157250087
157250295 157250149
157250101 157250252
157250109 157250196
157250223 157250143
157250144 157250118
157250172 157250199
157250136 157250252
157250286 157250166
157250171 157250104
157250062 157250008
157250002 157250067
157250152 157250258
157250139 157250061
157250235 157250199
157250246 157250251
157250223 157250072
157250001 157250043
157250144 157250064
157250185 157250067
157250194 157250017
157250166 157250172
157250165 157250068
157250273 157250132
157250200 157250266
157250300 157250052
157250059 157250161
157250281 157250234
157250200 157250133
157250175 157250165
157250132 157250270
157250003 157250079
157250027 157250011
157250032 157250028
157250157 157250164
157250002 157250052
157250042 157250293
157250125 157250235
157250185 157250079
157250118 157250030
157250203 157250241
157250067 157250282
157250297 157250281
157250009 157250104
157250064 157250240
157250123 157250068
157250189 157250172
157250143 157250270
157250229 157250264
157250232 157250186
157250197 157250240
157250260 157250116
157250255 157250244
157250265 157250261
157250188 157250105
157250047 157250194
157250195 157250065
157250111 157250234
157250296 157250236
157250106 157250182
157250277 157250050
157250158 157250097
157250023 157250261
79125135 79125117
79125180 79125069
79125233 79125210
79125103 79125043
79125037 79125298
79125242 79125083
79125009 79125174
79125119 79125034
79125084 79125144
79125161 79125063
79125107 79125229
79125099 79125072
79125106 79125140
79125151 79125050
79125093 79125043
79125024 79125194
79125147 79125110
79125085 79125226
79125246 79125053
79125247 79125137
79125021 79125221
79125165 79125252
79125059 79125047
79125114 79125239
79125071 79125174
79125244 79125249
79125095 79125030
79125262 79125079
79125296 79125070
79125221 79125063
79125069 79125219
79125046 79125202
79125284 79125177
79125046 79125212
79125036 79125053
79125082 79125228
79125234 79125251
79125036 79125060
79125138 79125075
79125258 79125104
79125159 79125261
79125051 79125194
79125183 79125180
79125045 79125115
79125109 79125133
79125163 79125085
79125236 79125116
79125223 79125030
79125140 79125105
79125286 79125168
79125105 79125210
79125295 79125016
79125178 79125130
79125253 79125146
79125203 79125076
79125080 79125043
79125205 79125012
79125097 79125121
79125164 79125231
79125212 79125100
79125196 79125103
79125204 79125295
79125159 79125014
79125009 79125106
79125160 79125244
79125279 79125024
79125152 79125160
79125208 79125199
79125080 79125296
79125039 79125121
79125260 79125161
79125253 79125008
79125176 79125043
79125053 79125241
79125231 79125117
79125166 79125013
79125074 79125219
79125249 79125210
79125253 79125257
79125057 79125216
40062769 40062726
40062666 40062708
40062725 40062619
40062526 40062583
40062699 40062547
40062725 40062537
40062773 40062778
40062688 40062692
40062734 40062795
40062718 40062734
40062760 40062781
40062534 40062694
40062567 40062780
40062756 40062763
40062616 40062694
40062713 40062688
40062604 40062751
40062790 40062601
40062661 40062629
40062753 40062723
40062799 40062763
40062653 40062602
40062634 40062784
40062692 40062565
40062553 40062599
40062570 40062540
40062589 40062511
40062571 40062777
40062588 40062501
40062735 40062598
40062521 40062643
40062518 40062643
40062612 40062739
40062504 40062612
40062620 40062718
40062515 40062719
40062559 40062586
40062634 40062649
40062595 40062780
40062519 40062627
40062679 40062797
40062724 40062646
40062612 40062629
40062599 40062690
40062785 40062615
40062704 40062596
40062642 40062558
40062663 40062619
40062539 40062644
40062746 40062735
40062585 40062529
40062567 40062662
40062768 40062736
40062527 40062512
40062604 40062664
40062585 40062667
40062667 40062554
40062783 40062602
40062630 40062747
40062569 40062555
40062502 40062611
40062770 40062724
40062612 40062739
40062637 40062575
40062672 40062538
40062609 40062640
40062596 40062528
40062550 40062731
40062711 40062719
40062534 40062688
40062752 40062643
40062671 40062790
40062786 40062529
40062707 40062664
40062549 40062549
40062678 40062766
40062751 40062691
40062652 40062505
40062548 40062703
40062745 40062645
20531384 20531363
20531395 20531268
20531483 20531315
20531374 20531327
20531322 20531285
20531508 20531506
20531279 20531378
20531357 20531314
20531428 20531474
20531483 20531510
20531386 20531317
20531540 20531483
20531318 20531526
20531296 20531295
20531494 20531393
20531357 20531385
20531393 20531472
20531441 20531501
20531339 20531318
20531266 20531324
20531258 20531477
20531412 20531283
20531345 20531307
20531346 20531292
20531525 20531399
20531425 20531413
20531355 20531275
20531343 20531315
20531253 20531422
20531301 20531426
20531404 20531375
20531530 20531306
20531405 20531501
20531435 20531328
20531264 20531544
20531275 20531476
20531444 20531382
20531537 20531533
20531451 20531323
20531354 20531316
20531420 20531434
20531498 20531409
20531370 20531399
20531428 20531269
20531476 20531313
20531361 20531421
20531371 20531435
20531544 20531421
20531264 20531304
20531439 20531309
20531524 20531351
20531451 20531517
20531429 20531532
20531337 20531289
20531279 20531350
20531409 20531288
20531507 20531318
20531267 20531530
20531524 20531296
20531531 20531309
20531269 20531371
20531406 20531279
20531331 20531544
20531273 20531272
20531358 20531516
20531512 20531371
20531501 20531482
20531433 20531323
20531546 20531253
20531296 20531397
20531367 20531344
20531412 20531305
20531303 20531422
20531426 20531420
20531360 20531268
20531506 20531445
20531271 20531362
20531444 20531516
20531486 20531258
20531402 20531503
97 82
40 208
249 288
40 163
173 240
265 177
276 242
39 126
146 180
34 23
128 66
95 72
187 100
70 250
119 143
272 206
7 248
16 244
84 192
37 96
280 13
53 29
144 62
66 21
53 214
244 186
35 98
108 41
85 230
228 250
300 90
120 180
231 192
58 205
27 76
29 197
120 152
115 164
281 58
55 42
156 53
86 148
262 193
233 92
206 83
176 249
212 152
266 190
147 70
90 95
70 17
73 270
88 92
218 16
51 213
123 298
172 213
104 192
178 300
102 120
132 81
230 145
206 206
214 297
234 208
135 167
164 48
151 78
294 85
37 148
35 241
300 213
276 253
56 77
25 42
54 93
183 25
93 35
245 185
54 155
