# source: JorikJooken
# original path: jj_extract\knapsackProblemInstances-master\problemInstances\n_1000_c_1000000_g_6_f_0.1_eps_0.1_s_300\test.in
# optimal value: 1006141
# format: n capacity, then weight value
1000 1000000
600111 600109
600089 600076
600198 600146
600252 600061
600093 600234
600017 600150
600090 600106
600128 600071
600117 600264
600215 600006
600286 600262
600067 600071
600041 600235
600124 600162
600243 600099
600055 600174
600129 600078
600157 600059
600144 600082
600067 600196
600155 600192
600267 600034
600285 600166
600064 600289
600137 600008
600145 600052
600214 600112
600227 600197
600011 600121
600029 600099
600058 600228
600042 600079
600039 600031
600128 600162
600158 600072
600063 600175
600131 600046
600159 600279
600085 600254
600016 600010
600192 600262
600164 600108
600039 600287
600261 600133
600043 600115
600044 600278
600284 600038
600241 600186
600271 600174
600045 600264
600088 600067
600283 600023
600107 600171
600050 600081
600147 600284
600066 600190
600164 600189
600242 600216
600160 600178
600036 600005
600264 600167
600042 600028
600061 600084
600282 600108
600123 600212
600242 600072
600246 600110
600014 600143
600030 600166
600224 600054
600153 600199
600103 600070
600225 600179
600292 600204
600110 600057
600208 600094
600288 600019
600292 600290
600008 600064
600149 600142
600182 600258
600110 600006
600211 600206
600189 600093
600069 600110
600111 600128
600127 600041
600126 600077
600020 600126
600016 600296
600014 600168
600278 600179
600048 600170
600255 600190
600089 600022
600230 600189
600034 600044
600059 600294
600186 600032
600150 600176
600156 600056
600255 600295
600018 600018
600275 600162
600061 600180
600221 600123
600222 600011
600073 600139
600255 600067
600288 600178
600262 600172
600186 600198
600135 600076
600185 600043
600170 600254
600297 600059
600020 600001
600008 600100
600161 600274
600217 600185
600051 600203
600159 600177
600203 600114
600219 600028
600102 600182
600053 600298
600156 600268
600280 600266
600169 600191
600252 600034
600274 600240
600278 600215
600187 600124
600168 600047
600184 600206
600208 600195
600228 600002
600099 600089
600251 600278
600186 600049
600091 600198
600013 600111
600195 600069
600247 600188
600292 600054
600044 600216
600052 600068
600135 600005
600140 600025
600076 600269
600108 600163
600148 600151
600280 600125
600208 600086
600010 600228
600072 600071
600123 600026
600050 600047
600228 600063
600300 600216
600017 600176
600196 600142
600070 600224
600160 600153
600111 600260
600132 600163
600185 600050
600229 600149
600049 600246
600267 600203
600089 600128
600266 600285
600047 600236
600074 600018
600110 600280
600052 600286
600254 600061
600243 600159
600069 600152
600095 600268
350135 350041
350057 350207
350276 350253
350151 350229
350154 350182
350053 350237
350267 350073
350105 350001
350141 350131
350112 350057
350257 350042
350075 350102
350132 350029
350017 350255
350295 350089
350254 350185
350066 350093
350040 350116
350135 350117
350217 350249
350085 350141
350214 350103
350127 350182
350152 350105
350123 350077
350122 350034
350055 350232
350072 350253
350274 350180
350039 350168
350164 350027
350188 350107
350173 350045
350292 350149
350078 350137
350273 350086
350016 350081
350298 350056
350242 350019
350025 350099
350204 350209
350154 350065
350129 350025
350232 350298
350097 350262
350201 350268
350266 350291
350036 350017
350194 350181
350080 350300
350232 350253
350147 350289
350060 350292
350159 350168
350268 350278
350128 350021
350166 350069
350279 350033
350269 350252
350042 350177
350007 350190
350033 350227
350089 350140
350266 350256
350113 350227
350289 350129
350118 350278
350130 350138
350240 350007
350299 350131
350026 350297
350064 350087
350074 350015
350112 350063
350118 350227
350282 350172
350041 350250
350109 350192
350109 350022
350050 350121
350056 350004
350010 350036
350137 350202
350179 350086
350265 350039
350248 350156
350137 350155
350117 350141
350021 350137
350133 350253
350128 350185
350035 350196
350070 350065
350102 350259
350234 350263
350114 350266
350184 350086
350017 350040
350278 350190
350111 350167
350012 350284
350117 350124
350004 350133
350132 350114
350062 350106
350168 350085
350169 350278
350032 350294
350278 350118
350187 350230
350096 350275
350044 350147
350001 350042
350029 350225
350242 350002
350259 350192
350214 350271
350236 350237
350188 350155
350063 350108
350221 350011
350141 350082
350213 350001
350252 350174
350141 350151
350195 350104
350006 350182
350069 350003
350088 350291
350218 350103
350230 350194
350168 350156
350146 350152
350087 350112
350296 350162
350145 350009
350105 350017
350111 350062
350229 350199
350225 350092
350297 350274
350035 350153
350243 350051
350178 350264
350069 350077
350063 350260
350153 350250
350115 350042
350160 350094
350031 350057
350107 350068
350139 350064
350203 350133
350248 350202
350283 350093
350171 350228
350174 350175
350135 350107
350218 350227
350132 350157
350172 350145
350081 350062
350146 350076
350067 350196
350181 350171
350146 350148
350190 350032
350046 350172
350262 350074
350023 350126
350267 350199
350231 350119
350089 350211
350189 350079
350164 350252
350056 350126
350122 350122
350093 350289
350034 350220
350236 350154
225249 225195
225259 225200
225249 225170
225167 225020
225290 225238
225220 225178
225112 225273
225083 225273
225108 225020
225195 225200
225190 225288
225262 225283
225045 225068
225114 225146
225005 225297
225225 225115
225209 225166
225241 225123
225201 225145
225200 225094
225262 225067
225279 225157
225241 225135
225255 225061
225098 225263
225083 225291
225195 225069
225241 225218
225182 225270
225231 225095
225218 225143
225254 225144
225260 225070
225039 225158
225105 225044
225200 225128
225228 225072
225114 225241
225044 225231
225124 225234
225152 225079
225069 225076
225172 225262
225051 225149
225291 225204
225116 225123
225099 225267
225035 225117
225126 225126
225291 225254
225187 225006
225182 225216
225186 225168
225031 225298
225116 225091
225204 225092
225155 225273
225275 225252
225004 225194
225289 225021
225293 225018
225015 225050
225139 225261
225174 225078
225154 225025
225244 225074
225153 225249
225134 225068
225103 225114
225147 225255
225053 225227
225015 225252
225121 225121
225241 225061
225133 225206
225265 225156
225282 225034
225227 225118
225132 225038
225170 225274
225116 225005
225139 225067
225150 225035
225297 225084
225283 225148
225058 225027
225120 225178
225103 225211
225066 225016
225058 225197
225020 225139
225042 225219
225167 225111
225116 225294
225281 225073
225065 225114
225184 225234
225238 225214
225261 225242
225122 225165
225295 225278
225249 225286
225139 225125
225084 225073
225140 225266
225226 225068
225009 225265
225002 225160
225023 225118
225057 225055
225245 225013
225056 225061
225277 225202
225246 225177
225240 225105
225053 225037
225241 225145
225288 225157
225113 225011
225259 225167
225107 225256
225142 225025
225030 225071
225064 225248
225077 225041
225247 225130
225010 225070
225267 225216
225168 225156
225270 225227
225282 225033
225113 225237
225194 225070
225152 225215
225132 225256
225012 225120
225161 225253
225202 225292
225266 225137
225027 225121
225211 225285
225268 225195
225110 225228
225044 225142
225096 225122
225237 225027
225251 225258
225029 225020
225061 225260
225119 225057
225181 225277
225171 225260
225104 225147
225191 225120
225184 225280
225299 225030
225253 225204
225076 225067
225170 225198
225243 225221
225092 225289
225078 225180
225176 225300
225240 225124
225295 225231
225272 225194
225219 225268
225153 225063
225133 225067
225113 225135
225046 225205
225112 225117
225298 225296
225145 225268
225132 225038
225266 225128
225174 225183
225164 225295
225141 225041
225031 225075
162559 162619
162619 162618
162540 162744
162761 162555
162632 162627
162533 162618
162725 162751
162578 162634
162739 162524
162737 162662
162764 162522
162663 162775
162601 162674
162675 162579
162754 162794
162680 162640
162705 162763
162603 162611
162659 162619
162748 162656
162603 162698
162598 162527
162537 162537
162729 162635
162658 162512
162687 162772
162732 162750
162523 162704
162544 162721
162794 162600
162555 162587
162751 162699
162616 162757
162545 162545
162681 162760
162528 162730
162650 162525
162609 162679
162620 162734
162556 162605
162572 162742
162601 162728
162570 162734
162787 162577
162555 162625
162796 162677
162638 162651
162513 162524
162579 162596
162760 162639
162636 162597
162525 162748
162520 162723
162799 162662
162579 162679
162558 162656
162714 162719
162762 162683
162684 162781
162742 162652
162716 162639
162519 162625
162510 162534
162637 162722
162630 162712
162789 162522
162601 162512
162681 162796
162756 162631
162566 162684
162611 162650
162712 162792
162767 162543
162504 162779
162539 162634
162750 162522
162648 162787
162549 162504
162611 162611
162682 162550
162771 162610
162595 162584
162739 162594
162710 162720
162584 162541
162710 162715
162754 162752
162503 162678
162651 162732
162559 162596
162545 162673
162727 162517
162691 162548
162512 162707
162559 162591
162570 162732
162642 162643
162581 162562
162759 162740
162668 162787
162541 162612
162745 162674
162748 162763
162734 162733
162756 162670
162610 162517
162759 162762
162752 162592
162749 162570
162761 162544
162777 162604
162579 162568
162516 162578
162529 162721
162579 162621
162507 162741
162650 162611
162662 162730
162525 162725
162774 162553
162615 162714
162789 162779
162653 162751
162640 162564
162625 162549
162800 162715
162581 162705
162683 162551
162504 162616
162694 162715
162776 162590
162725 162579
162790 162630
162636 162576
162631 162586
162646 162778
162571 162523
162766 162505
162659 162722
162739 162715
162661 162712
162533 162647
162784 162580
162624 162666
162599 162583
162560 162750
162767 162620
162795 162780
162789 162648
162745 162791
162548 162574
162679 162797
162796 162624
162515 162655
162659 162530
162526 162516
162688 162639
162754 162569
162571 162640
162705 162786
162691 162772
162570 162694
162710 162665
162544 162613
162609 162518
162722 162666
162661 162525
162578 162732
162724 162513
162718 162757
162610 162741
162602 162608
162764 162784
162703 162693
162642 162618
162535 162523
162569 162526
162755 162672
162657 162618
162620 162769
131361 131286
131259 131467
131320 131260
131536 131313
131361 131401
131460 131407
131463 131412
131517 131251
131314 131446
131355 131316
131258 131384
131360 131333
131428 131252
131505 131509
131256 131434
131300 131541
131278 131301
131306 131280
131305 131402
131283 131401
131253 131499
131445 131504
131341 131365
131510 131461
131258 131293
131514 131360
131348 131313
131329 131285
131343 131306
131353 131329
131322 131417
131385 131501
131502 131460
131533 131434
131281 131309
131372 131475
131413 131431
131315 131500
131473 131525
131542 131289
131356 131375
131404 131436
131506 131493
131521 131359
131311 131267
131442 131410
131302 131332
131548 131394
131355 131401
131351 131544
131258 131365
131513 131535
131416 131525
131298 131490
131507 131543
131523 131407
131348 131501
131327 131467
131443 131402
131403 131365
131507 131536
131405 131533
131304 131262
131285 131411
131374 131498
131266 131295
131310 131265
131527 131323
131297 131391
131342 131390
131397 131453
131486 131466
131313 131252
131474 131256
131531 131500
131335 131425
131485 131321
131444 131332
131501 131277
131484 131511
131283 131296
131364 131483
131396 131278
131405 131364
131316 131546
131263 131512
131442 131416
131395 131398
131433 131306
131344 131257
131498 131391
131318 131297
131415 131520
131340 131525
131270 131542
131485 131478
131470 131540
131540 131309
131361 131329
131519 131260
131348 131333
131293 131355
131541 131520
131279 131365
131375 131488
131265 131344
131358 131487
131306 131413
131310 131326
131518 131269
131495 131254
131264 131310
131322 131537
131447 131313
131276 131442
131377 131286
131318 131257
131312 131346
131346 131255
131282 131358
131466 131371
131452 131266
131466 131521
131324 131425
131352 131262
131383 131462
131369 131331
131495 131441
131493 131466
131339 131376
131465 131384
131343 131341
131471 131460
131491 131441
131302 131439
131323 131549
131420 131520
131520 131540
131410 131490
131533 131498
131399 131252
131272 131260
131448 131523
131437 131377
131524 131505
131437 131279
131407 131265
131405 131332
131449 131444
131334 131410
131382 131270
131392 131294
131305 131501
131403 131538
131455 131289
131439 131463
131473 131489
131341 131375
131278 131510
131296 131404
131305 131543
131286 131281
131319 131449
131456 131345
131396 131282
131434 131402
131542 131407
131310 131353
131379 131265
131418 131391
131362 131300
131312 131458
131476 131469
131384 131437
131426 131294
131454 131424
131362 131287
131381 131427
131425 131327
131402 131434
35 51
105 297
42 49
11 51
2 48
136 225
253 222
131 127
47 253
119 284
33 65
177 170
7 91
29 160
277 300
48 219
20 193
141 81
187 247
299 288
91 285
135 59
134 60
35 74
108 10
150 30
175 220
151 225
151 16
254 53
168 157
75 211
42 246
37 32
33 67
11 3
100 56
19 279
84 173
200 262
243 179
141 146
286 231
28 79
255 75
191 233
45 83
233 61
220 287
251 223
96 33
17 86
132 54
162 219
197 271
58 137
2 247
197 174
247 158
81 250
224 207
4 52
45 182
21 147
162 246
75 25
90 269
4 106
184 282
164 133
84 167
258 106
202 38
232 114
250 288
183 28
101 299
78 84
70 121
12 229
269 268
258 121
269 171
147 40
258 279
7 14
190 202
120 101
132 87
114 104
250 210
247 160
298 259
188 207
215 243
261 297
135 30
293 211
215 39
101 226
