# source: JorikJooken
# original path: jj_extract\knapsackProblemInstances-master\problemInstances\n_1200_c_100000000_g_10_f_0.3_eps_0.0001_s_200\test.in
# optimal value: 100022067
# format: n capacity, then weight value
1200 100000000
50010041 50010047
50010002 50010090
50010004 50010080
50010156 50010105
50010057 50010026
50010173 50010071
50010159 50010048
50010048 50010098
50010035 50010087
50010078 50010061
50010104 50010044
50010145 50010058
50010096 50010074
50010182 50010094
50010045 50010147
50010138 50010017
50010064 50010085
50010002 50010016
50010194 50010008
50010142 50010118
50010094 50010161
50010063 50010008
50010044 50010160
50010014 50010103
50010155 50010167
50010103 50010123
50010121 50010188
50010106 50010027
50010051 50010185
50010013 50010094
50010049 50010137
50010063 50010050
50010130 50010195
50010167 50010064
50010031 50010131
50010196 50010189
50010117 50010036
50010168 50010004
50010015 50010073
50010072 50010160
50010081 50010122
50010046 50010117
50010192 50010128
50010015 50010185
50010142 50010108
50010199 50010173
50010002 50010120
50010006 50010089
50010098 50010181
50010117 50010015
50010040 50010009
50010007 50010078
50010164 50010109
50010072 50010114
50010124 50010136
50010023 50010128
50010069 50010028
50010065 50010027
50010034 50010044
50010129 50010103
50010158 50010178
50010123 50010162
50010186 50010174
50010129 50010061
50010069 50010148
50010107 50010190
50010043 50010023
50010074 50010128
50010153 50010181
50010044 50010180
50010151 50010020
50010121 50010109
50010110 50010119
50010083 50010165
50010118 50010175
50010013 50010172
50010170 50010092
50010145 50010125
50010125 50010069
50010048 50010106
50010073 50010063
50010054 50010176
50010182 50010057
50010108 50010178
50010106 50010018
50010193 50010143
50010109 50010040
50010019 50010043
50010129 50010152
50010006 50010169
50010065 50010011
50010130 50010037
50010085 50010085
25010089 25010190
25010130 25010170
25010095 25010198
25010119 25010090
25010155 25010120
25010005 25010175
25010189 25010053
25010182 25010180
25010073 25010034
25010001 25010196
25010056 25010169
25010031 25010111
25010169 25010017
25010050 25010147
25010175 25010106
25010198 25010157
25010167 25010065
25010189 25010189
25010113 25010046
25010171 25010049
25010051 25010077
25010116 25010090
25010009 25010116
25010005 25010100
25010010 25010020
25010160 25010144
25010104 25010031
25010011 25010136
25010061 25010161
25010184 25010039
25010094 25010023
25010029 25010087
25010075 25010109
25010141 25010104
25010092 25010182
25010118 25010028
25010038 25010195
25010166 25010049
25010043 25010133
25010111 25010001
25010011 25010036
25010096 25010184
25010116 25010125
25010145 25010014
25010067 25010099
25010179 25010135
25010168 25010064
25010043 25010037
25010079 25010001
25010191 25010155
25010084 25010061
25010191 25010108
25010170 25010132
25010037 25010024
25010047 25010159
25010189 25010025
25010152 25010155
25010178 25010154
25010192 25010090
25010083 25010054
25010088 25010014
25010064 25010156
25010002 25010129
25010034 25010149
25010130 25010152
25010166 25010040
25010016 25010039
25010175 25010054
25010051 25010090
25010180 25010008
25010146 25010171
25010024 25010134
25010184 25010154
25010156 25010119
25010070 25010087
25010186 25010188
25010030 25010100
25010112 25010164
25010109 25010128
25010093 25010121
25010125 25010063
25010019 25010200
25010193 25010181
25010054 25010135
25010144 25010064
25010188 25010173
25010031 25010196
25010102 25010196
25010100 25010186
25010169 25010185
25010173 25010098
25010135 25010123
25010070 25010108
12510143 12510156
12510156 12510121
12510020 12510053
12510090 12510121
12510070 12510167
12510142 12510007
12510079 12510019
12510022 12510150
12510158 12510073
12510003 12510101
12510183 12510154
12510161 12510179
12510044 12510045
12510115 12510042
12510188 12510047
12510179 12510023
12510019 12510008
12510178 12510012
12510164 12510008
12510060 12510037
12510187 12510104
12510106 12510127
12510077 12510049
12510111 12510063
12510145 12510159
12510023 12510090
12510196 12510018
12510139 12510195
12510172 12510188
12510042 12510121
12510081 12510118
12510120 12510118
12510181 12510008
12510101 12510050
12510167 12510119
12510098 12510002
12510122 12510066
12510046 12510060
12510002 12510011
12510074 12510037
12510013 12510084
12510145 12510155
12510148 12510060
12510129 12510002
12510012 12510184
12510037 12510071
12510045 12510042
12510018 12510071
12510178 12510022
12510097 12510171
12510198 12510189
12510190 12510016
12510091 12510025
12510067 12510024
12510075 12510143
12510033 12510068
12510040 12510062
12510089 12510114
12510067 12510020
12510073 12510193
12510039 12510015
12510197 12510169
12510083 12510124
12510037 12510099
12510190 12510012
12510087 12510017
12510165 12510107
12510015 12510106
12510086 12510144
12510103 12510027
12510066 12510042
12510149 12510056
12510005 12510054
12510084 12510132
12510096 12510176
12510134 12510088
12510156 12510174
12510045 12510112
12510101 12510103
12510048 12510037
12510105 12510067
12510157 12510145
12510019 12510048
12510091 12510092
12510027 12510001
12510050 12510049
12510120 12510137
12510035 12510166
12510118 12510078
12510157 12510109
12510097 12510080
12510058 12510155
12510074 12510080
6260139 6260004
6260145 6260113
6260145 6260088
6260183 6260072
6260065 6260174
6260183 6260096
6260149 6260054
6260024 6260150
6260096 6260175
6260162 6260176
6260062 6260049
6260097 6260118
6260033 6260097
6260178 6260061
6260060 6260053
6260065 6260012
6260116 6260142
6260061 6260045
6260024 6260188
6260191 6260109
6260003 6260133
6260179 6260070
6260097 6260160
6260189 6260098
6260161 6260168
6260023 6260035
6260061 6260121
6260153 6260173
6260064 6260175
6260069 6260030
6260083 6260044
6260055 6260098
6260159 6260076
6260154 6260103
6260038 6260150
6260159 6260151
6260083 6260161
6260123 6260054
6260151 6260113
6260069 6260024
6260043 6260005
6260063 6260183
6260145 6260072
6260082 6260059
6260035 6260146
6260161 6260186
6260095 6260176
6260150 6260193
6260142 6260094
6260196 6260155
6260069 6260163
6260115 6260192
6260103 6260104
6260085 6260135
6260003 6260129
6260055 6260153
6260163 6260160
6260091 6260033
6260004 6260130
6260018 6260011
6260097 6260110
6260123 6260087
6260111 6260183
6260174 6260130
6260180 6260078
6260143 6260072
6260005 6260051
6260109 6260028
6260026 6260181
6260149 6260090
6260054 6260187
6260108 6260158
6260121 6260139
6260086 6260038
6260194 6260013
6260012 6260075
6260090 6260065
6260027 6260044
6260095 6260163
6260119 6260199
6260084 6260194
6260119 6260020
6260039 6260113
6260131 6260137
6260011 6260071
6260071 6260173
6260178 6260044
6260192 6260067
6260190 6260142
6260117 6260070
6260150 6260039
6260165 6260022
6260094 6260178
3135061 3135176
3135127 3135072
3135135 3135176
3135093 3135130
3135085 3135194
3135104 3135042
3135059 3135199
3135198 3135145
3135156 3135028
3135183 3135169
3135035 3135148
3135092 3135049
3135164 3135035
3135106 3135006
3135150 3135030
3135027 3135174
3135051 3135077
3135076 3135125
3135012 3135045
3135076 3135027
3135029 3135024
3135010 3135092
3135200 3135116
3135098 3135140
3135131 3135192
3135058 3135096
3135128 3135187
3135071 3135176
3135053 3135099
3135009 3135126
3135166 3135172
3135069 3135155
3135127 3135039
3135127 3135109
3135106 3135092
3135088 3135063
3135191 3135134
3135021 3135063
3135183 3135104
3135145 3135166
3135132 3135093
3135166 3135147
3135150 3135128
3135030 3135191
3135016 3135199
3135062 3135113
3135191 3135064
3135180 3135176
3135037 3135035
3135191 3135158
3135095 3135179
3135141 3135042
3135006 3135033
3135165 3135159
3135104 3135069
3135184 3135194
3135182 3135057
3135131 3135196
3135064 3135007
3135200 3135031
3135006 3135054
3135145 3135086
3135046 3135097
3135016 3135047
3135183 3135086
3135008 3135085
3135121 3135200
3135080 3135129
3135143 3135024
3135025 3135105
3135060 3135174
3135101 3135124
3135152 3135086
3135194 3135042
3135115 3135001
3135136 3135095
3135090 3135183
3135156 3135135
3135040 3135085
3135153 3135057
3135063 3135001
3135200 3135173
3135199 3135122
3135061 3135053
3135133 3135186
3135160 3135008
3135019 3135035
3135082 3135135
3135099 3135113
3135048 3135014
3135136 3135066
3135162 3135130
3135026 3135139
1572554 1572680
1572526 1572546
1572630 1572659
1572538 1572607
1572545 1572553
1572517 1572565
1572657 1572506
1572648 1572557
1572651 1572623
1572663 1572608
1572598 1572555
1572626 1572528
1572625 1572556
1572659 1572514
1572648 1572547
1572673 1572539
1572515 1572603
1572662 1572612
1572578 1572590
1572695 1572616
1572505 1572682
1572613 1572590
1572525 1572570
1572688 1572549
1572654 1572562
1572652 1572566
1572638 1572622
1572637 1572659
1572606 1572675
1572531 1572629
1572674 1572662
1572651 1572630
1572593 1572669
1572667 1572689
1572613 1572525
1572653 1572542
1572520 1572550
1572560 1572553
1572597 1572591
1572598 1572622
1572661 1572506
1572560 1572564
1572525 1572542
1572621 1572698
1572615 1572517
1572516 1572511
1572636 1572582
1572639 1572631
1572656 1572604
1572553 1572614
1572529 1572580
1572530 1572612
1572614 1572557
1572591 1572625
1572543 1572557
1572651 1572515
1572530 1572551
1572667 1572502
1572684 1572555
1572636 1572563
1572565 1572635
1572669 1572636
1572539 1572653
1572672 1572588
1572559 1572687
1572543 1572691
1572679 1572524
1572524 1572604
1572584 1572698
1572518 1572599
1572620 1572639
1572572 1572694
1572524 1572531
1572516 1572644
1572520 1572521
1572570 1572617
1572576 1572577
1572524 1572646
1572606 1572590
1572562 1572522
1572514 1572513
1572657 1572547
1572672 1572561
1572563 1572682
1572635 1572597
1572642 1572575
1572521 1572507
1572681 1572607
1572593 1572550
1572668 1572622
1572631 1572596
1572652 1572524
1572568 1572681
791301 791270
791284 791330
791295 791384
791424 791445
791425 791413
791328 791405
791299 791315
791365 791376
791306 791256
791286 791372
791255 791397
791391 791411
791403 791330
791355 791263
791279 791425
791402 791374
791333 791368
791308 791306
791325 791438
791262 791355
791382 791378
791320 791434
791348 791321
791356 791327
791376 791298
791333 791306
791399 791272
791447 791381
791324 791377
791419 791282
791347 791444
791324 791292
791301 791279
791274 791380
791413 791405
791251 791311
791325 791268
791276 791286
791322 791382
791347 791348
791259 791403
791311 791409
791382 791274
791421 791291
791253 791294
791323 791294
791356 791430
791341 791282
791309 791423
791370 791339
791280 791250
791345 791364
791256 791446
791389 791301
791283 791303
791263 791300
791377 791278
791303 791270
791291 791447
791294 791256
791376 791379
791309 791250
791385 791396
791261 791416
791431 791333
791311 791436
791261 791267
791254 791392
791303 791409
791297 791320
791420 791283
791265 791318
791423 791436
791435 791396
791390 791360
791389 791369
791440 791435
791325 791306
791351 791382
791334 791355
791330 791384
791298 791354
791358 791363
791301 791391
791398 791277
791276 791312
791416 791448
791340 791359
791344 791419
791317 791433
791328 791350
791272 791274
791442 791302
400691 400785
400683 400645
400776 400696
400678 400705
400810 400792
400721 400821
400793 400821
400688 400707
400714 400819
400661 400648
400751 400690
400692 400780
400769 400731
400653 400694
400813 400681
400766 400776
400700 400686
400629 400779
400801 400651
400771 400701
400674 400686
400805 400711
400794 400724
400758 400744
400718 400770
400743 400797
400786 400689
400789 400725
400823 400685
400633 400768
400794 400669
400782 400768
400787 400752
400780 400716
400653 400739
400790 400711
400794 400718
400749 400722
400757 400712
400668 400694
400775 400784
400745 400636
400790 400747
400698 400742
400786 400699
400780 400782
400665 400788
400819 400705
400679 400641
400659 400751
400667 400746
400698 400792
400761 400653
400818 400667
400680 400753
400784 400782
400696 400734
400694 400657
400706 400691
400764 400689
400791 400771
400798 400701
400692 400749
400716 400771
400683 400627
400777 400820
400671 400819
400645 400640
400809 400811
400729 400649
400728 400636
400686 400776
400655 400754
400718 400721
400728 400760
400723 400795
400711 400740
400758 400757
400796 400650
400737 400790
400657 400794
400679 400795
400795 400634
400765 400762
400822 400732
400730 400758
400629 400759
400665 400729
400716 400739
400654 400635
400809 400796
400819 400729
400811 400730
205362 205440
205426 205466
205340 205346
205368 205373
205372 205511
205463 205385
205327 205354
205433 205314
205422 205443
205447 205371
205394 205365
205462 205315
205451 205425
205397 205410
205391 205387
205315 205443
205420 205501
205460 205402
205439 205457
205324 205330
205483 205467
205368 205470
205314 205470
205343 205482
205421 205431
205496 205350
205324 205484
205348 205370
205353 205318
205314 205468
205319 205349
205351 205341
205504 205314
205502 205355
205386 205362
205468 205441
205487 205490
205443 205441
205511 205497
205380 205374
205457 205499
205314 205436
205351 205365
205397 205403
205347 205475
205474 205394
205425 205337
205400 205384
205332 205457
205418 205502
205504 205485
205352 205419
205409 205451
205379 205429
205427 205511
205450 205367
205476 205501
205500 205456
205395 205338
205450 205502
205402 205511
205377 205508
205449 205512
205496 205357
205408 205451
205509 205506
205343 205491
205339 205322
205433 205352
205442 205469
205390 205447
205336 205493
205380 205402
205358 205360
205491 205497
205392 205458
205357 205466
205399 205364
205438 205399
205393 205346
205495 205320
205486 205361
205344 205507
205458 205495
205326 205318
205397 205382
205438 205438
205446 205465
205461 205436
205373 205410
205349 205429
205413 205374
205471 205337
15 167
68 91
100 122
132 124
124 112
151 34
190 127
28 13
114 59
100 170
36 162
122 172
50 124
177 59
135 53
135 139
100 116
114 162
56 75
164 54
142 36
30 87
136 89
34 92
192 133
23 63
165 68
97 10
73 12
139 118
23 95
55 86
60 38
69 145
178 58
52 117
119 131
129 60
54 86
92 21
111 198
198 79
23 108
40 14
198 81
75 93
2 50
177 85
77 32
117 23
7 126
183 74
6 91
151 53
109 150
126 34
190 166
127 21
31 193
123 44
175 45
14 23
122 102
53 26
102 52
196 38
158 124
174 110
60 52
141 12
54 55
37 8
55 111
29 83
98 108
103 34
65 116
44 110
170 167
64 102
144 35
26 123
55 40
91 160
197 142
124 124
166 153
98 96
45 166
118 36
114 78
116 105
126 195
151 149
72 4
162 75
128 97
112 123
150 171
140 14
34 97
24 8
136 21
5 130
175 163
2 100
41 53
158 154
114 57
19 3
171 113
33 141
153 110
93 152
110 134
148 98
67 78
52 76
79 163
164 130
31 92
122 144
17 115
20 39
123 41
168 63
190 98
100 49
153 103
174 89
77 135
77 157
140 9
91 87
68 53
25 47
155 174
104 179
30 81
164 156
53 100
53 9
63 135
191 35
21 154
157 154
145 164
183 23
115 104
195 117
80 129
171 127
18 185
82 138
167 95
148 62
154 42
167 120
128 75
68 142
8 92
69 32
198 2
131 73
164 52
164 88
68 119
160 196
127 136
64 61
198 155
99 172
33 160
77 197
73 135
48 135
162 6
170 64
120 19
158 191
161 27
187 114
54 101
24 102
156 181
24 190
100 127
131 119
124 68
146 42
91 149
161 196
102 17
187 81
71 138
189 8
94 133
151 51
165 183
34 72
142 139
138 170
33 16
106 126
124 139
23 158
91 106
17 87
143 48
35 63
95 148
146 149
19 195
140 74
164 22
120 65
153 98
169 162
22 40
171 14
29 170
194 138
151 162
85 77
146 176
128 102
149 83
10 90
191 148
182 112
55 191
16 85
187 29
164 35
78 96
85 133
173 84
186 148
111 151
159 46
50 12
190 80
159 40
181 61
157 90
68 11
185 51
33 142
76 168
57 38
167 45
120 129
172 16
192 142
78 98
132 117
146 176
68 16
188 88
33 44
174 52
98 69
188 155
128 124
166 11
155 4
184 190
190 91
151 97
13 24
140 106
138 26
63 182
57 6
46 189
81 104
168 54
54 34
28 186
170 28
162 7
78 16
22 66
14 162
4 9
131 29
97 161
138 176
137 154
136 32
40 180
12 34
70 71
184 109
117 126
149 33
92 121
140 129
54 137
63 140
32 160
52 57
43 115
175 140
62 39
83 39
70 181
29 122
117 146
102 21
139 141
155 124
168 115
142 113
38 67
21 45
124 90
140 150
101 124
129 24
126 37
41 146
100 29
34 98
148 154
16 11
63 191
153 24
89 75
32 29
105 68
193 175
85 174
127 31
167 9
143 33
24 107
82 67
6 105
94 143
74 142
106 186
66 121
24 17
37 43
19 100
127 175
160 84
87 180
181 61
15 57
51 31
195 79
150 2
73 118
2 12
166 29
17 57
109 195
131 163
190 200
128 191
129 156
