# source: JorikJooken
# original path: jj_extract\knapsackProblemInstances-master\problemInstances\n_800_c_1000000_g_2_f_0.1_eps_1e-05_s_300\test.in
# optimal value: 512313
# format: n capacity, then weight value
800 1000000
500083 500095
500174 500010
500015 500019
500279 500282
500014 500139
500287 500043
500217 500216
500257 500057
500022 500238
500042 500098
500200 500206
500099 500281
500216 500302
500206 500120
500186 500161
500126 500220
500178 500163
500306 500102
500104 500292
500060 500115
500053 500151
500296 500184
500184 500147
500202 500119
500064 500120
500266 500031
500073 500199
500155 500302
500099 500218
500195 500035
500164 500305
500194 500194
500251 500264
500112 500150
500183 500148
500257 500160
500200 500040
500015 500058
500122 500192
500297 500037
500198 500204
500222 500010
500075 500078
500301 500075
500116 500212
500258 500062
500045 500112
500115 500044
500154 500264
500096 500220
500260 500044
500246 500063
500241 500142
500248 500179
500159 500272
500145 500169
500189 500139
500104 500044
500051 500194
500143 500014
500267 500128
500030 500281
500299 500069
500063 500091
500072 500094
500216 500215
500197 500260
500037 500130
500102 500137
500114 500077
500149 500295
500087 500047
500061 500250
500260 500303
500020 500289
500266 500154
500219 500077
500094 500133
500140 500033
500227 500308
500302 500053
500036 500036
500270 500308
500276 500236
500060 500246
500185 500143
500219 500179
500295 500152
500286 500286
500251 500268
500055 500147
500036 500137
500119 500077
500170 500171
500022 500261
500273 500236
500138 500041
500177 500286
500076 500208
500259 500036
500240 500218
500195 500217
500019 500161
500116 500012
500113 500138
500182 500156
500055 500285
500169 500219
500307 500119
500243 500217
500267 500139
500147 500292
500123 500199
500174 500166
500144 500196
500268 500186
500056 500193
500023 500035
500093 500203
500078 500263
500102 500165
500029 500308
500249 500308
500243 500090
500143 500133
500021 500042
500081 500102
500141 500185
500063 500232
500078 500106
500191 500121
500130 500267
500172 500215
500218 500130
500194 500302
500268 500163
500302 500184
500088 500040
500204 500038
500250 500245
500174 500117
500079 500115
500068 500053
500225 500179
500216 500194
500171 500056
500025 500293
500183 500285
500245 500109
500200 500238
500252 500184
500226 500010
500159 500053
500294 500233
500137 500219
500083 500239
500086 500149
500269 500217
500024 500188
500095 500022
500243 500242
500102 500105
500285 500213
500048 500165
500295 500156
500253 500266
500221 500254
500043 500200
500307 500051
500172 500073
500293 500167
500157 500058
500092 500232
500025 500083
500182 500098
500304 500177
500217 500044
500125 500148
500260 500088
500260 500301
500014 500110
500291 500183
500051 500229
500198 500282
500172 500241
500219 500056
500269 500110
500251 500189
500162 500160
500108 500252
500046 500167
500290 500256
500307 500229
500220 500210
500215 500286
500057 500258
500240 500127
500213 500230
500040 500056
500025 500261
500027 500138
500211 500013
500067 500141
500107 500146
500130 500169
500098 500131
500179 500289
500279 500267
500216 500113
500290 500071
500062 500205
500128 500209
500293 500186
500028 500052
500196 500132
500015 500164
500030 500239
500200 500232
500222 500099
500245 500139
500183 500294
500071 500056
500083 500033
500217 500055
500276 500259
500210 500285
500168 500097
500158 500151
500130 500147
500286 500121
500148 500196
500109 500104
500018 500279
500304 500227
500139 500054
500099 500228
500070 500156
500038 500239
500016 500308
500298 500212
500103 500121
500080 500143
500047 500187
500145 500181
500166 500300
500011 500055
500084 500128
500159 500066
500080 500281
500160 500275
500021 500040
500296 500026
500030 500079
500090 500213
500072 500264
500200 500198
500071 500173
500046 500202
500016 500049
500186 500193
500257 500283
500117 500146
500248 500152
500226 500201
500134 500296
500055 500116
500271 500154
500244 500260
500277 500080
500120 500253
500146 500287
500116 500143
500141 500259
500096 500292
500289 500013
500200 500055
500099 500195
500045 500026
500225 500287
500114 500011
500178 500249
500055 500024
500212 500183
500034 500272
500246 500061
500018 500282
500288 500271
500117 500025
500110 500102
500120 500064
500114 500064
500259 500165
500224 500106
500284 500222
500177 500280
500199 500192
500181 500087
500120 500265
500091 500148
500240 500306
500032 500191
500227 500142
500203 500179
500300 500187
500055 500167
500047 500133
500159 500170
500245 500140
500252 500018
500089 500137
500224 500104
500143 500179
500235 500256
500088 500285
500256 500031
500086 500169
500033 500175
500207 500232
500049 500242
500125 500216
500069 500249
500212 500177
500234 500042
500268 500268
500150 500178
500081 500309
500058 500054
500206 500247
500167 500266
500268 500186
500273 500253
500309 500137
500199 500019
500209 500137
500239 500136
500056 500264
500116 500299
500079 500045
500153 500094
500056 500025
500248 500100
500255 500193
500153 500143
500028 500247
500078 500187
500076 500249
500295 500018
500141 500164
500077 500122
500192 500036
500020 500292
500112 500066
500159 500176
500065 500107
500211 500042
500189 500113
500150 500085
500183 500252
500079 500285
500250 500295
500265 500281
500031 500019
500152 500151
500308 500070
500205 500168
500222 500205
500301 500279
500059 500126
500078 500073
500144 500116
500118 500237
500147 500171
500030 500306
500103 500121
500287 500301
500010 500082
500054 500101
500272 500124
500091 500073
500110 500171
500125 500032
500173 500129
500180 500228
500247 500230
500242 500294
500040 500125
500030 500043
500090 500055
500141 500141
500244 500207
500265 500228
500247 500146
500307 500068
500242 500041
500167 500076
500288 500293
500255 500013
500039 500042
500135 500165
500243 500013
500216 500262
500063 500085
500084 500132
500069 500114
500164 500206
500017 500192
500045 500149
500196 500130
500015 500156
500303 500062
500259 500231
500274 500296
500294 500030
500108 500306
500032 500090
500148 500042
500122 500198
500138 500276
500227 500108
500281 500216
500291 500122
500160 500208
500104 500062
500222 500198
500219 500246
500125 500092
500035 500130
500163 500238
500077 500082
500225 500034
500255 500270
500279 500137
500026 500161
500227 500030
500031 500253
500172 500014
500159 500243
500230 500138
500093 500098
500183 500255
500141 500186
500087 500047
500201 500103
500256 500087
500168 500096
500269 500087
500013 500282
500078 500058
500205 500090
500260 500283
500134 500160
500026 500260
500212 500261
500298 500217
500158 500191
500062 500059
500097 500023
500015 500200
500101 500144
500273 500195
500100 500178
500163 500049
500302 500049
500123 500205
500065 500205
500184 500238
500124 500252
500248 500067
500182 500296
500266 500170
500256 500162
500171 500231
500275 500206
500033 500106
500112 500034
500148 500039
500165 500219
500233 500269
500146 500170
500104 500163
500124 500095
500055 500011
500034 500160
500095 500096
500300 500132
500107 500094
500303 500066
500032 500179
500276 500044
500209 500184
500116 500016
500014 500094
500029 500228
500138 500102
500066 500026
500045 500207
500160 500150
500265 500206
500188 500025
500128 500235
500079 500093
500094 500122
500130 500220
500147 500295
500043 500272
500290 500188
500131 500252
500050 500204
500175 500170
500109 500018
500071 500121
500299 500104
500129 500160
500182 500110
500243 500160
500163 500281
500307 500094
500050 500183
500253 500218
500071 500033
500076 500136
500018 500260
500051 500112
500082 500177
500194 500178
500167 500159
500278 500027
500285 500082
500183 500287
500260 500196
500023 500150
500292 500196
500012 500016
500058 500223
500075 500168
500276 500289
500047 500127
500087 500240
500140 500206
500081 500046
500222 500192
500170 500126
500051 500058
500063 500265
500132 500202
500044 500083
500170 500137
500214 500260
500086 500205
500024 500303
500215 500076
500019 500014
500285 500150
500080 500017
500186 500134
500100 500092
500270 500276
500163 500036
500068 500110
500264 500196
500125 500037
500218 500198
500067 500255
500208 500271
500278 500146
500164 500048
500055 500275
500266 500158
500194 500191
500073 500048
500126 500139
500071 500045
500194 500028
500104 500083
500308 500292
500054 500202
500047 500296
500130 500063
500110 500205
500069 500111
500039 500115
500124 500092
500075 500073
500016 500259
500232 500185
500096 500068
500164 500145
500151 500203
500269 500122
500119 500122
500282 500140
500214 500289
500244 500278
500305 500299
500206 500214
500167 500297
500043 500219
500267 500159
500101 500121
500111 500050
500210 500108
500104 500051
500082 500133
500269 500028
500257 500107
500161 500194
500308 500220
500203 500233
500140 500252
500262 500023
500192 500210
500179 500071
500097 500254
500300 500266
500303 500053
500269 500121
500132 500228
500154 500219
500102 500282
500065 500207
500193 500291
500288 500122
500270 500125
500052 500276
500169 500267
500044 500230
500062 500270
500252 500129
500121 500107
500125 500139
500167 500271
500154 500054
500295 500268
500256 500035
500279 500253
500238 500045
500045 500164
500080 500206
500049 500223
500091 500149
500299 500015
500159 500147
500090 500147
500094 500139
500031 500255
500188 500160
500109 500126
500222 500216
500059 500021
500061 500219
500237 500281
500086 500253
500108 500056
500041 500213
500119 500013
500170 500294
500279 500306
500272 500204
500254 500303
500167 500131
500035 500259
500233 500258
500052 500297
500284 500150
500152 500186
500214 500213
500059 500111
500121 500172
500068 500264
500118 500060
500238 500203
500188 500153
500125 500171
500031 500217
500234 500092
500152 500303
500070 500120
500254 500124
500188 500121
500026 500193
500074 500010
500138 500258
500200 500115
500094 500268
500171 500291
500088 500278
500118 500138
500299 500265
500045 500152
500235 500158
500153 500253
500264 500248
500265 500250
500029 500222
500289 500305
500079 500082
500059 500209
500177 500075
500286 500258
500254 500239
500019 500164
500245 500251
500068 500129
500193 500258
500025 500076
500149 500289
500161 500221
500152 500182
500034 500079
500198 500045
500292 500180
500127 500186
500288 500267
500291 500302
500133 500136
500126 500015
500051 500082
500179 500155
500115 500066
500281 500199
99 130
225 45
265 19
6 244
30 217
5 199
235 238
103 46
257 88
29 193
137 269
217 283
209 211
199 154
72 41
112 204
87 223
209 94
114 292
194 111
271 164
146 68
20 235
240 205
11 141
128 54
294 247
62 143
107 193
32 177
205 196
5 20
247 95
299 237
211 146
24 54
153 243
251 275
258 246
48 47
32 291
142 253
195 130
43 190
149 281
258 6
245 148
65 54
47 46
149 117
180 133
101 87
215 132
69 129
176 156
223 18
84 189
235 120
204 186
207 40
34 113
128 200
145 38
99 272
83 192
63 153
59 95
3 179
283 31
75 123
26 63
101 169
79 236
54 158
283 79
85 216
133 46
120 28
239 213
111 207
