# source: JorikJooken
# original path: jj_extract\knapsackProblemInstances-master\problemInstances\n_800_c_10000000000_g_10_f_0.3_eps_1e-05_s_300\test.in
# format: n capacity, then weight value
800 10000000000
5000100162 5000100252
5000100159 5000100039
5000100066 5000100178
5000100255 5000100042
5000100046 5000100238
5000100141 5000100224
5000100112 5000100093
5000100056 5000100108
5000100109 5000100284
5000100129 5000100220
5000100146 5000100003
5000100283 5000100036
5000100140 5000100176
5000100144 5000100089
5000100118 5000100029
5000100178 5000100079
5000100256 5000100143
5000100248 5000100099
5000100151 5000100050
5000100143 5000100081
5000100246 5000100266
5000100288 5000100167
5000100125 5000100179
5000100224 5000100192
5000100053 5000100253
5000100200 5000100243
5000100055 5000100133
5000100299 5000100132
5000100026 5000100153
5000100115 5000100063
5000100190 5000100234
5000100219 5000100164
5000100273 5000100243
5000100080 5000100258
5000100058 5000100077
5000100214 5000100076
5000100068 5000100127
5000100121 5000100221
5000100049 5000100060
5000100019 5000100113
5000100277 5000100008
5000100105 5000100134
5000100199 5000100043
5000100098 5000100284
5000100132 5000100201
5000100108 5000100191
5000100017 5000100064
5000100182 5000100266
5000100300 5000100246
5000100111 5000100219
5000100179 5000100174
5000100272 5000100149
5000100072 5000100225
5000100077 5000100129
5000100041 5000100221
5000100009 5000100128
5000100007 5000100199
5000100080 5000100176
5000100174 5000100114
5000100089 5000100286
5000100257 5000100274
5000100181 5000100089
2500100132 2500100247
2500100050 2500100138
2500100231 2500100185
2500100126 2500100279
2500100115 2500100285
2500100120 2500100105
2500100290 2500100160
2500100141 2500100045
2500100143 2500100075
2500100238 2500100063
2500100173 2500100137
2500100087 2500100191
2500100057 2500100171
2500100121 2500100192
2500100248 2500100281
2500100146 2500100122
2500100266 2500100036
2500100003 2500100256
2500100050 2500100143
2500100068 2500100033
2500100159 2500100208
2500100048 2500100211
2500100105 2500100017
2500100246 2500100128
2500100299 2500100173
2500100191 2500100137
2500100264 2500100014
2500100235 2500100094
2500100072 2500100297
2500100084 2500100014
2500100225 2500100050
2500100152 2500100101
2500100178 2500100121
2500100238 2500100287
2500100148 2500100154
2500100189 2500100013
2500100233 2500100014
2500100165 2500100031
2500100012 2500100084
2500100106 2500100280
2500100096 2500100194
2500100089 2500100250
2500100166 2500100166
2500100119 2500100257
2500100022 2500100267
2500100215 2500100177
2500100007 2500100183
2500100257 2500100216
2500100111 2500100086
2500100082 2500100055
2500100111 2500100209
2500100220 2500100300
2500100290 2500100141
2500100235 2500100041
2500100261 2500100257
2500100110 2500100073
2500100282 2500100250
2500100033 2500100031
2500100111 2500100090
2500100296 2500100094
2500100036 2500100137
2500100058 2500100268
1250100188 1250100054
1250100300 1250100277
1250100264 1250100240
1250100155 1250100107
1250100202 1250100279
1250100132 1250100163
1250100280 1250100204
1250100011 1250100251
1250100065 1250100131
1250100187 1250100133
1250100275 1250100035
1250100278 1250100120
1250100199 1250100290
1250100197 1250100121
1250100200 1250100010
1250100008 1250100166
1250100063 1250100203
1250100211 1250100123
1250100147 1250100288
1250100056 1250100145
1250100102 1250100114
1250100202 1250100119
1250100270 1250100081
1250100090 1250100168
1250100009 1250100151
1250100032 1250100037
1250100005 1250100038
1250100280 1250100078
1250100078 1250100086
1250100236 1250100105
1250100070 1250100196
1250100268 1250100279
1250100156 1250100232
1250100172 1250100172
1250100187 1250100001
1250100021 1250100122
1250100077 1250100267
1250100025 1250100210
1250100218 1250100118
1250100021 1250100062
1250100063 1250100239
1250100103 1250100003
1250100036 1250100037
1250100170 1250100221
1250100051 1250100247
1250100193 1250100097
1250100230 1250100229
1250100044 1250100154
1250100040 1250100117
1250100079 1250100156
1250100078 1250100285
1250100098 1250100218
1250100286 1250100155
1250100263 1250100243
1250100262 1250100101
1250100120 1250100008
1250100248 1250100240
1250100139 1250100284
1250100136 1250100073
1250100144 1250100086
1250100052 1250100252
1250100125 1250100160
625100151 625100051
625100258 625100065
625100268 625100079
625100179 625100087
625100093 625100248
625100133 625100122
625100051 625100004
625100182 625100062
625100030 625100268
625100225 625100033
625100109 625100128
625100088 625100181
625100215 625100170
625100124 625100021
625100087 625100192
625100095 625100086
625100130 625100019
625100010 625100001
625100224 625100127
625100108 625100141
625100184 625100140
625100219 625100142
625100183 625100235
625100228 625100168
625100081 625100204
625100125 625100299
625100254 625100230
625100154 625100277
625100261 625100196
625100272 625100250
625100113 625100090
625100200 625100207
625100241 625100137
625100272 625100005
625100162 625100133
625100195 625100234
625100030 625100260
625100275 625100144
625100040 625100060
625100240 625100288
625100126 625100106
625100108 625100003
625100273 625100046
625100159 625100076
625100106 625100057
625100023 625100180
625100171 625100195
625100030 625100002
625100050 625100028
625100230 625100267
625100149 625100010
625100157 625100295
625100027 625100120
625100079 625100003
625100036 625100144
625100242 625100272
625100141 625100041
625100255 625100053
625100004 625100107
625100165 625100241
625100067 625100190
625100107 625100234
312600255 312600113
312600181 312600119
312600146 312600277
312600286 312600119
312600042 312600265
312600103 312600172
312600220 312600272
312600278 312600300
312600175 312600285
312600112 312600042
312600182 312600292
312600294 312600225
312600082 312600205
312600154 312600048
312600041 312600041
312600057 312600155
312600261 312600082
312600017 312600178
312600141 312600173
312600096 312600082
312600060 312600241
312600011 312600076
312600192 312600273
312600121 312600289
312600260 312600078
312600173 312600107
312600177 312600206
312600161 312600217
312600238 312600081
312600220 312600158
312600253 312600185
312600056 312600056
312600240 312600247
312600299 312600040
312600222 312600241
312600130 312600145
312600121 312600053
312600099 312600135
312600103 312600106
312600045 312600222
312600125 312600001
312600121 312600199
312600028 312600154
312600254 312600270
312600287 312600003
312600229 312600132
312600057 312600029
312600232 312600103
312600299 312600223
312600037 312600082
312600116 312600160
312600130 312600084
312600149 312600263
312600111 312600247
312600083 312600006
312600300 312600166
312600156 312600062
312600029 312600128
312600177 312600049
312600266 312600204
312600126 312600034
312600245 312600195
156350238 156350203
156350145 156350162
156350084 156350238
156350085 156350194
156350221 156350123
156350291 156350291
156350040 156350192
156350136 156350214
156350256 156350041
156350029 156350137
156350175 156350222
156350135 156350055
156350075 156350095
156350077 156350121
156350151 156350270
156350221 156350154
156350213 156350009
156350029 156350181
156350158 156350067
156350207 156350147
156350038 156350107
156350233 156350053
156350157 156350049
156350097 156350286
156350178 156350040
156350288 156350173
156350242 156350016
156350129 156350082
156350164 156350241
156350187 156350219
156350293 156350203
156350184 156350201
156350004 156350085
156350294 156350207
156350099 156350077
156350004 156350173
156350243 156350147
156350059 156350114
156350256 156350013
156350226 156350064
156350025 156350003
156350212 156350163
156350288 156350238
156350186 156350086
156350154 156350101
156350178 156350192
156350254 156350232
156350261 156350259
156350297 156350056
156350092 156350189
156350254 156350167
156350078 156350047
156350226 156350188
156350117 156350274
156350276 156350286
156350015 156350095
156350258 156350178
156350268 156350183
156350118 156350130
156350278 156350121
156350197 156350278
156350133 156350047
78225159 78225147
78225095 78225042
78225183 78225029
78225184 78225215
78225182 78225273
78225061 78225070
78225043 78225118
78225039 78225131
78225014 78225083
78225159 78225268
78225290 78225154
78225051 78225151
78225064 78225169
78225193 78225158
78225212 78225161
78225250 78225274
78225292 78225295
78225143 78225247
78225058 78225221
78225135 78225249
78225285 78225152
78225294 78225186
78225038 78225289
78225287 78225116
78225102 78225210
78225111 78225253
78225167 78225167
78225131 78225125
78225295 78225101
78225209 78225202
78225250 78225059
78225220 78225207
78225142 78225271
78225045 78225175
78225156 78225147
78225092 78225248
78225201 78225142
78225251 78225110
78225050 78225189
78225127 78225134
78225009 78225037
78225144 78225075
78225097 78225106
78225026 78225044
78225193 78225284
78225144 78225135
78225100 78225245
78225271 78225089
78225245 78225074
78225082 78225016
78225116 78225243
78225193 78225275
78225234 78225034
78225119 78225025
78225157 78225136
78225001 78225062
78225071 78225081
78225174 78225228
78225124 78225003
78225113 78225142
78225154 78225184
78225094 78225098
39162548 39162544
39162588 39162721
39162765 39162661
39162799 39162759
39162564 39162742
39162678 39162570
39162761 39162700
39162563 39162641
39162616 39162725
39162585 39162619
39162688 39162652
39162763 39162700
39162739 39162626
39162562 39162753
39162782 39162536
39162754 39162685
39162622 39162783
39162513 39162600
39162644 39162766
39162663 39162756
39162745 39162606
39162775 39162795
39162700 39162528
39162639 39162507
39162773 39162606
39162705 39162628
39162582 39162569
39162511 39162663
39162595 39162553
39162635 39162757
39162797 39162650
39162594 39162521
39162790 39162684
39162616 39162796
39162530 39162622
39162519 39162776
39162701 39162546
39162638 39162606
39162567 39162577
39162597 39162725
39162752 39162728
39162613 39162534
39162718 39162799
39162551 39162553
39162544 39162637
39162661 39162753
39162559 39162589
39162781 39162747
39162505 39162772
39162741 39162611
39162509 39162590
39162713 39162624
39162532 39162649
39162525 39162743
39162646 39162655
39162565 39162759
39162665 39162518
39162544 39162788
39162579 39162623
39162691 39162580
39162603 39162556
39162783 39162596
19631333 19631529
19631436 19631512
19631401 19631315
19631503 19631402
19631274 19631460
19631286 19631392
19631362 19631405
19631271 19631289
19631327 19631320
19631260 19631445
19631351 19631340
19631279 19631332
19631438 19631311
19631287 19631459
19631457 19631307
19631296 19631271
19631345 19631428
19631515 19631459
19631433 19631298
19631272 19631333
19631455 19631393
19631252 19631464
19631307 19631374
19631301 19631464
19631435 19631499
19631369 19631360
19631419 19631359
19631542 19631330
19631307 19631460
19631383 19631266
19631380 19631465
19631483 19631542
19631351 19631283
19631509 19631514
19631391 19631471
19631298 19631536
19631441 19631426
19631300 19631471
19631382 19631380
19631283 19631339
19631473 19631273
19631536 19631466
19631519 19631331
19631329 19631458
19631310 19631330
19631386 19631472
19631312 19631465
19631281 19631481
19631463 19631387
19631369 19631272
19631311 19631361
19631401 19631460
19631523 19631270
19631482 19631354
19631394 19631319
19631258 19631325
19631317 19631368
19631422 19631432
19631469 19631533
19631464 19631550
19631426 19631537
19631495 19631427
221 226
255 80
210 217
207 212
12 206
9 28
220 113
193 6
216 169
187 241
266 64
24 266
236 266
242 178
117 252
74 69
15 102
150 74
287 91
265 13
8 240
153 123
128 129
27 122
131 84
228 98
72 258
217 34
52 38
93 193
121 232
5 283
4 113
289 131
276 222
275 297
216 56
217 270
143 211
85 127
146 142
116 210
98 146
121 227
174 66
58 227
182 69
135 147
288 271
156 149
249 44
90 61
17 272
289 94
229 189
190 214
171 204
90 110
201 195
186 89
285 96
164 106
4 30
255 36
141 231
181 268
133 156
278 16
280 271
85 200
281 9
100 262
85 10
12 80
251 150
241 97
59 216
279 300
151 108
148 211
157 127
295 98
238 295
76 236
238 129
248 272
102 135
91 155
195 28
88 227
27 300
185 207
9 95
133 146
169 229
283 285
44 109
25 20
179 275
59 203
75 243
137 82
110 234
188 54
63 112
254 282
176 252
237 229
72 71
135 34
10 291
240 90
296 275
293 84
249 223
264 268
276 72
239 134
74 7
138 203
79 160
107 204
75 28
124 289
208 272
272 72
80 237
143 248
151 61
295 146
9 278
83 123
3 60
14 135
166 17
91 235
9 39
217 149
127 33
165 222
3 283
36 297
205 80
293 275
234 78
168 234
13 39
154 221
104 47
72 243
176 86
160 167
14 20
191 232
81 122
131 209
217 223
209 97
37 48
19 53
198 37
256 254
41 240
220 124
127 111
139 78
25 218
228 200
106 110
280 252
27 80
135 195
144 130
274 69
152 219
289 236
91 103
77 93
233 14
145 297
27 225
24 75
143 76
282 291
216 77
115 62
60 206
48 50
271 212
158 119
47 64
105 166
15 208
192 71
191 192
177 210
58 137
174 97
245 164
193 189
41 257
20 189
142 145
282 37
196 134
173 194
294 99
174 242
154 279
175 15
180 54
158 225
125 80
200 76
202 260
160 235
191 265
207 280
147 87
40 147
36 211
193 278
69 172
299 138
10 173
28 297
117 233
206 169
46 245
190 224
240 70
135 213
92 145
17 275
240 111
171 5
67 43
71 291
49 199
82 71
196 256
84 216
