# source: JorikJooken
# original path: jj_extract\knapsackProblemInstances-master\problemInstances\n_400_c_10000000000_g_10_f_0.3_eps_1e-05_s_300\test.in
# optimal value: 9993104063
# format: n capacity, then weight value
400 10000000000
5000100243 5000100199
5000100002 5000100051
5000100013 5000100288
5000100068 5000100063
5000100027 5000100106
5000100262 5000100111
5000100200 5000100022
5000100164 5000100052
5000100215 5000100298
5000100199 5000100113
5000100234 5000100086
5000100146 5000100219
5000100175 5000100126
5000100062 5000100294
5000100175 5000100046
5000100001 5000100103
5000100191 5000100131
5000100015 5000100078
5000100139 5000100217
5000100077 5000100207
5000100258 5000100181
5000100089 5000100220
5000100280 5000100095
5000100131 5000100073
5000100155 5000100099
5000100076 5000100121
5000100193 5000100090
5000100040 5000100033
5000100183 5000100099
5000100025 5000100087
5000100139 5000100025
2500100024 2500100120
2500100027 2500100100
2500100009 2500100294
2500100086 2500100146
2500100187 2500100082
2500100157 2500100035
2500100087 2500100032
2500100297 2500100222
2500100180 2500100271
2500100028 2500100219
2500100037 2500100029
2500100051 2500100144
2500100166 2500100031
2500100267 2500100115
2500100168 2500100082
2500100192 2500100299
2500100177 2500100205
2500100212 2500100096
2500100298 2500100176
2500100252 2500100070
2500100296 2500100124
2500100143 2500100091
2500100077 2500100145
2500100012 2500100166
2500100141 2500100042
2500100108 2500100234
2500100082 2500100029
2500100283 2500100164
2500100011 2500100280
2500100230 2500100149
2500100072 2500100289
1250100109 1250100255
1250100067 1250100151
1250100241 1250100040
1250100172 1250100195
1250100247 1250100142
1250100178 1250100157
1250100163 1250100122
1250100280 1250100291
1250100226 1250100200
1250100187 1250100258
1250100032 1250100130
1250100287 1250100161
1250100156 1250100002
1250100062 1250100294
1250100132 1250100245
1250100205 1250100106
1250100127 1250100273
1250100242 1250100229
1250100212 1250100153
1250100121 1250100276
1250100261 1250100108
1250100140 1250100060
1250100112 1250100089
1250100168 1250100192
1250100170 1250100036
1250100281 1250100103
1250100259 1250100183
1250100298 1250100052
1250100101 1250100289
1250100211 1250100168
1250100130 1250100260
625100076 625100236
625100230 625100279
625100133 625100102
625100142 625100088
625100299 625100258
625100179 625100138
625100055 625100211
625100205 625100011
625100083 625100206
625100296 625100056
625100015 625100265
625100283 625100087
625100048 625100120
625100059 625100114
625100185 625100180
625100174 625100129
625100246 625100287
625100122 625100149
625100121 625100096
625100174 625100071
625100108 625100183
625100251 625100071
625100048 625100288
625100070 625100137
625100073 625100194
625100149 625100078
625100236 625100029
625100253 625100156
625100053 625100043
625100202 625100244
625100004 625100182
312600052 312600174
312600195 312600262
312600272 312600192
312600104 312600205
312600205 312600032
312600240 312600210
312600036 312600101
312600037 312600079
312600288 312600095
312600267 312600150
312600117 312600027
312600110 312600194
312600113 312600069
312600102 312600215
312600269 312600267
312600012 312600040
312600196 312600182
312600134 312600095
312600204 312600005
312600045 312600280
312600196 312600263
312600232 312600285
312600092 312600216
312600123 312600236
312600294 312600022
312600070 312600114
312600271 312600216
312600180 312600145
312600032 312600256
312600070 312600246
312600146 312600070
156350127 156350009
156350152 156350237
156350085 156350216
156350277 156350035
156350182 156350079
156350191 156350029
156350122 156350160
156350281 156350118
156350217 156350009
156350137 156350029
156350158 156350003
156350212 156350104
156350258 156350249
156350196 156350048
156350094 156350050
156350057 156350077
156350049 156350030
156350019 156350029
156350032 156350277
156350261 156350057
156350111 156350050
156350236 156350205
156350225 156350198
156350015 156350276
156350233 156350179
156350115 156350225
156350056 156350006
156350088 156350078
156350002 156350059
156350255 156350202
156350079 156350081
78225190 78225145
78225130 78225097
78225293 78225268
78225012 78225036
78225115 78225279
78225243 78225047
78225055 78225131
78225037 78225228
78225231 78225078
78225089 78225044
78225296 78225069
78225153 78225110
78225239 78225103
78225158 78225129
78225028 78225178
78225016 78225064
78225002 78225089
78225211 78225218
78225020 78225062
78225226 78225098
78225181 78225256
78225014 78225166
78225201 78225141
78225027 78225176
78225079 78225006
78225252 78225141
78225153 78225181
78225183 78225175
78225204 78225020
78225054 78225210
78225217 78225226
39162762 39162687
39162527 39162743
39162569 39162618
39162596 39162561
39162743 39162500
39162774 39162602
39162649 39162659
39162571 39162742
39162750 39162797
39162575 39162544
39162638 39162746
39162545 39162714
39162628 39162572
39162590 39162667
39162524 39162669
39162518 39162758
39162736 39162778
39162618 39162704
39162630 39162578
39162766 39162506
39162527 39162699
39162590 39162551
39162742 39162736
39162737 39162528
39162581 39162639
39162767 39162583
39162663 39162656
39162606 39162726
39162613 39162794
39162646 39162638
39162621 39162568
19631391 19631442
19631251 19631347
19631343 19631482
19631458 19631418
19631529 19631370
19631444 19631545
19631525 19631525
19631503 19631549
19631480 19631259
19631433 19631373
19631517 19631307
19631350 19631472
19631395 19631296
19631267 19631303
19631295 19631539
19631478 19631324
19631404 19631301
19631425 19631537
19631436 19631462
19631452 19631282
19631541 19631323
19631337 19631476
19631495 19631373
19631273 19631438
19631265 19631394
19631308 19631490
19631523 19631361
19631444 19631400
19631284 19631442
19631266 19631308
19631485 19631294
188 24
99 64
215 292
135 213
149 205
96 273
77 44
61 252
216 165
136 223
156 99
289 137
281 43
226 56
176 279
67 115
183 33
116 138
113 178
43 116
44 71
220 139
111 86
287 211
136 198
80 57
138 75
65 73
299 142
18 143
144 85
118 293
180 182
15 231
41 109
277 71
106 68
61 295
251 7
250 180
49 156
253 38
33 207
273 254
136 165
153 199
124 252
195 150
37 93
208 130
244 176
265 118
262 10
149 118
104 184
177 136
155 85
224 136
225 12
160 10
261 171
176 227
89 297
87 43
230 190
34 293
124 56
51 288
225 177
171 98
26 272
209 95
278 233
180 143
247 234
269 42
291 159
33 17
267 87
233 183
92 229
226 210
34 2
103 100
157 68
18 56
262 169
50 112
98 171
100 185
6 300
197 168
264 164
92 187
280 48
84 297
105 112
8 1
168 68
99 285
4 275
265 124
291 235
259 131
90 94
133 101
295 21
199 133
204 134
193 127
116 291
206 182
235 62
191 1
128 115
251 114
240 239
124 107
14 114
174 296
124 34
