# source: JorikJooken
# original path: jj_extract\knapsackProblemInstances-master\problemInstances\n_600_c_1000000_g_14_f_0.2_eps_0.01_s_300\test.in
# optimal value: 1018969
# format: n capacity, then weight value
600 1000000
510148 510066
510297 510289
510217 510279
510114 510042
510149 510095
510141 510071
510202 510194
510040 510225
510009 510222
510295 510139
510289 510036
510186 510277
510224 510133
510089 510022
510284 510171
510094 510247
510074 510086
510145 510201
510277 510196
510013 510215
510069 510182
510256 510111
510278 510056
510010 510289
510247 510034
510205 510036
510015 510254
510255 510038
510201 510010
510041 510088
510171 510297
510192 510149
510263 510146
510013 510234
510093 510065
510226 510256
260215 260090
260138 260255
260236 260174
260016 260014
260217 260103
260074 260205
260089 260036
260169 260030
260215 260133
260207 260040
260244 260081
260054 260075
260031 260203
260220 260232
260120 260176
260272 260081
260086 260205
260149 260260
260220 260076
260268 260080
260146 260075
260133 260189
260081 260045
260258 260112
260029 260148
260094 260056
260258 260186
260174 260054
260284 260115
260279 260252
260055 260123
260092 260073
260025 260144
260274 260267
260001 260216
260011 260215
135121 135144
135141 135272
135060 135237
135221 135140
135081 135153
135113 135021
135051 135074
135259 135186
135257 135062
135193 135113
135137 135257
135067 135173
135063 135127
135096 135064
135123 135017
135097 135052
135159 135033
135278 135038
135269 135003
135215 135123
135120 135133
135266 135013
135112 135106
135285 135001
135008 135202
135264 135201
135147 135101
135021 135138
135001 135111
135027 135273
135285 135282
135279 135067
135214 135030
135158 135079
135029 135269
135106 135172
72796 72656
72614 72554
72664 72711
72539 72704
72640 72519
72785 72640
72634 72779
72583 72522
72581 72784
72502 72720
72541 72747
72574 72514
72562 72694
72676 72795
72581 72582
72618 72681
72615 72616
72535 72504
72685 72669
72539 72734
72509 72616
72799 72554
72684 72611
72509 72527
72713 72506
72640 72530
72569 72620
72717 72507
72682 72726
72530 72643
72595 72716
72646 72750
72719 72530
72631 72700
72574 72642
72539 72740
41321 41337
41355 41408
41462 41291
41320 41290
41368 41405
41419 41338
41522 41326
41526 41394
41358 41298
41389 41528
41299 41325
41268 41481
41435 41298
41415 41531
41431 41251
41359 41332
41399 41256
41391 41474
41338 41342
41313 41536
41414 41316
41434 41373
41480 41540
41427 41457
41307 41388
41426 41510
41514 41362
41545 41437
41347 41453
41254 41411
41447 41505
41477 41323
41509 41410
41480 41338
41412 41349
41273 41517
25903 25627
25797 25858
25635 25791
25858 25798
25697 25832
25747 25881
25882 25882
25778 25786
25893 25745
25756 25672
25819 25752
25751 25654
25766 25754
25727 25811
25657 25667
25653 25714
25793 25686
25767 25644
25765 25855
25906 25760
25787 25685
25855 25850
25734 25925
25885 25642
25783 25640
25692 25824
25881 25901
25657 25690
25774 25783
25773 25794
25654 25865
25847 25690
25788 25908
25744 25647
25789 25795
25691 25883
18103 18066
17829 18089
17982 18105
18095 17886
17823 18066
17922 17980
18106 17864
17896 17879
17944 17937
18031 17982
18036 18036
17965 17909
18030 18059
17992 17919
17930 18110
18096 18093
17946 17938
17859 18102
17890 18049
17891 18005
18082 17993
17826 18067
17833 17874
17932 17961
18087 18040
18017 17998
17908 18091
17927 17838
17872 17884
17921 17822
17850 17944
17989 17889
17945 18025
18093 18001
18038 18045
17977 17854
14003 14010
14173 13968
14191 13911
14070 13911
14201 13959
14102 14131
14058 14170
14085 13992
14097 14050
13989 14034
14154 14150
14132 14128
14069 14002
14097 14027
13991 14177
13932 14068
13991 14060
14159 14095
14182 14068
14148 14124
14005 14160
14013 14149
14034 14109
14099 14189
14010 14164
14052 14202
14190 14005
14142 14199
14038 14128
14076 13930
14123 13957
13996 14083
14135 14059
13966 13960
14097 14016
14156 13979
12058 12034
12112 12166
12013 12040
12074 12040
11955 12136
11992 12026
12040 12007
11978 12154
12203 12122
11984 12013
12105 12231
12238 12148
12066 12091
12178 12074
12069 12093
12191 12183
12247 12170
12128 12173
12023 12162
12046 12242
11960 11997
12170 12067
12125 12184
12106 12023
11997 12056
12067 12145
12014 12141
12053 12104
12094 12124
12140 12173
12209 12184
12222 12179
11975 12027
12179 11990
12108 12011
12252 12250
11232 11100
11188 11081
11072 11154
11064 11190
11191 11061
11135 11029
11164 11252
11047 11271
11017 11163
11233 11153
11244 11171
11267 11074
11155 11007
11110 10999
11019 11016
11012 11178
11070 11172
11004 11070
11122 11005
11080 10989
11103 11020
11053 10995
11098 10992
11008 11201
10981 11054
11164 11180
11105 11044
11235 11201
11177 11068
11052 10984
11150 11046
11059 11169
11163 11095
11000 11242
11079 10991
11124 11252
10633 10489
10722 10749
10632 10526
10733 10756
10702 10570
10529 10748
10630 10693
10626 10575
10490 10684
10610 10619
10686 10540
10530 10549
10557 10776
10691 10783
10749 10531
10526 10549
10714 10596
10534 10722
10613 10751
10596 10752
10553 10785
10536 10666
10537 10702
10518 10524
10712 10725
10546 10534
10595 10578
10574 10714
10580 10743
10534 10788
10699 10672
10561 10690
10590 10750
10550 10775
10612 10642
10644 10652
10420 10308
10260 10492
10371 10251
10273 10284
10471 10293
10272 10361
10347 10479
10321 10380
10453 10418
10478 10419
10352 10374
10357 10282
10320 10505
10444 10322
10443 10501
10356 10313
10408 10464
10268 10496
10291 10372
10250 10407
10383 10335
10259 10517
10281 10249
10298 10274
10400 10371
10350 10434
10410 10509
10396 10449
10540 10340
10365 10365
10361 10325
10382 10331
10531 10270
10428 10404
10497 10537
10275 10541
10330 10389
10130 10258
10270 10200
10208 10311
10186 10330
10395 10350
10334 10324
10307 10310
10141 10185
10224 10130
10271 10174
10311 10418
10175 10222
10285 10402
10346 10380
10361 10372
10185 10157
10227 10369
10243 10262
10134 10304
10337 10286
10279 10396
10147 10167
10205 10210
10167 10199
10302 10277
10226 10393
10257 10211
10275 10232
10381 10305
10276 10154
10169 10287
10414 10308
10381 10167
10237 10145
10393 10191
99 133
60 94
292 104
242 225
216 284
148 270
130 22
203 256
219 70
165 110
41 266
28 56
212 180
120 236
274 6
101 77
205 139
235 175
240 21
28 224
200 270
51 222
159 93
38 55
104 91
39 231
167 117
98 240
240 270
174 200
267 293
163 117
31 158
219 35
300 146
22 206
228 107
251 245
101 10
131 214
59 169
276 57
127 57
243 174
70 12
122 219
237 22
6 35
178 49
20 125
239 244
53 18
47 19
45 42
273 242
128 54
294 15
16 190
156 290
103 94
260 12
154 93
111 126
97 55
54 217
157 38
271 200
159 232
277 190
219 70
14 59
28 210
263 61
171 76
208 248
107 272
130 99
258 68
277 57
214 300
55 298
2 289
250 60
209 103
238 14
171 278
1 162
129 123
294 208
216 50
25 290
35 185
144 233
245 82
71 99
251 83
296 80
239 64
51 269
174 84
279 260
106 60
23 252
102 216
223 197
120 119
157 30
103 203
277 156
77 70
300 268
208 106
4 236
55 156
294 187
237 88
274 76
50 271
1 37
229 296
130 282
152 66
54 218
270 276
294 278
234 293
102 228
251 64
128 157
170 191
93 157
167 157
