# source: JorikJooken
# original path: jj_extract\knapsackProblemInstances-master\problemInstances\n_600_c_1000000_g_10_f_0.2_eps_0.1_s_200\test.in
# optimal value: 1005047
# format: n capacity, then weight value
600 1000000
600150 600041
600022 600195
600071 600077
600103 600128
600169 600179
600087 600073
600145 600195
600184 600167
600017 600069
600136 600163
600009 600080
600176 600178
600181 600016
600005 600084
600169 600183
600161 600160
600075 600023
600147 600077
600009 600098
600057 600095
600094 600129
600078 600078
600137 600154
600122 600172
600067 600061
600086 600113
600145 600114
600103 600191
600185 600044
600136 600021
600070 600058
600157 600032
600062 600086
600066 600180
600155 600044
600157 600073
600171 600036
600103 600022
600061 600131
600189 600061
600105 600019
600052 600115
600041 600098
600053 600153
600042 600107
600111 600172
600146 600039
600095 600173
600027 600113
600039 600167
600025 600042
600050 600015
600126 600192
350067 350170
350065 350057
350145 350163
350004 350006
350123 350118
350165 350196
350014 350179
350035 350091
350045 350137
350120 350056
350123 350091
350142 350029
350200 350145
350159 350079
350004 350194
350044 350035
350088 350194
350134 350127
350021 350104
350025 350062
350046 350106
350003 350112
350037 350142
350060 350043
350168 350042
350170 350180
350142 350134
350068 350193
350073 350181
350125 350180
350155 350083
350076 350053
350101 350154
350088 350159
350048 350065
350111 350027
350158 350171
350146 350095
350114 350008
350195 350173
350117 350180
350088 350162
350114 350030
350079 350052
350101 350055
350043 350061
350152 350133
350189 350136
350039 350132
350144 350087
350086 350119
350098 350200
350180 350124
225005 225174
225128 225037
225072 225006
225125 225108
225098 225139
225015 225093
225081 225067
225101 225001
225053 225194
225177 225111
225187 225188
225056 225056
225184 225037
225093 225037
225153 225027
225185 225069
225135 225076
225166 225097
225075 225065
225176 225031
225178 225128
225058 225170
225042 225106
225059 225138
225036 225089
225096 225143
225107 225199
225200 225149
225154 225146
225108 225182
225036 225143
225145 225180
225054 225031
225070 225133
225065 225026
225050 225133
225193 225197
225004 225067
225119 225150
225070 225030
225043 225029
225070 225070
225019 225042
225007 225021
225006 225031
225077 225152
225123 225161
225133 225124
225147 225087
225134 225092
225050 225125
225165 225069
225113 225110
162510 162511
162699 162667
162529 162585
162618 162562
162606 162685
162691 162537
162509 162654
162631 162649
162556 162534
162570 162514
162695 162541
162521 162585
162553 162637
162523 162569
162509 162617
162645 162680
162540 162628
162617 162574
162530 162627
162605 162574
162696 162631
162605 162520
162598 162565
162639 162615
162581 162695
162501 162596
162581 162572
162611 162544
162569 162505
162678 162635
162576 162637
162632 162660
162577 162581
162689 162622
162592 162652
162669 162654
162681 162595
162695 162591
162570 162512
162653 162658
162628 162651
162504 162693
162507 162700
162652 162586
162593 162528
162546 162660
162559 162599
162644 162687
162657 162676
162629 162567
162530 162592
162530 162693
162639 162561
131351 131297
131390 131310
131385 131271
131295 131386
131394 131305
131419 131263
131344 131360
131367 131278
131417 131305
131298 131401
131312 131315
131304 131395
131275 131352
131376 131292
131386 131407
131396 131434
131387 131400
131260 131334
131313 131307
131368 131292
131275 131409
131310 131309
131285 131313
131318 131296
131254 131374
131286 131332
131450 131379
131293 131367
131324 131376
131364 131440
131326 131362
131381 131300
131338 131296
131369 131306
131321 131362
131252 131400
131323 131449
131412 131444
131284 131445
131305 131257
131308 131382
131260 131338
131385 131420
131364 131302
131408 131346
131361 131390
131346 131321
131253 131297
131342 131281
131387 131353
131368 131394
131328 131392
131437 131301
115799 115707
115758 115821
115724 115765
115759 115769
115688 115772
115769 115644
115824 115785
115680 115706
115629 115788
115712 115707
115647 115804
115706 115655
115685 115793
115701 115759
115706 115660
115646 115690
115775 115813
115763 115725
115654 115639
115819 115765
115714 115754
115806 115689
115751 115656
115707 115689
115679 115755
115699 115670
115641 115676
115714 115802
115627 115679
115673 115696
115712 115701
115785 115645
115683 115800
115660 115730
115795 115703
115699 115759
115660 115778
115803 115766
115636 115702
115723 115678
115671 115686
115746 115765
115768 115629
115682 115679
115705 115817
115724 115768
115790 115652
115812 115815
115703 115816
115791 115759
115690 115721
115711 115720
115809 115777
107854 107990
107847 107847
108007 107898
107872 107833
108012 107848
107846 107889
107896 107842
107891 107981
107995 108008
107816 107864
107899 107831
107989 107956
107930 107933
108002 107840
107847 107986
107847 107951
108007 107843
107918 107820
107816 107926
107958 107848
107818 107869
107985 107842
108005 107984
107998 107839
107977 107815
107816 107912
107927 107989
107941 107939
107945 107851
107824 107955
107923 107946
107835 107981
107908 107932
107952 107964
107967 107921
107832 107913
107967 107984
107840 107922
107902 107975
107989 107889
107843 107895
107899 108003
107950 107935
107931 107813
107922 107977
107926 107914
107953 107944
107887 107952
107882 107950
107851 107940
107890 107899
107860 107913
107887 107850
104101 104085
104102 104012
104106 104017
103983 103944
104051 103935
104030 103978
104048 104077
103939 103916
104039 104105
104025 103968
104029 104071
104102 104027
104082 104024
104005 104101
104078 104099
104079 103992
103976 104070
104067 104028
104035 103941
104001 103913
103945 104086
104106 104078
104066 104074
104046 103950
103986 103952
104100 104072
104043 104011
104078 103965
103981 104081
104043 103927
103989 103988
104081 103915
103946 103993
104008 104035
104001 103956
104105 103939
103963 104092
103977 103989
104084 104054
104079 104075
104032 103935
104055 104068
104005 103914
103930 103993
103919 104072
103944 104040
104014 103952
104103 103938
103957 104007
103942 104066
104088 103995
103908 104074
103985 103956
102073 102026
102100 102138
102076 101991
102023 102125
102050 102118
102095 102064
101989 102123
102004 102112
102011 102122
102101 102136
102125 102135
102061 102076
102152 102024
102044 101957
102038 101964
101981 102026
102003 101970
101987 102126
102072 102006
101968 102046
102084 102146
102075 102059
102150 101997
102021 102141
101974 101956
102108 102094
102017 101995
102079 102093
102055 101967
102011 102133
102106 102104
102079 102063
102010 102022
101957 102009
101967 101970
102119 101965
102111 102090
102025 102043
102104 102017
102090 102003
102034 102028
102149 101972
102088 101968
101992 102119
102100 102031
102108 102124
102050 102129
102133 102015
102144 101995
102062 102108
102113 101995
102086 102122
102030 101987
79 156
196 78
2 162
62 115
162 156
152 167
17 170
46 183
199 139
121 162
124 149
93 25
72 128
83 10
59 3
41 15
155 48
8 13
101 130
68 172
27 148
49 155
169 8
123 103
139 1
61 104
155 34
88 57
137 69
80 142
192 125
198 54
63 96
181 196
108 19
54 91
114 143
200 138
190 115
126 154
113 62
80 70
62 64
156 62
38 170
135 152
134 132
43 184
44 176
138 41
79 109
157 155
19 55
89 176
116 77
188 193
91 16
86 97
79 177
149 198
183 66
37 95
58 123
164 123
5 192
186 61
127 25
184 47
4 139
46 102
108 44
24 4
63 49
83 29
186 108
108 147
51 168
160 22
105 60
171 63
162 135
104 128
20 150
80 26
192 94
160 144
97 115
47 86
18 72
144 172
61 2
186 197
159 121
22 69
119 111
116 195
16 34
51 66
200 185
191 11
78 37
111 86
7 95
132 20
36 159
32 103
87 148
96 118
190 60
109 4
81 110
168 105
38 89
123 50
40 92
93 20
131 108
45 26
186 56
58 81
121 114
55 31
24 27
