# source: JorikJooken
# original path: jj_extract\knapsackProblemInstances-master\problemInstances\n_600_c_10000000000_g_14_f_0.2_eps_1e-05_s_100\test.in
# optimal value: 10000007237
# format: n capacity, then weight value
600 10000000000
5000100026 5000100014
5000100078 5000100075
5000100061 5000100010
5000100021 5000100015
5000100070 5000100055
5000100092 5000100012
5000100089 5000100042
5000100077 5000100006
5000100078 5000100018
5000100056 5000100076
5000100092 5000100095
5000100089 5000100054
5000100016 5000100058
5000100047 5000100034
5000100040 5000100006
5000100062 5000100025
5000100089 5000100039
5000100020 5000100015
5000100081 5000100056
5000100041 5000100014
5000100057 5000100056
5000100074 5000100027
5000100027 5000100045
5000100090 5000100038
5000100066 5000100012
5000100016 5000100013
5000100044 5000100098
5000100068 5000100088
5000100072 5000100049
5000100003 5000100033
5000100097 5000100001
5000100017 5000100040
5000100088 5000100008
5000100076 5000100094
5000100017 5000100075
5000100032 5000100016
2500100003 2500100078
2500100009 2500100053
2500100056 2500100025
2500100082 2500100094
2500100065 2500100045
2500100046 2500100081
2500100098 2500100098
2500100027 2500100091
2500100064 2500100044
2500100073 2500100053
2500100093 2500100055
2500100060 2500100061
2500100018 2500100048
2500100085 2500100045
2500100088 2500100057
2500100021 2500100022
2500100091 2500100020
2500100071 2500100054
2500100080 2500100078
2500100019 2500100070
2500100088 2500100022
2500100071 2500100092
2500100091 2500100002
2500100039 2500100091
2500100082 2500100094
2500100014 2500100057
2500100020 2500100036
2500100089 2500100070
2500100037 2500100085
2500100074 2500100032
2500100018 2500100048
2500100066 2500100034
2500100017 2500100092
2500100052 2500100044
2500100020 2500100022
2500100015 2500100069
1250100036 1250100009
1250100002 1250100016
1250100077 1250100037
1250100093 1250100011
1250100038 1250100064
1250100071 1250100063
1250100084 1250100094
1250100042 1250100055
1250100022 1250100064
1250100051 1250100086
1250100074 1250100020
1250100019 1250100086
1250100081 1250100027
1250100047 1250100093
1250100077 1250100038
1250100047 1250100048
1250100074 1250100053
1250100005 1250100074
1250100086 1250100001
1250100096 1250100043
1250100014 1250100027
1250100068 1250100061
1250100068 1250100041
1250100061 1250100081
1250100044 1250100034
1250100080 1250100016
1250100027 1250100001
1250100088 1250100088
1250100093 1250100088
1250100016 1250100094
1250100053 1250100057
1250100059 1250100027
1250100055 1250100047
1250100023 1250100079
1250100006 1250100005
1250100070 1250100020
625100074 625100086
625100078 625100040
625100049 625100025
625100007 625100012
625100030 625100092
625100084 625100035
625100052 625100023
625100008 625100007
625100082 625100029
625100002 625100070
625100037 625100068
625100061 625100040
625100019 625100004
625100092 625100020
625100013 625100006
625100035 625100067
625100079 625100072
625100016 625100028
625100066 625100014
625100071 625100075
625100036 625100043
625100074 625100070
625100096 625100024
625100020 625100067
625100002 625100074
625100090 625100001
625100024 625100030
625100041 625100025
625100071 625100046
625100089 625100025
625100020 625100047
625100025 625100018
625100091 625100083
625100050 625100064
625100057 625100085
625100047 625100062
312600012 312600047
312600041 312600047
312600033 312600053
312600070 312600011
312600096 312600047
312600096 312600039
312600038 312600028
312600030 312600026
312600016 312600038
312600033 312600032
312600042 312600072
312600002 312600028
312600054 312600017
312600035 312600067
312600020 312600087
312600024 312600045
312600071 312600072
312600069 312600041
312600037 312600025
312600081 312600038
312600009 312600071
312600003 312600020
312600098 312600046
312600050 312600035
312600079 312600088
312600018 312600048
312600022 312600027
312600031 312600060
312600028 312600088
312600031 312600011
312600073 312600050
312600096 312600046
312600098 312600077
312600080 312600039
312600070 312600037
312600100 312600092
156350086 156350019
156350028 156350067
156350056 156350042
156350006 156350059
156350005 156350071
156350049 156350051
156350079 156350054
156350067 156350092
156350008 156350044
156350023 156350042
156350100 156350040
156350031 156350047
156350044 156350051
156350078 156350063
156350020 156350011
156350069 156350020
156350029 156350019
156350060 156350053
156350061 156350078
156350092 156350058
156350091 156350091
156350060 156350031
156350024 156350093
156350029 156350028
156350027 156350020
156350054 156350001
156350017 156350005
156350075 156350040
156350085 156350064
156350064 156350057
156350001 156350011
156350079 156350040
156350049 156350022
156350062 156350034
156350035 156350026
156350024 156350078
78225056 78225075
78225043 78225082
78225001 78225048
78225072 78225089
78225020 78225082
78225060 78225007
78225023 78225099
78225063 78225060
78225073 78225025
78225007 78225055
78225081 78225064
78225098 78225055
78225052 78225013
78225023 78225033
78225018 78225012
78225024 78225015
78225012 78225004
78225079 78225013
78225078 78225010
78225029 78225100
78225061 78225097
78225040 78225031
78225030 78225019
78225022 78225094
78225086 78225074
78225069 78225038
78225040 78225059
78225005 78225096
78225017 78225066
78225049 78225049
78225033 78225033
78225028 78225088
78225087 78225097
78225033 78225084
78225056 78225048
78225099 78225015
39162591 39162547
39162531 39162542
39162574 39162580
39162505 39162542
39162528 39162547
39162534 39162570
39162527 39162568
39162529 39162584
39162536 39162596
39162530 39162508
39162577 39162590
39162514 39162587
39162529 39162579
39162502 39162548
39162584 39162535
39162599 39162543
39162585 39162585
39162599 39162536
39162522 39162596
39162522 39162565
39162538 39162567
39162569 39162533
39162595 39162560
39162532 39162500
39162565 39162558
39162501 39162506
39162562 39162508
39162537 39162574
39162571 39162586
39162572 39162525
39162566 39162562
39162517 39162550
39162505 39162572
39162561 39162529
39162565 39162525
39162548 39162568
19631262 19631298
19631343 19631330
19631269 19631285
19631321 19631325
19631343 19631346
19631257 19631253
19631260 19631297
19631270 19631281
19631338 19631256
19631265 19631307
19631350 19631347
19631344 19631291
19631329 19631343
19631305 19631298
19631314 19631300
19631348 19631343
19631286 19631331
19631275 19631267
19631264 19631262
19631322 19631325
19631260 19631277
19631335 19631286
19631267 19631316
19631315 19631317
19631289 19631265
19631274 19631342
19631331 19631315
19631274 19631277
19631261 19631251
19631349 19631289
19631343 19631295
19631259 19631262
19631276 19631333
19631311 19631303
19631258 19631333
19631328 19631347
9865668 9865641
9865705 9865693
9865641 9865647
9865703 9865660
9865639 9865697
9865631 9865641
9865630 9865699
9865722 9865716
9865702 9865677
9865640 9865628
9865637 9865718
9865656 9865637
9865689 9865714
9865650 9865648
9865654 9865684
9865686 9865715
9865718 9865689
9865626 9865656
9865724 9865723
9865719 9865718
9865690 9865668
9865683 9865642
9865674 9865717
9865656 9865702
9865688 9865628
9865725 9865711
9865695 9865652
9865692 9865628
9865675 9865647
9865719 9865645
9865701 9865669
9865641 9865632
9865636 9865662
9865681 9865707
9865647 9865717
9865655 9865691
4982854 4982834
4982895 4982886
4982865 4982823
4982888 4982880
4982822 4982901
4982889 4982858
4982902 4982826
4982878 4982875
4982866 4982883
4982877 4982885
4982860 4982820
4982880 4982871
4982862 4982818
4982833 4982861
4982909 4982829
4982834 4982882
4982848 4982859
4982859 4982875
4982827 4982904
4982818 4982903
4982826 4982860
4982886 4982870
4982876 4982840
4982867 4982884
4982912 4982831
4982826 4982903
4982883 4982816
4982891 4982821
4982854 4982909
4982879 4982843
4982825 4982873
4982820 4982817
4982842 4982886
4982868 4982817
4982838 4982831
4982881 4982823
2541474 2541407
2541427 2541494
2541436 2541472
2541439 2541503
2541423 2541421
2541426 2541438
2541505 2541444
2541432 2541455
2541447 2541423
2541495 2541433
2541436 2541504
2541414 2541421
2541443 2541424
2541468 2541493
2541506 2541407
2541469 2541484
2541487 2541474
2541411 2541436
2541473 2541483
2541466 2541410
2541451 2541440
2541440 2541469
2541502 2541497
2541471 2541495
2541423 2541415
2541463 2541449
2541477 2541412
2541468 2541491
2541489 2541466
2541478 2541414
2541437 2541438
2541501 2541446
2541506 2541464
2541419 2541440
2541429 2541440
2541417 2541497
1320768 1320707
1320719 1320771
1320782 1320755
1320770 1320742
1320802 1320748
1320749 1320711
1320739 1320801
1320720 1320780
1320715 1320736
1320768 1320718
1320756 1320706
1320762 1320734
1320708 1320708
1320794 1320732
1320799 1320757
1320708 1320784
1320713 1320726
1320704 1320772
1320708 1320713
1320773 1320705
1320783 1320754
1320795 1320736
1320773 1320794
1320747 1320730
1320705 1320727
1320779 1320791
1320767 1320764
1320746 1320727
1320727 1320705
1320788 1320713
1320708 1320760
1320791 1320778
1320738 1320708
1320776 1320731
1320758 1320712
1320749 1320792
46 100
94 70
2 99
28 42
36 32
17 31
91 26
36 66
81 76
37 13
19 40
24 72
43 74
32 29
51 94
18 62
79 15
59 75
86 59
31 43
77 25
85 98
3 31
86 65
14 100
25 75
84 41
100 17
23 8
71 68
80 43
88 81
93 87
48 2
42 9
8 1
85 76
51 2
78 6
8 78
52 50
31 51
3 39
78 97
54 85
23 29
75 76
2 1
13 52
3 34
80 77
2 64
92 97
84 83
26 2
87 46
5 71
8 45
19 5
1 33
54 94
77 52
45 22
94 1
94 84
100 61
46 32
41 80
4 30
99 99
65 51
53 49
70 41
49 65
23 9
36 69
91 99
64 80
62 95
94 60
48 84
79 49
2 37
85 43
100 8
50 85
26 25
78 63
78 27
99 79
42 60
45 28
47 74
25 17
93 88
79 90
46 95
22 51
93 93
35 92
94 8
13 11
23 56
9 62
88 30
33 88
38 16
57 34
74 37
82 16
66 67
10 73
24 53
33 57
24 7
96 71
35 52
71 46
62 10
29 91
1 89
78 72
45 27
93 17
20 53
45 4
92 36
25 98
71 58
31 15
82 66
14 8
