# source: JorikJooken
# original path: jj_extract\knapsackProblemInstances-master\problemInstances\n_1200_c_10000000000_g_2_f_0.1_eps_0.01_s_100\test.in
# optimal value: 5100007036
# format: n capacity, then weight value
1200 10000000000
5100000077 5100000040
5100000042 5100000016
5100000012 5100000003
5100000016 5100000063
5100000050 5100000056
5100000070 5100000073
5100000069 5100000080
5100000096 5100000071
5100000030 5100000080
5100000055 5100000036
5100000052 5100000051
5100000020 5100000043
5100000095 5100000022
5100000010 5100000047
5100000003 5100000056
5100000011 5100000052
5100000035 5100000072
5100000045 5100000063
5100000085 5100000017
5100000033 5100000100
5100000045 5100000055
5100000079 5100000010
5100000006 5100000053
5100000082 5100000021
5100000063 5100000076
5100000031 5100000044
5100000036 5100000066
5100000070 5100000001
5100000021 5100000066
5100000042 5100000017
5100000013 5100000021
5100000043 5100000069
5100000013 5100000035
5100000075 5100000056
5100000083 5100000009
5100000012 5100000032
5100000100 5100000088
5100000084 5100000005
5100000009 5100000021
5100000099 5100000090
5100000007 5100000088
5100000035 5100000049
5100000069 5100000042
5100000017 5100000043
5100000016 5100000053
5100000060 5100000084
5100000073 5100000092
5100000060 5100000028
5100000002 5100000046
5100000073 5100000047
5100000070 5100000066
5100000077 5100000063
5100000040 5100000051
5100000095 5100000002
5100000087 5100000051
5100000003 5100000032
5100000021 5100000053
5100000008 5100000089
5100000010 5100000059
5100000047 5100000033
5100000038 5100000096
5100000011 5100000085
5100000043 5100000074
5100000010 5100000023
5100000018 5100000055
5100000092 5100000017
5100000053 5100000064
5100000074 5100000100
5100000058 5100000018
5100000005 5100000055
5100000037 5100000008
5100000038 5100000031
5100000015 5100000073
5100000033 5100000091
5100000066 5100000058
5100000009 5100000026
5100000017 5100000046
5100000066 5100000013
5100000015 5100000018
5100000032 5100000045
5100000028 5100000030
5100000008 5100000079
5100000065 5100000058
5100000067 5100000062
5100000021 5100000090
5100000035 5100000093
5100000097 5100000017
5100000072 5100000051
5100000049 5100000042
5100000038 5100000095
5100000008 5100000100
5100000082 5100000078
5100000046 5100000088
5100000100 5100000030
5100000052 5100000059
5100000090 5100000041
5100000085 5100000007
5100000011 5100000018
5100000012 5100000029
5100000024 5100000043
5100000088 5100000005
5100000015 5100000070
5100000058 5100000078
5100000037 5100000058
5100000032 5100000047
5100000023 5100000077
5100000092 5100000021
5100000038 5100000003
5100000028 5100000039
5100000005 5100000088
5100000016 5100000069
5100000092 5100000078
5100000071 5100000032
5100000001 5100000095
5100000037 5100000085
5100000095 5100000048
5100000081 5100000072
5100000034 5100000068
5100000069 5100000046
5100000012 5100000021
5100000045 5100000096
5100000026 5100000055
5100000056 5100000100
5100000097 5100000081
5100000100 5100000025
5100000082 5100000050
5100000036 5100000010
5100000072 5100000053
5100000046 5100000068
5100000080 5100000006
5100000015 5100000070
5100000016 5100000089
5100000074 5100000007
5100000063 5100000002
5100000068 5100000067
5100000003 5100000085
5100000069 5100000093
5100000064 5100000052
5100000078 5100000060
5100000065 5100000027
5100000043 5100000004
5100000007 5100000036
5100000075 5100000032
5100000028 5100000004
5100000013 5100000082
5100000014 5100000074
5100000092 5100000082
5100000075 5100000045
5100000079 5100000092
5100000054 5100000062
5100000085 5100000052
5100000039 5100000097
5100000069 5100000097
5100000073 5100000014
5100000092 5100000032
5100000051 5100000066
5100000043 5100000078
5100000042 5100000085
5100000082 5100000064
5100000009 5100000063
5100000004 5100000041
5100000079 5100000066
5100000055 5100000024
5100000029 5100000087
5100000056 5100000077
5100000072 5100000074
5100000027 5100000018
5100000061 5100000009
5100000011 5100000024
5100000095 5100000090
5100000045 5100000060
5100000017 5100000051
5100000033 5100000020
5100000026 5100000036
5100000078 5100000083
5100000077 5100000015
5100000009 5100000090
5100000003 5100000077
5100000038 5100000069
5100000071 5100000042
5100000096 5100000072
5100000008 5100000087
5100000095 5100000006
5100000086 5100000055
5100000099 5100000049
5100000011 5100000033
5100000087 5100000099
5100000062 5100000048
5100000081 5100000027
5100000089 5100000013
5100000047 5100000034
5100000100 5100000032
5100000059 5100000027
5100000076 5100000015
5100000053 5100000009
5100000042 5100000008
5100000076 5100000077
5100000034 5100000027
5100000035 5100000057
5100000099 5100000008
5100000082 5100000050
5100000048 5100000008
5100000053 5100000088
5100000081 5100000042
5100000015 5100000079
5100000002 5100000010
5100000010 5100000079
5100000031 5100000029
5100000027 5100000066
5100000024 5100000084
5100000007 5100000085
5100000006 5100000044
5100000031 5100000005
5100000057 5100000022
5100000071 5100000083
5100000056 5100000036
5100000031 5100000097
5100000004 5100000029
5100000077 5100000062
5100000015 5100000077
5100000080 5100000096
5100000020 5100000078
5100000092 5100000091
5100000076 5100000069
5100000039 5100000091
5100000057 5100000002
5100000079 5100000053
5100000057 5100000057
5100000046 5100000014
5100000063 5100000068
5100000007 5100000067
5100000070 5100000010
5100000091 5100000039
5100000049 5100000043
5100000043 5100000045
5100000053 5100000020
5100000098 5100000062
5100000078 5100000088
5100000018 5100000040
5100000060 5100000040
5100000054 5100000024
5100000085 5100000057
5100000083 5100000012
5100000065 5100000079
5100000100 5100000063
5100000091 5100000062
5100000034 5100000055
5100000088 5100000100
5100000054 5100000005
5100000082 5100000068
5100000083 5100000066
5100000020 5100000067
5100000072 5100000063
5100000046 5100000072
5100000080 5100000050
5100000075 5100000083
5100000077 5100000090
5100000078 5100000028
5100000097 5100000029
5100000079 5100000071
5100000084 5100000073
5100000093 5100000023
5100000078 5100000096
5100000028 5100000014
5100000044 5100000006
5100000059 5100000006
5100000023 5100000073
5100000082 5100000060
5100000087 5100000016
5100000063 5100000042
5100000094 5100000089
5100000043 5100000051
5100000064 5100000080
5100000065 5100000052
5100000100 5100000021
5100000012 5100000042
5100000037 5100000051
5100000089 5100000008
5100000059 5100000042
5100000080 5100000033
5100000069 5100000046
5100000088 5100000044
5100000092 5100000075
5100000078 5100000094
5100000051 5100000042
5100000071 5100000075
5100000082 5100000038
5100000063 5100000083
5100000093 5100000027
5100000004 5100000028
5100000095 5100000004
5100000069 5100000027
5100000041 5100000046
5100000006 5100000093
5100000025 5100000066
5100000011 5100000063
5100000036 5100000086
5100000072 5100000061
5100000094 5100000058
5100000092 5100000035
5100000025 5100000100
5100000009 5100000052
5100000092 5100000070
5100000002 5100000012
5100000002 5100000002
5100000035 5100000002
5100000100 5100000003
5100000062 5100000077
5100000046 5100000063
5100000031 5100000014
5100000041 5100000044
5100000030 5100000003
5100000004 5100000014
5100000043 5100000016
5100000002 5100000093
5100000068 5100000100
5100000027 5100000060
5100000063 5100000078
5100000086 5100000097
5100000015 5100000010
5100000097 5100000013
5100000085 5100000076
5100000045 5100000050
5100000017 5100000075
5100000082 5100000006
5100000046 5100000053
5100000089 5100000031
5100000029 5100000069
5100000092 5100000095
5100000055 5100000080
5100000022 5100000043
5100000097 5100000030
5100000039 5100000047
5100000025 5100000026
5100000092 5100000088
5100000070 5100000028
5100000009 5100000016
5100000001 5100000085
5100000050 5100000100
5100000019 5100000094
5100000060 5100000076
5100000019 5100000066
5100000061 5100000064
5100000077 5100000014
5100000056 5100000048
5100000077 5100000019
5100000035 5100000019
5100000055 5100000037
5100000027 5100000029
5100000031 5100000026
5100000062 5100000010
5100000037 5100000047
5100000093 5100000086
5100000035 5100000014
5100000046 5100000026
5100000097 5100000045
5100000017 5100000083
5100000026 5100000080
5100000054 5100000055
5100000060 5100000002
5100000047 5100000001
5100000037 5100000008
5100000044 5100000037
5100000071 5100000003
5100000093 5100000022
5100000023 5100000074
5100000065 5100000032
5100000052 5100000049
5100000082 5100000093
5100000096 5100000054
5100000092 5100000081
5100000094 5100000085
5100000061 5100000070
5100000026 5100000014
5100000065 5100000027
5100000061 5100000051
5100000015 5100000070
5100000066 5100000100
5100000094 5100000088
5100000032 5100000015
5100000035 5100000001
5100000024 5100000016
5100000039 5100000033
5100000025 5100000026
5100000025 5100000082
5100000044 5100000025
5100000011 5100000015
5100000025 5100000080
5100000001 5100000007
5100000009 5100000023
5100000050 5100000085
5100000048 5100000019
5100000099 5100000074
5100000094 5100000095
5100000065 5100000056
5100000058 5100000060
5100000045 5100000038
5100000018 5100000080
5100000093 5100000013
5100000062 5100000078
5100000029 5100000057
5100000016 5100000093
5100000036 5100000013
5100000070 5100000042
5100000044 5100000054
5100000098 5100000024
5100000062 5100000047
5100000023 5100000091
5100000032 5100000056
5100000079 5100000074
5100000015 5100000045
5100000043 5100000008
5100000095 5100000023
5100000045 5100000015
5100000074 5100000045
5100000049 5100000072
5100000028 5100000085
5100000040 5100000079
5100000047 5100000010
5100000051 5100000012
5100000087 5100000014
5100000090 5100000079
5100000054 5100000099
5100000100 5100000055
5100000087 5100000002
5100000030 5100000005
5100000029 5100000021
5100000001 5100000054
5100000071 5100000051
5100000030 5100000017
5100000028 5100000097
5100000080 5100000060
5100000056 5100000021
5100000083 5100000030
5100000080 5100000062
5100000057 5100000061
5100000022 5100000022
5100000061 5100000041
5100000076 5100000067
5100000033 5100000010
5100000009 5100000075
5100000045 5100000050
5100000012 5100000090
5100000073 5100000082
5100000024 5100000076
5100000029 5100000026
5100000052 5100000089
5100000004 5100000007
5100000034 5100000035
5100000017 5100000025
5100000079 5100000005
5100000022 5100000036
5100000019 5100000061
5100000016 5100000065
5100000066 5100000024
5100000008 5100000088
5100000065 5100000087
5100000059 5100000031
5100000100 5100000025
5100000021 5100000075
5100000092 5100000075
5100000034 5100000065
5100000060 5100000028
5100000024 5100000004
5100000032 5100000037
5100000068 5100000032
5100000065 5100000042
5100000049 5100000037
5100000023 5100000009
5100000083 5100000083
5100000034 5100000077
5100000028 5100000094
5100000070 5100000060
5100000007 5100000015
5100000012 5100000100
5100000089 5100000052
5100000001 5100000046
5100000086 5100000049
5100000037 5100000004
5100000067 5100000053
5100000014 5100000090
5100000037 5100000014
5100000009 5100000087
5100000028 5100000019
5100000031 5100000028
5100000038 5100000001
5100000038 5100000076
5100000014 5100000006
5100000004 5100000015
5100000062 5100000023
5100000008 5100000097
5100000048 5100000023
5100000017 5100000063
5100000094 5100000077
5100000053 5100000079
5100000041 5100000095
5100000073 5100000098
5100000097 5100000069
5100000080 5100000063
5100000097 5100000073
5100000038 5100000076
5100000028 5100000072
5100000030 5100000059
5100000032 5100000071
5100000054 5100000081
5100000088 5100000053
5100000091 5100000048
5100000025 5100000025
5100000073 5100000071
5100000001 5100000066
5100000033 5100000073
5100000008 5100000056
5100000022 5100000052
5100000038 5100000091
5100000074 5100000100
5100000019 5100000081
5100000044 5100000026
5100000084 5100000014
5100000026 5100000070
5100000095 5100000048
5100000044 5100000028
5100000052 5100000063
5100000010 5100000096
5100000002 5100000064
5100000064 5100000008
5100000034 5100000051
5100000022 5100000003
5100000040 5100000068
5100000026 5100000004
5100000007 5100000025
5100000037 5100000054
5100000088 5100000052
5100000082 5100000041
5100000042 5100000056
5100000079 5100000042
5100000040 5100000019
5100000086 5100000077
5100000078 5100000005
5100000032 5100000021
5100000010 5100000080
5100000090 5100000061
5100000074 5100000007
5100000001 5100000005
5100000047 5100000025
5100000041 5100000037
5100000042 5100000053
5100000093 5100000045
5100000038 5100000033
5100000037 5100000012
5100000063 5100000049
5100000060 5100000071
5100000070 5100000009
5100000030 5100000044
5100000085 5100000010
5100000081 5100000025
5100000007 5100000081
5100000006 5100000090
5100000085 5100000054
5100000070 5100000051
5100000097 5100000055
5100000048 5100000069
5100000087 5100000002
5100000094 5100000041
5100000007 5100000038
5100000100 5100000036
5100000048 5100000064
5100000038 5100000061
5100000050 5100000090
5100000094 5100000024
5100000057 5100000015
5100000079 5100000040
5100000083 5100000089
5100000081 5100000041
5100000031 5100000005
5100000043 5100000097
5100000058 5100000002
5100000043 5100000080
5100000023 5100000019
5100000074 5100000045
5100000007 5100000042
5100000082 5100000023
5100000062 5100000041
5100000052 5100000004
5100000044 5100000095
5100000018 5100000004
5100000008 5100000047
5100000095 5100000061
5100000021 5100000073
5100000067 5100000063
5100000028 5100000001
5100000094 5100000072
5100000060 5100000026
5100000039 5100000066
5100000035 5100000056
5100000003 5100000095
5100000018 5100000069
5100000060 5100000006
5100000082 5100000072
5100000043 5100000045
5100000007 5100000065
5100000086 5100000044
5100000018 5100000049
5100000006 5100000019
5100000027 5100000080
5100000064 5100000079
5100000007 5100000073
5100000099 5100000033
5100000049 5100000085
5100000020 5100000018
5100000083 5100000073
5100000018 5100000033
5100000005 5100000042
5100000037 5100000051
5100000019 5100000076
5100000076 5100000067
5100000052 5100000100
5100000051 5100000036
5100000017 5100000010
5100000078 5100000005
5100000010 5100000099
5100000015 5100000033
5100000056 5100000023
5100000002 5100000009
5100000068 5100000052
5100000078 5100000019
5100000031 5100000052
5100000006 5100000072
5100000020 5100000059
5100000012 5100000050
5100000036 5100000079
5100000034 5100000055
5100000071 5100000046
5100000071 5100000031
5100000045 5100000039
5100000053 5100000078
5100000068 5100000019
5100000097 5100000083
5100000008 5100000008
5100000055 5100000007
5100000015 5100000059
5100000088 5100000035
5100000024 5100000041
5100000084 5100000036
5100000065 5100000011
5100000065 5100000074
5100000050 5100000077
5100000006 5100000079
5100000086 5100000091
5100000100 5100000073
5100000061 5100000032
5100000055 5100000011
5100000041 5100000098
5100000013 5100000090
5100000044 5100000020
5100000087 5100000091
5100000025 5100000060
5100000044 5100000007
5100000084 5100000029
5100000024 5100000017
5100000081 5100000081
5100000026 5100000055
5100000078 5100000080
5100000048 5100000031
5100000081 5100000041
5100000019 5100000036
5100000022 5100000024
5100000015 5100000091
5100000074 5100000041
5100000038 5100000044
5100000014 5100000053
5100000017 5100000005
5100000007 5100000095
5100000040 5100000095
5100000056 5100000076
5100000012 5100000052
5100000036 5100000014
5100000053 5100000031
5100000056 5100000031
5100000099 5100000066
5100000088 5100000055
5100000049 5100000094
5100000090 5100000009
5100000054 5100000088
5100000068 5100000098
5100000046 5100000061
5100000008 5100000048
5100000009 5100000020
5100000016 5100000088
5100000060 5100000004
5100000031 5100000020
5100000023 5100000081
5100000078 5100000081
5100000011 5100000013
5100000003 5100000099
5100000030 5100000085
5100000037 5100000098
5100000093 5100000085
5100000005 5100000053
5100000052 5100000085
5100000013 5100000019
5100000083 5100000002
5100000091 5100000007
5100000017 5100000027
5100000008 5100000082
5100000050 5100000020
5100000053 5100000077
5100000062 5100000076
5100000054 5100000074
5100000046 5100000004
5100000012 5100000032
5100000099 5100000091
5100000054 5100000011
5100000091 5100000062
5100000091 5100000042
5100000057 5100000004
5100000046 5100000048
5100000061 5100000009
5100000027 5100000010
5100000049 5100000080
5100000068 5100000070
5100000076 5100000058
5100000039 5100000011
5100000034 5100000083
5100000051 5100000075
5100000015 5100000061
5100000035 5100000025
5100000057 5100000061
5100000094 5100000011
5100000036 5100000043
5100000093 5100000075
5100000069 5100000053
5100000057 5100000054
5100000070 5100000058
5100000047 5100000031
5100000073 5100000046
5100000016 5100000043
5100000088 5100000098
5100000052 5100000054
5100000067 5100000032
5100000090 5100000056
5100000049 5100000081
5100000036 5100000099
5100000006 5100000048
5100000043 5100000011
5100000070 5100000037
5100000074 5100000016
5100000023 5100000013
5100000078 5100000010
5100000064 5100000094
5100000057 5100000003
5100000014 5100000048
5100000095 5100000014
5100000048 5100000036
5100000098 5100000071
5100000073 5100000097
5100000060 5100000080
5100000026 5100000005
5100000009 5100000089
5100000010 5100000031
5100000088 5100000036
5100000088 5100000033
5100000083 5100000012
5100000081 5100000038
5100000058 5100000028
5100000051 5100000050
5100000035 5100000056
5100000079 5100000011
5100000040 5100000078
5100000027 5100000094
5100000080 5100000027
5100000055 5100000045
5100000078 5100000006
5100000086 5100000059
5100000074 5100000070
5100000047 5100000054
5100000043 5100000066
5100000082 5100000028
5100000014 5100000001
5100000088 5100000051
5100000010 5100000034
5100000040 5100000012
5100000001 5100000011
5100000057 5100000067
5100000025 5100000041
5100000004 5100000080
5100000078 5100000073
5100000072 5100000040
5100000095 5100000065
5100000005 5100000091
5100000009 5100000063
5100000035 5100000058
5100000098 5100000099
5100000053 5100000024
5100000084 5100000073
5100000025 5100000099
5100000013 5100000050
5100000046 5100000090
5100000043 5100000060
5100000053 5100000074
5100000057 5100000057
5100000048 5100000037
5100000056 5100000029
5100000042 5100000049
5100000023 5100000062
5100000025 5100000043
5100000047 5100000028
5100000021 5100000027
5100000050 5100000064
5100000078 5100000038
5100000037 5100000051
5100000069 5100000049
5100000040 5100000020
5100000055 5100000080
5100000003 5100000097
5100000036 5100000043
5100000073 5100000083
5100000047 5100000001
5100000003 5100000018
5100000021 5100000091
5100000077 5100000072
5100000073 5100000010
5100000083 5100000068
5100000044 5100000054
5100000083 5100000086
5100000091 5100000071
5100000081 5100000027
5100000011 5100000070
5100000020 5100000083
5100000061 5100000033
5100000071 5100000056
5100000024 5100000079
5100000084 5100000100
5100000036 5100000025
5100000042 5100000057
5100000030 5100000088
5100000051 5100000014
5100000055 5100000015
5100000012 5100000036
5100000001 5100000049
5100000041 5100000078
5100000026 5100000052
5100000001 5100000007
5100000071 5100000025
5100000024 5100000025
5100000098 5100000040
5100000052 5100000052
5100000069 5100000095
5100000029 5100000040
5100000046 5100000091
5100000098 5100000090
5100000094 5100000020
5100000020 5100000061
5100000090 5100000034
5100000079 5100000084
5100000022 5100000071
5100000075 5100000032
5100000016 5100000032
5100000053 5100000006
5100000093 5100000069
5100000098 5100000067
5100000099 5100000030
5100000035 5100000001
5100000086 5100000015
5100000046 5100000068
5100000009 5100000010
5100000071 5100000055
5100000027 5100000025
5100000050 5100000045
5100000032 5100000037
5100000091 5100000082
5100000085 5100000099
5100000002 5100000040
5100000055 5100000083
5100000055 5100000009
5100000057 5100000041
5100000036 5100000067
5100000046 5100000006
5100000084 5100000006
5100000082 5100000008
5100000058 5100000037
5100000028 5100000093
5100000005 5100000065
5100000082 5100000058
5100000082 5100000086
5100000046 5100000011
5100000081 5100000034
5100000009 5100000091
5100000075 5100000026
5100000009 5100000052
5100000009 5100000074
5100000098 5100000063
5100000079 5100000024
5100000072 5100000092
5100000037 5100000027
5100000042 5100000063
5100000055 5100000084
5100000023 5100000035
5100000095 5100000039
5100000088 5100000092
5100000001 5100000065
5100000082 5100000053
5100000077 5100000098
5100000053 5100000073
5100000096 5100000008
5100000014 5100000031
5100000053 5100000008
5100000072 5100000082
5100000097 5100000008
5100000040 5100000070
5100000064 5100000089
5100000013 5100000047
5100000036 5100000007
5100000097 5100000013
5100000088 5100000099
5100000086 5100000080
5100000093 5100000093
5100000044 5100000099
5100000037 5100000091
5100000012 5100000096
5100000085 5100000002
5100000005 5100000025
5100000083 5100000035
5100000003 5100000019
5100000053 5100000027
5100000100 5100000044
5100000022 5100000042
5100000086 5100000005
5100000077 5100000002
5100000092 5100000069
5100000044 5100000099
5100000037 5100000054
5100000031 5100000082
5100000091 5100000060
5100000051 5100000093
5100000099 5100000070
5100000063 5100000095
5100000068 5100000036
5100000064 5100000005
5100000040 5100000089
5100000066 5100000083
5100000004 5100000099
5100000077 5100000066
5100000067 5100000044
5100000071 5100000091
5100000041 5100000009
5100000091 5100000057
5100000013 5100000038
5100000083 5100000022
5100000068 5100000024
5100000077 5100000078
5100000095 5100000056
5100000093 5100000078
5100000021 5100000035
5100000073 5100000099
5100000034 5100000051
5100000041 5100000017
5100000018 5100000015
5100000085 5100000037
5100000042 5100000098
5100000059 5100000011
5100000087 5100000082
5100000083 5100000025
5100000021 5100000004
5100000095 5100000016
5100000089 5100000096
5100000053 5100000047
5100000060 5100000007
5100000053 5100000051
5100000064 5100000003
5100000021 5100000064
5100000072 5100000052
5100000018 5100000077
5100000097 5100000083
5100000001 5100000031
5100000096 5100000093
5100000032 5100000043
5100000017 5100000004
5100000089 5100000034
5100000034 5100000032
5100000069 5100000013
5100000013 5100000085
5100000020 5100000061
5100000010 5100000061
5100000068 5100000100
5100000015 5100000001
5100000064 5100000036
5100000096 5100000041
5100000036 5100000024
5100000051 5100000067
5100000074 5100000077
5100000099 5100000070
5100000090 5100000081
5100000014 5100000008
5100000082 5100000075
5100000019 5100000036
5100000064 5100000038
5100000094 5100000001
5100000096 5100000028
5100000060 5100000099
5100000035 5100000061
5100000017 5100000044
5100000072 5100000015
5100000098 5100000040
5100000040 5100000065
5100000020 5100000014
5100000090 5100000098
5100000076 5100000083
5100000095 5100000030
5100000021 5100000074
5100000073 5100000095
5100000039 5100000004
5100000043 5100000012
5100000099 5100000001
5100000074 5100000051
5100000005 5100000084
5100000051 5100000054
5100000016 5100000011
5100000017 5100000089
5100000027 5100000007
5100000051 5100000079
5100000020 5100000045
5100000004 5100000079
5100000067 5100000007
5100000094 5100000067
5100000009 5100000015
5100000048 5100000044
5100000043 5100000068
5100000086 5100000095
5100000063 5100000096
5100000075 5100000010
5100000052 5100000044
5100000001 5100000015
5100000012 5100000073
5100000006 5100000001
5100000053 5100000002
5100000015 5100000055
5100000086 5100000049
5100000054 5100000099
5100000007 5100000094
5100000084 5100000053
5100000008 5100000031
5100000033 5100000095
5100000064 5100000073
5100000015 5100000066
5100000014 5100000050
5100000066 5100000062
5100000094 5100000024
5100000092 5100000091
5100000087 5100000029
5100000009 5100000063
5100000034 5100000084
5100000034 5100000087
5100000013 5100000076
5100000041 5100000094
5100000036 5100000019
5100000098 5100000084
5100000059 5100000096
5100000064 5100000086
5100000056 5100000004
5100000053 5100000086
5100000098 5100000076
5100000009 5100000083
5100000036 5100000078
5100000007 5100000031
5100000077 5100000008
5100000092 5100000008
5100000079 5100000030
5100000006 5100000074
5100000054 5100000063
5100000045 5100000069
5100000005 5100000071
5100000076 5100000045
5100000027 5100000082
5100000023 5100000099
5100000088 5100000099
5100000087 5100000059
5100000031 5100000085
5100000067 5100000011
5100000064 5100000009
5100000083 5100000023
69 53
65 71
74 78
94 12
50 65
24 91
33 41
49 83
36 65
59 99
36 61
49 16
63 37
76 41
80 63
97 77
13 28
84 17
14 13
97 74
16 69
97 100
71 71
2 53
14 54
79 28
92 87
26 73
10 100
50 38
8 93
94 72
60 63
28 91
26 42
32 91
59 79
24 92
9 63
36 64
3 69
77 39
39 60
18 46
8 90
96 81
6 37
93 56
96 25
60 92
78 43
62 76
31 20
4 82
89 40
81 62
71 69
10 13
80 45
85 83
22 5
41 30
82 32
6 15
84 96
10 3
75 66
99 98
18 6
78 87
15 52
76 6
22 98
28 32
45 61
59 98
85 80
28 77
84 87
88 76
70 42
46 11
15 83
94 46
64 46
91 31
35 49
33 88
35 76
66 38
33 67
16 60
56 86
25 64
22 11
49 30
95 78
100 100
93 44
15 29
100 62
81 71
16 70
65 67
19 23
93 50
3 79
9 4
15 89
59 61
91 51
97 63
68 34
56 17
81 69
51 68
88 74
11 12
8 61
57 91
