# source: JorikJooken
# original path: jj_extract\knapsackProblemInstances-master\problemInstances\n_600_c_100000000_g_2_f_0.3_eps_0.001_s_100\test.in
# optimal value: 50109347
# format: n capacity, then weight value
600 100000000
50100057 50100010
50100025 50100090
50100073 50100057
50100074 50100089
50100017 50100044
50100066 50100022
50100042 50100068
50100061 50100081
50100032 50100014
50100066 50100023
50100037 50100091
50100034 50100067
50100036 50100067
50100008 50100077
50100018 50100018
50100009 50100071
50100067 50100091
50100034 50100013
50100066 50100080
50100002 50100023
50100085 50100009
50100061 50100026
50100060 50100045
50100042 50100067
50100013 50100007
50100005 50100099
50100034 50100061
50100024 50100039
50100092 50100026
50100045 50100071
50100050 50100005
50100046 50100083
50100071 50100051
50100034 50100027
50100087 50100032
50100085 50100056
50100041 50100070
50100033 50100052
50100026 50100037
50100097 50100008
50100023 50100040
50100002 50100084
50100035 50100042
50100080 50100025
50100100 50100043
50100095 50100023
50100034 50100043
50100072 50100001
50100053 50100001
50100097 50100005
50100029 50100057
50100017 50100085
50100020 50100062
50100030 50100081
50100034 50100061
50100069 50100063
50100029 50100012
50100087 50100093
50100035 50100039
50100047 50100051
50100092 50100056
50100018 50100042
50100086 50100061
50100029 50100019
50100016 50100019
50100036 50100060
50100005 50100050
50100014 50100020
50100060 50100079
50100007 50100040
50100085 50100020
50100005 50100012
50100055 50100074
50100044 50100083
50100020 50100044
50100046 50100073
50100044 50100097
50100026 50100086
50100037 50100083
50100028 50100006
50100012 50100089
50100067 50100064
50100062 50100097
50100094 50100099
50100099 50100076
50100097 50100066
50100033 50100094
50100085 50100028
50100064 50100083
50100090 50100015
50100059 50100099
50100042 50100025
50100010 50100097
50100086 50100054
50100095 50100040
50100026 50100094
50100081 50100046
50100096 50100023
50100039 50100023
50100099 50100006
50100076 50100029
50100036 50100028
50100092 50100090
50100097 50100026
50100097 50100012
50100085 50100062
50100077 50100076
50100039 50100019
50100006 50100019
50100043 50100004
50100054 50100050
50100099 50100078
50100034 50100075
50100038 50100077
50100066 50100056
50100028 50100083
50100036 50100032
50100077 50100047
50100095 50100078
50100047 50100048
50100057 50100022
50100079 50100075
50100073 50100097
50100042 50100002
50100068 50100047
50100017 50100087
50100020 50100021
50100036 50100044
50100049 50100068
50100055 50100011
50100067 50100087
50100007 50100035
50100086 50100058
50100022 50100027
50100099 50100053
50100046 50100011
50100006 50100071
50100091 50100048
50100099 50100012
50100041 50100067
50100081 50100071
50100073 50100027
50100096 50100080
50100044 50100092
50100015 50100039
50100077 50100041
50100060 50100047
50100005 50100021
50100081 50100019
50100065 50100027
50100056 50100062
50100058 50100024
50100026 50100004
50100038 50100040
50100099 50100066
50100073 50100074
50100040 50100075
50100052 50100077
50100056 50100007
50100085 50100025
50100001 50100079
50100056 50100016
50100006 50100051
50100026 50100087
50100028 50100017
50100075 50100018
50100059 50100038
50100030 50100078
50100039 50100066
50100065 50100005
50100050 50100062
50100030 50100060
50100042 50100054
50100016 50100047
50100054 50100086
50100064 50100039
50100026 50100074
50100041 50100082
50100018 50100032
50100100 50100098
50100030 50100005
50100079 50100074
50100037 50100041
50100009 50100032
50100064 50100099
50100083 50100061
50100054 50100009
50100014 50100043
50100086 50100068
50100097 50100029
50100042 50100077
50100092 50100059
50100016 50100043
50100014 50100015
50100044 50100088
50100076 50100075
50100006 50100025
50100048 50100043
50100019 50100040
50100077 50100041
50100039 50100066
50100052 50100072
50100049 50100003
50100033 50100079
50100063 50100039
50100013 50100025
50100093 50100047
50100071 50100068
50100058 50100004
50100009 50100043
50100072 50100081
50100077 50100022
50100016 50100018
50100077 50100026
50100069 50100011
50100077 50100041
50100095 50100078
50100040 50100046
50100053 50100051
50100020 50100032
50100078 50100007
50100082 50100001
50100070 50100007
50100041 50100083
50100078 50100034
50100094 50100022
50100009 50100045
50100076 50100023
50100055 50100029
50100015 50100078
50100082 50100008
50100094 50100036
50100092 50100017
50100029 50100097
50100018 50100096
50100017 50100023
50100039 50100003
50100055 50100089
50100077 50100038
50100069 50100015
50100029 50100081
50100011 50100074
50100032 50100024
50100085 50100078
50100078 50100033
50100050 50100047
50100027 50100074
50100042 50100063
50100001 50100091
50100009 50100045
50100014 50100049
50100092 50100009
50100092 50100069
50100025 50100067
50100024 50100096
50100006 50100089
50100047 50100067
50100040 50100069
50100065 50100082
50100019 50100078
50100001 50100055
50100099 50100076
50100011 50100043
50100087 50100080
50100013 50100042
50100085 50100098
50100007 50100004
50100042 50100060
50100038 50100070
50100038 50100098
50100049 50100013
50100099 50100098
50100088 50100002
50100019 50100025
50100100 50100020
50100095 50100020
50100096 50100048
50100070 50100057
50100081 50100079
50100090 50100041
50100067 50100026
50100018 50100015
50100033 50100028
50100054 50100079
50100045 50100081
50100064 50100041
50100089 50100077
50100077 50100098
50100052 50100048
50100088 50100093
50100031 50100028
50100091 50100080
50100049 50100085
50100009 50100036
50100015 50100003
50100088 50100054
50100005 50100088
50100039 50100075
50100060 50100064
50100030 50100067
50100075 50100096
50100047 50100035
50100053 50100041
50100023 50100021
50100017 50100038
50100081 50100048
50100095 50100082
50100027 50100067
50100017 50100082
50100011 50100097
50100097 50100064
50100083 50100054
50100035 50100058
50100059 50100017
50100041 50100091
50100090 50100029
50100013 50100002
50100043 50100074
50100021 50100065
50100061 50100044
50100074 50100008
50100100 50100003
50100059 50100042
50100020 50100087
50100006 50100064
50100079 50100096
50100061 50100039
50100075 50100035
50100010 50100086
50100012 50100032
50100011 50100095
50100051 50100071
50100019 50100059
50100009 50100070
50100097 50100055
50100056 50100044
50100083 50100019
50100082 50100070
50100042 50100010
50100096 50100053
50100093 50100002
50100005 50100086
50100094 50100091
50100036 50100033
50100092 50100062
50100033 50100020
50100047 50100070
50100017 50100083
50100071 50100093
50100067 50100041
50100015 50100017
50100014 50100090
50100088 50100074
50100036 50100045
50100029 50100070
50100085 50100058
50100002 50100004
50100018 50100095
50100046 50100039
50100098 50100003
50100045 50100057
50100088 50100054
50100045 50100051
50100025 50100091
50100088 50100048
50100096 50100070
50100083 50100075
50100012 50100040
50100037 50100042
50100035 50100043
50100031 50100010
50100020 50100080
50100042 50100013
50100096 50100087
50100034 50100067
50100014 50100003
50100009 50100035
50100099 50100072
50100082 50100004
50100093 50100079
50100057 50100016
50100039 50100084
50100072 50100040
50100042 50100023
50100010 50100018
50100083 50100010
50100057 50100011
50100041 50100099
50100060 50100039
50100021 50100021
50100016 50100001
50100058 50100063
50100053 50100099
50100054 50100058
50100036 50100100
50100062 50100064
50100013 50100008
50100044 50100037
50100002 50100017
50100046 50100024
50100096 50100045
50100094 50100039
50100008 50100057
50100007 50100005
50100066 50100072
50100014 50100063
50100051 50100089
50100070 50100086
50100075 50100061
50100083 50100044
50100099 50100094
50100019 50100023
50100053 50100032
50100085 50100019
50100056 50100008
50100049 50100050
50100002 50100049
50100092 50100043
50100043 50100069
50100083 50100082
42 32
18 57
90 31
60 3
27 14
41 65
42 92
73 72
36 32
62 53
91 78
87 90
23 26
87 58
24 6
49 82
50 98
51 11
31 44
77 12
7 37
86 89
90 57
16 52
52 65
70 81
53 58
59 40
38 57
17 86
75 72
73 68
39 91
71 3
18 37
60 79
14 37
61 57
39 95
52 14
51 7
75 84
21 9
18 57
65 13
13 4
24 6
51 63
100 88
88 77
34 62
9 6
72 23
60 64
62 12
51 33
52 52
69 49
30 54
61 83
48 3
21 54
76 76
83 43
8 87
55 70
100 16
87 42
99 25
98 77
100 2
54 1
55 95
48 59
70 19
56 3
38 70
56 82
57 47
9 75
27 97
16 39
16 76
58 87
98 82
19 1
22 20
47 11
26 39
6 26
39 39
41 63
11 33
20 38
7 60
48 4
84 68
6 27
89 11
39 23
23 93
42 62
95 96
11 19
14 92
32 32
55 66
76 88
18 89
58 66
99 53
42 50
23 21
100 68
11 34
72 22
83 33
59 75
66 28
6 99
32 66
14 65
62 71
71 79
42 38
67 61
10 85
79 75
67 17
5 1
30 33
38 94
18 72
96 82
46 75
70 59
84 61
13 77
6 93
35 34
13 49
85 7
92 75
38 35
66 6
56 11
82 5
83 82
7 52
92 75
99 29
68 74
94 63
38 38
75 14
31 33
74 69
65 34
85 100
6 29
12 85
33 31
59 90
6 82
47 42
29 81
29 64
85 98
76 58
92 83
72 88
75 9
93 15
97 80
86 17
89 78
76 59
51 27
36 46
80 43
