# source: JorikJooken
# original path: jj_extract\knapsackProblemInstances-master\problemInstances\n_1200_c_1000000_g_6_f_0.1_eps_0.001_s_200\test.in
# optimal value: 1007605
# format: n capacity, then weight value
1200 1000000
501010 501141
501034 501147
501110 501054
501199 501141
501130 501010
501051 501082
501065 501024
501154 501096
501139 501059
501129 501063
501162 501170
501174 501149
501052 501050
501138 501160
501071 501169
501025 501088
501020 501010
501017 501119
501033 501197
501197 501009
501122 501172
501015 501097
501155 501174
501142 501136
501160 501186
501018 501021
501186 501105
501010 501118
501047 501018
501084 501197
501127 501053
501118 501193
501143 501049
501076 501097
501145 501104
501096 501043
501012 501129
501192 501125
501063 501061
501122 501017
501155 501149
501048 501128
501022 501035
501087 501039
501198 501113
501061 501036
501001 501125
501133 501055
501125 501160
501052 501120
501101 501178
501191 501075
501021 501005
501118 501025
501030 501044
501032 501131
501013 501167
501180 501148
501138 501032
501060 501101
501091 501011
501082 501133
501091 501004
501119 501118
501199 501126
501116 501048
501106 501143
501188 501036
501147 501003
501165 501032
501186 501130
501025 501190
501178 501041
501031 501103
501139 501102
501195 501086
501087 501158
501084 501114
501038 501104
501098 501141
501191 501166
501005 501091
501065 501172
501160 501106
501076 501168
501026 501091
501179 501142
501087 501065
501140 501111
501199 501135
501041 501026
501117 501021
501031 501152
501189 501189
501169 501006
501171 501173
501017 501181
501186 501025
501013 501078
501183 501016
501018 501185
501189 501153
501013 501027
501050 501064
501133 501154
501193 501086
501162 501087
501154 501097
501163 501128
501184 501026
501114 501002
501186 501185
501065 501028
501076 501159
501120 501193
501190 501139
501046 501103
501153 501061
501196 501145
501079 501005
501093 501166
501110 501173
501170 501094
501025 501055
501144 501009
501064 501131
501032 501054
501136 501093
501075 501138
501005 501022
501007 501167
501191 501042
501161 501113
501088 501046
501098 501078
501072 501194
501031 501122
501053 501079
501025 501018
501011 501062
501165 501055
501118 501151
501146 501147
501086 501102
501021 501162
501145 501179
501098 501098
501050 501190
501135 501109
501178 501027
501082 501015
501084 501155
501150 501167
501182 501044
501196 501157
501105 501138
501164 501123
501099 501155
501196 501140
501158 501047
501064 501022
501178 501086
501067 501098
501168 501200
501007 501096
501021 501158
501003 501052
501088 501194
501105 501030
501104 501052
501193 501054
501165 501038
501123 501190
501156 501168
501168 501197
501141 501144
501006 501041
501183 501165
501182 501120
501076 501006
501103 501031
501184 501146
501099 501146
501174 501147
501039 501020
501117 501167
501120 501135
501100 501123
501133 501108
501064 501080
501039 501043
501001 501115
501152 501088
501083 501199
501108 501143
501164 501167
501153 501061
501105 501113
501123 501034
501088 501060
501063 501080
501026 501026
501126 501053
501187 501067
501015 501049
501116 501031
501026 501161
501111 501100
501176 501170
501182 501179
501044 501118
501088 501143
501126 501025
501180 501081
501082 501026
501144 501052
251187 251152
251153 251168
251060 251179
251170 251127
251123 251100
251023 251196
251090 251061
251140 251155
251053 251016
251103 251100
251023 251199
251137 251003
251168 251151
251094 251115
251145 251065
251187 251061
251067 251056
251058 251012
251071 251049
251092 251131
251124 251041
251096 251009
251033 251141
251049 251195
251007 251174
251057 251019
251124 251056
251044 251136
251056 251105
251128 251022
251039 251108
251160 251133
251004 251172
251048 251161
251150 251034
251035 251184
251181 251197
251126 251185
251149 251099
251175 251189
251081 251158
251035 251102
251141 251052
251193 251192
251180 251002
251129 251115
251009 251017
251155 251140
251200 251082
251125 251032
251160 251176
251051 251200
251154 251196
251030 251119
251069 251112
251027 251109
251142 251085
251164 251145
251001 251089
251188 251121
251143 251031
251075 251108
251084 251002
251093 251124
251016 251033
251111 251073
251130 251169
251006 251008
251140 251164
251079 251140
251153 251056
251178 251009
251034 251006
251069 251149
251190 251050
251038 251189
251175 251037
251004 251105
251179 251182
251077 251118
251060 251167
251166 251105
251111 251109
251191 251063
251184 251035
251126 251156
251148 251044
251113 251058
251045 251010
251170 251166
251065 251191
251093 251030
251153 251186
251124 251097
251021 251131
251137 251169
251106 251089
251119 251192
251153 251015
251030 251058
251120 251030
251081 251140
251179 251160
251085 251179
251161 251106
251192 251034
251052 251028
251156 251200
251066 251005
251174 251049
251018 251003
251082 251011
251149 251123
251160 251172
251007 251172
251092 251060
251072 251091
251039 251160
251078 251086
251091 251123
251176 251085
251182 251067
251064 251114
251041 251029
251101 251072
251056 251054
251098 251038
251028 251062
251190 251188
251100 251200
251158 251002
251133 251089
251038 251085
251180 251118
251059 251133
251138 251154
251028 251144
251166 251023
251068 251014
251053 251157
251015 251062
251074 251061
251163 251200
251123 251188
251063 251177
251049 251191
251153 251183
251013 251002
251122 251016
251088 251037
251133 251181
251179 251183
251141 251031
251036 251059
251129 251119
251126 251086
251077 251126
251035 251039
251143 251002
251025 251119
251141 251047
251095 251065
251027 251155
251155 251078
251149 251107
251028 251015
251110 251063
251041 251096
251142 251107
251120 251110
251134 251133
251109 251110
251095 251141
251083 251118
251065 251058
251041 251172
251114 251018
251025 251004
251127 251043
251109 251163
251006 251172
251134 251104
251147 251129
251100 251049
251109 251091
251143 251047
251200 251052
251138 251090
251024 251123
251004 251029
251200 251068
251128 251111
251199 251067
251086 251150
251078 251122
251055 251196
251138 251135
251003 251027
251022 251050
251107 251035
251038 251129
251008 251035
251196 251145
251104 251151
251168 251139
251087 251005
251177 251197
251183 251112
251146 251018
251179 251158
251141 251112
251182 251094
251173 251173
251005 251194
251125 251154
251103 251152
126096 126004
126186 126090
126119 126006
126071 126166
126162 126165
126124 126033
126139 126047
126160 126022
126125 126200
126060 126200
126192 126139
126154 126151
126152 126092
126035 126078
126060 126119
126013 126058
126008 126073
126091 126108
126094 126190
126104 126137
126169 126079
126189 126096
126050 126081
126060 126009
126121 126111
126018 126145
126192 126017
126118 126013
126141 126024
126148 126131
126164 126082
126189 126104
126155 126109
126107 126139
126048 126081
126169 126085
126132 126005
126106 126011
126038 126064
126001 126134
126006 126149
126171 126056
126093 126123
126030 126176
126068 126072
126165 126141
126108 126089
126196 126079
126199 126156
126019 126027
126029 126189
126095 126136
126192 126096
126071 126108
126199 126103
126072 126129
126193 126057
126095 126011
126125 126038
126062 126007
126032 126062
126044 126140
126098 126033
126126 126066
126137 126041
126126 126026
126188 126034
126116 126034
126126 126091
126084 126093
126019 126184
126171 126072
126106 126140
126048 126027
126168 126034
126079 126051
126071 126133
126119 126160
126093 126186
126174 126168
126015 126059
126030 126036
126103 126185
126120 126076
126135 126030
126022 126028
126163 126043
126007 126007
126110 126047
126015 126187
126087 126089
126002 126082
126109 126006
126085 126103
126110 126069
126188 126126
126175 126066
126075 126027
126119 126024
126041 126085
126170 126183
126062 126094
126099 126131
126039 126094
126185 126146
126125 126073
126024 126031
126199 126026
126122 126079
126064 126093
126042 126170
126181 126116
126176 126166
126165 126057
126040 126128
126160 126199
126161 126103
126017 126033
126187 126141
126184 126180
126071 126017
126165 126020
126133 126101
126037 126180
126113 126108
126134 126197
126013 126177
126153 126177
126060 126019
126126 126153
126186 126047
126125 126121
126036 126172
126003 126043
126042 126042
126097 126049
126059 126007
126067 126103
126102 126167
126029 126031
126069 126114
126123 126127
126073 126121
126189 126112
126174 126160
126059 126092
126089 126123
126037 126163
126094 126024
126016 126084
126091 126051
126168 126015
126129 126114
126040 126035
126157 126012
126165 126163
126172 126150
126113 126092
126171 126016
126054 126031
126144 126191
126005 126028
126086 126087
126022 126143
126011 126175
126200 126018
126145 126033
126042 126147
126084 126048
126048 126162
126152 126160
126009 126035
126182 126038
126128 126061
126108 126058
126183 126195
126090 126046
126200 126147
126136 126056
126183 126196
126141 126042
126131 126146
126185 126131
126160 126040
126200 126097
126072 126027
126038 126186
126122 126119
126192 126145
126095 126093
126013 126119
126063 126075
126063 126127
126046 126144
126036 126139
126142 126093
126035 126197
126077 126164
126177 126055
126068 126127
126192 126162
126018 126052
126037 126093
126054 126190
126005 126001
126034 126076
126116 126148
126136 126134
126156 126121
126140 126153
126199 126078
126026 126005
126169 126101
126195 126029
126097 126040
126002 126032
63673 63605
63696 63528
63631 63646
63674 63676
63514 63663
63601 63525
63699 63607
63548 63606
63690 63551
63596 63620
63588 63665
63573 63636
63628 63651
63548 63615
63659 63523
63510 63585
63692 63666
63522 63579
63605 63516
63646 63530
63640 63591
63689 63515
63668 63643
63667 63503
63669 63664
63681 63620
63569 63672
63640 63536
63556 63542
63615 63580
63610 63647
63645 63632
63506 63601
63565 63700
63535 63635
63643 63567
63697 63538
63678 63561
63677 63592
63502 63695
63595 63663
63660 63691
63638 63527
63532 63615
63684 63597
63598 63663
63633 63630
63696 63538
63697 63548
63540 63585
63516 63531
63523 63603
63618 63674
63673 63501
63605 63662
63546 63593
63537 63663
63604 63673
63586 63699
63694 63656
63671 63560
63694 63575
63627 63622
63533 63692
63552 63525
63522 63673
63591 63577
63567 63563
63621 63552
63627 63561
63684 63583
63657 63678
63561 63604
63639 63677
63682 63611
63579 63627
63521 63650
63510 63685
63587 63551
63603 63670
63673 63646
63684 63571
63604 63610
63562 63519
63673 63651
63558 63628
63658 63506
63532 63619
63596 63532
63575 63510
63697 63512
63631 63692
63678 63527
63690 63631
63542 63600
63687 63565
63549 63638
63693 63569
63647 63567
63566 63642
63639 63510
63700 63605
63543 63607
63651 63592
63509 63656
63660 63558
63614 63590
63522 63627
63638 63640
63650 63537
63666 63650
63548 63537
63516 63687
63652 63656
63638 63678
63634 63687
63610 63662
63516 63644
63577 63652
63634 63526
63637 63578
63536 63685
63588 63556
63518 63638
63616 63684
63682 63503
63589 63613
63615 63536
63564 63634
63675 63536
63509 63655
63572 63649
63645 63548
63662 63668
63602 63698
63609 63520
63639 63538
63696 63505
63550 63605
63644 63512
63646 63656
63587 63531
63559 63634
63565 63599
63666 63583
63688 63601
63602 63651
63579 63619
63533 63663
63573 63512
63560 63533
63558 63634
63553 63578
63539 63522
63502 63592
63531 63525
63575 63664
63643 63553
63619 63504
63504 63587
63518 63649
63686 63690
63607 63557
63692 63630
63686 63511
63640 63678
63636 63535
63657 63648
63679 63585
63605 63612
63603 63628
63541 63609
63535 63638
63601 63515
63547 63526
63521 63649
63540 63601
63573 63604
63578 63625
63659 63648
63532 63567
63617 63522
63661 63601
63659 63546
63588 63637
63698 63567
63567 63565
63638 63538
63632 63665
63601 63519
63594 63605
63685 63596
63648 63580
63555 63572
63678 63670
63574 63588
63548 63608
63563 63675
63628 63552
63571 63652
63576 63515
63613 63508
63540 63554
63692 63612
63544 63627
63520 63511
63565 63572
63649 63551
63684 63612
63601 63527
63543 63535
63652 63560
63597 63595
63517 63576
63603 63599
63650 63681
32450 32304
32316 32390
32439 32385
32344 32319
32447 32417
32251 32422
32314 32405
32340 32421
32265 32292
32399 32400
32371 32415
32428 32444
32395 32393
32292 32354
32415 32345
32379 32332
32419 32446
32428 32291
32255 32406
32386 32262
32437 32327
32323 32318
32262 32403
32316 32406
32366 32403
32263 32336
32405 32268
32378 32321
32377 32420
32340 32302
32263 32434
32449 32421
32307 32417
32266 32316
32328 32306
32253 32387
32286 32432
32435 32418
32350 32399
32368 32289
32444 32321
32387 32342
32267 32262
32372 32266
32412 32286
32258 32303
32392 32439
32265 32267
32259 32284
32313 32313
32327 32368
32322 32305
32302 32446
32362 32393
32389 32350
32414 32444
32421 32312
32419 32284
32320 32435
32379 32325
32266 32333
32277 32377
32374 32341
32316 32441
32398 32428
32428 32378
32330 32255
32294 32274
32449 32265
32396 32393
32305 32434
32303 32291
32385 32338
32253 32298
32330 32405
32359 32449
32333 32405
32380 32274
32365 32310
32303 32375
32372 32370
32273 32382
32367 32348
32430 32355
32351 32349
32404 32418
32416 32412
32323 32450
32397 32333
32410 32280
32346 32450
32339 32374
32275 32420
32415 32351
32436 32265
32298 32394
32443 32357
32289 32351
32351 32420
32421 32262
32269 32363
32360 32339
32371 32336
32392 32255
32450 32362
32359 32411
32253 32326
32397 32394
32377 32377
32335 32445
32287 32404
32416 32343
32290 32363
32359 32315
32351 32350
32398 32276
32434 32377
32324 32394
32302 32425
32314 32280
32350 32311
32273 32305
32328 32282
32349 32363
32337 32281
32256 32405
32362 32385
32261 32371
32412 32267
32420 32445
32430 32281
32261 32409
32428 32268
32366 32308
32337 32263
32344 32431
32375 32273
32351 32394
32319 32432
32313 32298
32359 32384
32256 32392
32361 32332
32281 32261
32322 32312
32389 32255
32289 32444
32328 32430
32448 32350
32287 32437
32287 32287
32251 32294
32398 32331
32269 32257
32434 32307
32311 32371
32297 32390
32310 32310
32339 32273
32251 32351
32259 32325
32409 32404
32411 32316
32263 32289
32414 32253
32328 32396
32353 32317
32270 32420
32373 32271
32449 32307
32433 32308
32339 32327
32304 32282
32426 32354
32261 32261
32262 32424
32445 32437
32310 32271
32369 32377
32371 32274
32347 32345
32306 32380
32426 32417
32421 32435
32367 32279
32283 32437
32359 32262
32270 32417
32304 32306
32391 32334
32398 32311
32333 32274
32260 32287
32415 32390
32319 32409
32443 32386
32400 32448
32285 32303
32378 32310
32371 32264
32383 32424
32405 32388
32264 32279
32301 32338
32256 32431
32313 32449
32291 32362
32268 32432
32305 32424
32375 32311
32292 32400
32357 32354
32420 32278
32275 32367
32375 32350
32369 32293
122 186
64 175
183 2
6 119
174 189
39 40
198 145
156 140
129 196
137 49
179 130
91 111
97 97
157 57
56 78
144 67
107 57
138 2
23 32
60 93
103 113
144 53
26 22
193 67
29 15
76 7
16 136
152 71
111 86
37 163
46 133
110 127
200 24
42 49
147 34
122 153
27 16
157 191
135 171
194 151
99 112
128 38
196 115
141 29
81 35
103 38
134 135
190 67
35 107
41 146
33 197
161 81
128 106
146 180
37 53
117 153
22 103
19 73
15 148
26 140
168 102
135 63
140 192
189 44
36 172
109 36
131 32
155 164
112 157
29 114
178 191
31 172
87 199
169 84
118 71
113 87
118 63
121 188
75 82
19 121
10 87
183 92
143 83
77 139
118 58
100 136
70 179
169 101
180 4
43 48
155 51
179 73
168 181
130 83
181 188
97 118
185 181
33 163
99 121
38 62
170 9
128 73
185 73
74 93
81 66
29 105
154 67
124 124
110 50
36 148
146 66
154 51
200 170
85 149
60 36
63 132
11 138
155 129
128 27
74 138
