# source: JorikJooken
# original path: jj_extract\knapsackProblemInstances-master\problemInstances\n_400_c_100000000_g_2_f_0.2_eps_1e-05_s_100\test.in
# optimal value: 50005009
# format: n capacity, then weight value
400 100000000
50001064 50001071
50001074 50001009
50001098 50001039
50001031 50001017
50001026 50001089
50001010 50001090
50001029 50001089
50001040 50001008
50001084 50001089
50001001 50001048
50001099 50001075
50001082 50001094
50001060 50001038
50001063 50001014
50001033 50001023
50001049 50001035
50001055 50001024
50001041 50001060
50001068 50001077
50001065 50001012
50001093 50001082
50001042 50001077
50001051 50001036
50001008 50001061
50001086 50001078
50001000 50001056
50001073 50001027
50001022 50001087
50001032 50001012
50001091 50001021
50001073 50001084
50001019 50001088
50001079 50001000
50001056 50001054
50001033 50001087
50001037 50001070
50001030 50001013
50001037 50001083
50001053 50001086
50001058 50001022
50001071 50001020
50001066 50001035
50001051 50001085
50001099 50001086
50001082 50001064
50001099 50001014
50001040 50001096
50001031 50001038
50001064 50001028
50001075 50001093
50001086 50001028
50001077 50001081
50001088 50001047
50001016 50001045
50001080 50001038
50001029 50001069
50001082 50001090
50001064 50001048
50001007 50001082
50001020 50001045
50001003 50001003
50001071 50001043
50001049 50001097
50001011 50001088
50001066 50001074
50001013 50001026
50001029 50001067
50001050 50001018
50001098 50001082
50001067 50001008
50001045 50001047
50001028 50001088
50001001 50001036
50001092 50001047
50001072 50001025
50001071 50001087
50001036 50001080
50001059 50001042
50001010 50001007
50001039 50001010
50001052 50001027
50001066 50001078
50001007 50001052
50001047 50001017
50001097 50001074
50001071 50001041
50001078 50001032
50001027 50001037
50001075 50001070
50001001 50001017
50001067 50001015
50001005 50001014
50001028 50001029
50001051 50001050
50001083 50001007
50001076 50001030
50001073 50001077
50001025 50001077
50001066 50001052
50001075 50001060
50001039 50001040
50001048 50001087
50001051 50001001
50001055 50001078
50001088 50001097
50001006 50001029
50001056 50001085
50001069 50001020
50001094 50001098
50001065 50001037
50001005 50001081
50001024 50001047
50001092 50001081
50001072 50001058
50001031 50001024
50001091 50001063
50001034 50001086
50001059 50001023
50001078 50001013
50001075 50001045
50001027 50001051
50001030 50001000
50001010 50001029
50001013 50001015
50001052 50001004
50001039 50001040
50001019 50001097
50001075 50001050
50001031 50001003
50001008 50001095
50001033 50001079
50001054 50001014
50001073 50001077
50001005 50001015
50001090 50001014
50001076 50001070
50001060 50001071
50001073 50001035
50001066 50001002
50001071 50001027
50001019 50001088
50001062 50001018
50001022 50001087
50001022 50001091
50001099 50001068
50001004 50001009
50001097 50001070
50001097 50001005
50001008 50001090
50001027 50001039
50001087 50001023
50001009 50001071
50001056 50001001
50001041 50001061
50001074 50001058
50001010 50001008
50001053 50001033
50001052 50001065
50001091 50001044
50001049 50001013
50001086 50001056
50001081 50001021
50001010 50001098
50001054 50001017
50001037 50001022
50001081 50001043
50001028 50001032
50001062 50001088
50001077 50001046
50001083 50001083
50001027 50001035
50001070 50001002
50001025 50001001
50001066 50001070
50001076 50001066
50001061 50001095
50001011 50001010
50001025 50001073
50001027 50001024
50001095 50001009
50001064 50001033
50001056 50001044
50001029 50001037
50001082 50001032
50001056 50001057
50001060 50001076
50001081 50001029
50001050 50001047
50001025 50001068
50001077 50001091
50001079 50001079
50001085 50001082
50001000 50001037
50001091 50001046
50001000 50001063
50001005 50001098
50001032 50001085
50001015 50001067
50001019 50001066
50001057 50001029
50001057 50001060
50001027 50001071
50001020 50001039
50001096 50001095
50001059 50001048
50001054 50001035
50001017 50001066
50001004 50001007
50001035 50001098
50001040 50001017
50001021 50001082
50001005 50001088
50001031 50001095
50001099 50001097
50001061 50001052
50001082 50001038
50001040 50001034
50001009 50001039
50001010 50001055
50001009 50001067
50001061 50001050
50001014 50001094
50001097 50001092
50001009 50001063
50001042 50001017
50001006 50001045
50001094 50001074
50001008 50001053
50001062 50001029
50001003 50001050
50001009 50001049
50001015 50001027
50001093 50001004
50001086 50001046
50001004 50001032
50001017 50001020
50001041 50001021
50001021 50001086
50001006 50001055
50001089 50001043
50001058 50001013
50001004 50001004
50001071 50001002
50001032 50001055
50001040 50001047
50001073 50001094
50001084 50001024
50001019 50001019
50001044 50001000
50001087 50001081
50001073 50001001
50001069 50001079
50001022 50001077
50001059 50001096
50001044 50001087
50001002 50001093
50001077 50001017
50001069 50001045
50001083 50001031
50001022 50001063
50001029 50001010
50001002 50001067
50001049 50001008
50001015 50001033
50001039 50001021
50001005 50001075
50001032 50001090
50001099 50001064
50001052 50001035
50001030 50001084
50001074 50001030
50001056 50001049
50001087 50001008
50001043 50001080
50001079 50001029
50001009 50001084
50001079 50001055
50001009 50001068
50001024 50001092
50001065 50001071
50001091 50001093
50001072 50001001
50001026 50001097
50001023 50001039
50001044 50001067
50001099 50001052
50001090 50001042
50001068 50001053
50001054 50001040
50001097 50001081
50001076 50001028
50001061 50001077
50001008 50001051
50001067 50001029
50001049 50001046
50001076 50001060
50001052 50001045
50001079 50001038
50001014 50001007
50001002 50001031
50001078 50001026
50001006 50001089
50001036 50001070
50001027 50001080
50001088 50001082
50001087 50001012
50001058 50001034
50001046 50001078
50001015 50001097
50001051 50001085
50001033 50001080
50001003 50001078
50001011 50001054
50001021 50001040
50001092 50001081
50001048 50001031
50001023 50001079
50001082 50001088
50001062 50001094
50001020 50001036
43 92
1 21
70 58
84 49
36 26
66 97
83 83
38 74
71 30
45 23
59 70
57 52
98 96
43 95
62 2
25 69
34 37
44 71
92 60
20 18
49 72
29 82
85 37
58 44
98 59
16 37
50 39
35 88
39 2
84 15
8 6
99 75
74 84
94 49
62 13
56 34
76 5
16 53
12 11
5 93
4 22
84 72
57 24
93 42
5 49
37 43
22 50
73 95
6 28
42 27
37 98
10 3
77 45
52 8
84 100
63 55
37 51
86 87
68 3
75 8
86 96
12 11
8 97
90 5
28 23
96 65
69 17
73 100
39 84
74 43
20 67
25 6
28 67
70 80
48 24
30 21
97 22
48 74
22 19
37 59
