# source: JorikJooken
# original path: jj_extract\knapsackProblemInstances-master\problemInstances\n_600_c_100000000_g_2_f_0.3_eps_1e-05_s_300\test.in
# optimal value: 50027921
# format: n capacity, then weight value
600 100000000
50001185 50001288
50001163 50001186
50001207 50001236
50001249 50001160
50001251 50001134
50001015 50001001
50001101 50001076
50001000 50001245
50001022 50001254
50001169 50001154
50001008 50001155
50001202 50001143
50001274 50001169
50001236 50001054
50001079 50001123
50001232 50001264
50001166 50001191
50001124 50001107
50001092 50001151
50001248 50001046
50001016 50001187
50001234 50001101
50001054 50001021
50001079 50001157
50001129 50001015
50001057 50001241
50001152 50001030
50001243 50001165
50001283 50001227
50001001 50001130
50001211 50001244
50001216 50001220
50001214 50001245
50001112 50001153
50001149 50001118
50001168 50001111
50001060 50001247
50001191 50001219
50001190 50001276
50001192 50001281
50001007 50001206
50001284 50001044
50001053 50001203
50001022 50001101
50001237 50001131
50001234 50001283
50001098 50001284
50001135 50001234
50001247 50001128
50001167 50001083
50001275 50001198
50001145 50001133
50001179 50001163
50001245 50001084
50001196 50001225
50001062 50001073
50001186 50001069
50001082 50001132
50001183 50001202
50001121 50001097
50001177 50001270
50001137 50001096
50001248 50001207
50001070 50001123
50001124 50001045
50001093 50001087
50001033 50001153
50001272 50001143
50001116 50001213
50001051 50001022
50001195 50001156
50001298 50001240
50001200 50001153
50001116 50001096
50001116 50001268
50001082 50001031
50001161 50001176
50001108 50001071
50001167 50001295
50001084 50001019
50001291 50001227
50001076 50001244
50001281 50001137
50001181 50001163
50001141 50001257
50001253 50001164
50001168 50001109
50001246 50001184
50001055 50001149
50001214 50001171
50001220 50001112
50001219 50001271
50001267 50001257
50001279 50001185
50001164 50001120
50001183 50001273
50001241 50001014
50001137 50001052
50001026 50001172
50001291 50001152
50001036 50001092
50001192 50001059
50001096 50001077
50001251 50001100
50001146 50001035
50001079 50001254
50001238 50001279
50001293 50001035
50001107 50001169
50001116 50001200
50001072 50001008
50001210 50001198
50001088 50001114
50001122 50001216
50001093 50001264
50001267 50001108
50001191 50001116
50001181 50001041
50001151 50001133
50001039 50001286
50001210 50001126
50001247 50001093
50001231 50001283
50001288 50001178
50001126 50001253
50001258 50001129
50001184 50001051
50001131 50001189
50001010 50001210
50001130 50001226
50001171 50001297
50001266 50001195
50001149 50001169
50001142 50001213
50001101 50001273
50001287 50001035
50001281 50001056
50001267 50001100
50001228 50001103
50001242 50001156
50001039 50001126
50001096 50001035
50001109 50001040
50001013 50001058
50001258 50001174
50001033 50001141
50001054 50001177
50001166 50001026
50001181 50001140
50001089 50001123
50001064 50001088
50001266 50001012
50001131 50001295
50001087 50001241
50001158 50001058
50001003 50001086
50001077 50001131
50001024 50001007
50001066 50001235
50001260 50001292
50001165 50001246
50001211 50001186
50001024 50001076
50001187 50001207
50001114 50001022
50001206 50001209
50001180 50001039
50001002 50001187
50001131 50001153
50001180 50001048
50001130 50001096
50001229 50001196
50001160 50001104
50001218 50001076
50001062 50001091
50001075 50001145
50001185 50001162
50001211 50001260
50001276 50001298
50001009 50001272
50001097 50001255
50001180 50001274
50001162 50001020
50001269 50001275
50001190 50001246
50001055 50001141
50001230 50001202
50001285 50001223
50001027 50001224
50001075 50001150
50001212 50001013
50001020 50001001
50001169 50001182
50001269 50001277
50001098 50001169
50001130 50001099
50001095 50001122
50001264 50001271
50001038 50001263
50001120 50001296
50001071 50001272
50001061 50001193
50001264 50001000
50001289 50001046
50001062 50001227
50001242 50001110
50001132 50001282
50001273 50001246
50001146 50001106
50001236 50001110
50001261 50001164
50001061 50001020
50001034 50001220
50001094 50001162
50001246 50001209
50001258 50001220
50001031 50001222
50001061 50001172
50001248 50001028
50001110 50001044
50001253 50001040
50001031 50001281
50001069 50001065
50001095 50001243
50001009 50001129
50001070 50001102
50001289 50001281
50001286 50001199
50001136 50001113
50001207 50001079
50001002 50001056
50001185 50001074
50001195 50001160
50001190 50001119
50001202 50001251
50001034 50001297
50001076 50001206
50001151 50001236
50001169 50001250
50001068 50001127
50001156 50001028
50001172 50001295
50001065 50001050
50001067 50001102
50001210 50001008
50001297 50001122
50001049 50001234
50001237 50001218
50001004 50001052
50001120 50001055
50001042 50001068
50001243 50001031
50001201 50001076
50001115 50001058
50001230 50001177
50001095 50001005
50001194 50001267
50001106 50001118
50001039 50001254
50001122 50001157
50001148 50001297
50001245 50001263
50001229 50001095
50001216 50001058
50001217 50001100
50001028 50001054
50001202 50001239
50001007 50001213
50001103 50001021
50001112 50001198
50001070 50001252
50001242 50001046
50001247 50001069
50001147 50001276
50001296 50001156
50001239 50001066
50001022 50001149
50001059 50001177
50001278 50001242
50001297 50001021
50001073 50001206
50001048 50001259
50001199 50001281
50001013 50001227
50001008 50001262
50001144 50001193
50001186 50001189
50001292 50001243
50001040 50001020
50001170 50001255
50001161 50001036
50001272 50001289
50001091 50001282
50001115 50001189
50001171 50001016
50001280 50001158
50001139 50001255
50001094 50001201
50001149 50001133
50001075 50001270
50001207 50001212
50001131 50001003
50001275 50001040
50001137 50001212
50001055 50001091
50001254 50001193
50001114 50001163
50001042 50001016
50001055 50001092
50001022 50001021
50001201 50001019
50001159 50001258
50001064 50001281
50001105 50001236
50001190 50001000
50001207 50001026
50001290 50001083
50001269 50001208
50001266 50001244
50001258 50001144
50001186 50001060
50001078 50001178
50001126 50001137
50001105 50001073
50001222 50001220
50001065 50001096
50001159 50001049
50001046 50001104
50001218 50001142
50001233 50001218
50001236 50001036
50001034 50001028
50001103 50001136
50001152 50001056
50001197 50001042
50001027 50001101
50001184 50001091
50001158 50001133
50001071 50001049
50001021 50001088
50001033 50001250
50001072 50001283
50001028 50001231
50001048 50001058
50001145 50001293
50001229 50001107
50001121 50001000
50001295 50001167
50001073 50001243
50001293 50001293
50001095 50001282
50001164 50001267
50001003 50001050
50001096 50001060
50001171 50001135
50001179 50001161
50001257 50001078
50001056 50001142
50001191 50001154
50001027 50001092
50001147 50001116
50001001 50001211
50001036 50001274
50001157 50001024
50001282 50001205
50001010 50001004
50001011 50001062
50001034 50001090
50001242 50001273
50001186 50001211
50001208 50001279
50001182 50001144
50001205 50001080
50001168 50001035
50001132 50001036
50001144 50001178
50001299 50001210
50001201 50001278
50001161 50001138
50001201 50001051
50001000 50001225
50001134 50001095
50001001 50001262
50001209 50001261
50001052 50001285
50001115 50001028
50001169 50001054
50001037 50001035
50001260 50001072
50001211 50001204
50001157 50001219
50001064 50001144
50001012 50001220
50001244 50001281
50001225 50001245
50001092 50001003
50001165 50001130
50001189 50001109
50001193 50001100
50001255 50001165
50001289 50001167
50001255 50001113
50001199 50001251
50001260 50001089
50001085 50001273
50001113 50001064
50001157 50001004
50001273 50001142
50001246 50001268
50001045 50001252
50001149 50001198
50001189 50001011
50001277 50001185
50001176 50001091
50001235 50001229
50001055 50001288
50001130 50001037
50001074 50001011
50001070 50001296
50001014 50001222
160 56
102 115
181 24
18 11
124 9
172 83
152 123
244 221
45 154
230 163
134 90
125 101
134 68
47 57
18 239
93 36
51 207
174 178
88 180
146 97
182 195
26 224
76 291
241 269
183 164
188 122
76 110
48 296
30 288
113 55
125 212
158 31
117 153
25 181
17 44
218 171
147 260
243 261
150 73
163 223
243 63
234 66
185 168
88 108
225 293
279 175
76 186
43 38
53 279
58 63
43 7
214 107
222 96
181 6
80 89
214 227
111 268
58 174
236 230
203 120
6 31
85 162
178 93
204 272
224 87
236 7
54 46
34 162
8 202
133 155
244 190
223 172
240 291
256 164
203 173
209 295
201 297
125 34
223 266
158 261
168 119
146 260
11 167
30 157
274 275
8 113
88 16
258 161
128 94
206 218
19 258
2 140
177 190
149 146
162 25
284 257
134 207
37 47
222 94
203 117
45 14
73 233
192 75
38 16
32 210
246 294
21 180
255 207
282 49
247 136
166 17
230 11
56 21
114 8
244 121
211 16
193 161
233 19
121 100
242 11
126 141
198 107
23 199
29 287
113 190
59 190
269 200
36 121
55 253
6 119
91 84
288 284
259 298
268 59
151 288
252 65
297 275
292 13
176 98
110 292
151 27
263 234
116 55
226 206
215 265
5 280
294 176
121 56
110 206
65 154
280 94
35 103
259 189
78 97
184 256
41 148
46 29
226 141
232 16
80 236
283 182
148 200
280 44
95 80
226 186
249 68
25 231
119 49
215 38
263 171
206 232
114 265
289 64
85 73
194 294
227 263
59 84
73 241
244 121
220 288
