# source: JorikJooken
# original path: jj_extract\knapsackProblemInstances-master\problemInstances\n_600_c_10000000000_g_10_f_0.1_eps_0.0001_s_100\test.in
# optimal value: 9999944336
# format: n capacity, then weight value
600 10000000000
5001000009 5001000061
5001000010 5001000089
5001000061 5001000097
5001000044 5001000029
5001000039 5001000026
5001000061 5001000085
5001000098 5001000073
5001000058 5001000076
5001000069 5001000065
5001000063 5001000095
5001000037 5001000019
5001000066 5001000074
5001000052 5001000031
5001000080 5001000029
5001000074 5001000079
5001000092 5001000062
5001000019 5001000007
5001000079 5001000051
5001000034 5001000042
5001000049 5001000059
5001000058 5001000068
5001000039 5001000050
5001000073 5001000022
5001000077 5001000009
5001000026 5001000065
5001000100 5001000068
5001000005 5001000090
5001000019 5001000044
5001000083 5001000014
5001000089 5001000022
5001000042 5001000044
5001000072 5001000056
5001000058 5001000016
5001000094 5001000053
5001000051 5001000046
5001000064 5001000030
5001000097 5001000053
5001000061 5001000069
5001000038 5001000039
5001000068 5001000008
5001000050 5001000056
5001000069 5001000096
5001000063 5001000086
5001000081 5001000087
5001000041 5001000050
5001000008 5001000017
5001000030 5001000027
5001000080 5001000003
5001000060 5001000027
5001000059 5001000036
5001000012 5001000061
5001000081 5001000012
5001000062 5001000013
5001000010 5001000095
5001000086 5001000075
5001000042 5001000085
5001000014 5001000077
5001000021 5001000096
5001000098 5001000033
5001000054 5001000055
2501000086 2501000063
2501000055 2501000035
2501000016 2501000075
2501000086 2501000009
2501000070 2501000053
2501000025 2501000003
2501000005 2501000046
2501000012 2501000054
2501000094 2501000050
2501000069 2501000014
2501000019 2501000083
2501000037 2501000022
2501000095 2501000015
2501000054 2501000055
2501000023 2501000090
2501000059 2501000019
2501000076 2501000004
2501000024 2501000022
2501000057 2501000025
2501000016 2501000022
2501000083 2501000029
2501000017 2501000056
2501000044 2501000009
2501000061 2501000011
2501000060 2501000045
2501000056 2501000052
2501000087 2501000019
2501000089 2501000056
2501000044 2501000031
2501000080 2501000012
2501000062 2501000059
2501000064 2501000041
2501000069 2501000081
2501000039 2501000076
2501000008 2501000031
2501000094 2501000021
2501000016 2501000015
2501000090 2501000078
2501000055 2501000046
2501000081 2501000018
2501000059 2501000075
2501000056 2501000030
2501000060 2501000077
2501000038 2501000077
2501000080 2501000085
2501000006 2501000024
2501000016 2501000073
2501000100 2501000013
2501000080 2501000076
2501000100 2501000059
2501000030 2501000085
2501000094 2501000054
2501000007 2501000046
2501000031 2501000044
2501000026 2501000064
2501000014 2501000099
2501000009 2501000038
2501000027 2501000094
2501000046 2501000050
2501000054 2501000023
1251000093 1251000099
1251000043 1251000059
1251000091 1251000016
1251000024 1251000029
1251000070 1251000054
1251000007 1251000043
1251000063 1251000062
1251000054 1251000064
1251000030 1251000034
1251000013 1251000012
1251000072 1251000039
1251000011 1251000027
1251000019 1251000082
1251000090 1251000017
1251000019 1251000059
1251000043 1251000061
1251000087 1251000018
1251000030 1251000076
1251000035 1251000076
1251000038 1251000061
1251000056 1251000067
1251000094 1251000036
1251000032 1251000068
1251000016 1251000018
1251000015 1251000061
1251000081 1251000096
1251000019 1251000087
1251000100 1251000086
1251000090 1251000056
1251000072 1251000043
1251000007 1251000054
1251000084 1251000017
1251000021 1251000082
1251000027 1251000009
1251000014 1251000009
1251000030 1251000083
1251000012 1251000093
1251000018 1251000030
1251000050 1251000046
1251000078 1251000027
1251000091 1251000081
1251000020 1251000095
1251000082 1251000088
1251000038 1251000006
1251000045 1251000021
1251000089 1251000040
1251000030 1251000017
1251000011 1251000005
1251000083 1251000095
1251000044 1251000003
1251000043 1251000023
1251000072 1251000093
1251000002 1251000076
1251000066 1251000081
1251000082 1251000036
1251000036 1251000003
1251000014 1251000070
1251000003 1251000031
1251000015 1251000013
1251000022 1251000047
626000021 626000057
626000066 626000020
626000053 626000031
626000030 626000045
626000025 626000061
626000014 626000057
626000037 626000091
626000081 626000018
626000091 626000047
626000066 626000096
626000044 626000091
626000068 626000070
626000085 626000063
626000028 626000022
626000001 626000087
626000098 626000011
626000058 626000054
626000058 626000040
626000048 626000098
626000084 626000016
626000069 626000043
626000071 626000099
626000027 626000011
626000084 626000057
626000021 626000016
626000079 626000010
626000057 626000056
626000078 626000029
626000022 626000019
626000058 626000012
626000005 626000024
626000071 626000088
626000031 626000031
626000029 626000068
626000008 626000024
626000096 626000090
626000075 626000065
626000061 626000067
626000027 626000093
626000031 626000023
626000077 626000034
626000083 626000004
626000048 626000020
626000033 626000030
626000100 626000037
626000013 626000085
626000008 626000100
626000039 626000051
626000065 626000077
626000086 626000097
626000005 626000056
626000032 626000019
626000069 626000069
626000083 626000025
626000026 626000074
626000058 626000066
626000014 626000085
626000012 626000006
626000037 626000045
626000045 626000063
313500094 313500024
313500073 313500081
313500069 313500054
313500008 313500001
313500019 313500007
313500028 313500097
313500015 313500018
313500044 313500086
313500015 313500024
313500025 313500054
313500005 313500029
313500052 313500043
313500022 313500023
313500008 313500093
313500094 313500082
313500095 313500063
313500082 313500080
313500035 313500066
313500096 313500065
313500037 313500067
313500080 313500078
313500022 313500018
313500003 313500066
313500084 313500042
313500087 313500013
313500006 313500044
313500007 313500099
313500018 313500061
313500022 313500056
313500031 313500023
313500042 313500100
313500096 313500010
313500048 313500090
313500006 313500040
313500039 313500005
313500005 313500030
313500034 313500029
313500087 313500013
313500014 313500070
313500071 313500099
313500049 313500070
313500076 313500016
313500054 313500027
313500066 313500097
313500006 313500072
313500081 313500027
313500046 313500064
313500015 313500039
313500064 313500024
313500062 313500005
313500094 313500028
313500092 313500007
313500093 313500021
313500098 313500085
313500089 313500087
313500054 313500012
313500005 313500089
313500017 313500027
313500080 313500020
313500042 313500018
157250023 157250004
157250028 157250097
157250067 157250068
157250035 157250048
157250014 157250082
157250044 157250056
157250064 157250028
157250005 157250013
157250052 157250068
157250053 157250064
157250030 157250007
157250043 157250013
157250066 157250063
157250066 157250007
157250074 157250039
157250062 157250068
157250081 157250091
157250094 157250093
157250018 157250061
157250016 157250027
157250078 157250067
157250026 157250076
157250060 157250081
157250059 157250003
157250098 157250030
157250025 157250037
157250055 157250037
157250070 157250087
157250055 157250064
157250070 157250030
157250010 157250050
157250077 157250098
157250100 157250098
157250058 157250095
157250094 157250086
157250084 157250065
157250022 157250006
157250083 157250053
157250031 157250004
157250021 157250055
157250033 157250038
157250096 157250094
157250026 157250017
157250027 157250005
157250085 157250053
157250083 157250045
157250073 157250076
157250058 157250067
157250072 157250086
157250037 157250002
157250003 157250073
157250042 157250082
157250100 157250092
157250020 157250094
157250087 157250002
157250035 157250037
157250099 157250001
157250090 157250028
157250006 157250047
157250015 157250035
79125099 79125058
79125006 79125076
79125014 79125012
79125019 79125021
79125022 79125010
79125028 79125013
79125033 79125022
79125070 79125069
79125075 79125011
79125090 79125086
79125050 79125009
79125023 79125094
79125096 79125020
79125075 79125006
79125051 79125069
79125077 79125002
79125053 79125001
79125077 79125024
79125016 79125037
79125073 79125057
79125062 79125090
79125091 79125100
79125082 79125067
79125010 79125074
79125048 79125016
79125015 79125052
79125069 79125030
79125096 79125033
79125055 79125074
79125006 79125074
79125012 79125008
79125045 79125081
79125051 79125028
79125089 79125034
79125016 79125076
79125020 79125087
79125027 79125051
79125094 79125035
79125043 79125046
79125051 79125060
79125040 79125028
79125085 79125003
79125088 79125075
79125019 79125068
79125080 79125044
79125012 79125068
79125100 79125003
79125029 79125057
79125077 79125054
79125082 79125076
79125050 79125042
79125093 79125073
79125045 79125085
79125003 79125093
79125098 79125074
79125085 79125074
79125052 79125008
79125097 79125025
79125086 79125074
79125091 79125021
40062555 40062548
40062504 40062521
40062517 40062591
40062529 40062548
40062580 40062586
40062596 40062544
40062511 40062574
40062538 40062531
40062597 40062565
40062579 40062572
40062534 40062513
40062580 40062523
40062576 40062597
40062564 40062539
40062573 40062533
40062560 40062524
40062580 40062515
40062504 40062537
40062582 40062536
40062578 40062585
40062595 40062583
40062560 40062507
40062597 40062582
40062573 40062548
40062594 40062526
40062533 40062577
40062578 40062502
40062515 40062568
40062582 40062599
40062577 40062515
40062520 40062552
40062567 40062590
40062532 40062596
40062593 40062535
40062589 40062537
40062600 40062584
40062507 40062558
40062595 40062566
40062513 40062576
40062527 40062590
40062562 40062503
40062526 40062580
40062520 40062543
40062546 40062544
40062510 40062558
40062532 40062599
40062560 40062518
40062583 40062598
40062537 40062546
40062542 40062572
40062576 40062519
40062537 40062542
40062597 40062565
40062514 40062578
40062534 40062533
40062582 40062579
40062572 40062567
40062511 40062522
40062566 40062534
40062505 40062593
20531336 20531280
20531334 20531280
20531294 20531326
20531321 20531329
20531309 20531299
20531324 20531324
20531330 20531323
20531298 20531332
20531309 20531312
20531340 20531259
20531289 20531324
20531293 20531333
20531342 20531269
20531281 20531272
20531347 20531319
20531258 20531319
20531320 20531348
20531276 20531328
20531282 20531281
20531305 20531337
20531283 20531280
20531345 20531256
20531264 20531333
20531320 20531284
20531341 20531308
20531262 20531322
20531267 20531321
20531347 20531341
20531291 20531276
20531286 20531276
20531262 20531261
20531316 20531300
20531346 20531272
20531299 20531263
20531277 20531330
20531341 20531340
20531334 20531347
20531338 20531285
20531287 20531318
20531304 20531344
20531258 20531310
20531260 20531289
20531255 20531271
20531272 20531287
20531333 20531323
20531264 20531319
20531327 20531294
20531301 20531311
20531317 20531338
20531320 20531291
20531346 20531279
20531317 20531257
20531256 20531276
20531293 20531278
20531311 20531335
20531267 20531252
20531300 20531300
20531346 20531348
20531327 20531335
20531302 20531288
87 75
20 6
79 67
62 26
98 26
31 65
5 57
6 52
19 73
68 58
74 61
17 51
19 81
45 56
35 5
8 100
53 38
48 20
85 71
92 10
59 18
57 93
14 50
28 92
34 51
96 44
61 65
24 85
61 67
59 31
33 10
63 94
14 100
93 39
97 20
11 16
42 8
97 75
49 75
53 45
6 23
59 69
19 96
2 35
36 97
8 54
21 27
80 75
13 57
77 22
82 28
23 19
10 73
69 52
4 57
3 65
17 38
38 24
99 57
19 52
