# source: JorikJooken
# original path: jj_extract\knapsackProblemInstances-master\problemInstances\n_600_c_10000000000_g_6_f_0.2_eps_0.0001_s_300\test.in
# optimal value: 9718525047
# format: n capacity, then weight value
600 10000000000
5001000050 5001000278
5001000129 5001000092
5001000077 5001000073
5001000034 5001000241
5001000051 5001000027
5001000223 5001000186
5001000275 5001000074
5001000078 5001000121
5001000172 5001000071
5001000133 5001000111
5001000255 5001000164
5001000256 5001000235
5001000154 5001000133
5001000084 5001000114
5001000204 5001000062
5001000066 5001000214
5001000127 5001000236
5001000176 5001000283
5001000300 5001000232
5001000085 5001000040
5001000246 5001000098
5001000174 5001000225
5001000168 5001000195
5001000128 5001000145
5001000078 5001000107
5001000059 5001000020
5001000112 5001000266
5001000153 5001000049
5001000194 5001000039
5001000183 5001000203
5001000226 5001000241
5001000273 5001000120
5001000109 5001000042
5001000284 5001000212
5001000015 5001000116
5001000199 5001000247
5001000202 5001000285
5001000149 5001000283
5001000005 5001000101
5001000290 5001000131
5001000121 5001000240
5001000277 5001000057
5001000240 5001000124
5001000112 5001000126
5001000081 5001000244
5001000295 5001000230
5001000060 5001000119
5001000087 5001000152
5001000187 5001000077
5001000087 5001000031
5001000087 5001000166
5001000159 5001000297
5001000008 5001000044
5001000099 5001000273
5001000163 5001000247
5001000131 5001000288
5001000089 5001000254
5001000170 5001000261
5001000167 5001000029
5001000274 5001000232
5001000242 5001000292
5001000198 5001000097
5001000225 5001000187
5001000155 5001000029
5001000179 5001000213
5001000008 5001000016
5001000066 5001000059
5001000153 5001000183
5001000197 5001000082
5001000051 5001000128
5001000281 5001000087
5001000193 5001000192
5001000061 5001000048
5001000101 5001000008
5001000062 5001000136
5001000282 5001000300
5001000246 5001000265
5001000091 5001000272
5001000201 5001000029
5001000052 5001000256
5001000265 5001000265
5001000275 5001000021
5001000194 5001000258
5001000225 5001000035
5001000291 5001000278
5001000074 5001000181
5001000299 5001000009
5001000152 5001000170
5001000025 5001000111
5001000217 5001000268
5001000037 5001000067
5001000207 5001000215
5001000162 5001000280
5001000171 5001000177
5001000100 5001000120
5001000145 5001000009
2501000091 2501000080
2501000198 2501000168
2501000253 2501000271
2501000235 2501000261
2501000178 2501000064
2501000239 2501000063
2501000175 2501000259
2501000262 2501000111
2501000204 2501000062
2501000155 2501000295
2501000285 2501000095
2501000086 2501000123
2501000246 2501000232
2501000036 2501000220
2501000260 2501000098
2501000289 2501000266
2501000178 2501000018
2501000216 2501000177
2501000268 2501000034
2501000108 2501000157
2501000090 2501000227
2501000263 2501000157
2501000005 2501000007
2501000270 2501000162
2501000234 2501000268
2501000121 2501000115
2501000050 2501000111
2501000105 2501000291
2501000027 2501000103
2501000010 2501000145
2501000144 2501000027
2501000145 2501000261
2501000264 2501000075
2501000089 2501000128
2501000129 2501000213
2501000256 2501000167
2501000161 2501000110
2501000090 2501000036
2501000123 2501000124
2501000175 2501000259
2501000238 2501000156
2501000082 2501000075
2501000003 2501000057
2501000174 2501000065
2501000028 2501000002
2501000152 2501000212
2501000167 2501000271
2501000058 2501000104
2501000062 2501000103
2501000131 2501000200
2501000175 2501000077
2501000294 2501000295
2501000057 2501000233
2501000052 2501000111
2501000089 2501000159
2501000003 2501000217
2501000081 2501000058
2501000222 2501000291
2501000017 2501000146
2501000127 2501000233
2501000031 2501000178
2501000274 2501000227
2501000221 2501000178
2501000037 2501000166
2501000200 2501000200
2501000252 2501000069
2501000206 2501000256
2501000011 2501000155
2501000201 2501000142
2501000253 2501000263
2501000240 2501000012
2501000177 2501000218
2501000029 2501000140
2501000146 2501000285
2501000020 2501000231
2501000249 2501000268
2501000147 2501000284
2501000194 2501000233
2501000016 2501000055
2501000217 2501000111
2501000001 2501000296
2501000139 2501000067
2501000050 2501000137
2501000070 2501000119
2501000135 2501000282
2501000210 2501000071
2501000287 2501000153
2501000145 2501000240
2501000066 2501000013
2501000289 2501000279
2501000075 2501000209
2501000239 2501000241
2501000227 2501000130
2501000242 2501000255
2501000096 2501000133
2501000094 2501000266
1251000298 1251000253
1251000043 1251000142
1251000089 1251000165
1251000142 1251000067
1251000084 1251000134
1251000087 1251000179
1251000161 1251000211
1251000091 1251000104
1251000103 1251000118
1251000082 1251000166
1251000259 1251000268
1251000132 1251000046
1251000023 1251000145
1251000137 1251000084
1251000186 1251000204
1251000188 1251000081
1251000071 1251000255
1251000123 1251000037
1251000075 1251000179
1251000242 1251000179
1251000080 1251000130
1251000058 1251000267
1251000285 1251000291
1251000225 1251000280
1251000186 1251000145
1251000025 1251000108
1251000218 1251000085
1251000224 1251000180
1251000268 1251000151
1251000076 1251000120
1251000107 1251000030
1251000023 1251000198
1251000159 1251000075
1251000099 1251000251
1251000189 1251000010
1251000069 1251000167
1251000257 1251000073
1251000131 1251000186
1251000079 1251000268
1251000189 1251000113
1251000066 1251000285
1251000179 1251000056
1251000155 1251000072
1251000006 1251000081
1251000283 1251000129
1251000143 1251000299
1251000029 1251000213
1251000061 1251000168
1251000010 1251000231
1251000165 1251000140
1251000164 1251000290
1251000044 1251000042
1251000083 1251000237
1251000077 1251000197
1251000147 1251000026
1251000119 1251000054
1251000255 1251000138
1251000022 1251000088
1251000030 1251000286
1251000186 1251000054
1251000022 1251000135
1251000191 1251000250
1251000206 1251000267
1251000149 1251000173
1251000089 1251000124
1251000054 1251000115
1251000101 1251000192
1251000091 1251000146
1251000179 1251000026
1251000113 1251000253
1251000049 1251000110
1251000010 1251000118
1251000182 1251000144
1251000017 1251000038
1251000050 1251000200
1251000002 1251000134
1251000228 1251000194
1251000243 1251000077
1251000225 1251000216
1251000131 1251000081
1251000110 1251000197
1251000015 1251000038
1251000179 1251000169
1251000299 1251000002
1251000105 1251000134
1251000271 1251000225
1251000001 1251000008
1251000026 1251000108
1251000096 1251000080
1251000033 1251000290
1251000094 1251000239
1251000137 1251000252
1251000137 1251000137
1251000016 1251000211
1251000047 1251000137
1251000132 1251000257
626000071 626000013
626000103 626000292
626000172 626000193
626000176 626000076
626000263 626000185
626000295 626000186
626000172 626000063
626000268 626000190
626000162 626000208
626000159 626000006
626000272 626000117
626000024 626000273
626000236 626000244
626000214 626000141
626000144 626000093
626000191 626000071
626000167 626000101
626000179 626000200
626000096 626000239
626000259 626000003
626000097 626000028
626000176 626000070
626000160 626000053
626000294 626000041
626000001 626000212
626000233 626000270
626000251 626000099
626000071 626000020
626000171 626000058
626000053 626000202
626000140 626000002
626000077 626000051
626000172 626000242
626000094 626000201
626000218 626000256
626000279 626000171
626000087 626000228
626000024 626000248
626000066 626000082
626000075 626000073
626000265 626000157
626000103 626000213
626000111 626000158
626000008 626000073
626000059 626000056
626000190 626000293
626000274 626000180
626000271 626000162
626000102 626000158
626000136 626000176
626000080 626000039
626000159 626000225
626000048 626000216
626000160 626000043
626000291 626000211
626000115 626000222
626000192 626000034
626000088 626000284
626000004 626000146
626000279 626000285
626000256 626000202
626000245 626000007
626000075 626000057
626000291 626000101
626000170 626000219
626000135 626000051
626000221 626000103
626000068 626000255
626000251 626000244
626000050 626000241
626000219 626000110
626000047 626000133
626000152 626000061
626000168 626000061
626000154 626000083
626000067 626000093
626000040 626000155
626000049 626000185
626000102 626000141
626000284 626000292
626000272 626000203
626000038 626000055
626000073 626000107
626000194 626000021
626000097 626000062
626000249 626000145
626000256 626000067
626000058 626000028
626000153 626000026
626000148 626000064
626000120 626000086
626000200 626000019
626000196 626000171
626000123 626000189
626000036 626000145
626000187 626000131
313500283 313500116
313500259 313500192
313500067 313500273
313500095 313500074
313500091 313500243
313500299 313500234
313500132 313500243
313500125 313500195
313500043 313500020
313500204 313500037
313500040 313500294
313500181 313500184
313500245 313500058
313500030 313500040
313500234 313500121
313500278 313500053
313500273 313500109
313500157 313500233
313500008 313500117
313500051 313500113
313500229 313500253
313500154 313500295
313500026 313500190
313500083 313500141
313500044 313500005
313500253 313500204
313500016 313500045
313500218 313500265
313500160 313500049
313500152 313500043
313500264 313500161
313500079 313500087
313500103 313500087
313500259 313500093
313500037 313500134
313500171 313500251
313500047 313500265
313500192 313500187
313500217 313500279
313500123 313500116
313500266 313500184
313500050 313500143
313500115 313500290
313500188 313500075
313500190 313500132
313500237 313500116
313500238 313500250
313500100 313500086
313500296 313500244
313500209 313500253
313500084 313500106
313500031 313500244
313500061 313500093
313500189 313500035
313500100 313500065
313500046 313500020
313500201 313500197
313500233 313500182
313500130 313500254
313500285 313500038
313500003 313500059
313500072 313500115
313500172 313500046
313500279 313500033
313500050 313500088
313500088 313500205
313500043 313500151
313500285 313500159
313500090 313500181
313500021 313500296
313500045 313500074
313500186 313500121
313500195 313500172
313500057 313500041
313500288 313500188
313500011 313500163
313500283 313500019
313500188 313500043
313500072 313500208
313500175 313500072
313500271 313500164
313500136 313500237
313500045 313500122
313500052 313500068
313500195 313500142
313500029 313500062
313500198 313500259
313500194 313500277
313500272 313500239
313500060 313500065
313500251 313500102
313500151 313500042
313500179 313500279
313500217 313500083
313500146 313500175
313500131 313500008
2 64
61 158
135 24
72 11
222 122
153 277
120 242
61 212
131 227
280 74
141 105
16 195
64 289
290 158
11 83
103 18
57 92
245 74
188 26
88 71
161 269
103 239
159 99
201 246
232 218
60 195
52 248
228 129
220 8
1 280
245 199
280 67
250 129
296 228
10 299
99 140
50 55
183 33
93 109
153 225
120 164
15 2
168 197
152 47
12 3
300 219
115 236
54 255
190 285
181 27
192 70
232 227
203 280
33 261
43 76
204 125
187 30
150 189
26 15
189 199
269 20
109 95
62 99
163 170
71 292
257 245
290 235
251 117
174 188
194 141
23 278
111 10
260 156
73 223
249 246
152 113
63 252
156 270
42 219
278 118
182 65
243 276
1 236
33 86
70 79
42 6
262 279
221 245
10 56
299 84
138 62
13 205
28 147
249 110
222 181
178 106
244 77
261 67
299 193
87 180
222 110
45 164
15 109
1 46
157 206
166 81
289 212
259 283
294 124
11 58
25 72
40 13
250 127
172 19
89 64
198 227
162 179
35 25
19 88
247 128
