# source: JorikJooken
# original path: jj_extract\knapsackProblemInstances-master\problemInstances\n_1000_c_10000000000_g_10_f_0.1_eps_0.001_s_100\test.in
# format: n capacity, then weight value
1000 10000000000
5010000072 5010000094
5010000031 5010000031
5010000013 5010000020
5010000035 5010000092
5010000008 5010000068
5010000032 5010000063
5010000092 5010000084
5010000089 5010000099
5010000074 5010000035
5010000100 5010000089
5010000004 5010000038
5010000094 5010000072
5010000011 5010000017
5010000047 5010000016
5010000073 5010000035
5010000034 5010000088
5010000073 5010000070
5010000069 5010000057
5010000003 5010000100
5010000036 5010000056
5010000032 5010000049
5010000055 5010000065
5010000089 5010000006
5010000096 5010000004
5010000043 5010000086
5010000043 5010000014
5010000021 5010000067
5010000079 5010000054
5010000007 5010000007
5010000068 5010000045
5010000068 5010000002
5010000035 5010000019
5010000006 5010000031
5010000054 5010000049
5010000049 5010000007
5010000045 5010000044
5010000049 5010000030
5010000085 5010000091
5010000097 5010000056
5010000062 5010000027
5010000079 5010000063
5010000001 5010000081
5010000082 5010000098
5010000074 5010000009
5010000058 5010000026
5010000023 5010000025
5010000014 5010000044
5010000072 5010000082
5010000088 5010000057
5010000028 5010000079
5010000038 5010000057
5010000028 5010000057
5010000011 5010000093
5010000094 5010000075
5010000008 5010000089
5010000067 5010000051
5010000085 5010000073
5010000020 5010000067
5010000058 5010000064
5010000046 5010000022
5010000074 5010000062
5010000061 5010000046
5010000057 5010000018
5010000088 5010000050
5010000074 5010000040
5010000065 5010000098
5010000081 5010000028
5010000058 5010000095
5010000070 5010000001
5010000055 5010000052
5010000017 5010000083
5010000083 5010000075
5010000088 5010000029
5010000093 5010000001
5010000024 5010000073
5010000042 5010000015
5010000086 5010000071
5010000002 5010000080
5010000069 5010000040
5010000034 5010000017
5010000020 5010000033
5010000057 5010000065
5010000086 5010000024
5010000059 5010000073
5010000010 5010000083
5010000035 5010000069
5010000005 5010000012
5010000026 5010000075
5010000037 5010000071
5010000084 5010000085
5010000088 5010000043
5010000081 5010000095
5010000068 5010000089
5010000017 5010000026
5010000002 5010000091
5010000018 5010000035
5010000082 5010000079
5010000049 5010000040
5010000005 5010000090
5010000092 5010000028
2510000060 2510000095
2510000052 2510000026
2510000095 2510000100
2510000081 2510000055
2510000057 2510000043
2510000034 2510000071
2510000051 2510000034
2510000085 2510000057
2510000028 2510000025
2510000086 2510000076
2510000001 2510000016
2510000059 2510000054
2510000045 2510000077
2510000011 2510000016
2510000035 2510000090
2510000058 2510000026
2510000052 2510000021
2510000038 2510000076
2510000074 2510000011
2510000016 2510000059
2510000095 2510000033
2510000097 2510000058
2510000030 2510000028
2510000093 2510000012
2510000033 2510000078
2510000099 2510000024
2510000004 2510000079
2510000041 2510000049
2510000011 2510000004
2510000097 2510000080
2510000019 2510000004
2510000065 2510000050
2510000005 2510000092
2510000007 2510000089
2510000001 2510000015
2510000093 2510000093
2510000073 2510000020
2510000011 2510000050
2510000077 2510000038
2510000031 2510000015
2510000018 2510000070
2510000087 2510000019
2510000046 2510000063
2510000084 2510000031
2510000005 2510000037
2510000040 2510000018
2510000079 2510000073
2510000097 2510000087
2510000080 2510000016
2510000040 2510000069
2510000055 2510000023
2510000090 2510000003
2510000089 2510000084
2510000019 2510000050
2510000021 2510000047
2510000078 2510000095
2510000044 2510000003
2510000094 2510000083
2510000086 2510000024
2510000056 2510000012
2510000097 2510000053
2510000036 2510000054
2510000013 2510000075
2510000005 2510000076
2510000059 2510000083
2510000014 2510000041
2510000071 2510000100
2510000072 2510000008
2510000056 2510000053
2510000048 2510000021
2510000001 2510000020
2510000095 2510000038
2510000040 2510000069
2510000089 2510000099
2510000016 2510000069
2510000023 2510000043
2510000002 2510000036
2510000079 2510000047
2510000087 2510000039
2510000072 2510000009
2510000074 2510000024
2510000069 2510000011
2510000072 2510000030
2510000089 2510000046
2510000049 2510000036
2510000085 2510000083
2510000087 2510000034
2510000092 2510000018
2510000081 2510000062
2510000049 2510000086
2510000005 2510000026
2510000075 2510000005
2510000097 2510000053
2510000049 2510000098
2510000065 2510000021
2510000032 2510000046
2510000091 2510000057
2510000050 2510000051
2510000019 2510000093
2510000071 2510000021
1260000062 1260000042
1260000046 1260000055
1260000080 1260000099
1260000067 1260000064
1260000043 1260000010
1260000043 1260000019
1260000100 1260000083
1260000080 1260000032
1260000016 1260000045
1260000041 1260000099
1260000003 1260000091
1260000021 1260000080
1260000041 1260000083
1260000011 1260000022
1260000013 1260000084
1260000065 1260000019
1260000071 1260000099
1260000059 1260000060
1260000012 1260000012
1260000056 1260000065
1260000066 1260000016
1260000083 1260000040
1260000011 1260000043
1260000046 1260000073
1260000008 1260000039
1260000066 1260000042
1260000089 1260000065
1260000099 1260000071
1260000082 1260000090
1260000075 1260000031
1260000100 1260000005
1260000071 1260000020
1260000003 1260000024
1260000095 1260000031
1260000098 1260000025
1260000057 1260000010
1260000073 1260000096
1260000021 1260000028
1260000018 1260000028
1260000070 1260000010
1260000007 1260000051
1260000002 1260000060
1260000095 1260000083
1260000067 1260000083
1260000088 1260000034
1260000039 1260000084
1260000096 1260000015
1260000072 1260000028
1260000074 1260000029
1260000050 1260000042
1260000018 1260000082
1260000005 1260000035
1260000007 1260000051
1260000080 1260000084
1260000087 1260000049
1260000099 1260000011
1260000010 1260000037
1260000012 1260000019
1260000055 1260000083
1260000004 1260000021
1260000031 1260000098
1260000098 1260000041
1260000089 1260000016
1260000029 1260000083
1260000017 1260000077
1260000085 1260000049
1260000030 1260000039
1260000041 1260000089
1260000076 1260000075
1260000031 1260000064
1260000023 1260000077
1260000076 1260000047
1260000042 1260000022
1260000053 1260000001
1260000014 1260000056
1260000035 1260000072
1260000023 1260000024
1260000025 1260000083
1260000066 1260000050
1260000081 1260000055
1260000090 1260000032
1260000051 1260000079
1260000094 1260000082
1260000019 1260000078
1260000070 1260000073
1260000085 1260000014
1260000037 1260000084
1260000047 1260000083
1260000069 1260000006
1260000048 1260000093
1260000001 1260000019
1260000002 1260000012
1260000026 1260000071
1260000006 1260000050
1260000069 1260000060
1260000011 1260000021
1260000078 1260000002
1260000052 1260000009
1260000022 1260000091
1260000074 1260000047
635000037 635000080
635000100 635000083
635000052 635000025
635000019 635000099
635000048 635000092
635000077 635000045
635000067 635000054
635000090 635000020
635000085 635000043
635000041 635000028
635000059 635000021
635000070 635000031
635000079 635000013
635000080 635000085
635000057 635000060
635000060 635000012
635000048 635000046
635000097 635000068
635000044 635000083
635000002 635000066
635000070 635000022
635000041 635000013
635000080 635000011
635000041 635000018
635000096 635000003
635000063 635000019
635000018 635000078
635000008 635000064
635000058 635000047
635000007 635000062
635000094 635000024
635000013 635000044
635000047 635000014
635000046 635000027
635000073 635000020
635000035 635000078
635000061 635000024
635000077 635000036
635000088 635000090
635000100 635000039
635000005 635000052
635000100 635000039
635000026 635000008
635000059 635000031
635000074 635000078
635000024 635000013
635000033 635000095
635000013 635000032
635000029 635000026
635000020 635000054
635000100 635000044
635000010 635000059
635000071 635000047
635000022 635000057
635000008 635000044
635000100 635000100
635000095 635000030
635000026 635000013
635000053 635000046
635000100 635000064
635000027 635000067
635000083 635000059
635000050 635000068
635000029 635000070
635000057 635000052
635000029 635000035
635000016 635000037
635000044 635000001
635000088 635000032
635000056 635000053
635000018 635000048
635000014 635000007
635000056 635000054
635000047 635000023
635000097 635000094
635000091 635000077
635000096 635000078
635000094 635000047
635000075 635000087
635000042 635000021
635000041 635000043
635000011 635000014
635000066 635000085
635000026 635000066
635000008 635000053
635000046 635000087
635000060 635000010
635000015 635000024
635000017 635000008
635000076 635000015
635000077 635000030
635000062 635000013
635000007 635000004
635000065 635000020
635000006 635000020
635000072 635000030
635000089 635000002
635000034 635000053
635000040 635000050
635000061 635000041
322500081 322500010
322500009 322500035
322500006 322500068
322500022 322500055
322500070 322500057
322500100 322500060
322500022 322500041
322500059 322500049
322500006 322500095
322500033 322500063
322500042 322500020
322500061 322500059
322500060 322500072
322500017 322500084
322500077 322500071
322500005 322500014
322500039 322500075
322500076 322500017
322500009 322500030
322500100 322500010
322500073 322500026
322500067 322500070
322500035 322500004
322500097 322500065
322500029 322500046
322500013 322500050
322500055 322500039
322500050 322500093
322500080 322500011
322500069 322500100
322500050 322500007
322500054 322500071
322500092 322500051
322500020 322500010
322500016 322500005
322500004 322500015
322500010 322500059
322500051 322500030
322500029 322500098
322500019 322500084
322500060 322500048
322500070 322500054
322500083 322500038
322500064 322500097
322500011 322500084
322500100 322500020
322500059 322500013
322500029 322500048
322500067 322500081
322500030 322500029
322500019 322500021
322500017 322500010
322500090 322500002
322500071 322500073
322500009 322500037
322500069 322500090
322500089 322500018
322500083 322500091
322500091 322500020
322500018 322500090
322500070 322500007
322500053 322500040
322500003 322500060
322500059 322500008
322500015 322500077
322500011 322500047
322500039 322500071
322500095 322500047
322500036 322500019
322500029 322500063
322500046 322500089
322500059 322500091
322500011 322500015
322500019 322500039
322500070 322500053
322500034 322500069
322500061 322500011
322500097 322500057
322500037 322500052
322500080 322500018
322500097 322500074
322500058 322500088
322500073 322500091
322500005 322500028
322500083 322500007
322500031 322500076
322500074 322500047
322500032 322500088
322500037 322500100
322500089 322500085
322500096 322500053
322500061 322500080
322500018 322500014
322500012 322500073
322500020 322500019
322500080 322500036
322500021 322500048
322500096 322500029
322500091 322500055
322500080 322500079
166250006 166250094
166250027 166250034
166250030 166250016
166250033 166250004
166250045 166250054
166250025 166250042
166250042 166250010
166250071 166250064
166250013 166250040
166250068 166250027
166250028 166250005
166250051 166250086
166250051 166250039
166250098 166250066
166250094 166250049
166250060 166250096
166250094 166250044
166250051 166250088
166250063 166250010
166250099 166250065
166250004 166250059
166250019 166250078
166250067 166250064
166250094 166250054
166250057 166250025
166250078 166250033
166250031 166250084
166250033 166250017
166250048 166250097
166250032 166250040
166250085 166250021
166250053 166250072
166250038 166250037
166250001 166250022
166250085 166250005
166250017 166250043
166250087 166250085
166250026 166250020
166250100 166250002
166250035 166250048
166250083 166250032
166250059 166250005
166250089 166250009
166250067 166250091
166250081 166250046
166250059 166250086
166250007 166250053
166250022 166250080
166250012 166250040
166250002 166250085
166250020 166250022
166250029 166250051
166250052 166250028
166250036 166250058
166250007 166250065
166250067 166250008
166250098 166250019
166250003 166250041
166250002 166250044
166250030 166250048
166250034 166250074
166250016 166250095
166250006 166250069
166250076 166250055
166250096 166250052
166250100 166250094
166250034 166250061
166250053 166250068
166250061 166250057
166250042 166250022
166250086 166250052
166250023 166250040
166250004 166250072
166250086 166250066
166250024 166250025
166250003 166250072
166250076 166250005
166250100 166250045
166250036 166250071
166250087 166250029
166250096 166250065
166250030 166250084
166250031 166250084
166250070 166250078
166250009 166250036
166250098 166250089
166250090 166250060
166250077 166250018
166250027 166250005
166250082 166250057
166250035 166250015
166250091 166250057
166250088 166250095
166250016 166250044
166250049 166250098
166250027 166250099
166250008 166250035
166250034 166250081
166250053 166250009
166250026 166250056
88125041 88125011
88125074 88125055
88125052 88125071
88125004 88125081
88125091 88125009
88125019 88125001
88125006 88125046
88125088 88125035
88125022 88125043
88125005 88125071
88125008 88125011
88125021 88125095
88125097 88125024
88125092 88125056
88125026 88125009
88125065 88125028
88125039 88125091
88125023 88125065
88125040 88125054
88125068 88125071
88125059 88125021
88125057 88125004
88125024 88125025
88125035 88125003
88125008 88125054
88125063 88125029
88125070 88125036
88125073 88125060
88125001 88125048
88125076 88125011
88125012 88125032
88125030 88125062
88125040 88125040
88125055 88125015
88125016 88125017
88125032 88125062
88125016 88125063
88125025 88125021
88125055 88125027
88125060 88125026
88125048 88125050
88125092 88125063
88125033 88125077
88125044 88125063
88125048 88125029
88125040 88125086
88125061 88125075
88125014 88125087
88125017 88125092
88125029 88125085
88125086 88125077
88125058 88125066
88125020 88125068
88125095 88125038
88125020 88125047
88125013 88125002
88125098 88125005
88125031 88125082
88125083 88125003
88125025 88125024
88125052 88125078
88125079 88125072
88125020 88125059
88125054 88125066
88125099 88125057
88125090 88125058
88125016 88125022
88125034 88125032
88125044 88125043
88125094 88125022
88125063 88125053
88125068 88125021
88125064 88125026
88125026 88125098
88125031 88125033
88125039 88125094
88125007 88125026
88125074 88125050
88125088 88125026
88125095 88125002
88125033 88125041
88125015 88125064
88125086 88125041
88125075 88125059
88125038 88125099
88125091 88125027
88125071 88125037
88125042 88125085
88125003 88125053
88125008 88125048
88125073 88125080
88125094 88125048
88125036 88125036
88125051 88125023
88125018 88125027
88125053 88125035
88125001 88125001
88125024 88125023
88125066 88125086
88125030 88125066
49062501 49062543
49062587 49062548
49062538 49062539
49062512 49062542
49062501 49062504
49062583 49062584
49062537 49062593
49062569 49062523
49062551 49062533
49062551 49062567
49062584 49062565
49062597 49062566
49062579 49062554
49062584 49062524
49062535 49062589
49062571 49062549
49062522 49062541
49062581 49062579
49062528 49062555
49062537 49062562
49062528 49062583
49062523 49062599
49062528 49062558
49062533 49062580
49062546 49062547
49062560 49062587
49062581 49062574
49062532 49062553
49062537 49062533
49062539 49062516
49062524 49062560
49062584 49062525
49062545 49062570
49062517 49062529
49062533 49062510
49062545 49062584
49062579 49062513
49062516 49062535
49062569 49062503
49062505 49062552
49062536 49062596
49062501 49062598
49062560 49062533
49062534 49062507
49062599 49062593
49062504 49062599
49062521 49062560
49062503 49062517
49062595 49062589
49062511 49062570
49062590 49062531
49062525 49062541
49062598 49062574
49062514 49062508
49062588 49062537
49062581 49062597
49062523 49062591
49062548 49062534
49062555 49062534
49062595 49062598
49062503 49062508
49062540 49062588
49062529 49062504
49062515 49062578
49062592 49062540
49062502 49062560
49062583 49062507
49062513 49062517
49062559 49062526
49062515 49062521
49062523 49062503
49062513 49062568
49062530 49062525
49062526 49062509
49062548 49062584
49062599 49062592
49062577 49062524
49062505 49062565
49062559 49062528
49062506 49062569
49062540 49062547
49062592 49062550
49062538 49062508
49062596 49062525
49062512 49062536
49062535 49062579
49062504 49062588
49062546 49062517
49062544 49062553
49062548 49062556
49062551 49062539
49062600 49062552
49062593 49062503
49062512 49062507
49062600 49062554
49062577 49062594
49062520 49062546
49062594 49062515
49062539 49062589
49062508 49062567
29531342 29531346
29531348 29531303
29531329 29531281
29531252 29531255
29531336 29531280
29531310 29531300
29531305 29531321
29531345 29531337
29531321 29531296
29531322 29531273
29531296 29531324
29531327 29531331
29531304 29531290
29531294 29531324
29531268 29531301
29531339 29531310
29531301 29531307
29531257 29531324
29531279 29531337
29531338 29531347
29531334 29531261
29531344 29531262
29531307 29531329
29531325 29531306
29531334 29531286
29531283 29531330
29531284 29531300
29531319 29531299
29531316 29531344
29531251 29531321
29531316 29531251
29531316 29531305
29531318 29531288
29531263 29531311
29531316 29531308
29531261 29531322
29531345 29531310
29531269 29531340
29531262 29531265
29531300 29531283
29531309 29531308
29531272 29531252
29531259 29531281
29531272 29531280
29531300 29531336
29531308 29531341
29531331 29531300
29531286 29531321
29531340 29531278
29531267 29531290
29531304 29531294
29531320 29531266
29531257 29531258
29531345 29531259
29531331 29531326
29531307 29531313
29531287 29531345
29531264 29531282
29531331 29531262
29531343 29531350
29531253 29531274
29531256 29531335
29531256 29531330
29531302 29531307
29531346 29531346
29531291 29531302
29531288 29531298
29531259 29531347
29531268 29531305
29531311 29531264
29531279 29531319
29531293 29531310
29531331 29531336
29531292 29531301
29531278 29531322
29531338 29531262
29531261 29531347
29531272 29531260
29531336 29531308
29531287 29531338
29531277 29531306
29531273 29531317
29531339 29531324
29531339 29531272
29531335 29531346
29531306 29531303
29531310 29531300
29531335 29531279
29531278 29531272
29531274 29531285
29531257 29531303
29531347 29531284
29531312 29531298
29531289 29531326
29531330 29531310
29531310 29531301
29531345 29531253
29531304 29531324
29531348 29531327
29531336 29531284
14 23
85 23
8 17
11 28
7 65
41 15
46 47
95 3
52 8
24 7
23 94
78 8
20 12
54 21
32 21
47 13
100 86
93 31
76 69
11 12
60 89
41 84
20 33
24 93
14 91
68 44
12 56
83 45
62 70
83 99
29 6
36 68
36 34
27 56
40 40
49 63
84 89
87 12
34 75
74 19
56 26
39 32
23 95
53 42
1 1
33 65
50 44
87 69
73 54
8 45
79 78
88 51
27 78
46 75
38 9
71 67
41 44
82 66
16 88
100 6
88 53
38 30
68 14
67 96
15 15
65 28
83 62
43 46
13 75
81 54
10 81
64 81
3 88
91 44
5 38
45 13
40 89
49 81
63 92
41 52
45 81
71 12
27 44
79 96
30 14
86 4
37 15
17 65
20 53
13 68
25 46
68 79
88 50
91 86
62 18
8 12
67 5
4 82
73 98
96 68
