# source: JorikJooken
# original path: jj_extract\knapsackProblemInstances-master\problemInstances\n_800_c_10000000000_g_10_f_0.1_eps_0.01_s_300\test.in
# optimal value: 9999245812
# format: n capacity, then weight value
800 10000000000
5100000204 5100000215
5100000145 5100000177
5100000071 5100000053
5100000019 5100000279
5100000042 5100000175
5100000031 5100000170
5100000206 5100000226
5100000096 5100000193
5100000123 5100000275
5100000102 5100000116
5100000250 5100000120
5100000141 5100000209
5100000005 5100000267
5100000203 5100000107
5100000047 5100000176
5100000038 5100000144
5100000204 5100000214
5100000153 5100000147
5100000028 5100000264
5100000125 5100000010
5100000016 5100000014
5100000224 5100000216
5100000217 5100000285
5100000168 5100000210
5100000216 5100000085
5100000208 5100000243
5100000275 5100000028
5100000207 5100000192
5100000284 5100000278
5100000106 5100000096
5100000249 5100000067
5100000005 5100000193
5100000110 5100000024
5100000229 5100000095
5100000256 5100000213
5100000130 5100000175
5100000168 5100000005
5100000125 5100000195
5100000177 5100000040
5100000108 5100000088
5100000173 5100000012
5100000243 5100000230
5100000247 5100000147
5100000282 5100000095
5100000035 5100000151
5100000256 5100000045
5100000080 5100000169
5100000226 5100000100
5100000291 5100000213
5100000287 5100000271
5100000192 5100000280
5100000111 5100000295
5100000063 5100000015
5100000024 5100000031
5100000079 5100000016
5100000086 5100000101
5100000019 5100000229
5100000097 5100000222
5100000073 5100000182
5100000249 5100000197
5100000218 5100000165
5100000276 5100000201
5100000089 5100000236
5100000056 5100000264
5100000140 5100000266
5100000249 5100000149
5100000083 5100000049
5100000118 5100000155
5100000177 5100000227
5100000151 5100000067
5100000105 5100000011
5100000151 5100000251
5100000272 5100000255
5100000192 5100000018
5100000033 5100000069
5100000290 5100000108
5100000263 5100000018
5100000259 5100000121
5100000209 5100000266
5100000289 5100000012
2600000065 2600000239
2600000297 2600000075
2600000114 2600000282
2600000048 2600000200
2600000207 2600000005
2600000005 2600000119
2600000241 2600000093
2600000229 2600000213
2600000293 2600000014
2600000139 2600000298
2600000038 2600000264
2600000162 2600000129
2600000047 2600000229
2600000290 2600000139
2600000046 2600000133
2600000251 2600000064
2600000230 2600000206
2600000060 2600000232
2600000079 2600000129
2600000186 2600000171
2600000126 2600000200
2600000111 2600000221
2600000119 2600000220
2600000109 2600000234
2600000067 2600000205
2600000239 2600000287
2600000132 2600000228
2600000297 2600000078
2600000137 2600000144
2600000177 2600000015
2600000147 2600000053
2600000155 2600000036
2600000006 2600000131
2600000212 2600000122
2600000042 2600000154
2600000166 2600000022
2600000163 2600000209
2600000222 2600000071
2600000168 2600000193
2600000229 2600000071
2600000212 2600000134
2600000182 2600000159
2600000191 2600000195
2600000156 2600000184
2600000267 2600000030
2600000234 2600000034
2600000083 2600000285
2600000005 2600000250
2600000087 2600000110
2600000197 2600000176
2600000006 2600000074
2600000299 2600000159
2600000297 2600000202
2600000270 2600000133
2600000221 2600000182
2600000253 2600000004
2600000189 2600000020
2600000062 2600000238
2600000039 2600000014
2600000118 2600000103
2600000173 2600000056
2600000285 2600000183
2600000293 2600000238
2600000183 2600000283
2600000270 2600000140
2600000186 2600000101
2600000107 2600000094
2600000050 2600000024
2600000121 2600000235
2600000245 2600000166
2600000002 2600000098
2600000282 2600000185
2600000199 2600000146
2600000258 2600000009
2600000123 2600000115
2600000098 2600000108
2600000248 2600000238
2600000097 2600000172
2600000258 2600000146
2600000294 2600000160
1350000114 1350000278
1350000184 1350000260
1350000140 1350000290
1350000294 1350000173
1350000023 1350000021
1350000006 1350000185
1350000278 1350000103
1350000175 1350000169
1350000264 1350000009
1350000249 1350000075
1350000139 1350000047
1350000002 1350000263
1350000246 1350000291
1350000016 1350000142
1350000278 1350000013
1350000069 1350000300
1350000006 1350000063
1350000050 1350000235
1350000075 1350000136
1350000046 1350000282
1350000233 1350000051
1350000013 1350000121
1350000129 1350000209
1350000159 1350000237
1350000192 1350000016
1350000014 1350000269
1350000204 1350000027
1350000244 1350000267
1350000286 1350000182
1350000227 1350000087
1350000206 1350000105
1350000059 1350000225
1350000232 1350000065
1350000076 1350000106
1350000282 1350000281
1350000232 1350000231
1350000029 1350000035
1350000063 1350000256
1350000184 1350000209
1350000143 1350000130
1350000246 1350000125
1350000235 1350000293
1350000057 1350000013
1350000220 1350000123
1350000223 1350000154
1350000080 1350000032
1350000177 1350000288
1350000263 1350000046
1350000128 1350000096
1350000115 1350000128
1350000177 1350000260
1350000146 1350000003
1350000231 1350000054
1350000031 1350000018
1350000019 1350000243
1350000236 1350000245
1350000146 1350000057
1350000134 1350000053
1350000068 1350000100
1350000249 1350000274
1350000026 1350000040
1350000245 1350000059
1350000028 1350000222
1350000051 1350000235
1350000041 1350000139
1350000032 1350000055
1350000079 1350000065
1350000233 1350000223
1350000031 1350000185
1350000074 1350000085
1350000034 1350000169
1350000202 1350000090
1350000074 1350000265
1350000056 1350000205
1350000190 1350000126
1350000080 1350000213
1350000155 1350000243
1350000297 1350000229
1350000137 1350000284
1350000233 1350000178
725000230 725000265
725000250 725000063
725000088 725000154
725000263 725000017
725000168 725000176
725000270 725000258
725000263 725000090
725000082 725000168
725000152 725000108
725000166 725000031
725000225 725000276
725000042 725000040
725000245 725000113
725000067 725000121
725000255 725000027
725000097 725000231
725000097 725000155
725000112 725000050
725000199 725000084
725000225 725000180
725000137 725000112
725000212 725000068
725000278 725000135
725000118 725000181
725000218 725000237
725000249 725000097
725000214 725000219
725000291 725000240
725000212 725000297
725000045 725000169
725000094 725000195
725000070 725000001
725000156 725000096
725000069 725000282
725000205 725000156
725000227 725000239
725000091 725000237
725000141 725000236
725000062 725000266
725000243 725000263
725000040 725000127
725000224 725000176
725000270 725000175
725000108 725000274
725000083 725000273
725000078 725000280
725000237 725000001
725000009 725000269
725000147 725000073
725000259 725000271
725000074 725000063
725000117 725000254
725000289 725000129
725000057 725000160
725000035 725000192
725000213 725000106
725000128 725000095
725000039 725000160
725000149 725000074
725000292 725000180
725000054 725000086
725000028 725000004
725000234 725000032
725000217 725000031
725000219 725000179
725000184 725000231
725000081 725000168
725000086 725000147
725000135 725000022
725000017 725000176
725000214 725000077
725000035 725000281
725000048 725000009
725000245 725000145
725000171 725000004
725000290 725000203
725000054 725000051
725000286 725000250
725000238 725000219
725000151 725000212
412500154 412500154
412500297 412500102
412500217 412500215
412500079 412500163
412500220 412500299
412500219 412500044
412500172 412500160
412500087 412500035
412500291 412500189
412500001 412500275
412500253 412500029
412500168 412500223
412500223 412500276
412500200 412500232
412500256 412500136
412500208 412500252
412500147 412500004
412500149 412500176
412500058 412500171
412500157 412500187
412500182 412500134
412500041 412500249
412500224 412500190
412500092 412500073
412500121 412500019
412500295 412500055
412500207 412500114
412500001 412500067
412500230 412500119
412500295 412500176
412500006 412500226
412500123 412500113
412500245 412500028
412500171 412500144
412500276 412500273
412500266 412500230
412500124 412500195
412500177 412500118
412500125 412500130
412500218 412500051
412500170 412500078
412500288 412500029
412500143 412500162
412500063 412500220
412500122 412500103
412500100 412500062
412500103 412500180
412500159 412500040
412500094 412500125
412500133 412500203
412500035 412500014
412500030 412500291
412500297 412500043
412500099 412500245
412500228 412500076
412500214 412500286
412500092 412500122
412500015 412500298
412500006 412500100
412500187 412500248
412500190 412500123
412500056 412500280
412500011 412500134
412500216 412500164
412500220 412500107
412500009 412500233
412500073 412500030
412500239 412500193
412500025 412500102
412500135 412500130
412500100 412500178
412500021 412500153
412500097 412500071
412500293 412500209
412500214 412500245
412500140 412500117
412500050 412500046
412500033 412500282
412500248 412500047
412500284 412500079
256250248 256250153
256250170 256250278
256250111 256250142
256250222 256250097
256250168 256250246
256250192 256250104
256250294 256250097
256250215 256250156
256250193 256250124
256250290 256250093
256250015 256250214
256250050 256250071
256250290 256250259
256250247 256250034
256250275 256250130
256250122 256250280
256250054 256250138
256250078 256250238
256250217 256250007
256250281 256250268
256250140 256250195
256250233 256250070
256250182 256250258
256250033 256250252
256250209 256250237
256250120 256250276
256250054 256250208
256250144 256250102
256250024 256250246
256250263 256250276
256250144 256250013
256250123 256250163
256250158 256250291
256250043 256250035
256250022 256250272
256250042 256250226
256250037 256250277
256250041 256250134
256250221 256250295
256250084 256250031
256250213 256250070
256250071 256250251
256250041 256250040
256250039 256250001
256250141 256250286
256250222 256250200
256250004 256250251
256250041 256250041
256250275 256250263
256250222 256250195
256250116 256250224
256250008 256250102
256250227 256250260
256250285 256250100
256250075 256250001
256250231 256250165
256250143 256250249
256250151 256250298
256250166 256250176
256250038 256250262
256250239 256250252
256250243 256250277
256250044 256250029
256250129 256250132
256250162 256250182
256250216 256250234
256250258 256250093
256250082 256250290
256250272 256250158
256250164 256250275
256250209 256250003
256250110 256250030
256250198 256250082
256250021 256250049
256250293 256250078
256250095 256250229
256250300 256250112
256250244 256250043
256250107 256250167
256250182 256250252
178125121 178125284
178125191 178125275
178125065 178125029
178125014 178125103
178125141 178125011
178125250 178125066
178125074 178125018
178125079 178125128
178125213 178125060
178125248 178125154
178125044 178125031
178125007 178125273
178125103 178125039
178125148 178125196
178125024 178125110
178125299 178125010
178125160 178125060
178125015 178125114
178125149 178125111
178125271 178125220
178125223 178125280
178125087 178125186
178125292 178125186
178125071 178125293
178125139 178125144
178125176 178125182
178125252 178125012
178125245 178125215
178125216 178125296
178125174 178125245
178125294 178125189
178125255 178125130
178125083 178125175
178125183 178125035
178125279 178125109
178125161 178125065
178125191 178125119
178125104 178125087
178125233 178125185
178125214 178125144
178125110 178125196
178125178 178125125
178125216 178125220
178125178 178125068
178125108 178125210
178125231 178125191
178125139 178125029
178125020 178125197
178125153 178125188
178125105 178125272
178125102 178125172
178125032 178125199
178125236 178125081
178125145 178125266
178125109 178125090
178125243 178125148
178125142 178125022
178125020 178125061
178125216 178125248
178125041 178125047
178125172 178125156
178125049 178125056
178125116 178125210
178125198 178125140
178125154 178125198
178125106 178125263
178125196 178125224
178125086 178125193
178125241 178125127
178125257 178125064
178125041 178125121
178125167 178125285
178125292 178125248
178125101 178125282
178125046 178125158
178125233 178125081
178125231 178125296
178125249 178125232
178125079 178125182
178125013 178125026
139062595 139062634
139062760 139062526
139062676 139062702
139062712 139062740
139062742 139062656
139062664 139062614
139062775 139062621
139062565 139062580
139062787 139062620
139062615 139062732
139062659 139062589
139062543 139062579
139062605 139062667
139062536 139062799
139062768 139062711
139062666 139062560
139062571 139062577
139062714 139062771
139062725 139062745
139062536 139062743
139062728 139062734
139062657 139062505
139062741 139062721
139062783 139062515
139062745 139062628
139062786 139062531
139062600 139062517
139062559 139062743
139062550 139062568
139062783 139062611
139062639 139062775
139062557 139062651
139062749 139062762
139062700 139062784
139062691 139062710
139062680 139062705
139062679 139062796
139062757 139062799
139062739 139062728
139062795 139062545
139062785 139062689
139062723 139062722
139062614 139062567
139062534 139062794
139062683 139062789
139062783 139062632
139062506 139062798
139062692 139062722
139062762 139062522
139062645 139062783
139062563 139062622
139062644 139062530
139062562 139062569
139062613 139062756
139062520 139062663
139062658 139062557
139062688 139062615
139062642 139062746
139062733 139062512
139062694 139062780
139062648 139062676
139062674 139062672
139062787 139062655
139062530 139062677
139062799 139062656
139062534 139062798
139062761 139062728
139062724 139062744
139062660 139062698
139062536 139062567
139062548 139062723
139062652 139062648
139062582 139062799
139062583 139062531
139062626 139062512
139062634 139062530
139062630 139062611
139062606 139062613
139062550 139062664
139062727 139062716
119531328 119531362
119531501 119531489
119531272 119531370
119531433 119531511
119531318 119531486
119531342 119531501
119531505 119531423
119531464 119531352
119531327 119531420
119531277 119531279
119531466 119531337
119531494 119531304
119531300 119531393
119531541 119531253
119531522 119531324
119531405 119531264
119531475 119531485
119531360 119531416
119531530 119531310
119531280 119531549
119531422 119531340
119531404 119531279
119531387 119531314
119531481 119531501
119531381 119531251
119531364 119531277
119531402 119531474
119531356 119531426
119531525 119531279
119531492 119531292
119531267 119531321
119531341 119531486
119531426 119531412
119531454 119531260
119531399 119531448
119531276 119531473
119531266 119531278
119531400 119531252
119531475 119531516
119531444 119531300
119531481 119531333
119531333 119531368
119531418 119531352
119531339 119531523
119531353 119531476
119531454 119531471
119531439 119531462
119531527 119531253
119531305 119531370
119531332 119531364
119531274 119531348
119531511 119531436
119531429 119531430
119531328 119531308
119531411 119531405
119531490 119531339
119531316 119531493
119531306 119531298
119531468 119531303
119531427 119531380
119531268 119531275
119531333 119531365
119531271 119531292
119531458 119531483
119531535 119531471
119531485 119531272
119531334 119531270
119531464 119531548
119531276 119531410
119531330 119531509
119531523 119531301
119531508 119531376
119531305 119531513
119531434 119531322
119531442 119531336
119531485 119531395
119531451 119531475
119531351 119531467
119531353 119531530
119531462 119531394
10 153
228 278
151 64
53 81
285 79
226 234
210 59
39 21
245 46
174 214
169 179
288 185
10 240
282 55
187 9
39 50
226 152
267 93
23 88
159 178
30 124
38 295
169 190
67 14
261 101
204 64
139 94
145 298
192 288
102 99
268 220
17 250
63 168
206 35
147 89
33 188
95 190
201 218
290 279
126 78
276 78
78 109
294 38
81 103
259 58
237 8
191 102
199 148
211 38
187 293
223 284
25 74
226 11
11 117
277 67
93 109
254 241
209 106
298 23
224 229
217 11
49 94
188 273
260 150
68 259
245 165
124 158
242 126
228 70
19 34
299 51
30 261
154 130
36 265
72 99
226 257
97 218
57 186
249 48
101 231
