# source: JorikJooken
# original path: jj_extract\knapsackProblemInstances-master\problemInstances\n_1000_c_10000000000_g_6_f_0.2_eps_0.01_s_300\test.in
# optimal value: 9975033354
# format: n capacity, then weight value
1000 10000000000
5100000021 5100000036
5100000072 5100000058
5100000100 5100000287
5100000098 5100000170
5100000004 5100000157
5100000179 5100000176
5100000041 5100000032
5100000039 5100000045
5100000227 5100000144
5100000237 5100000228
5100000148 5100000144
5100000163 5100000284
5100000090 5100000256
5100000026 5100000035
5100000276 5100000077
5100000035 5100000200
5100000119 5100000034
5100000286 5100000242
5100000006 5100000054
5100000228 5100000030
5100000075 5100000112
5100000084 5100000025
5100000070 5100000050
5100000229 5100000165
5100000204 5100000109
5100000095 5100000049
5100000217 5100000063
5100000171 5100000080
5100000178 5100000051
5100000183 5100000058
5100000296 5100000197
5100000082 5100000273
5100000153 5100000052
5100000124 5100000021
5100000252 5100000281
5100000299 5100000155
5100000125 5100000032
5100000082 5100000140
5100000167 5100000207
5100000127 5100000126
5100000165 5100000274
5100000084 5100000258
5100000175 5100000146
5100000267 5100000136
5100000123 5100000246
5100000016 5100000055
5100000270 5100000300
5100000206 5100000022
5100000049 5100000216
5100000149 5100000113
5100000127 5100000264
5100000126 5100000150
5100000090 5100000296
5100000275 5100000266
5100000086 5100000114
5100000242 5100000288
5100000213 5100000028
5100000165 5100000180
5100000014 5100000262
5100000209 5100000184
5100000202 5100000008
5100000143 5100000202
5100000169 5100000088
5100000085 5100000156
5100000222 5100000289
5100000143 5100000271
5100000082 5100000279
5100000122 5100000213
5100000019 5100000011
5100000007 5100000042
5100000291 5100000188
5100000234 5100000145
5100000045 5100000215
5100000029 5100000249
5100000115 5100000070
5100000072 5100000022
5100000211 5100000222
5100000151 5100000076
5100000253 5100000064
5100000077 5100000198
5100000052 5100000036
5100000156 5100000157
5100000092 5100000135
5100000251 5100000278
5100000165 5100000155
5100000033 5100000052
5100000105 5100000066
5100000133 5100000178
5100000035 5100000006
5100000096 5100000237
5100000158 5100000110
5100000150 5100000260
5100000053 5100000119
5100000132 5100000264
5100000173 5100000062
5100000246 5100000059
5100000037 5100000004
5100000143 5100000157
5100000117 5100000026
5100000015 5100000131
5100000190 5100000212
5100000193 5100000121
5100000166 5100000100
5100000063 5100000141
5100000152 5100000148
5100000181 5100000084
5100000076 5100000078
5100000225 5100000039
5100000085 5100000043
5100000133 5100000166
5100000205 5100000247
5100000117 5100000053
5100000066 5100000141
5100000156 5100000187
5100000106 5100000241
5100000180 5100000167
5100000018 5100000222
5100000167 5100000053
5100000020 5100000102
5100000150 5100000289
5100000042 5100000085
5100000146 5100000002
5100000241 5100000123
5100000277 5100000041
5100000140 5100000084
5100000152 5100000217
5100000089 5100000126
5100000210 5100000115
5100000198 5100000286
5100000247 5100000254
5100000150 5100000271
5100000142 5100000029
5100000294 5100000096
5100000267 5100000093
5100000138 5100000227
5100000155 5100000258
5100000260 5100000248
5100000001 5100000293
5100000211 5100000154
5100000054 5100000259
5100000138 5100000042
5100000254 5100000252
5100000125 5100000083
5100000229 5100000078
5100000034 5100000252
5100000228 5100000247
5100000241 5100000152
5100000230 5100000048
5100000252 5100000289
5100000191 5100000286
5100000089 5100000072
5100000260 5100000127
5100000234 5100000026
5100000128 5100000115
5100000201 5100000236
5100000022 5100000033
5100000238 5100000021
5100000059 5100000209
5100000073 5100000095
5100000218 5100000116
2600000229 2600000283
2600000254 2600000004
2600000288 2600000270
2600000005 2600000163
2600000078 2600000048
2600000018 2600000109
2600000296 2600000296
2600000074 2600000170
2600000253 2600000233
2600000065 2600000186
2600000133 2600000296
2600000237 2600000026
2600000177 2600000175
2600000205 2600000214
2600000138 2600000128
2600000200 2600000040
2600000159 2600000239
2600000211 2600000071
2600000061 2600000191
2600000058 2600000134
2600000201 2600000150
2600000049 2600000240
2600000250 2600000277
2600000232 2600000061
2600000099 2600000179
2600000209 2600000202
2600000161 2600000172
2600000286 2600000215
2600000141 2600000077
2600000076 2600000159
2600000232 2600000118
2600000211 2600000090
2600000012 2600000278
2600000151 2600000255
2600000145 2600000091
2600000081 2600000170
2600000293 2600000229
2600000117 2600000134
2600000220 2600000230
2600000034 2600000154
2600000121 2600000066
2600000226 2600000128
2600000115 2600000169
2600000116 2600000061
2600000077 2600000063
2600000037 2600000086
2600000032 2600000248
2600000278 2600000180
2600000042 2600000026
2600000131 2600000071
2600000127 2600000158
2600000088 2600000212
2600000255 2600000013
2600000166 2600000266
2600000086 2600000254
2600000071 2600000115
2600000287 2600000022
2600000201 2600000160
2600000004 2600000014
2600000014 2600000077
2600000182 2600000126
2600000257 2600000157
2600000205 2600000021
2600000121 2600000215
2600000007 2600000024
2600000126 2600000258
2600000026 2600000282
2600000278 2600000146
2600000247 2600000247
2600000086 2600000142
2600000088 2600000066
2600000170 2600000242
2600000204 2600000268
2600000182 2600000198
2600000257 2600000022
2600000103 2600000060
2600000146 2600000209
2600000218 2600000052
2600000135 2600000121
2600000275 2600000130
2600000219 2600000267
2600000209 2600000209
2600000224 2600000246
2600000296 2600000002
2600000284 2600000111
2600000068 2600000284
2600000134 2600000251
2600000178 2600000001
2600000266 2600000108
2600000179 2600000245
2600000013 2600000242
2600000170 2600000256
2600000092 2600000020
2600000001 2600000161
2600000036 2600000187
2600000057 2600000242
2600000110 2600000062
2600000110 2600000176
2600000190 2600000008
2600000290 2600000241
2600000223 2600000095
2600000063 2600000025
2600000056 2600000056
2600000017 2600000144
2600000258 2600000292
2600000065 2600000010
2600000281 2600000295
2600000066 2600000028
2600000299 2600000250
2600000285 2600000265
2600000286 2600000152
2600000034 2600000157
2600000077 2600000060
2600000209 2600000071
2600000058 2600000111
2600000205 2600000022
2600000136 2600000099
2600000066 2600000128
2600000213 2600000228
2600000058 2600000016
2600000166 2600000052
2600000200 2600000067
2600000008 2600000170
2600000025 2600000243
2600000013 2600000066
2600000279 2600000144
2600000149 2600000299
2600000274 2600000043
2600000190 2600000293
2600000239 2600000288
2600000126 2600000096
2600000142 2600000271
2600000242 2600000231
2600000281 2600000278
2600000291 2600000069
2600000068 2600000030
2600000090 2600000187
2600000088 2600000008
2600000191 2600000289
2600000254 2600000170
2600000004 2600000265
2600000135 2600000142
2600000273 2600000293
2600000119 2600000076
2600000275 2600000075
2600000059 2600000151
2600000221 2600000098
2600000097 2600000187
2600000297 2600000042
2600000156 2600000056
2600000037 2600000282
2600000300 2600000073
2600000036 2600000135
2600000239 2600000111
2600000112 2600000102
2600000188 2600000050
2600000042 2600000230
2600000178 2600000263
2600000200 2600000176
2600000220 2600000187
1350000081 1350000234
1350000027 1350000224
1350000124 1350000001
1350000096 1350000287
1350000124 1350000098
1350000093 1350000249
1350000067 1350000147
1350000144 1350000288
1350000184 1350000012
1350000125 1350000220
1350000181 1350000196
1350000032 1350000067
1350000222 1350000112
1350000255 1350000096
1350000023 1350000249
1350000147 1350000164
1350000164 1350000015
1350000247 1350000264
1350000179 1350000012
1350000280 1350000188
1350000135 1350000074
1350000004 1350000052
1350000108 1350000237
1350000273 1350000225
1350000251 1350000067
1350000251 1350000111
1350000002 1350000170
1350000100 1350000056
1350000163 1350000290
1350000115 1350000012
1350000107 1350000249
1350000188 1350000003
1350000252 1350000153
1350000105 1350000196
1350000267 1350000016
1350000286 1350000220
1350000178 1350000125
1350000170 1350000171
1350000058 1350000237
1350000122 1350000011
1350000258 1350000203
1350000145 1350000125
1350000278 1350000052
1350000255 1350000245
1350000221 1350000236
1350000263 1350000037
1350000205 1350000154
1350000131 1350000057
1350000182 1350000102
1350000043 1350000132
1350000068 1350000234
1350000151 1350000144
1350000148 1350000250
1350000287 1350000212
1350000121 1350000067
1350000048 1350000040
1350000300 1350000173
1350000188 1350000272
1350000141 1350000080
1350000266 1350000065
1350000019 1350000234
1350000270 1350000097
1350000010 1350000018
1350000044 1350000017
1350000260 1350000237
1350000161 1350000134
1350000075 1350000051
1350000140 1350000115
1350000257 1350000096
1350000262 1350000101
1350000246 1350000162
1350000107 1350000150
1350000204 1350000171
1350000249 1350000215
1350000286 1350000159
1350000058 1350000163
1350000073 1350000087
1350000109 1350000291
1350000056 1350000190
1350000017 1350000233
1350000141 1350000133
1350000230 1350000243
1350000242 1350000107
1350000197 1350000119
1350000289 1350000250
1350000205 1350000105
1350000257 1350000159
1350000091 1350000180
1350000286 1350000155
1350000224 1350000028
1350000267 1350000121
1350000248 1350000119
1350000037 1350000143
1350000261 1350000165
1350000123 1350000014
1350000026 1350000211
1350000090 1350000028
1350000275 1350000160
1350000246 1350000003
1350000182 1350000054
1350000113 1350000005
1350000163 1350000272
1350000131 1350000234
1350000104 1350000100
1350000252 1350000054
1350000092 1350000179
1350000021 1350000231
1350000154 1350000022
1350000078 1350000022
1350000156 1350000046
1350000174 1350000081
1350000211 1350000178
1350000243 1350000141
1350000220 1350000260
1350000200 1350000201
1350000136 1350000195
1350000198 1350000069
1350000067 1350000121
1350000122 1350000173
1350000197 1350000198
1350000285 1350000110
1350000165 1350000108
1350000202 1350000227
1350000091 1350000235
1350000188 1350000292
1350000200 1350000091
1350000030 1350000206
1350000267 1350000062
1350000237 1350000227
1350000098 1350000089
1350000030 1350000217
1350000143 1350000246
1350000233 1350000153
1350000193 1350000112
1350000021 1350000106
1350000232 1350000134
1350000075 1350000167
1350000120 1350000014
1350000109 1350000070
1350000237 1350000097
1350000179 1350000300
1350000006 1350000138
1350000042 1350000082
1350000003 1350000288
1350000032 1350000072
1350000092 1350000172
1350000036 1350000116
1350000036 1350000029
1350000159 1350000070
1350000209 1350000122
1350000266 1350000248
1350000247 1350000015
1350000131 1350000192
1350000236 1350000267
1350000241 1350000232
1350000185 1350000010
1350000262 1350000162
1350000048 1350000007
1350000123 1350000058
1350000113 1350000076
725000033 725000180
725000105 725000037
725000032 725000299
725000204 725000010
725000005 725000087
725000236 725000260
725000035 725000198
725000028 725000168
725000289 725000022
725000031 725000215
725000072 725000004
725000053 725000182
725000189 725000107
725000127 725000283
725000171 725000193
725000026 725000047
725000141 725000189
725000007 725000063
725000212 725000161
725000231 725000161
725000267 725000083
725000089 725000036
725000197 725000297
725000260 725000227
725000157 725000090
725000100 725000027
725000008 725000226
725000140 725000116
725000230 725000122
725000269 725000056
725000033 725000277
725000158 725000035
725000068 725000021
725000142 725000146
725000216 725000114
725000046 725000156
725000019 725000022
725000195 725000239
725000216 725000213
725000062 725000257
725000225 725000106
725000260 725000275
725000093 725000246
725000241 725000041
725000035 725000109
725000265 725000140
725000161 725000282
725000285 725000293
725000206 725000061
725000230 725000263
725000179 725000236
725000088 725000098
725000114 725000037
725000168 725000233
725000273 725000107
725000184 725000093
725000192 725000047
725000095 725000116
725000024 725000217
725000280 725000135
725000282 725000155
725000134 725000061
725000238 725000120
725000166 725000115
725000093 725000136
725000102 725000074
725000228 725000133
725000058 725000150
725000007 725000116
725000246 725000284
725000239 725000121
725000177 725000056
725000210 725000257
725000002 725000023
725000001 725000034
725000155 725000084
725000257 725000255
725000204 725000245
725000227 725000024
725000134 725000213
725000217 725000244
725000049 725000152
725000017 725000032
725000062 725000152
725000213 725000023
725000254 725000137
725000241 725000137
725000238 725000048
725000209 725000047
725000249 725000067
725000249 725000217
725000096 725000067
725000287 725000287
725000187 725000052
725000213 725000064
725000263 725000204
725000031 725000035
725000077 725000275
725000022 725000293
725000224 725000258
725000075 725000271
725000244 725000003
725000165 725000283
725000136 725000098
725000229 725000066
725000073 725000169
725000202 725000236
725000084 725000273
725000048 725000011
725000267 725000031
725000207 725000115
725000019 725000117
725000245 725000040
725000128 725000191
725000275 725000121
725000171 725000224
725000257 725000203
725000002 725000061
725000061 725000141
725000028 725000003
725000130 725000241
725000097 725000202
725000168 725000292
725000028 725000231
725000119 725000239
725000014 725000078
725000234 725000066
725000010 725000210
725000297 725000042
725000016 725000134
725000038 725000108
725000281 725000100
725000103 725000143
725000134 725000169
725000126 725000030
725000050 725000137
725000055 725000170
725000211 725000017
725000049 725000065
725000087 725000258
725000208 725000123
725000058 725000121
725000115 725000037
725000115 725000097
725000259 725000099
725000164 725000157
725000294 725000233
725000100 725000197
725000034 725000232
725000011 725000296
725000007 725000057
725000108 725000283
725000192 725000260
725000162 725000276
725000041 725000264
725000124 725000042
725000132 725000013
725000209 725000185
725000046 725000005
725000290 725000075
412500046 412500115
412500007 412500114
412500208 412500214
412500209 412500083
412500114 412500096
412500279 412500133
412500188 412500082
412500035 412500197
412500167 412500219
412500296 412500160
412500254 412500211
412500182 412500238
412500093 412500102
412500040 412500117
412500249 412500185
412500222 412500050
412500271 412500041
412500233 412500142
412500122 412500176
412500251 412500094
412500160 412500172
412500191 412500055
412500254 412500033
412500021 412500183
412500015 412500250
412500292 412500204
412500087 412500276
412500026 412500049
412500174 412500167
412500001 412500007
412500110 412500047
412500253 412500214
412500132 412500021
412500246 412500252
412500044 412500041
412500013 412500067
412500224 412500023
412500015 412500195
412500177 412500093
412500013 412500014
412500137 412500265
412500174 412500269
412500191 412500215
412500118 412500172
412500049 412500261
412500284 412500248
412500114 412500130
412500015 412500100
412500213 412500020
412500058 412500223
412500119 412500141
412500274 412500110
412500111 412500224
412500145 412500156
412500091 412500242
412500063 412500105
412500138 412500160
412500185 412500007
412500145 412500137
412500200 412500024
412500215 412500044
412500007 412500084
412500154 412500093
412500142 412500105
412500271 412500111
412500012 412500057
412500091 412500167
412500093 412500071
412500206 412500062
412500214 412500118
412500035 412500193
412500153 412500148
412500227 412500144
412500239 412500141
412500029 412500162
412500292 412500034
412500235 412500020
412500246 412500009
412500023 412500216
412500210 412500212
412500184 412500013
412500162 412500284
412500225 412500263
412500173 412500228
412500185 412500210
412500138 412500011
412500178 412500114
412500012 412500204
412500167 412500042
412500160 412500009
412500070 412500180
412500137 412500070
412500038 412500017
412500157 412500139
412500004 412500077
412500054 412500138
412500269 412500160
412500196 412500161
412500128 412500261
412500298 412500254
412500117 412500007
412500006 412500274
412500164 412500166
412500102 412500222
412500266 412500131
412500262 412500174
412500137 412500126
412500010 412500070
412500224 412500232
412500163 412500094
412500057 412500082
412500051 412500042
412500216 412500091
412500246 412500047
412500124 412500076
412500296 412500228
412500276 412500122
412500260 412500271
412500023 412500110
412500159 412500001
412500265 412500191
412500273 412500207
412500077 412500140
412500082 412500210
412500288 412500213
412500057 412500275
412500193 412500171
412500144 412500151
412500231 412500109
412500215 412500202
412500225 412500258
412500048 412500249
412500075 412500188
412500158 412500158
412500268 412500233
412500005 412500080
412500099 412500243
412500111 412500009
412500170 412500257
412500052 412500280
412500232 412500268
412500240 412500081
412500144 412500004
412500158 412500109
412500058 412500114
412500126 412500089
412500065 412500138
412500109 412500267
412500145 412500111
412500274 412500164
412500040 412500115
412500261 412500223
412500213 412500133
412500118 412500201
412500183 412500109
412500271 412500192
412500280 412500219
412500260 412500225
412500205 412500292
412500154 412500012
232 278
30 196
20 176
218 260
117 101
83 126
198 182
287 89
195 248
90 166
13 204
3 211
248 289
37 94
96 263
249 231
289 143
22 116
41 25
106 253
16 93
33 23
54 257
197 185
68 272
32 205
223 18
161 181
234 143
232 181
135 297
34 28
175 75
3 242
162 143
22 195
183 221
137 109
202 105
59 158
296 240
205 25
287 255
47 274
77 133
78 146
264 183
63 97
117 227
226 41
17 162
185 132
251 137
46 64
156 113
66 107
129 131
257 104
220 170
257 24
175 270
7 300
240 40
252 145
34 61
162 293
162 103
32 26
167 288
43 156
154 1
181 36
195 98
105 70
248 122
223 160
270 50
43 193
67 161
95 110
75 171
277 67
184 218
186 130
50 199
21 159
155 299
77 191
251 33
296 255
224 53
55 53
235 58
11 69
287 213
206 279
2 258
176 55
252 230
286 269
230 179
127 256
146 254
51 232
60 271
146 47
284 217
204 216
27 47
153 282
230 271
256 118
152 219
13 159
247 107
63 25
36 226
269 240
145 10
276 183
197 220
239 101
183 72
216 40
160 18
51 85
216 84
133 238
137 236
19 185
139 252
217 71
74 254
220 242
26 170
75 222
93 97
261 64
101 128
81 252
149 299
252 100
283 89
246 255
180 13
81 21
254 150
45 78
30 239
119 117
8 121
132 71
146 101
293 300
174 236
4 150
86 269
212 293
287 204
262 291
256 176
148 293
250 32
121 187
63 72
256 157
238 2
30 25
82 186
90 220
225 177
10 198
174 66
184 153
98 101
251 274
237 2
110 136
126 285
44 258
20 212
268 203
264 120
94 176
253 125
60 256
194 174
218 76
163 72
112 62
149 142
130 214
291 75
7 278
234 14
177 38
81 264
166 187
66 205
40 201
