# source: JorikJooken
# original path: jj_extract\knapsackProblemInstances-master\problemInstances\n_600_c_100000000_g_10_f_0.3_eps_0_s_200\test.in
# optimal value: 99841429
# format: n capacity, then weight value
600 100000000
50000104 50000052
50000026 50000106
50000099 50000066
50000130 50000002
50000122 50000176
50000015 50000021
50000175 50000175
50000114 50000128
50000139 50000075
50000047 50000043
50000092 50000109
50000083 50000023
50000097 50000077
50000199 50000006
50000199 50000016
50000025 50000165
50000181 50000157
50000096 50000106
50000182 50000033
50000191 50000153
50000100 50000122
50000199 50000184
50000068 50000182
50000038 50000099
50000031 50000185
50000136 50000166
50000095 50000095
50000170 50000029
50000007 50000142
50000019 50000104
50000050 50000061
50000200 50000040
50000061 50000158
50000073 50000013
50000183 50000187
50000110 50000021
50000198 50000004
50000127 50000182
50000094 50000145
50000177 50000145
50000016 50000138
50000071 50000100
50000078 50000091
50000167 50000102
50000122 50000131
50000139 50000123
25000075 25000021
25000192 25000184
25000188 25000078
25000034 25000089
25000017 25000161
25000139 25000071
25000146 25000047
25000010 25000146
25000013 25000107
25000138 25000069
25000140 25000056
25000148 25000065
25000190 25000058
25000193 25000061
25000158 25000054
25000065 25000196
25000101 25000113
25000063 25000056
25000200 25000148
25000179 25000185
25000035 25000171
25000084 25000023
25000143 25000127
25000039 25000122
25000033 25000160
25000046 25000115
25000070 25000064
25000084 25000045
25000034 25000048
25000091 25000195
25000046 25000110
25000060 25000054
25000200 25000055
25000139 25000115
25000159 25000172
25000108 25000083
25000176 25000156
25000060 25000194
25000135 25000028
25000161 25000129
25000030 25000096
25000040 25000144
25000085 25000122
25000093 25000172
25000082 25000091
25000051 25000142
12500166 12500062
12500136 12500020
12500052 12500151
12500033 12500150
12500146 12500149
12500043 12500062
12500103 12500030
12500027 12500034
12500124 12500116
12500138 12500038
12500064 12500128
12500153 12500147
12500138 12500063
12500153 12500181
12500187 12500134
12500064 12500146
12500149 12500179
12500094 12500032
12500043 12500065
12500095 12500080
12500178 12500004
12500011 12500045
12500088 12500144
12500190 12500108
12500154 12500138
12500083 12500191
12500170 12500066
12500020 12500108
12500092 12500195
12500079 12500074
12500130 12500103
12500105 12500121
12500057 12500173
12500154 12500129
12500186 12500135
12500003 12500166
12500091 12500080
12500129 12500003
12500102 12500114
12500162 12500129
12500122 12500055
12500137 12500017
12500156 12500059
12500085 12500072
12500077 12500067
12500132 12500119
6250144 6250015
6250027 6250047
6250104 6250134
6250052 6250062
6250073 6250087
6250116 6250200
6250171 6250153
6250042 6250056
6250184 6250119
6250163 6250061
6250053 6250153
6250004 6250168
6250104 6250022
6250169 6250094
6250070 6250114
6250126 6250080
6250006 6250045
6250039 6250093
6250001 6250099
6250035 6250154
6250178 6250043
6250019 6250082
6250103 6250014
6250089 6250197
6250193 6250053
6250171 6250181
6250141 6250132
6250066 6250123
6250109 6250125
6250134 6250128
6250192 6250085
6250051 6250134
6250034 6250195
6250078 6250127
6250131 6250197
6250094 6250157
6250141 6250143
6250083 6250173
6250187 6250175
6250184 6250186
6250050 6250066
6250119 6250145
6250006 6250088
6250058 6250047
6250094 6250053
6250035 6250022
3125014 3125168
3125145 3125132
3125130 3125042
3125171 3125123
3125200 3125178
3125016 3125070
3125125 3125031
3125196 3125033
3125016 3125177
3125108 3125020
3125124 3125021
3125126 3125006
3125062 3125193
3125200 3125150
3125123 3125143
3125103 3125192
3125197 3125152
3125112 3125090
3125179 3125120
3125097 3125172
3125049 3125124
3125056 3125153
3125024 3125160
3125005 3125053
3125075 3125151
3125005 3125102
3125107 3125096
3125031 3125103
3125107 3125064
3125181 3125054
3125087 3125181
3125105 3125130
3125098 3125132
3125049 3125081
3125172 3125054
3125170 3125084
3125019 3125110
3125096 3125100
3125041 3125121
3125059 3125178
3125077 3125010
3125098 3125012
3125184 3125071
3125155 3125075
3125144 3125017
3125069 3125009
1562554 1562648
1562688 1562524
1562595 1562675
1562600 1562659
1562530 1562547
1562612 1562517
1562628 1562646
1562609 1562618
1562612 1562537
1562656 1562668
1562618 1562597
1562691 1562559
1562537 1562666
1562591 1562646
1562673 1562578
1562540 1562614
1562618 1562506
1562564 1562586
1562559 1562591
1562545 1562682
1562578 1562513
1562556 1562538
1562637 1562555
1562565 1562647
1562553 1562565
1562601 1562533
1562573 1562565
1562560 1562546
1562583 1562562
1562606 1562664
1562700 1562529
1562644 1562534
1562645 1562577
1562688 1562631
1562595 1562518
1562543 1562534
1562626 1562638
1562681 1562510
1562615 1562680
1562634 1562616
1562664 1562512
1562594 1562576
1562652 1562608
1562578 1562699
1562668 1562518
1562603 1562695
781387 781327
781421 781392
781309 781416
781358 781275
781350 781305
781399 781262
781439 781294
781291 781275
781443 781268
781433 781270
781350 781387
781281 781354
781305 781404
781255 781375
781412 781390
781423 781408
781258 781403
781392 781318
781296 781332
781251 781269
781358 781293
781339 781394
781375 781258
781307 781354
781273 781448
781318 781438
781315 781368
781349 781330
781392 781390
781331 781407
781449 781332
781411 781354
781442 781270
781439 781447
781308 781410
781304 781266
781293 781331
781383 781312
781323 781378
781413 781350
781349 781308
781385 781385
781296 781251
781438 781260
781320 781358
781296 781315
390796 390824
390704 390762
390776 390747
390728 390656
390714 390664
390693 390764
390753 390731
390638 390675
390680 390691
390797 390686
390748 390774
390701 390823
390638 390666
390756 390663
390630 390750
390639 390740
390772 390666
390777 390646
390668 390631
390643 390782
390753 390707
390754 390688
390641 390750
390668 390763
390726 390694
390672 390737
390783 390735
390649 390635
390736 390817
390800 390661
390753 390692
390820 390818
390688 390774
390762 390723
390663 390817
390687 390660
390679 390742
390713 390785
390639 390720
390651 390734
390783 390808
390711 390750
390699 390730
390736 390675
390697 390655
390669 390814
195355 195387
195421 195494
195478 195325
195326 195459
195372 195387
195369 195349
195373 195476
195480 195335
195423 195327
195323 195448
195351 195465
195507 195508
195414 195502
195395 195434
195509 195402
195473 195336
195389 195444
195465 195497
195450 195358
195429 195326
195348 195462
195332 195457
195508 195429
195472 195329
195336 195500
195423 195418
195454 195337
195469 195405
195406 195507
195363 195339
195328 195496
195456 195493
195499 195375
195491 195434
195361 195346
195495 195465
195346 195423
195426 195499
195339 195382
195438 195430
195502 195444
195328 195359
195507 195462
195329 195433
195512 195471
195351 195477
20 145
127 153
136 192
95 61
99 188
27 106
141 9
93 5
133 91
188 82
4 172
76 136
22 134
87 130
120 65
54 161
45 60
42 176
24 164
64 6
181 56
57 85
19 125
9 190
66 187
34 128
1 189
13 6
86 50
73 135
21 73
65 15
123 146
70 92
142 181
9 181
22 53
164 197
10 153
76 80
179 18
63 145
11 73
138 36
97 110
81 137
157 92
129 36
24 179
97 160
99 89
159 38
194 84
195 1
12 37
108 80
14 43
5 157
109 23
79 10
84 198
25 119
159 38
167 171
89 3
159 187
5 138
103 179
141 175
98 46
176 72
30 95
162 181
162 77
81 160
172 6
12 124
139 97
180 171
142 138
41 177
77 59
78 110
184 8
97 20
60 182
84 159
34 139
74 38
6 157
49 142
13 117
76 198
42 106
125 28
81 138
152 39
26 72
161 186
181 37
183 148
197 4
91 33
3 74
112 106
99 139
48 169
18 89
175 162
83 29
67 45
39 77
92 122
152 42
39 95
118 178
73 119
143 138
200 40
122 19
91 120
40 70
3 191
66 2
24 84
65 52
20 6
80 101
123 162
38 6
60 169
178 198
107 168
146 142
173 101
148 23
194 115
29 8
10 56
144 150
110 155
195 104
98 112
137 186
50 96
180 25
68 20
145 198
43 50
117 154
37 135
52 93
105 178
101 28
174 48
188 151
66 110
17 138
123 112
79 20
40 33
3 107
14 177
111 129
77 153
96 47
17 36
179 126
11 171
108 152
83 20
126 185
143 41
91 185
37 168
184 146
197 110
20 22
141 47
197 26
11 119
155 89
71 133
88 66
145 69
165 65
