# source: JorikJooken
# original path: jj_extract\knapsackProblemInstances-master\problemInstances\n_600_c_1000000_g_6_f_0.3_eps_0.01_s_300\test.in
# optimal value: 1012465
# format: n capacity, then weight value
600 1000000
510034 510227
510124 510045
510046 510192
510226 510278
510007 510079
510149 510098
510131 510218
510182 510268
510261 510051
510063 510291
510273 510127
510079 510162
510217 510188
510279 510273
510060 510176
510117 510167
510264 510118
510212 510040
510064 510095
510202 510142
510139 510270
510145 510039
510240 510238
510028 510015
510091 510267
510069 510247
510266 510053
510036 510001
510238 510145
510121 510070
510265 510134
510108 510154
510248 510296
510136 510041
510263 510014
510291 510056
510157 510137
510123 510016
510258 510283
510151 510127
510197 510297
510033 510119
510203 510263
510129 510133
510191 510018
510096 510264
510297 510221
510226 510261
510149 510184
510297 510140
510211 510094
510089 510044
510177 510290
510115 510196
510174 510133
510058 510250
510107 510123
510133 510091
510078 510050
510180 510215
510139 510179
510099 510137
510017 510046
510070 510171
510020 510234
510081 510253
510094 510241
510113 510186
510031 510113
510003 510216
510014 510079
510192 510157
510174 510044
510148 510061
510047 510128
510251 510112
510294 510262
510095 510100
510013 510250
510297 510213
510008 510275
510188 510106
510214 510036
510278 510153
260155 260056
260220 260149
260016 260022
260212 260178
260028 260190
260106 260247
260082 260049
260131 260259
260015 260056
260273 260030
260024 260113
260107 260077
260166 260177
260155 260029
260164 260258
260224 260116
260262 260162
260155 260223
260096 260009
260052 260288
260193 260203
260048 260095
260245 260098
260101 260179
260199 260212
260224 260027
260051 260218
260219 260191
260272 260193
260135 260140
260041 260128
260084 260162
260068 260262
260180 260124
260026 260240
260173 260280
260136 260122
260156 260129
260027 260085
260078 260059
260177 260057
260179 260189
260201 260280
260297 260271
260093 260082
260041 260066
260247 260167
260238 260152
260253 260227
260167 260119
260208 260267
260182 260030
260055 260033
260123 260234
260088 260137
260215 260065
260121 260074
260037 260278
260157 260154
260056 260001
260175 260167
260292 260277
260207 260241
260236 260041
260295 260131
260025 260063
260194 260138
260093 260228
260016 260072
260067 260064
260048 260229
260005 260205
260181 260178
260121 260041
260276 260199
260054 260149
260096 260202
260268 260167
260230 260107
260290 260120
260044 260028
260054 260063
260217 260027
260209 260180
135009 135147
135242 135078
135295 135006
135283 135168
135238 135018
135254 135249
135275 135281
135018 135253
135256 135054
135132 135207
135227 135091
135183 135255
135175 135236
135080 135147
135123 135026
135222 135272
135016 135111
135060 135095
135043 135147
135070 135192
135020 135172
135042 135023
135230 135022
135020 135243
135096 135013
135254 135221
135262 135028
135285 135028
135094 135090
135185 135256
135060 135284
135047 135271
135213 135104
135134 135298
135161 135004
135082 135045
135017 135037
135071 135201
135214 135274
135266 135100
135079 135111
135021 135181
135225 135167
135039 135021
135134 135209
135059 135282
135185 135127
135177 135006
135246 135077
135118 135121
135197 135049
135003 135108
135284 135058
135259 135120
135015 135069
135299 135211
135093 135147
135132 135123
135254 135027
135285 135155
135215 135200
135106 135299
135096 135247
135187 135207
135212 135132
135162 135007
135091 135075
135160 135198
135234 135285
135228 135094
135099 135120
135258 135231
135239 135179
135202 135051
135227 135244
135096 135061
135181 135112
135229 135024
135096 135125
135161 135011
135085 135208
135234 135076
135017 135232
135012 135288
72701 72791
72517 72597
72736 72579
72600 72718
72645 72747
72516 72664
72729 72693
72751 72516
72713 72532
72605 72746
72660 72747
72727 72602
72501 72746
72539 72591
72652 72707
72738 72702
72670 72664
72640 72764
72705 72749
72640 72684
72701 72638
72675 72675
72546 72710
72670 72791
72555 72700
72635 72731
72671 72594
72748 72651
72656 72722
72767 72735
72566 72648
72770 72530
72688 72781
72542 72755
72627 72576
72760 72703
72637 72657
72767 72608
72709 72519
72590 72793
72597 72668
72521 72653
72678 72576
72599 72516
72722 72573
72765 72682
72583 72700
72653 72545
72642 72746
72687 72641
72539 72611
72709 72629
72609 72586
72763 72509
72737 72722
72601 72620
72510 72746
72775 72726
72546 72684
72658 72581
72763 72558
72771 72780
72708 72695
72541 72586
72734 72556
72767 72594
72636 72659
72579 72533
72505 72739
72543 72532
72687 72662
72591 72771
72590 72664
72601 72669
72573 72787
72623 72519
72688 72739
72736 72739
72708 72512
72550 72580
72523 72747
72508 72785
72651 72597
72553 72547
41442 41389
41322 41263
41365 41424
41364 41314
41421 41428
41330 41378
41345 41407
41480 41261
41266 41379
41528 41478
41458 41422
41368 41351
41475 41301
41466 41315
41453 41374
41453 41306
41439 41454
41286 41390
41318 41382
41327 41394
41292 41476
41396 41541
41433 41349
41461 41523
41449 41289
41254 41319
41486 41367
41518 41310
41298 41297
41367 41315
41324 41385
41435 41511
41516 41527
41460 41547
41445 41498
41507 41519
41478 41412
41442 41391
41378 41366
41501 41264
41288 41322
41456 41344
41335 41338
41403 41416
41314 41394
41347 41291
41514 41352
41361 41421
41427 41491
41256 41480
41344 41294
41467 41532
41454 41302
41383 41260
41512 41363
41473 41383
41325 41358
41339 41479
41256 41412
41303 41515
41466 41419
41378 41325
41413 41266
41297 41369
41334 41329
41513 41450
41538 41388
41394 41265
41397 41342
41548 41287
41293 41549
41407 41468
41464 41492
41502 41287
41293 41318
41292 41269
41524 41413
41403 41530
41509 41299
41462 41276
41253 41424
41412 41282
41264 41340
41372 41393
26 220
203 80
264 218
207 21
71 69
288 100
199 119
134 169
71 254
65 278
297 189
32 35
208 213
91 168
240 169
95 190
294 89
98 192
54 133
186 228
1 262
249 112
246 277
169 249
196 216
116 38
194 2
174 138
101 57
67 298
165 247
85 199
11 100
103 171
40 7
211 140
82 187
116 232
92 142
90 46
28 276
124 225
288 35
192 244
251 28
85 232
37 264
79 195
257 114
40 225
33 157
172 68
292 116
142 295
86 293
86 213
222 273
127 12
37 66
170 128
128 57
220 181
10 14
166 269
83 21
189 15
263 219
121 270
12 198
95 249
40 200
125 67
116 200
233 101
118 51
284 239
28 259
300 109
224 238
68 31
250 252
98 186
267 230
152 204
59 237
228 239
292 263
268 121
160 295
176 209
60 47
137 297
273 2
25 186
265 234
154 37
75 298
189 128
177 300
247 220
98 241
112 16
224 211
117 50
139 270
28 44
288 221
73 185
256 146
285 221
57 106
289 124
297 12
17 30
211 267
295 68
296 250
146 240
292 24
162 28
77 244
56 234
102 58
152 245
29 54
162 113
171 72
225 284
170 157
155 4
267 173
269 100
277 167
265 78
191 85
165 66
171 273
193 158
144 121
208 297
242 234
240 45
207 236
253 227
194 191
118 221
199 286
136 173
160 56
243 295
148 191
125 281
242 112
146 25
150 192
143 98
103 127
161 7
96 13
199 258
128 69
51 256
231 52
210 239
253 137
127 98
45 60
238 227
279 270
240 130
2 234
165 89
1 222
148 43
147 235
60 35
49 238
159 289
224 125
18 33
