# source: JorikJooken
# original path: jj_extract\knapsackProblemInstances-master\problemInstances\n_1000_c_1000000_g_2_f_0.2_eps_0.01_s_100\test.in
# optimal value: 520448
# format: n capacity, then weight value
1000 1000000
510038 510070
510098 510036
510041 510091
510051 510024
510006 510060
510080 510008
510034 510090
510058 510048
510078 510049
510093 510042
510057 510034
510063 510076
510007 510012
510016 510055
510010 510078
510033 510080
510076 510053
510003 510078
510025 510022
510003 510098
510034 510039
510061 510071
510048 510061
510037 510034
510038 510054
510034 510022
510030 510015
510078 510003
510031 510025
510033 510053
510013 510004
510075 510061
510011 510036
510059 510017
510040 510060
510092 510055
510057 510066
510025 510070
510002 510001
510064 510077
510058 510028
510008 510060
510096 510027
510033 510032
510051 510086
510087 510009
510015 510092
510022 510079
510025 510043
510062 510064
510013 510086
510075 510077
510096 510032
510096 510012
510100 510040
510037 510005
510050 510094
510059 510086
510090 510081
510043 510095
510018 510060
510009 510098
510094 510093
510038 510027
510047 510054
510031 510096
510010 510088
510089 510068
510040 510014
510040 510080
510032 510083
510076 510083
510026 510039
510082 510075
510012 510012
510034 510090
510021 510004
510018 510084
510040 510095
510087 510099
510037 510047
510095 510017
510028 510008
510064 510026
510097 510030
510019 510001
510075 510099
510034 510021
510084 510098
510032 510028
510001 510016
510037 510014
510073 510067
510052 510015
510010 510034
510056 510073
510019 510047
510024 510083
510081 510090
510019 510049
510048 510069
510034 510077
510078 510001
510086 510059
510042 510001
510046 510053
510040 510003
510007 510026
510013 510070
510087 510006
510076 510084
510031 510019
510086 510001
510051 510040
510097 510036
510029 510044
510017 510032
510010 510069
510041 510070
510076 510054
510063 510035
510099 510004
510042 510082
510088 510071
510006 510019
510041 510100
510026 510017
510067 510028
510002 510051
510037 510035
510065 510044
510066 510001
510004 510097
510096 510012
510087 510083
510007 510062
510023 510016
510089 510048
510048 510008
510088 510029
510038 510023
510025 510054
510005 510098
510065 510083
510068 510032
510068 510009
510037 510042
510099 510035
510026 510002
510087 510007
510016 510059
510093 510051
510095 510054
510074 510036
510080 510070
510025 510070
510052 510039
510029 510087
510001 510013
510024 510004
510038 510028
510031 510031
510008 510032
510095 510015
510089 510086
510099 510088
510054 510060
510048 510021
510098 510099
510065 510036
510075 510061
510054 510069
510044 510060
510040 510082
510015 510049
510036 510079
510093 510099
510015 510094
510017 510093
510064 510079
510013 510083
510073 510040
510059 510093
510057 510014
510095 510024
510039 510049
510033 510063
510044 510086
510050 510037
510009 510042
510054 510041
510083 510048
510094 510060
510007 510095
510036 510098
510003 510014
510066 510032
510096 510049
510067 510020
510069 510049
510057 510032
510096 510088
510091 510004
510065 510100
510039 510093
510054 510056
510009 510079
510051 510042
510068 510072
510081 510075
510024 510020
510087 510028
510070 510031
510015 510037
510013 510082
510014 510097
510053 510074
510050 510076
510027 510041
510005 510011
510072 510078
510030 510093
510017 510021
510039 510001
510076 510019
510044 510094
510011 510009
510096 510072
510024 510028
510092 510047
510015 510073
510067 510046
510051 510025
510092 510027
510004 510017
510005 510018
510071 510004
510024 510008
510049 510073
510082 510098
510059 510027
510065 510031
510045 510079
510063 510089
510048 510040
510067 510055
510020 510076
510041 510082
510074 510006
510054 510060
510070 510085
510076 510008
510005 510029
510070 510042
510060 510053
510029 510089
510031 510015
510082 510023
510083 510062
510097 510008
510007 510001
510031 510017
510089 510034
510047 510060
510019 510035
510011 510098
510031 510076
510026 510017
510019 510011
510086 510061
510006 510039
510026 510100
510047 510015
510019 510036
510064 510067
510029 510074
510082 510003
510047 510004
510057 510046
510015 510025
510071 510052
510024 510029
510056 510015
510054 510031
510006 510013
510075 510098
510089 510066
510097 510041
510040 510099
510038 510028
510072 510053
510075 510033
510017 510072
510008 510057
510049 510034
510091 510071
510037 510099
510070 510085
510017 510007
510079 510004
510026 510079
510041 510042
510014 510042
510084 510080
510027 510016
510067 510021
510043 510040
510100 510025
510064 510006
510056 510046
510069 510086
510078 510062
510049 510063
510076 510005
510069 510086
510052 510071
510087 510019
510050 510048
510074 510052
510084 510051
510001 510030
510038 510038
510087 510089
510049 510081
510087 510054
510089 510067
510052 510084
510001 510013
510002 510013
510063 510053
510073 510054
510062 510070
510057 510024
510021 510082
510027 510055
510059 510061
510099 510096
510095 510002
510063 510075
510091 510075
510064 510028
510100 510094
510009 510013
510007 510044
510055 510049
510040 510081
510018 510054
510039 510027
510093 510079
510081 510020
510036 510096
510025 510005
510050 510055
510074 510044
510027 510092
510042 510029
510051 510031
510056 510049
510059 510049
510036 510024
510047 510074
510083 510035
510078 510062
510097 510006
510013 510082
510050 510029
510021 510024
510006 510032
510016 510002
510042 510040
510044 510030
510064 510010
510078 510089
510095 510014
510013 510032
510014 510097
510026 510088
510044 510035
510038 510069
510045 510020
510088 510085
510037 510088
510051 510049
510087 510060
510080 510085
510073 510026
510025 510004
510013 510010
510016 510052
510041 510029
510023 510072
510057 510041
510013 510025
510025 510058
510030 510080
510056 510039
510034 510005
510051 510098
510060 510093
510089 510066
510037 510009
510089 510045
510077 510022
510042 510046
510088 510033
510046 510081
510080 510037
510054 510066
510030 510071
510048 510065
510033 510034
510094 510070
510086 510093
510098 510094
510007 510009
510061 510076
510019 510057
510090 510041
510016 510007
510093 510053
510063 510013
510016 510030
510082 510064
510091 510088
510078 510098
510041 510078
510021 510050
510009 510004
510055 510053
510087 510012
510081 510032
510081 510043
510094 510070
510051 510084
510002 510004
510071 510047
510020 510058
510046 510022
510077 510083
510088 510002
510025 510097
510080 510046
510060 510089
510083 510053
510047 510071
510032 510027
510090 510093
510051 510053
510045 510096
510032 510096
510056 510049
510011 510070
510090 510038
510064 510044
510020 510004
510056 510013
510040 510040
510068 510036
510076 510012
510037 510013
510033 510013
510061 510090
510028 510095
510013 510055
510098 510027
510016 510038
510056 510061
510089 510075
510099 510048
510010 510082
510002 510033
510098 510030
510093 510066
510015 510012
510003 510096
510056 510081
510092 510012
510069 510095
510062 510025
510034 510018
510097 510095
510088 510089
510100 510069
510086 510012
510086 510071
510030 510024
510061 510048
510064 510050
510034 510049
510050 510031
510043 510024
510035 510048
510035 510061
510006 510034
510027 510048
510018 510012
510087 510046
510039 510086
510036 510041
510064 510018
510061 510060
510081 510083
510093 510027
510089 510077
510052 510022
510100 510057
510004 510022
510089 510047
510034 510047
510047 510062
510058 510039
510018 510024
510007 510084
510001 510045
510054 510023
510096 510098
510043 510017
510039 510092
510041 510005
510049 510077
510035 510008
510013 510086
510044 510065
510040 510006
510084 510021
510094 510030
510075 510046
510005 510016
510039 510092
510024 510090
510099 510046
510002 510029
510029 510052
510030 510094
510070 510087
510004 510062
510080 510021
510026 510088
510042 510063
510060 510031
510007 510079
510001 510003
510071 510054
510048 510039
510041 510029
510081 510030
510066 510031
510079 510016
510088 510013
510086 510092
510091 510078
510014 510010
510008 510020
510044 510006
510049 510064
510003 510046
510063 510094
510010 510087
510018 510067
510093 510065
510066 510067
510010 510084
510050 510051
510088 510084
510032 510093
510077 510062
510098 510050
510031 510029
510090 510046
510059 510082
510052 510008
510070 510075
510065 510047
510018 510031
510001 510084
510033 510063
510063 510041
510023 510063
510034 510076
510059 510061
510032 510003
510031 510083
510019 510033
510013 510031
510060 510073
510009 510100
510019 510002
510067 510067
510087 510081
510084 510029
510051 510091
510053 510055
510080 510089
510084 510031
510023 510100
510019 510025
510057 510069
510090 510017
510005 510035
510017 510082
510096 510083
510016 510078
510092 510087
510091 510017
510050 510096
510009 510018
510063 510067
510021 510037
510038 510044
510012 510045
510037 510058
510018 510072
510077 510088
510065 510032
510085 510096
510073 510069
510086 510067
510050 510018
510068 510034
510029 510036
510075 510099
510043 510012
510092 510054
510068 510007
510037 510094
510083 510079
510067 510090
510076 510083
510013 510009
510072 510045
510021 510078
510082 510081
510078 510011
510046 510040
510028 510044
510071 510100
510015 510013
510012 510096
510076 510082
510059 510004
510098 510064
510097 510005
510084 510039
510022 510028
510038 510025
510085 510100
510008 510088
510079 510095
510016 510068
510071 510097
510039 510046
510056 510054
510042 510053
510062 510056
510049 510099
510033 510037
510009 510044
510068 510076
510016 510076
510024 510038
510036 510048
510069 510054
510029 510052
510091 510069
510066 510034
510045 510053
510019 510032
510072 510018
510032 510035
510059 510028
510031 510032
510007 510049
510073 510021
510053 510098
510048 510079
510038 510042
510028 510065
510048 510057
510071 510041
510022 510007
510098 510053
510020 510011
510091 510100
510049 510029
510035 510082
510025 510076
510098 510099
510064 510073
510035 510054
510062 510031
510046 510096
510095 510074
510084 510083
510037 510016
510035 510015
510085 510099
510097 510081
510032 510060
510047 510016
510004 510033
510096 510029
510037 510026
510010 510075
510031 510041
510032 510081
510092 510003
510018 510012
510089 510020
510013 510014
510032 510063
510001 510011
510091 510047
510092 510089
510060 510001
510076 510063
510008 510023
510081 510010
510057 510024
510009 510062
510061 510067
510029 510085
510049 510066
510087 510041
510079 510074
510001 510008
510096 510046
510070 510049
510092 510018
510067 510065
510093 510026
510056 510100
510030 510050
510040 510031
510052 510001
510016 510068
510055 510029
510032 510097
510083 510087
510013 510015
510045 510096
510065 510083
510018 510097
510021 510034
510045 510004
510014 510082
510042 510036
510094 510067
510045 510033
510068 510027
510077 510089
510040 510045
510084 510046
510013 510088
510100 510034
510051 510059
510006 510077
510099 510070
510062 510072
510066 510012
510091 510009
510094 510094
510084 510009
510073 510034
510047 510034
510053 510025
510006 510080
510028 510086
510071 510062
510073 510088
510093 510020
510056 510003
510033 510098
510057 510073
510019 510015
510046 510046
510007 510088
510003 510047
510086 510082
510009 510083
510041 510076
510074 510041
510012 510054
510021 510032
510074 510009
510008 510065
510020 510051
510028 510033
510028 510019
510075 510099
510049 510088
510067 510009
510068 510030
510071 510082
510040 510022
510082 510010
510062 510017
510052 510032
510044 510027
510008 510039
510078 510073
86 60
28 69
95 3
54 79
90 93
78 15
59 35
77 96
8 73
2 11
32 75
18 51
8 22
3 72
22 100
100 38
1 50
13 24
51 22
50 15
44 28
21 27
64 61
88 73
25 98
98 49
11 48
2 10
54 79
23 90
66 3
94 44
2 66
2 68
77 39
7 57
80 74
47 94
24 67
46 29
36 47
58 61
56 20
58 94
80 44
37 61
58 55
38 60
25 82
33 20
40 27
55 62
31 97
56 12
40 66
63 31
92 17
98 52
72 2
60 71
77 20
74 23
100 48
23 46
6 89
49 67
73 56
49 65
59 97
10 59
42 39
70 92
48 24
45 3
54 65
75 34
98 94
93 93
55 51
80 27
10 77
20 95
5 39
53 80
68 36
45 48
23 44
64 50
33 91
72 71
7 31
11 23
83 35
96 44
73 93
74 65
92 14
68 82
21 9
62 74
46 31
93 1
87 28
69 14
41 56
57 23
89 100
77 95
42 9
97 45
90 38
96 34
68 25
66 77
95 69
5 80
69 55
18 84
67 71
16 61
67 26
16 41
76 93
7 55
73 85
8 51
22 85
7 24
8 29
59 50
68 27
84 37
60 51
60 91
86 21
7 47
80 100
16 54
23 33
93 39
88 30
51 60
64 74
42 83
46 51
19 35
2 95
62 83
90 24
13 66
11 94
24 10
95 60
95 71
94 16
4 55
83 95
37 5
79 68
4 8
83 8
70 71
92 93
54 70
87 66
68 45
93 71
18 70
5 66
49 59
20 21
66 26
17 25
37 94
1 19
63 45
59 6
26 46
30 82
89 52
29 83
56 36
92 67
36 10
50 16
12 28
72 7
84 100
66 65
30 80
77 14
67 91
75 21
25 18
92 79
62 39
11 45
51 45
47 19
16 51
