# source: JorikJooken
# original path: jj_extract\knapsackProblemInstances-master\problemInstances\n_1000_c_100000000_g_14_f_0.3_eps_0_s_300\test.in
# optimal value: 100038367
# format: n capacity, then weight value
1000 100000000
50000011 50000040
50000286 50000246
50000090 50000010
50000162 50000111
50000026 50000281
50000257 50000225
50000041 50000170
50000244 50000073
50000046 50000272
50000155 50000119
50000256 50000124
50000293 50000157
50000055 50000098
50000026 50000159
50000058 50000026
50000099 50000300
50000117 50000260
50000216 50000084
50000288 50000217
50000049 50000053
50000086 50000229
50000137 50000228
50000075 50000129
50000277 50000218
50000239 50000177
50000276 50000175
50000073 50000172
50000272 50000212
50000200 50000053
50000285 50000151
50000233 50000290
50000056 50000127
50000212 50000284
50000237 50000037
50000286 50000156
50000254 50000267
50000263 50000261
50000040 50000151
50000252 50000194
50000186 50000241
50000075 50000164
50000213 50000004
50000069 50000102
50000140 50000231
50000242 50000196
50000264 50000082
50000235 50000167
50000199 50000072
50000241 50000191
50000022 50000025
50000081 50000270
50000027 50000278
50000026 50000150
25000148 25000022
25000078 25000109
25000145 25000285
25000228 25000142
25000131 25000025
25000252 25000031
25000171 25000112
25000064 25000169
25000235 25000097
25000261 25000180
25000274 25000149
25000186 25000037
25000113 25000261
25000022 25000036
25000275 25000036
25000128 25000037
25000180 25000118
25000275 25000126
25000237 25000179
25000008 25000155
25000222 25000277
25000089 25000179
25000145 25000188
25000080 25000246
25000058 25000036
25000185 25000285
25000208 25000028
25000058 25000289
25000211 25000060
25000193 25000118
25000036 25000184
25000221 25000198
25000106 25000108
25000007 25000166
25000173 25000131
25000077 25000121
25000120 25000125
25000077 25000167
25000284 25000178
25000231 25000297
25000268 25000294
25000155 25000124
25000255 25000218
25000071 25000051
25000181 25000063
25000045 25000200
25000284 25000048
25000066 25000300
25000001 25000290
25000289 25000189
25000174 25000252
25000074 25000054
25000274 25000131
12500099 12500182
12500252 12500218
12500057 12500200
12500295 12500161
12500108 12500067
12500202 12500036
12500115 12500110
12500058 12500251
12500044 12500118
12500231 12500065
12500151 12500030
12500088 12500151
12500255 12500280
12500034 12500144
12500244 12500159
12500261 12500087
12500072 12500175
12500109 12500082
12500079 12500002
12500023 12500113
12500020 12500120
12500223 12500149
12500184 12500223
12500285 12500285
12500008 12500039
12500127 12500164
12500091 12500241
12500224 12500287
12500102 12500015
12500098 12500108
12500258 12500082
12500093 12500024
12500186 12500203
12500083 12500105
12500067 12500282
12500123 12500300
12500061 12500264
12500262 12500129
12500028 12500280
12500140 12500084
12500032 12500237
12500133 12500195
12500279 12500205
12500096 12500089
12500298 12500267
12500268 12500024
12500272 12500018
12500155 12500083
12500290 12500085
12500234 12500112
12500006 12500080
12500146 12500250
12500103 12500047
6250083 6250016
6250231 6250149
6250014 6250051
6250288 6250077
6250215 6250090
6250161 6250155
6250085 6250280
6250118 6250055
6250068 6250121
6250063 6250027
6250120 6250239
6250223 6250266
6250006 6250258
6250236 6250025
6250118 6250149
6250296 6250090
6250107 6250073
6250162 6250155
6250039 6250157
6250098 6250211
6250165 6250169
6250149 6250016
6250030 6250061
6250292 6250290
6250117 6250138
6250285 6250198
6250056 6250264
6250252 6250271
6250070 6250288
6250026 6250288
6250112 6250099
6250027 6250010
6250130 6250133
6250108 6250294
6250287 6250079
6250278 6250272
6250211 6250203
6250065 6250069
6250259 6250057
6250074 6250214
6250187 6250063
6250130 6250133
6250099 6250147
6250001 6250185
6250017 6250211
6250196 6250122
6250030 6250055
6250093 6250068
6250285 6250122
6250156 6250101
6250224 6250215
6250075 6250093
6250007 6250235
3125203 3125090
3125094 3125111
3125171 3125199
3125094 3125292
3125268 3125041
3125060 3125138
3125105 3125106
3125018 3125164
3125153 3125061
3125114 3125187
3125216 3125143
3125205 3125216
3125254 3125022
3125141 3125117
3125128 3125185
3125252 3125154
3125015 3125149
3125241 3125088
3125150 3125067
3125043 3125251
3125042 3125187
3125237 3125137
3125003 3125246
3125185 3125277
3125053 3125127
3125274 3125111
3125063 3125105
3125159 3125159
3125244 3125096
3125260 3125026
3125174 3125289
3125098 3125104
3125289 3125121
3125232 3125154
3125089 3125072
3125236 3125242
3125263 3125203
3125068 3125276
3125260 3125036
3125232 3125120
3125103 3125247
3125122 3125136
3125070 3125267
3125107 3125079
3125251 3125066
3125272 3125070
3125170 3125163
3125233 3125054
3125245 3125077
3125094 3125213
3125027 3125034
3125029 3125113
3125162 3125033
1562601 1562522
1562766 1562714
1562577 1562697
1562715 1562603
1562755 1562503
1562792 1562786
1562579 1562735
1562546 1562568
1562615 1562625
1562509 1562625
1562605 1562565
1562607 1562688
1562518 1562616
1562721 1562589
1562681 1562612
1562664 1562711
1562775 1562537
1562650 1562541
1562666 1562621
1562535 1562628
1562575 1562772
1562757 1562672
1562614 1562559
1562501 1562782
1562623 1562653
1562549 1562589
1562702 1562657
1562712 1562599
1562797 1562660
1562664 1562572
1562507 1562509
1562779 1562678
1562611 1562641
1562632 1562646
1562696 1562543
1562543 1562775
1562769 1562544
1562534 1562751
1562561 1562693
1562653 1562710
1562716 1562556
1562684 1562691
1562644 1562789
1562710 1562725
1562734 1562713
1562667 1562579
1562789 1562618
1562783 1562556
1562748 1562658
1562614 1562619
1562647 1562679
1562747 1562612
1562567 1562761
781490 781424
781266 781419
781256 781365
781477 781295
781428 781369
781519 781442
781362 781528
781423 781539
781307 781364
781325 781437
781380 781438
781529 781525
781497 781548
781410 781519
781391 781456
781524 781295
781437 781542
781479 781475
781391 781392
781266 781328
781514 781300
781436 781426
781320 781488
781303 781471
781420 781430
781475 781333
781341 781508
781521 781279
781270 781537
781391 781405
781394 781342
781312 781353
781402 781510
781406 781428
781521 781540
781365 781331
781390 781260
781318 781490
781547 781486
781413 781471
781478 781444
781256 781397
781489 781443
781527 781365
781381 781351
781350 781410
781412 781539
781393 781417
781445 781328
781311 781369
781400 781347
781373 781508
781401 781502
390866 390680
390694 390830
390655 390891
390748 390802
390879 390875
390763 390637
390752 390671
390742 390752
390811 390730
390782 390734
390837 390792
390843 390755
390906 390682
390652 390814
390745 390835
390877 390742
390734 390831
390761 390847
390838 390705
390854 390710
390816 390734
390660 390634
390658 390744
390769 390786
390712 390729
390773 390823
390649 390759
390636 390782
390717 390751
390818 390672
390724 390835
390783 390789
390640 390885
390764 390883
390633 390645
390770 390705
390696 390905
390757 390686
390918 390823
390788 390844
390809 390681
390816 390710
390914 390758
390865 390705
390739 390801
390876 390740
390852 390761
390735 390775
390900 390627
390724 390751
390871 390770
390662 390793
390775 390842
195528 195559
195556 195379
195406 195547
195455 195354
195477 195382
195393 195606
195548 195553
195417 195476
195571 195384
195523 195532
195434 195417
195337 195334
195476 195394
195342 195444
195411 195563
195436 195419
195430 195347
195356 195354
195392 195407
195390 195463
195503 195604
195582 195476
195446 195485
195401 195466
195507 195435
195430 195473
195471 195460
195338 195386
195404 195475
195484 195546
195401 195338
195464 195347
195555 195540
195466 195535
195477 195610
195419 195379
195444 195584
195488 195591
195321 195336
195489 195514
195493 195401
195350 195541
195389 195457
195494 195391
195497 195478
195444 195336
195566 195439
195523 195399
195467 195522
195529 195583
195491 195330
195494 195324
195417 195611
97691 97708
97900 97943
97854 97873
97878 97828
97950 97673
97846 97876
97781 97858
97711 97704
97884 97710
97719 97784
97749 97897
97705 97747
97908 97856
97847 97901
97671 97691
97720 97752
97756 97856
97808 97836
97748 97775
97760 97837
97956 97920
97729 97715
97746 97764
97823 97753
97956 97911
97678 97667
97688 97692
97884 97725
97907 97740
97672 97792
97710 97893
97689 97778
97855 97665
97712 97877
97801 97848
97756 97816
97722 97954
97823 97900
97697 97663
97896 97909
97794 97786
97897 97727
97812 97857
97779 97773
97828 97668
97879 97660
97665 97698
97782 97837
97916 97877
97712 97774
97807 97902
97704 97903
97863 97956
48835 48978
49006 48933
48946 48917
48984 48852
48980 48944
48975 49112
49051 49053
48843 48842
49079 48915
48911 49059
48936 49122
48928 48880
49011 48878
49046 48895
49090 48997
48864 48832
49025 48895
48855 49125
48996 48994
49055 48915
48927 49025
49028 49069
49044 48954
48931 48963
49125 49028
48887 49016
49097 49113
49050 48881
48951 49014
49014 48911
48877 49002
49011 48855
48852 48895
49018 49009
49111 49117
49093 49019
49083 49055
48923 49095
48837 48986
49056 49098
48883 49019
48937 49028
49026 48830
48996 48922
49122 48844
48931 49075
48931 48980
48897 48837
48919 49093
49098 48956
48977 49123
48937 49120
49061 48971
24703 24656
24469 24462
24480 24423
24578 24452
24587 24519
24541 24524
24668 24654
24605 24488
24708 24707
24612 24431
24687 24580
24565 24690
24530 24544
24575 24578
24578 24559
24671 24693
24613 24545
24559 24533
24668 24712
24631 24505
24454 24530
24555 24608
24487 24587
24597 24493
24650 24496
24624 24554
24513 24509
24437 24621
24605 24490
24473 24506
24481 24456
24703 24591
24466 24699
24542 24503
24483 24551
24656 24626
24468 24418
24486 24477
24539 24522
24504 24555
24563 24692
24629 24578
24605 24568
24478 24615
24706 24698
24706 24550
24688 24600
24714 24708
24542 24545
24459 24462
24494 24623
24676 24591
24649 24526
12243 12311
12257 12387
12284 12499
12404 12477
12319 12245
12413 12397
12378 12384
12355 12293
12405 12440
12212 12251
12473 12270
12407 12373
12298 12226
12478 12392
12298 12363
12245 12389
12408 12267
12266 12230
12355 12256
12417 12411
12248 12486
12347 12401
12215 12347
12426 12391
12430 12456
12362 12505
12342 12295
12478 12266
12291 12372
12352 12507
12321 12235
12455 12291
12440 12241
12489 12387
12311 12267
12497 12299
12403 12222
12234 12257
12269 12355
12243 12448
12298 12371
12418 12428
12474 12209
12303 12487
12301 12250
12504 12421
12321 12449
12487 12318
12500 12242
12290 12472
12342 12480
12285 12433
12360 12333
55 148
198 288
289 274
95 227
106 147
210 53
272 125
225 289
92 8
206 279
136 210
62 36
6 210
136 120
241 99
128 134
163 127
242 279
129 64
187 125
224 196
114 81
154 296
146 31
121 172
112 89
299 121
112 201
164 123
103 33
80 265
268 166
180 194
147 62
48 188
73 157
55 280
109 182
11 234
14 234
120 241
178 60
70 27
111 23
241 75
66 149
30 219
300 132
80 51
261 253
175 181
40 225
201 93
65 43
232 180
157 56
178 90
136 274
79 181
208 203
283 227
290 66
108 280
186 155
5 132
152 161
261 217
274 284
148 47
109 204
155 50
90 208
56 290
94 144
98 198
232 55
35 264
126 204
293 289
27 256
29 244
9 181
28 14
125 92
131 123
284 130
210 26
38 263
239 203
21 283
167 202
161 79
257 157
109 169
77 31
232 198
141 184
73 287
6 111
185 283
152 233
51 96
97 22
133 122
114 187
104 292
6 257
163 281
154 2
278 276
79 234
111 199
87 175
224 203
269 41
179 198
33 228
106 110
103 40
195 60
143 74
199 255
58 95
299 274
49 247
253 11
187 88
273 93
249 84
66 44
87 197
193 119
266 63
155 204
262 240
3 292
238 292
36 12
176 68
105 176
36 60
154 142
46 182
237 200
238 181
5 92
213 259
133 76
211 47
167 156
142 164
81 217
150 291
71 52
134 107
153 22
50 276
156 121
225 137
17 298
265 116
190 31
65 212
100 252
281 3
208 127
42 142
273 269
173 33
58 258
171 278
180 197
96 226
194 163
132 61
190 47
101 242
108 270
89 251
59 56
204 68
207 189
34 132
7 292
187 105
199 3
101 105
270 19
185 67
192 201
232 255
140 294
114 125
99 107
60 15
294 213
84 198
205 279
109 258
71 133
176 71
166 128
212 103
152 90
235 183
89 24
58 263
122 3
292 260
232 72
40 14
191 114
225 205
151 15
254 184
148 241
201 212
165 126
111 239
195 90
293 121
124 88
246 208
293 112
43 48
31 289
260 44
86 148
286 265
300 203
53 181
133 243
156 232
154 130
169 80
250 160
23 118
29 275
226 69
126 159
54 150
117 145
201 157
137 164
10 288
125 187
73 269
235 233
54 210
272 220
264 140
53 181
84 191
180 32
60 180
6 281
207 263
163 288
157 185
69 133
229 97
261 120
24 16
126 270
205 27
123 224
137 181
29 54
45 120
200 12
142 228
285 28
69 182
91 55
89 217
197 226
127 283
96 142
158 157
5 211
181 138
208 258
176 91
178 115
212 267
120 193
202 75
21 139
290 221
193 92
226 181
206 192
237 110
55 210
32 103
260 63
244 191
211 76
198 55
81 279
156 276
1 144
253 59
167 259
138 67
116 268
174 268
127 59
273 11
40 198
140 13
