# source: JorikJooken
# original path: jj_extract\knapsackProblemInstances-master\problemInstances\n_600_c_100000000_g_2_f_0.1_eps_1e-05_s_300\test.in
# optimal value: 50010814
# format: n capacity, then weight value
600 100000000
50001234 50001004
50001174 50001098
50001136 50001041
50001270 50001250
50001043 50001199
50001045 50001022
50001167 50001066
50001098 50001054
50001251 50001068
50001210 50001143
50001212 50001017
50001066 50001151
50001168 50001066
50001235 50001149
50001241 50001203
50001162 50001002
50001176 50001151
50001145 50001049
50001098 50001021
50001269 50001133
50001052 50001042
50001241 50001259
50001198 50001085
50001042 50001203
50001062 50001100
50001010 50001029
50001020 50001024
50001239 50001052
50001099 50001115
50001075 50001142
50001001 50001113
50001101 50001147
50001151 50001223
50001157 50001159
50001107 50001219
50001286 50001074
50001218 50001188
50001064 50001299
50001287 50001218
50001226 50001025
50001016 50001268
50001204 50001296
50001181 50001184
50001182 50001009
50001002 50001097
50001166 50001278
50001114 50001239
50001298 50001175
50001123 50001267
50001228 50001139
50001242 50001036
50001144 50001105
50001217 50001112
50001211 50001273
50001151 50001147
50001143 50001038
50001003 50001146
50001108 50001013
50001044 50001027
50001033 50001229
50001271 50001223
50001258 50001295
50001295 50001058
50001008 50001126
50001132 50001157
50001229 50001257
50001298 50001234
50001241 50001087
50001212 50001160
50001066 50001168
50001044 50001043
50001070 50001281
50001172 50001021
50001013 50001146
50001136 50001286
50001204 50001273
50001163 50001191
50001139 50001217
50001215 50001247
50001119 50001232
50001296 50001036
50001243 50001137
50001059 50001089
50001280 50001061
50001260 50001195
50001283 50001157
50001002 50001050
50001071 50001137
50001136 50001049
50001106 50001089
50001229 50001134
50001286 50001267
50001094 50001041
50001021 50001045
50001243 50001166
50001136 50001150
50001204 50001236
50001066 50001132
50001254 50001263
50001020 50001074
50001013 50001248
50001115 50001023
50001019 50001262
50001150 50001183
50001090 50001064
50001294 50001154
50001066 50001100
50001298 50001234
50001228 50001067
50001210 50001131
50001110 50001191
50001163 50001248
50001007 50001017
50001001 50001208
50001208 50001121
50001286 50001201
50001148 50001184
50001014 50001288
50001126 50001190
50001281 50001224
50001232 50001047
50001284 50001195
50001232 50001256
50001196 50001184
50001018 50001047
50001103 50001144
50001155 50001018
50001007 50001172
50001295 50001178
50001089 50001229
50001037 50001177
50001222 50001087
50001136 50001098
50001064 50001021
50001053 50001258
50001168 50001266
50001119 50001018
50001293 50001135
50001040 50001252
50001010 50001143
50001264 50001194
50001162 50001189
50001050 50001083
50001102 50001059
50001217 50001142
50001029 50001046
50001107 50001288
50001213 50001255
50001265 50001004
50001016 50001287
50001283 50001231
50001133 50001250
50001002 50001049
50001123 50001109
50001072 50001265
50001120 50001189
50001032 50001216
50001081 50001187
50001133 50001079
50001012 50001121
50001018 50001261
50001271 50001049
50001273 50001174
50001183 50001211
50001191 50001212
50001052 50001141
50001136 50001187
50001296 50001212
50001156 50001197
50001260 50001148
50001189 50001220
50001021 50001098
50001243 50001083
50001185 50001050
50001199 50001016
50001198 50001192
50001136 50001270
50001223 50001138
50001222 50001133
50001270 50001232
50001050 50001014
50001009 50001070
50001285 50001031
50001018 50001263
50001116 50001080
50001237 50001149
50001130 50001251
50001205 50001234
50001185 50001111
50001198 50001111
50001113 50001228
50001231 50001110
50001141 50001217
50001076 50001140
50001033 50001043
50001120 50001128
50001088 50001226
50001060 50001185
50001287 50001233
50001207 50001121
50001115 50001170
50001089 50001143
50001025 50001154
50001104 50001022
50001111 50001007
50001225 50001068
50001088 50001001
50001218 50001038
50001243 50001134
50001219 50001006
50001264 50001119
50001241 50001133
50001272 50001172
50001115 50001291
50001089 50001223
50001066 50001060
50001096 50001201
50001023 50001207
50001130 50001002
50001248 50001128
50001259 50001133
50001202 50001218
50001277 50001124
50001267 50001050
50001268 50001004
50001179 50001247
50001292 50001134
50001044 50001170
50001067 50001099
50001064 50001078
50001006 50001227
50001234 50001241
50001032 50001176
50001282 50001276
50001142 50001033
50001056 50001174
50001000 50001257
50001077 50001025
50001054 50001228
50001055 50001173
50001155 50001181
50001223 50001023
50001044 50001265
50001123 50001101
50001222 50001133
50001277 50001142
50001009 50001101
50001281 50001106
50001087 50001137
50001190 50001078
50001135 50001110
50001209 50001107
50001110 50001107
50001198 50001019
50001201 50001160
50001221 50001209
50001274 50001253
50001064 50001230
50001035 50001250
50001051 50001036
50001188 50001071
50001053 50001277
50001001 50001068
50001277 50001077
50001037 50001048
50001251 50001013
50001244 50001001
50001142 50001241
50001250 50001076
50001278 50001011
50001288 50001274
50001261 50001046
50001256 50001288
50001028 50001081
50001053 50001096
50001171 50001191
50001091 50001163
50001120 50001193
50001271 50001167
50001143 50001140
50001046 50001123
50001200 50001217
50001190 50001275
50001133 50001234
50001181 50001118
50001102 50001020
50001089 50001174
50001099 50001237
50001009 50001218
50001229 50001127
50001014 50001205
50001070 50001079
50001196 50001044
50001100 50001120
50001073 50001246
50001046 50001204
50001045 50001191
50001022 50001008
50001112 50001281
50001103 50001131
50001055 50001150
50001007 50001197
50001275 50001205
50001073 50001056
50001205 50001268
50001073 50001087
50001282 50001097
50001123 50001224
50001210 50001051
50001266 50001086
50001087 50001297
50001005 50001125
50001091 50001011
50001145 50001172
50001214 50001216
50001012 50001013
50001023 50001228
50001249 50001295
50001292 50001260
50001019 50001138
50001016 50001242
50001201 50001107
50001109 50001232
50001105 50001286
50001255 50001292
50001078 50001103
50001090 50001274
50001291 50001220
50001104 50001194
50001242 50001061
50001198 50001181
50001151 50001163
50001098 50001195
50001298 50001253
50001232 50001240
50001040 50001044
50001024 50001080
50001154 50001250
50001213 50001087
50001058 50001249
50001186 50001296
50001008 50001006
50001245 50001134
50001023 50001078
50001028 50001213
50001099 50001299
50001204 50001285
50001296 50001022
50001078 50001176
50001261 50001029
50001291 50001253
50001246 50001188
50001226 50001122
50001219 50001126
50001211 50001142
50001062 50001165
50001109 50001181
50001094 50001163
50001125 50001149
50001158 50001011
50001114 50001172
50001270 50001241
50001201 50001268
50001239 50001229
50001072 50001093
50001171 50001054
50001148 50001084
50001172 50001250
50001048 50001021
50001093 50001090
50001003 50001136
50001222 50001228
50001143 50001180
50001166 50001223
50001215 50001050
50001188 50001149
50001064 50001199
50001042 50001042
50001132 50001058
50001122 50001296
50001245 50001011
50001108 50001297
50001079 50001285
50001179 50001046
50001075 50001293
50001294 50001198
50001186 50001285
50001176 50001070
50001041 50001028
50001248 50001161
50001175 50001004
50001166 50001111
50001216 50001128
50001218 50001001
50001242 50001071
50001076 50001250
50001111 50001230
50001056 50001041
50001277 50001282
50001077 50001072
50001073 50001047
50001149 50001047
50001182 50001188
50001171 50001144
50001147 50001229
50001220 50001273
50001122 50001279
50001115 50001216
50001277 50001005
50001032 50001024
50001185 50001007
50001047 50001271
50001127 50001297
50001123 50001106
50001165 50001061
50001281 50001111
50001292 50001130
50001144 50001130
50001243 50001251
50001120 50001214
50001061 50001104
50001175 50001268
50001053 50001113
50001134 50001189
50001016 50001240
50001037 50001015
50001289 50001003
50001039 50001171
50001060 50001135
50001052 50001160
50001066 50001111
50001188 50001085
50001209 50001063
50001178 50001238
50001263 50001281
50001150 50001117
50001113 50001033
50001054 50001274
50001050 50001108
50001019 50001225
50001202 50001276
50001009 50001051
50001038 50001255
50001144 50001034
50001207 50001235
50001259 50001145
50001257 50001261
50001220 50001004
50001148 50001150
50001220 50001285
50001138 50001170
50001045 50001231
50001108 50001256
50001052 50001051
50001019 50001161
50001253 50001158
50001189 50001075
50001100 50001000
50001294 50001251
50001107 50001200
50001068 50001040
50001092 50001294
50001175 50001080
50001010 50001010
50001175 50001234
50001073 50001045
50001122 50001252
50001077 50001097
50001004 50001233
50001028 50001186
50001114 50001075
50001084 50001107
50001090 50001144
50001236 50001089
50001009 50001175
50001246 50001163
50001260 50001056
50001180 50001294
50001077 50001136
50001144 50001195
50001294 50001058
50001143 50001093
50001071 50001204
50001292 50001108
50001107 50001208
50001007 50001110
50001243 50001223
50001020 50001049
50001072 50001132
50001287 50001002
50001063 50001088
50001185 50001086
50001204 50001288
50001203 50001069
50001257 50001266
50001082 50001262
50001045 50001211
50001211 50001296
50001188 50001230
50001024 50001242
50001188 50001216
50001268 50001112
50001262 50001174
50001236 50001291
50001154 50001045
50001283 50001108
50001175 50001155
50001110 50001197
50001154 50001202
50001209 50001027
50001126 50001016
50001098 50001294
50001044 50001134
50001077 50001194
50001193 50001068
50001022 50001078
50001123 50001102
50001296 50001014
50001052 50001298
50001121 50001226
50001030 50001260
50001155 50001287
50001290 50001088
50001096 50001128
50001257 50001158
50001166 50001035
50001237 50001049
50001172 50001005
50001033 50001223
50001105 50001024
50001034 50001160
50001298 50001170
50001012 50001070
50001114 50001140
50001064 50001077
50001296 50001081
50001241 50001201
50001124 50001227
50001034 50001250
50001069 50001178
167 184
3 13
42 297
192 295
198 269
134 131
164 19
158 38
227 51
185 277
180 292
223 228
291 1
119 193
1 90
282 41
5 168
196 122
193 132
97 242
98 113
131 91
152 37
263 261
109 231
106 77
78 168
60 284
194 252
109 47
282 112
282 110
222 166
140 23
113 225
66 72
39 84
80 184
195 137
32 224
95 267
159 91
22 39
221 278
203 83
130 298
135 120
214 264
36 233
252 173
215 256
45 59
165 260
1 256
123 27
238 150
242 115
226 176
217 203
193 186
