# source: JorikJooken
# original path: jj_extract\knapsackProblemInstances-master\problemInstances\n_1000_c_100000000_g_2_f_0.2_eps_0.01_s_300\test.in
# optimal value: 51031353
# format: n capacity, then weight value
1000 100000000
51000204 51000071
51000003 51000186
51000200 51000205
51000136 51000293
51000241 51000124
51000215 51000021
51000212 51000086
51000278 51000115
51000187 51000262
51000049 51000066
51000261 51000242
51000021 51000125
51000032 51000128
51000079 51000178
51000270 51000067
51000071 51000128
51000192 51000227
51000292 51000152
51000039 51000017
51000170 51000151
51000047 51000006
51000266 51000134
51000233 51000257
51000032 51000100
51000259 51000086
51000176 51000248
51000158 51000125
51000164 51000034
51000228 51000213
51000007 51000203
51000110 51000055
51000231 51000052
51000224 51000063
51000031 51000248
51000257 51000255
51000098 51000088
51000031 51000222
51000016 51000102
51000299 51000263
51000082 51000203
51000300 51000263
51000218 51000069
51000041 51000271
51000219 51000029
51000158 51000250
51000147 51000089
51000001 51000146
51000095 51000076
51000145 51000188
51000131 51000137
51000026 51000085
51000249 51000194
51000224 51000058
51000053 51000033
51000285 51000016
51000286 51000287
51000122 51000061
51000279 51000009
51000262 51000166
51000250 51000042
51000221 51000200
51000239 51000020
51000051 51000153
51000061 51000299
51000228 51000021
51000164 51000024
51000289 51000131
51000248 51000007
51000065 51000265
51000187 51000165
51000206 51000190
51000031 51000088
51000294 51000214
51000279 51000121
51000174 51000161
51000181 51000122
51000065 51000041
51000242 51000174
51000174 51000284
51000255 51000245
51000261 51000112
51000135 51000098
51000224 51000192
51000288 51000133
51000164 51000010
51000115 51000187
51000136 51000047
51000114 51000142
51000209 51000135
51000100 51000229
51000244 51000061
51000107 51000190
51000291 51000256
51000020 51000286
51000250 51000297
51000266 51000188
51000273 51000052
51000048 51000242
51000153 51000029
51000214 51000067
51000109 51000240
51000037 51000222
51000179 51000131
51000029 51000277
51000161 51000106
51000054 51000258
51000219 51000006
51000272 51000121
51000295 51000293
51000183 51000258
51000241 51000131
51000021 51000085
51000179 51000034
51000071 51000014
51000241 51000002
51000042 51000030
51000127 51000009
51000080 51000030
51000106 51000292
51000237 51000288
51000048 51000138
51000067 51000142
51000153 51000124
51000025 51000036
51000091 51000169
51000015 51000167
51000290 51000258
51000218 51000091
51000133 51000241
51000154 51000195
51000005 51000103
51000059 51000300
51000049 51000073
51000048 51000298
51000027 51000299
51000055 51000171
51000061 51000139
51000216 51000230
51000206 51000020
51000221 51000286
51000049 51000004
51000047 51000134
51000090 51000272
51000082 51000174
51000133 51000249
51000155 51000134
51000212 51000030
51000028 51000072
51000182 51000300
51000293 51000292
51000096 51000002
51000086 51000115
51000288 51000077
51000163 51000248
51000192 51000075
51000294 51000191
51000199 51000298
51000047 51000189
51000013 51000195
51000064 51000106
51000148 51000169
51000111 51000225
51000012 51000041
51000054 51000021
51000097 51000170
51000069 51000103
51000259 51000122
51000277 51000152
51000263 51000198
51000231 51000158
51000053 51000203
51000001 51000269
51000198 51000110
51000094 51000103
51000139 51000157
51000141 51000291
51000189 51000290
51000140 51000094
51000032 51000225
51000240 51000189
51000047 51000177
51000239 51000270
51000115 51000027
51000041 51000180
51000169 51000290
51000073 51000051
51000220 51000139
51000104 51000119
51000200 51000224
51000096 51000066
51000133 51000105
51000246 51000021
51000177 51000159
51000254 51000017
51000232 51000296
51000269 51000296
51000287 51000080
51000224 51000076
51000168 51000124
51000047 51000067
51000141 51000052
51000169 51000289
51000059 51000267
51000279 51000267
51000116 51000177
51000061 51000143
51000247 51000005
51000033 51000207
51000254 51000213
51000262 51000045
51000156 51000163
51000265 51000205
51000289 51000123
51000210 51000222
51000084 51000287
51000245 51000096
51000219 51000090
51000008 51000241
51000018 51000048
51000071 51000141
51000101 51000136
51000114 51000256
51000154 51000136
51000184 51000108
51000057 51000188
51000135 51000132
51000092 51000275
51000277 51000281
51000011 51000266
51000064 51000079
51000059 51000070
51000227 51000102
51000074 51000169
51000019 51000229
51000082 51000297
51000229 51000199
51000079 51000178
51000267 51000013
51000225 51000241
51000187 51000037
51000005 51000182
51000105 51000225
51000085 51000031
51000213 51000205
51000080 51000291
51000282 51000210
51000223 51000046
51000083 51000262
51000275 51000214
51000197 51000022
51000179 51000203
51000148 51000270
51000124 51000259
51000244 51000203
51000015 51000297
51000280 51000168
51000047 51000026
51000054 51000272
51000235 51000165
51000134 51000235
51000077 51000220
51000166 51000174
51000238 51000087
51000127 51000278
51000133 51000262
51000023 51000160
51000098 51000160
51000005 51000105
51000034 51000089
51000189 51000038
51000081 51000201
51000079 51000068
51000185 51000292
51000073 51000004
51000231 51000280
51000283 51000167
51000223 51000150
51000132 51000149
51000288 51000183
51000192 51000272
51000294 51000188
51000145 51000270
51000025 51000298
51000057 51000015
51000254 51000159
51000093 51000084
51000145 51000012
51000032 51000282
51000085 51000180
51000069 51000262
51000096 51000024
51000182 51000003
51000159 51000220
51000084 51000295
51000259 51000002
51000071 51000190
51000123 51000188
51000004 51000250
51000137 51000268
51000058 51000127
51000130 51000247
51000180 51000048
51000248 51000280
51000062 51000152
51000285 51000077
51000201 51000095
51000244 51000114
51000255 51000142
51000215 51000130
51000009 51000116
51000101 51000058
51000204 51000147
51000084 51000041
51000053 51000228
51000213 51000103
51000193 51000138
51000043 51000194
51000069 51000018
51000197 51000271
51000211 51000107
51000264 51000110
51000270 51000287
51000214 51000054
51000200 51000035
51000175 51000294
51000236 51000109
51000166 51000212
51000230 51000061
51000095 51000170
51000120 51000226
51000291 51000180
51000155 51000224
51000003 51000211
51000203 51000212
51000026 51000044
51000200 51000175
51000239 51000189
51000247 51000081
51000160 51000182
51000247 51000197
51000013 51000175
51000258 51000035
51000116 51000066
51000141 51000060
51000095 51000217
51000060 51000175
51000034 51000117
51000028 51000071
51000291 51000264
51000213 51000009
51000099 51000259
51000267 51000190
51000173 51000249
51000272 51000210
51000234 51000213
51000162 51000169
51000285 51000190
51000173 51000103
51000213 51000111
51000069 51000059
51000071 51000129
51000210 51000170
51000048 51000293
51000088 51000080
51000072 51000103
51000021 51000238
51000145 51000049
51000134 51000149
51000270 51000148
51000093 51000157
51000091 51000046
51000292 51000229
51000166 51000016
51000081 51000291
51000057 51000058
51000256 51000144
51000192 51000027
51000097 51000027
51000020 51000244
51000063 51000220
51000172 51000172
51000231 51000135
51000031 51000007
51000206 51000209
51000275 51000006
51000010 51000105
51000235 51000157
51000241 51000223
51000066 51000083
51000272 51000254
51000204 51000091
51000252 51000155
51000042 51000088
51000031 51000073
51000273 51000002
51000280 51000124
51000107 51000171
51000170 51000041
51000146 51000215
51000252 51000080
51000062 51000032
51000230 51000037
51000272 51000030
51000143 51000155
51000178 51000156
51000046 51000235
51000187 51000262
51000074 51000238
51000191 51000071
51000276 51000069
51000118 51000253
51000144 51000210
51000043 51000169
51000240 51000184
51000281 51000168
51000090 51000173
51000047 51000174
51000063 51000058
51000299 51000157
51000134 51000204
51000223 51000201
51000057 51000073
51000203 51000110
51000127 51000198
51000143 51000097
51000154 51000088
51000121 51000286
51000238 51000043
51000195 51000145
51000117 51000027
51000090 51000013
51000072 51000059
51000150 51000282
51000196 51000118
51000201 51000130
51000192 51000055
51000238 51000283
51000087 51000238
51000182 51000118
51000021 51000174
51000206 51000065
51000103 51000165
51000183 51000189
51000124 51000002
51000005 51000095
51000079 51000013
51000252 51000215
51000282 51000060
51000013 51000188
51000001 51000141
51000154 51000236
51000001 51000224
51000182 51000188
51000167 51000049
51000275 51000208
51000106 51000021
51000064 51000045
51000135 51000030
51000244 51000299
51000232 51000293
51000290 51000175
51000112 51000189
51000130 51000249
51000037 51000270
51000237 51000086
51000278 51000122
51000108 51000079
51000137 51000083
51000092 51000162
51000040 51000254
51000131 51000298
51000160 51000059
51000278 51000149
51000113 51000274
51000218 51000252
51000089 51000013
51000184 51000012
51000176 51000181
51000286 51000223
51000016 51000246
51000058 51000220
51000014 51000065
51000300 51000270
51000049 51000177
51000164 51000289
51000028 51000010
51000075 51000298
51000258 51000243
51000263 51000297
51000218 51000295
51000040 51000051
51000031 51000082
51000119 51000125
51000185 51000295
51000093 51000263
51000111 51000245
51000217 51000273
51000203 51000110
51000239 51000041
51000265 51000019
51000085 51000193
51000296 51000016
51000265 51000130
51000298 51000215
51000102 51000088
51000123 51000248
51000178 51000018
51000278 51000195
51000084 51000277
51000167 51000139
51000023 51000108
51000003 51000235
51000194 51000296
51000244 51000274
51000046 51000039
51000043 51000299
51000172 51000248
51000213 51000174
51000184 51000046
51000039 51000032
51000128 51000154
51000223 51000004
51000181 51000077
51000111 51000256
51000296 51000278
51000287 51000158
51000197 51000111
51000060 51000088
51000026 51000128
51000167 51000042
51000239 51000146
51000132 51000275
51000044 51000190
51000221 51000188
51000185 51000159
51000107 51000254
51000164 51000243
51000227 51000084
51000060 51000104
51000156 51000146
51000092 51000072
51000209 51000037
51000275 51000256
51000096 51000010
51000209 51000203
51000145 51000102
51000048 51000222
51000295 51000049
51000227 51000293
51000283 51000235
51000225 51000105
51000143 51000031
51000087 51000267
51000280 51000119
51000121 51000217
51000109 51000056
51000253 51000132
51000052 51000236
51000283 51000088
51000160 51000279
51000271 51000124
51000219 51000117
51000255 51000232
51000079 51000229
51000238 51000101
51000107 51000271
51000222 51000069
51000052 51000263
51000048 51000158
51000208 51000008
51000272 51000164
51000120 51000003
51000154 51000133
51000189 51000107
51000240 51000215
51000047 51000274
51000116 51000046
51000073 51000229
51000284 51000047
51000242 51000232
51000283 51000010
51000266 51000048
51000010 51000189
51000114 51000087
51000007 51000102
51000248 51000027
51000258 51000151
51000226 51000003
51000179 51000277
51000101 51000123
51000092 51000146
51000283 51000200
51000080 51000096
51000161 51000215
51000297 51000288
51000086 51000201
51000220 51000279
51000253 51000050
51000138 51000234
51000274 51000113
51000118 51000236
51000066 51000072
51000295 51000233
51000045 51000255
51000153 51000282
51000050 51000060
51000179 51000247
51000019 51000177
51000164 51000208
51000118 51000188
51000069 51000087
51000125 51000184
51000196 51000135
51000251 51000181
51000292 51000267
51000232 51000023
51000258 51000179
51000202 51000008
51000050 51000124
51000253 51000072
51000152 51000091
51000022 51000125
51000257 51000218
51000209 51000191
51000161 51000007
51000235 51000101
51000008 51000143
51000080 51000010
51000114 51000295
51000124 51000068
51000258 51000203
51000263 51000211
51000241 51000183
51000196 51000288
51000134 51000022
51000110 51000057
51000300 51000053
51000089 51000277
51000255 51000207
51000215 51000008
51000150 51000265
51000028 51000186
51000237 51000289
51000116 51000242
51000110 51000043
51000279 51000273
51000270 51000231
51000033 51000289
51000241 51000127
51000275 51000225
51000191 51000106
51000296 51000129
51000205 51000018
51000271 51000018
51000151 51000086
51000189 51000227
51000046 51000208
51000083 51000156
51000217 51000298
51000137 51000205
51000011 51000221
51000025 51000267
51000268 51000055
51000149 51000248
51000215 51000159
51000053 51000299
51000080 51000257
51000034 51000065
51000298 51000246
51000174 51000053
51000079 51000197
51000254 51000196
51000289 51000088
51000232 51000173
51000014 51000140
51000299 51000212
51000194 51000285
51000020 51000240
51000119 51000235
51000283 51000275
51000209 51000230
51000184 51000266
51000276 51000076
51000014 51000025
51000297 51000091
51000009 51000030
51000158 51000171
51000128 51000287
51000202 51000034
51000094 51000045
51000252 51000122
51000013 51000046
51000055 51000200
51000274 51000025
51000284 51000126
51000298 51000286
51000059 51000230
51000132 51000204
51000055 51000279
51000107 51000239
51000248 51000216
51000178 51000147
51000287 51000197
51000099 51000009
51000168 51000165
51000294 51000103
51000300 51000166
51000184 51000136
51000011 51000261
51000245 51000173
51000249 51000053
51000258 51000131
51000182 51000044
51000036 51000196
51000210 51000177
51000097 51000188
51000137 51000204
51000232 51000096
51000135 51000184
51000220 51000155
51000021 51000008
51000276 51000032
51000150 51000144
51000139 51000012
51000049 51000005
51000258 51000112
51000025 51000289
51000082 51000048
51000258 51000095
51000063 51000026
51000001 51000158
51000203 51000175
51000010 51000141
51000105 51000021
51000240 51000035
51000272 51000226
51000033 51000281
51000067 51000041
51000181 51000278
51000207 51000178
51000142 51000249
51000223 51000043
51000215 51000123
51000099 51000052
51000256 51000024
51000178 51000121
51000046 51000053
51000216 51000268
51000006 51000028
51000009 51000108
51000246 51000060
51000250 51000008
51000261 51000092
51000044 51000016
51000175 51000028
51000157 51000005
51000285 51000081
51000035 51000244
51000128 51000135
51000074 51000223
51000273 51000189
51000103 51000221
51000171 51000013
51000027 51000099
51000131 51000253
51000023 51000256
51000157 51000254
51000159 51000018
51000063 51000020
51000238 51000108
51000195 51000161
51000083 51000021
51000086 51000117
51000002 51000018
51000199 51000167
51000106 51000176
51000060 51000197
51000129 51000088
51000128 51000135
51000245 51000041
51000031 51000145
51000209 51000140
51000091 51000083
51000290 51000235
51000245 51000300
51000231 51000119
51000089 51000279
51000090 51000166
51000284 51000193
51000133 51000035
51000120 51000041
51000168 51000167
51000140 51000131
51000225 51000241
51000060 51000142
51000264 51000246
51000087 51000156
51000155 51000007
51000056 51000043
51000121 51000120
73 282
67 230
94 24
143 8
114 145
3 129
201 277
65 266
168 278
228 187
291 154
5 209
53 196
226 93
109 181
293 206
5 139
248 86
234 253
21 184
103 201
211 50
125 216
53 288
262 228
231 38
21 132
119 174
280 267
50 212
119 154
11 165
288 247
121 105
3 151
210 136
75 196
186 113
102 95
260 247
199 78
112 114
219 245
39 206
251 66
101 218
217 53
29 2
191 125
171 292
194 197
230 152
13 88
124 26
31 75
154 182
231 279
91 184
190 85
90 116
97 116
53 179
49 39
261 250
26 260
57 232
18 110
38 61
89 134
242 269
40 89
43 287
49 205
127 165
47 10
24 47
201 143
144 9
187 261
77 173
202 148
148 128
162 263
206 185
195 25
257 281
71 295
238 204
278 24
52 41
242 133
58 54
285 272
165 44
225 147
88 29
34 198
262 227
77 113
167 67
41 249
100 91
25 264
179 43
173 46
263 86
171 9
10 100
264 210
233 28
215 58
115 99
214 194
48 71
199 90
120 59
239 54
190 115
205 250
23 217
161 165
173 132
297 73
129 168
284 145
267 206
170 228
124 178
41 72
256 260
77 4
245 161
142 90
174 201
273 133
85 24
204 250
276 267
149 246
155 76
202 240
25 289
111 245
4 21
36 44
8 287
231 30
83 29
265 183
117 39
33 266
75 152
17 5
133 100
205 204
95 268
50 204
193 162
214 276
201 204
267 243
21 66
11 169
73 53
148 198
118 272
21 208
25 283
262 143
21 36
207 3
141 273
116 100
245 184
275 242
169 19
129 293
69 114
188 299
199 212
61 298
65 74
37 177
187 186
272 38
174 100
28 248
164 161
8 141
124 215
32 187
103 244
252 274
111 101
269 199
25 113
39 107
209 153
4 292
277 33
