# source: JorikJooken
# original path: jj_extract\knapsackProblemInstances-master\problemInstances\n_400_c_100000000_g_14_f_0.1_eps_0.1_s_100\test.in
# optimal value: 100001265
# format: n capacity, then weight value
400 100000000
60000034 60000047
60000058 60000017
60000031 60000069
60000006 60000051
60000033 60000020
60000077 60000035
60000068 60000072
60000074 60000082
60000032 60000038
60000043 60000096
60000085 60000087
60000010 60000057
60000011 60000056
60000075 60000068
60000003 60000085
60000057 60000055
60000077 60000100
60000026 60000023
60000059 60000048
60000015 60000075
60000094 60000031
60000039 60000003
60000054 60000035
60000042 60000099
60000025 60000083
60000068 60000072
60000028 60000066
35000012 35000041
35000059 35000009
35000017 35000024
35000080 35000042
35000026 35000005
35000086 35000042
35000075 35000078
35000045 35000076
35000097 35000019
35000025 35000097
35000069 35000035
35000077 35000037
35000099 35000099
35000035 35000017
35000028 35000086
35000065 35000094
35000091 35000053
35000046 35000061
35000002 35000051
35000078 35000091
35000002 35000048
35000012 35000085
35000095 35000068
35000058 35000057
35000088 35000025
35000034 35000051
35000082 35000034
22500046 22500003
22500089 22500007
22500041 22500056
22500031 22500024
22500073 22500091
22500041 22500050
22500064 22500026
22500015 22500033
22500046 22500042
22500029 22500059
22500077 22500070
22500098 22500058
22500064 22500100
22500100 22500012
22500054 22500092
22500099 22500040
22500086 22500009
22500083 22500024
22500065 22500016
22500003 22500071
22500037 22500053
22500060 22500015
22500001 22500084
22500019 22500014
22500005 22500025
22500083 22500057
22500026 22500005
16250070 16250084
16250073 16250045
16250011 16250087
16250072 16250067
16250031 16250008
16250067 16250025
16250015 16250019
16250094 16250067
16250041 16250032
16250007 16250041
16250043 16250002
16250055 16250092
16250091 16250086
16250024 16250061
16250001 16250055
16250051 16250033
16250085 16250026
16250013 16250086
16250001 16250014
16250044 16250073
16250009 16250051
16250098 16250054
16250074 16250075
16250046 16250047
16250033 16250044
16250089 16250078
16250040 16250078
13125017 13125031
13125058 13125034
13125053 13125009
13125037 13125068
13125034 13125038
13125078 13125073
13125021 13125032
13125072 13125046
13125015 13125034
13125010 13125020
13125024 13125031
13125064 13125042
13125043 13125025
13125093 13125040
13125059 13125030
13125046 13125080
13125050 13125030
13125016 13125026
13125034 13125046
13125091 13125014
13125099 13125001
13125072 13125001
13125047 13125061
13125012 13125083
13125074 13125062
13125085 13125038
13125094 13125003
11562568 11562529
11562582 11562529
11562534 11562573
11562563 11562589
11562526 11562561
11562565 11562539
11562565 11562596
11562509 11562567
11562520 11562562
11562561 11562538
11562559 11562538
11562512 11562538
11562520 11562569
11562546 11562549
11562563 11562523
11562577 11562582
11562550 11562540
11562567 11562581
11562505 11562510
11562558 11562513
11562551 11562567
11562572 11562557
11562589 11562574
11562542 11562585
11562589 11562593
11562549 11562548
11562560 11562600
10781339 10781313
10781283 10781266
10781328 10781331
10781343 10781297
10781315 10781338
10781263 10781270
10781259 10781256
10781277 10781309
10781308 10781286
10781327 10781312
10781318 10781304
10781329 10781311
10781280 10781334
10781291 10781323
10781298 10781266
10781284 10781303
10781299 10781338
10781347 10781293
10781267 10781252
10781311 10781260
10781303 10781316
10781272 10781331
10781291 10781281
10781276 10781301
10781302 10781342
10781333 10781319
10781293 10781283
10390653 10390682
10390697 10390711
10390636 10390683
10390666 10390702
10390715 10390626
10390653 10390710
10390693 10390709
10390703 10390683
10390685 10390667
10390659 10390640
10390659 10390680
10390649 10390647
10390665 10390663
10390639 10390642
10390718 10390688
10390670 10390657
10390642 10390633
10390706 10390679
10390712 10390683
10390648 10390721
10390691 10390669
10390667 10390720
10390661 10390709
10390657 10390695
10390643 10390668
10390628 10390654
10390724 10390680
10195315 10195327
10195314 10195402
10195315 10195391
10195375 10195325
10195342 10195340
10195401 10195385
10195367 10195380
10195349 10195355
10195404 10195391
10195406 10195380
10195365 10195370
10195320 10195383
10195337 10195373
10195353 10195407
10195407 10195404
10195398 10195411
10195383 10195390
10195355 10195347
10195337 10195376
10195320 10195318
10195323 10195406
10195313 10195330
10195340 10195349
10195318 10195325
10195399 10195384
10195328 10195362
10195372 10195370
10097665 10097726
10097721 10097716
10097738 10097721
10097692 10097707
10097733 10097676
10097664 10097743
10097685 10097685
10097700 10097664
10097737 10097718
10097750 10097737
10097675 10097672
10097667 10097666
10097678 10097737
10097719 10097671
10097733 10097676
10097686 10097707
10097722 10097707
10097726 10097749
10097681 10097723
10097658 10097700
10097685 10097737
10097712 10097719
10097689 10097671
10097726 10097755
10097660 10097735
10097661 10097692
10097672 10097670
10048866 10048879
10048896 10048900
10048876 10048880
10048851 10048900
10048886 10048870
10048855 10048898
10048902 10048844
10048919 10048928
10048905 10048867
10048891 10048894
10048891 10048922
10048861 10048852
10048851 10048910
10048859 10048848
10048841 10048917
10048915 10048880
10048870 10048834
10048903 10048905
10048898 10048921
10048891 10048862
10048885 10048906
10048924 10048866
10048911 10048926
10048909 10048920
10048928 10048884
10048896 10048909
10048832 10048845
10024469 10024466
10024469 10024474
10024467 10024449
10024492 10024476
10024435 10024475
10024441 10024498
10024469 10024498
10024426 10024469
10024477 10024485
10024422 10024419
10024480 10024501
10024499 10024477
10024436 10024447
10024491 10024495
10024438 10024484
10024427 10024418
10024505 10024457
10024473 10024488
10024444 10024490
10024513 10024504
10024451 10024468
10024430 10024494
10024468 10024506
10024442 10024434
10024509 10024453
10024430 10024481
10024472 10024473
10012280 10012286
10012251 10012269
10012221 10012223
10012214 10012250
10012269 10012220
10012276 10012232
10012229 10012220
10012303 10012278
10012225 10012269
10012263 10012237
10012258 10012267
10012208 10012217
10012230 10012210
10012276 10012224
10012221 10012283
10012263 10012232
10012257 10012269
10012246 10012226
10012278 10012275
10012215 10012252
10012303 10012277
10012268 10012289
10012284 10012215
10012248 10012220
10012220 10012234
10012208 10012276
10012242 10012247
13 77
35 34
43 58
50 28
1 99
1 51
80 43
86 54
68 48
29 62
41 100
89 19
76 41
62 65
85 85
4 17
99 14
92 99
44 30
17 100
13 82
46 66
52 97
37 43
54 10
1 59
47 22
9 44
19 31
72 88
97 74
58 82
52 86
98 95
17 96
5 88
43 35
56 32
22 80
87 3
71 77
93 18
92 69
16 93
30 30
92 91
11 80
71 65
36 62
