# source: JorikJooken
# original path: jj_extract\knapsackProblemInstances-master\problemInstances\n_400_c_1000000_g_2_f_0.1_eps_0.1_s_200\test.in
# optimal value: 604798
# format: n capacity, then weight value
400 1000000
600125 600084
600053 600143
600136 600022
600040 600164
600120 600104
600176 600189
600070 600134
600151 600153
600008 600181
600199 600175
600170 600148
600164 600191
600193 600182
600069 600066
600167 600147
600137 600087
600164 600068
600036 600097
600162 600133
600122 600161
600115 600078
600015 600026
600004 600103
600115 600200
600171 600001
600174 600039
600180 600060
600132 600088
600170 600081
600020 600158
600076 600084
600025 600011
600040 600178
600048 600066
600013 600170
600085 600191
600087 600039
600194 600194
600128 600158
600031 600043
600199 600121
600188 600093
600183 600161
600190 600069
600090 600177
600042 600122
600052 600079
600035 600175
600031 600111
600074 600185
600140 600140
600036 600018
600071 600137
600086 600010
600036 600074
600088 600024
600181 600117
600078 600145
600190 600097
600101 600164
600170 600171
600092 600051
600022 600186
600188 600045
600028 600144
600194 600162
600174 600143
600097 600024
600173 600063
600090 600188
600031 600118
600050 600073
600036 600090
600122 600081
600079 600191
600053 600178
600142 600102
600156 600107
600191 600149
600014 600068
600164 600052
600067 600178
600002 600076
600113 600020
600031 600129
600051 600071
600013 600040
600071 600120
600088 600105
600162 600099
600153 600123
600091 600136
600169 600036
600093 600079
600021 600001
600099 600157
600091 600199
600109 600023
600169 600030
600103 600162
600149 600097
600127 600198
600142 600031
600144 600143
600142 600077
600025 600099
600042 600185
600003 600077
600156 600180
600056 600061
600027 600064
600171 600024
600041 600161
600013 600197
600111 600006
600107 600191
600096 600177
600098 600170
600062 600133
600094 600128
600004 600187
600056 600169
600078 600129
600140 600132
600142 600131
600180 600073
600024 600066
600014 600015
600061 600003
600175 600172
600059 600184
600075 600196
600100 600177
600003 600062
600115 600168
600057 600041
600084 600138
600177 600175
600133 600108
600120 600031
600054 600123
600138 600077
600116 600108
600093 600096
600148 600041
600136 600118
600200 600174
600144 600074
600053 600188
600087 600133
600138 600054
600163 600159
600088 600175
600180 600003
600061 600176
600116 600017
600110 600147
600100 600004
600144 600058
600130 600028
600036 600089
600001 600008
600063 600014
600141 600117
600189 600131
600154 600056
600089 600129
600131 600046
600151 600164
600068 600085
600173 600161
600145 600019
600008 600096
600034 600021
600159 600134
600093 600045
600015 600177
600018 600170
600150 600142
600156 600065
600132 600017
600057 600054
600031 600190
600019 600166
600007 600017
600181 600121
600115 600128
600015 600012
600103 600151
600143 600056
600029 600128
600039 600008
600163 600176
600114 600012
600139 600004
600123 600124
600093 600133
600063 600198
600136 600105
600178 600127
600174 600118
600144 600024
600016 600030
600064 600178
600004 600148
600110 600068
600072 600069
600169 600017
600161 600141
600080 600198
600121 600025
600158 600172
600017 600173
600122 600026
600173 600113
600060 600146
600155 600065
600130 600085
600139 600099
600094 600110
600035 600077
600152 600089
600057 600176
600132 600027
600082 600133
600024 600177
600028 600137
600139 600025
600096 600194
600072 600112
600120 600183
600021 600132
600074 600142
600180 600191
600121 600136
600172 600200
600173 600015
600140 600125
600130 600025
600008 600143
600152 600118
600007 600040
600164 600065
600196 600087
600001 600169
600194 600110
600156 600034
600041 600085
600149 600160
600068 600008
600166 600158
600044 600125
600077 600034
600053 600073
600059 600136
600091 600174
600012 600073
600166 600031
600153 600014
600094 600051
600105 600077
600127 600090
600146 600035
600155 600094
600115 600194
600171 600095
600106 600048
600004 600129
600112 600138
600134 600015
600109 600126
600150 600181
600178 600095
600050 600080
600047 600007
600108 600161
600083 600092
600131 600051
600186 600038
600171 600137
600165 600102
600159 600111
600200 600140
600099 600192
600028 600114
600131 600134
600067 600034
600028 600193
600147 600053
600011 600001
600185 600007
600073 600074
600200 600145
600132 600121
600018 600058
600045 600038
600146 600052
600023 600125
600045 600020
600149 600146
600100 600110
600120 600158
600053 600154
600167 600155
600007 600010
600022 600154
600145 600119
600170 600094
600086 600170
600073 600031
600111 600064
600039 600173
600180 600133
600163 600162
600042 600114
600010 600014
600099 600144
600103 600041
600102 600009
600056 600026
600109 600171
600084 600011
600007 600029
600035 600085
600051 600073
600104 600110
600191 600002
600007 600001
600175 600011
600182 600126
600192 600174
600187 600132
600006 600067
600050 600189
600178 600009
600043 600128
600124 600073
600059 600190
600121 600123
600145 600131
600181 600040
600023 600138
600130 600173
600041 600107
600050 600011
600195 600132
600044 600134
600108 600191
600036 600053
600090 600136
600008 600072
600177 600092
600144 600181
600102 600011
600051 600028
600184 600178
600104 600179
600086 600160
600058 600196
600118 600163
107 117
136 184
172 179
85 49
98 183
56 12
44 125
144 190
95 84
33 156
53 143
8 149
131 79
131 10
32 199
94 19
52 138
165 45
107 61
123 199
188 96
152 66
85 68
173 13
189 162
65 195
46 181
148 46
154 108
52 195
195 77
187 147
30 171
23 200
28 132
87 10
173 58
177 76
46 82
24 194
