# source: JorikJooken
# original path: jj_extract\knapsackProblemInstances-master\problemInstances\n_1000_c_100000000_g_10_f_0.3_eps_0.1_s_300\test.in
# optimal value: 100005969
# format: n capacity, then weight value
1000 100000000
60000294 60000153
60000070 60000107
60000089 60000150
60000271 60000085
60000073 60000167
60000177 60000207
60000111 60000180
60000060 60000161
60000124 60000220
60000188 60000106
60000093 60000209
60000079 60000142
60000260 60000300
60000166 60000206
60000269 60000253
60000080 60000093
60000298 60000083
60000072 60000182
60000181 60000224
60000146 60000213
60000103 60000043
60000142 60000066
60000289 60000257
60000034 60000115
60000182 60000255
60000035 60000159
60000011 60000040
60000155 60000091
60000136 60000116
60000012 60000243
60000084 60000069
60000271 60000092
60000284 60000200
60000003 60000106
60000128 60000098
60000221 60000187
60000191 60000130
60000237 60000014
60000151 60000014
60000194 60000160
60000085 60000059
60000195 60000045
60000139 60000224
60000076 60000176
60000003 60000066
60000099 60000168
60000228 60000029
60000249 60000199
60000170 60000295
60000265 60000124
60000201 60000221
60000237 60000266
60000179 60000259
60000110 60000156
60000129 60000134
60000142 60000257
60000035 60000241
60000083 60000166
60000143 60000115
60000220 60000144
60000148 60000067
60000140 60000076
60000279 60000285
60000047 60000294
60000134 60000188
60000037 60000105
60000258 60000019
60000177 60000270
60000152 60000019
60000161 60000131
60000096 60000113
60000258 60000009
60000109 60000202
60000222 60000026
60000225 60000231
60000297 60000265
60000154 60000240
35000195 35000015
35000214 35000057
35000103 35000296
35000062 35000293
35000238 35000173
35000083 35000138
35000125 35000278
35000044 35000136
35000151 35000097
35000292 35000082
35000297 35000055
35000143 35000007
35000186 35000047
35000202 35000194
35000055 35000123
35000157 35000182
35000265 35000124
35000117 35000176
35000197 35000006
35000295 35000266
35000237 35000117
35000046 35000164
35000118 35000183
35000226 35000126
35000012 35000025
35000208 35000110
35000138 35000012
35000190 35000287
35000106 35000090
35000287 35000128
35000031 35000093
35000233 35000184
35000265 35000226
35000208 35000204
35000061 35000157
35000179 35000042
35000213 35000241
35000224 35000011
35000040 35000119
35000053 35000082
35000180 35000156
35000025 35000092
35000254 35000041
35000100 35000188
35000018 35000092
35000151 35000145
35000112 35000006
35000196 35000003
35000075 35000257
35000127 35000248
35000175 35000279
35000131 35000175
35000239 35000100
35000102 35000089
35000201 35000281
35000005 35000091
35000115 35000129
35000035 35000125
35000189 35000024
35000216 35000016
35000263 35000052
35000067 35000218
35000165 35000278
35000262 35000220
35000108 35000071
35000069 35000135
35000273 35000092
35000162 35000056
35000026 35000290
35000264 35000277
35000102 35000196
35000182 35000052
35000099 35000024
35000252 35000229
35000029 35000036
35000295 35000051
35000147 35000154
22500291 22500240
22500300 22500006
22500176 22500111
22500257 22500071
22500226 22500188
22500257 22500205
22500114 22500265
22500057 22500158
22500243 22500220
22500081 22500238
22500060 22500107
22500104 22500073
22500026 22500269
22500016 22500017
22500029 22500067
22500091 22500096
22500070 22500014
22500069 22500233
22500140 22500113
22500295 22500103
22500096 22500275
22500176 22500123
22500240 22500058
22500152 22500020
22500140 22500123
22500253 22500205
22500300 22500073
22500144 22500062
22500196 22500218
22500165 22500067
22500282 22500300
22500057 22500227
22500048 22500294
22500013 22500043
22500115 22500028
22500201 22500296
22500242 22500279
22500056 22500271
22500115 22500001
22500294 22500289
22500175 22500088
22500036 22500054
22500057 22500156
22500131 22500226
22500149 22500110
22500276 22500150
22500229 22500145
22500281 22500138
22500102 22500108
22500226 22500124
22500229 22500003
22500050 22500139
22500179 22500042
22500287 22500299
22500294 22500291
22500132 22500026
22500298 22500160
22500141 22500142
22500045 22500046
22500015 22500066
22500145 22500160
22500137 22500200
22500177 22500050
22500130 22500007
22500277 22500103
22500260 22500125
22500213 22500036
22500057 22500128
22500071 22500086
22500098 22500101
22500185 22500191
22500127 22500185
22500085 22500239
22500263 22500061
22500099 22500253
22500075 22500256
22500178 22500082
16250087 16250028
16250181 16250207
16250105 16250290
16250091 16250234
16250112 16250043
16250281 16250164
16250173 16250098
16250112 16250143
16250051 16250002
16250110 16250099
16250119 16250078
16250265 16250002
16250089 16250116
16250187 16250292
16250173 16250249
16250020 16250145
16250007 16250273
16250072 16250222
16250185 16250294
16250179 16250196
16250185 16250128
16250292 16250271
16250204 16250112
16250068 16250211
16250273 16250187
16250128 16250210
16250005 16250045
16250068 16250124
16250057 16250264
16250225 16250034
16250015 16250292
16250097 16250157
16250037 16250217
16250234 16250007
16250263 16250213
16250045 16250087
16250234 16250139
16250163 16250083
16250110 16250099
16250161 16250268
16250296 16250237
16250296 16250005
16250091 16250202
16250094 16250118
16250029 16250294
16250151 16250159
16250214 16250193
16250242 16250155
16250146 16250270
16250043 16250008
16250226 16250030
16250062 16250064
16250215 16250007
16250176 16250165
16250141 16250090
16250051 16250095
16250128 16250036
16250227 16250296
16250110 16250188
16250248 16250074
16250076 16250247
16250140 16250003
16250259 16250109
16250076 16250237
16250177 16250292
16250225 16250108
16250004 16250265
16250050 16250197
16250103 16250074
16250238 16250237
16250292 16250156
16250158 16250134
16250207 16250172
16250283 16250045
16250205 16250162
16250095 16250117
16250037 16250133
13125108 13125090
13125191 13125180
13125035 13125082
13125135 13125106
13125195 13125083
13125175 13125055
13125077 13125084
13125220 13125298
13125072 13125044
13125248 13125042
13125031 13125293
13125015 13125074
13125135 13125172
13125190 13125296
13125207 13125134
13125160 13125060
13125246 13125118
13125089 13125297
13125060 13125023
13125208 13125024
13125150 13125237
13125004 13125020
13125038 13125008
13125293 13125100
13125109 13125204
13125209 13125215
13125110 13125164
13125222 13125222
13125146 13125086
13125086 13125061
13125286 13125290
13125201 13125134
13125004 13125220
13125264 13125125
13125229 13125031
13125189 13125162
13125250 13125135
13125027 13125165
13125047 13125183
13125043 13125149
13125292 13125285
13125070 13125149
13125251 13125181
13125080 13125237
13125129 13125137
13125008 13125047
13125257 13125264
13125195 13125250
13125264 13125069
13125289 13125300
13125078 13125196
13125044 13125002
13125084 13125211
13125036 13125082
13125052 13125127
13125022 13125078
13125192 13125297
13125094 13125098
13125082 13125187
13125161 13125001
13125030 13125035
13125172 13125181
13125238 13125114
13125231 13125029
13125131 13125082
13125213 13125030
13125267 13125069
13125019 13125210
13125293 13125267
13125089 13125146
13125278 13125052
13125043 13125287
13125080 13125101
13125152 13125144
13125081 13125201
13125195 13125214
13125140 13125115
11562572 11562702
11562540 11562588
11562753 11562502
11562674 11562608
11562517 11562757
11562513 11562697
11562566 11562675
11562695 11562767
11562753 11562740
11562700 11562682
11562780 11562590
11562547 11562609
11562628 11562506
11562757 11562665
11562761 11562608
11562780 11562752
11562627 11562666
11562634 11562742
11562545 11562796
11562727 11562569
11562726 11562738
11562650 11562636
11562676 11562521
11562780 11562660
11562574 11562737
11562541 11562623
11562734 11562715
11562526 11562561
11562591 11562578
11562545 11562565
11562643 11562711
11562704 11562769
11562530 11562534
11562759 11562600
11562565 11562585
11562795 11562695
11562545 11562512
11562509 11562639
11562682 11562655
11562577 11562768
11562523 11562566
11562502 11562696
11562681 11562607
11562643 11562713
11562733 11562572
11562794 11562627
11562541 11562576
11562659 11562572
11562757 11562544
11562670 11562622
11562700 11562547
11562578 11562735
11562576 11562527
11562739 11562733
11562589 11562513
11562590 11562757
11562675 11562781
11562758 11562614
11562656 11562752
11562506 11562738
11562791 11562749
11562780 11562732
11562564 11562706
11562686 11562698
11562511 11562580
11562616 11562679
11562750 11562683
11562516 11562627
11562799 11562600
11562743 11562774
11562723 11562576
11562740 11562577
11562751 11562706
11562712 11562528
11562635 11562731
11562798 11562726
11562555 11562785
10781476 10781502
10781356 10781444
10781532 10781495
10781522 10781263
10781298 10781340
10781283 10781324
10781363 10781516
10781530 10781530
10781521 10781476
10781423 10781325
10781313 10781522
10781308 10781473
10781510 10781326
10781322 10781344
10781520 10781341
10781491 10781498
10781389 10781440
10781423 10781362
10781395 10781480
10781486 10781355
10781493 10781433
10781340 10781275
10781407 10781356
10781475 10781412
10781351 10781503
10781415 10781518
10781503 10781279
10781408 10781499
10781353 10781511
10781426 10781261
10781464 10781297
10781416 10781410
10781430 10781374
10781430 10781374
10781336 10781287
10781290 10781304
10781518 10781332
10781345 10781307
10781404 10781322
10781332 10781473
10781521 10781278
10781503 10781475
10781411 10781525
10781547 10781359
10781425 10781445
10781515 10781283
10781351 10781419
10781429 10781512
10781463 10781528
10781402 10781422
10781442 10781496
10781369 10781409
10781344 10781480
10781466 10781397
10781512 10781456
10781538 10781433
10781390 10781505
10781482 10781483
10781261 10781481
10781543 10781382
10781368 10781491
10781359 10781305
10781478 10781526
10781489 10781255
10781283 10781474
10781301 10781297
10781272 10781363
10781549 10781327
10781348 10781378
10781527 10781263
10781278 10781438
10781497 10781380
10781285 10781276
10781506 10781378
10781371 10781540
10781516 10781319
10781345 10781333
10390736 10390882
10390812 10390755
10390645 10390640
10390730 10390925
10390626 10390640
10390846 10390630
10390777 10390750
10390778 10390752
10390920 10390843
10390894 10390721
10390875 10390855
10390762 10390886
10390909 10390633
10390787 10390894
10390911 10390781
10390662 10390683
10390822 10390796
10390861 10390830
10390925 10390867
10390852 10390743
10390655 10390924
10390722 10390836
10390801 10390652
10390813 10390839
10390805 10390895
10390703 10390653
10390702 10390911
10390884 10390712
10390701 10390783
10390911 10390717
10390658 10390718
10390735 10390635
10390880 10390796
10390686 10390783
10390759 10390797
10390923 10390644
10390834 10390837
10390785 10390851
10390840 10390910
10390653 10390853
10390658 10390919
10390685 10390790
10390779 10390709
10390696 10390638
10390626 10390655
10390660 10390824
10390778 10390743
10390846 10390792
10390921 10390837
10390910 10390723
10390847 10390873
10390923 10390867
10390859 10390902
10390911 10390665
10390827 10390844
10390791 10390745
10390843 10390731
10390893 10390914
10390720 10390832
10390659 10390723
10390822 10390796
10390881 10390648
10390887 10390738
10390833 10390880
10390706 10390678
10390732 10390797
10390739 10390800
10390869 10390770
10390905 10390642
10390682 10390883
10390875 10390913
10390673 10390874
10390880 10390723
10390705 10390845
10390709 10390849
10390733 10390743
10390758 10390646
10195337 10195555
10195351 10195352
10195469 10195343
10195532 10195554
10195564 10195545
10195340 10195475
10195519 10195477
10195380 10195603
10195355 10195342
10195504 10195374
10195477 10195477
10195462 10195399
10195539 10195368
10195580 10195353
10195315 10195328
10195515 10195479
10195610 10195447
10195430 10195377
10195570 10195375
10195582 10195412
10195506 10195438
10195392 10195456
10195373 10195358
10195336 10195563
10195397 10195516
10195463 10195454
10195465 10195593
10195411 10195560
10195430 10195359
10195452 10195390
10195441 10195348
10195343 10195450
10195495 10195454
10195367 10195348
10195320 10195392
10195469 10195390
10195363 10195442
10195366 10195543
10195431 10195317
10195363 10195569
10195597 10195388
10195599 10195469
10195337 10195556
10195555 10195583
10195491 10195520
10195421 10195523
10195443 10195372
10195560 10195329
10195571 10195389
10195568 10195459
10195424 10195492
10195519 10195454
10195403 10195357
10195368 10195478
10195355 10195514
10195487 10195372
10195344 10195530
10195332 10195449
10195572 10195598
10195375 10195504
10195410 10195538
10195588 10195435
10195338 10195483
10195513 10195360
10195472 10195469
10195499 10195480
10195521 10195372
10195422 10195389
10195410 10195542
10195539 10195482
10195510 10195473
10195411 10195385
10195465 10195401
10195399 10195603
10195363 10195421
10195451 10195530
10195495 10195554
139 17
19 91
26 230
267 187
26 158
279 189
8 30
296 85
36 112
177 234
152 17
211 15
104 5
18 22
63 86
84 290
269 233
205 91
29 225
284 129
32 232
250 205
174 153
156 37
43 185
287 138
34 211
185 111
191 236
18 218
150 165
20 253
265 186
44 154
77 63
272 199
252 275
270 180
227 202
192 204
122 232
20 103
161 226
98 281
205 5
41 163
69 94
261 127
78 20
99 124
248 250
255 24
271 286
81 29
75 241
237 251
202 148
298 56
66 31
241 151
180 40
163 19
234 247
39 77
200 246
18 147
210 216
159 221
116 138
35 31
270 247
130 160
55 286
126 56
217 212
37 94
131 76
76 195
46 109
131 168
132 63
90 214
139 29
134 17
186 222
167 181
213 63
42 5
180 283
229 215
289 33
58 86
55 164
249 77
12 9
279 255
221 174
15 181
197 115
264 209
295 206
143 170
192 237
154 127
181 47
253 266
292 257
176 120
130 136
253 208
145 258
190 29
231 166
26 204
248 20
235 17
182 79
173 42
270 296
75 240
134 271
83 73
176 252
109 189
194 49
185 83
61 66
193 54
156 192
205 145
59 298
225 237
105 101
17 84
23 171
237 35
123 220
186 17
287 176
73 65
264 126
109 157
261 165
22 265
118 235
28 96
152 60
121 92
17 298
294 187
171 204
292 121
286 262
5 35
293 185
270 98
98 180
164 159
14 66
33 243
10 296
170 81
128 182
115 158
151 228
279 284
49 192
35 269
263 251
174 24
169 102
251 59
295 80
135 40
156 91
176 72
238 149
178 225
213 50
290 265
290 230
156 27
186 110
1 188
209 289
182 257
8 79
24 11
197 182
40 293
264 44
39 66
153 130
202 231
192 214
67 135
236 20
183 11
270 190
55 265
287 294
8 70
141 188
180 72
74 195
78 162
199 111
138 43
80 13
18 137
271 164
34 128
226 21
214 290
222 21
290 14
296 111
46 30
167 27
222 282
177 170
60 71
113 57
86 223
74 22
136 216
74 202
223 2
250 35
168 76
199 186
112 112
234 115
27 113
200 241
24 46
116 34
9 146
241 184
34 196
287 264
294 49
161 233
252 25
173 276
123 259
236 131
13 163
25 143
209 114
71 19
158 223
89 113
53 215
232 112
249 61
130 224
280 38
82 12
59 64
25 91
91 231
257 77
62 280
156 129
191 28
165 290
265 281
279 247
263 200
121 74
211 294
242 185
293 132
248 187
189 44
208 129
67 149
23 195
279 117
281 282
45 160
155 81
96 61
14 40
121 58
110 91
292 131
119 40
43 113
220 291
63 40
80 38
79 172
188 38
232 166
121 40
192 269
230 72
156 278
106 222
189 25
273 39
290 72
222 176
236 62
38 4
