# source: JorikJooken
# original path: jj_extract\knapsackProblemInstances-master\problemInstances\n_1200_c_100000000_g_10_f_0.3_eps_0.01_s_300\test.in
# optimal value: 100029994
# format: n capacity, then weight value
1200 100000000
51000024 51000114
51000060 51000174
51000129 51000166
51000058 51000294
51000298 51000041
51000085 51000206
51000038 51000032
51000142 51000035
51000128 51000216
51000046 51000209
51000285 51000283
51000259 51000055
51000169 51000280
51000271 51000059
51000238 51000131
51000063 51000064
51000290 51000173
51000069 51000231
51000023 51000054
51000143 51000220
51000262 51000166
51000005 51000071
51000027 51000232
51000183 51000173
51000185 51000034
51000169 51000185
51000117 51000228
51000157 51000176
51000131 51000105
51000149 51000172
51000220 51000231
51000013 51000030
51000168 51000185
51000085 51000203
51000028 51000219
51000020 51000265
51000006 51000268
51000294 51000065
51000231 51000024
51000138 51000041
51000138 51000231
51000012 51000053
51000104 51000135
51000127 51000171
51000214 51000270
51000269 51000230
51000085 51000102
51000085 51000126
51000187 51000047
51000011 51000071
51000263 51000043
51000167 51000089
51000080 51000057
51000296 51000292
51000283 51000242
51000243 51000154
51000047 51000269
51000178 51000242
51000049 51000281
51000058 51000255
51000207 51000288
51000128 51000063
51000073 51000088
51000253 51000081
51000250 51000193
51000244 51000056
51000103 51000256
51000264 51000195
51000109 51000085
51000227 51000146
51000150 51000161
51000279 51000144
51000240 51000245
51000162 51000042
51000046 51000166
51000103 51000013
51000162 51000093
51000024 51000285
51000083 51000190
51000147 51000117
51000216 51000122
51000149 51000251
51000236 51000016
51000087 51000090
51000043 51000191
51000184 51000214
51000264 51000001
51000197 51000080
51000117 51000163
51000199 51000249
51000246 51000098
51000007 51000011
51000256 51000038
26000190 26000181
26000156 26000197
26000060 26000112
26000009 26000140
26000185 26000243
26000229 26000140
26000122 26000056
26000207 26000085
26000282 26000260
26000168 26000229
26000037 26000169
26000190 26000053
26000026 26000064
26000095 26000224
26000161 26000014
26000228 26000253
26000134 26000028
26000298 26000191
26000105 26000249
26000181 26000292
26000221 26000256
26000269 26000261
26000209 26000128
26000244 26000011
26000089 26000195
26000195 26000082
26000236 26000177
26000016 26000185
26000146 26000285
26000113 26000096
26000210 26000297
26000285 26000207
26000040 26000223
26000278 26000013
26000010 26000204
26000255 26000018
26000039 26000244
26000217 26000008
26000115 26000122
26000036 26000146
26000071 26000097
26000088 26000290
26000123 26000112
26000017 26000222
26000178 26000194
26000167 26000189
26000224 26000170
26000247 26000224
26000008 26000086
26000244 26000233
26000276 26000080
26000104 26000123
26000275 26000072
26000075 26000195
26000044 26000219
26000282 26000152
26000108 26000181
26000033 26000148
26000179 26000184
26000191 26000099
26000010 26000154
26000288 26000271
26000038 26000124
26000221 26000117
26000221 26000163
26000057 26000072
26000101 26000105
26000121 26000143
26000190 26000175
26000256 26000243
26000168 26000294
26000057 26000136
26000072 26000275
26000096 26000059
26000223 26000115
26000178 26000002
26000147 26000174
26000210 26000173
26000204 26000177
26000184 26000097
26000086 26000273
26000134 26000007
26000261 26000233
26000238 26000194
26000109 26000176
26000262 26000142
26000224 26000252
26000064 26000119
26000224 26000275
26000155 26000006
26000012 26000189
26000271 26000019
26000252 26000132
13500054 13500190
13500098 13500093
13500275 13500062
13500184 13500273
13500093 13500284
13500087 13500255
13500217 13500284
13500090 13500204
13500143 13500108
13500040 13500270
13500294 13500285
13500198 13500084
13500096 13500198
13500077 13500123
13500109 13500239
13500226 13500100
13500237 13500236
13500227 13500283
13500080 13500175
13500204 13500230
13500182 13500023
13500227 13500245
13500117 13500159
13500266 13500224
13500128 13500296
13500262 13500262
13500235 13500090
13500293 13500145
13500210 13500028
13500282 13500117
13500029 13500136
13500011 13500174
13500222 13500094
13500230 13500052
13500107 13500280
13500088 13500184
13500176 13500026
13500257 13500105
13500046 13500030
13500175 13500101
13500053 13500126
13500222 13500044
13500165 13500097
13500049 13500297
13500100 13500195
13500055 13500039
13500274 13500129
13500182 13500270
13500095 13500150
13500198 13500215
13500074 13500214
13500190 13500111
13500011 13500187
13500049 13500130
13500235 13500057
13500019 13500155
13500086 13500131
13500134 13500041
13500184 13500111
13500074 13500031
13500039 13500163
13500031 13500219
13500280 13500245
13500273 13500025
13500202 13500153
13500015 13500213
13500110 13500240
13500144 13500236
13500212 13500286
13500039 13500227
13500284 13500095
13500294 13500039
13500124 13500221
13500202 13500009
13500182 13500279
13500289 13500227
13500033 13500098
13500184 13500088
13500152 13500267
13500004 13500064
13500079 13500245
13500024 13500205
13500146 13500108
13500175 13500100
13500091 13500284
13500231 13500264
13500265 13500104
13500292 13500169
13500078 13500291
13500044 13500274
13500273 13500200
13500215 13500252
13500196 13500265
7250043 7250201
7250227 7250169
7250212 7250257
7250127 7250241
7250177 7250269
7250290 7250260
7250133 7250039
7250172 7250027
7250165 7250005
7250291 7250234
7250025 7250116
7250279 7250172
7250062 7250159
7250055 7250017
7250280 7250205
7250280 7250020
7250174 7250042
7250044 7250101
7250116 7250050
7250224 7250045
7250062 7250251
7250158 7250142
7250072 7250107
7250137 7250242
7250166 7250057
7250291 7250053
7250126 7250259
7250282 7250235
7250090 7250204
7250280 7250124
7250247 7250114
7250119 7250218
7250066 7250280
7250047 7250088
7250269 7250063
7250053 7250151
7250105 7250195
7250006 7250207
7250106 7250138
7250025 7250165
7250264 7250242
7250043 7250197
7250068 7250236
7250097 7250040
7250165 7250243
7250217 7250142
7250056 7250085
7250114 7250031
7250142 7250237
7250166 7250036
7250211 7250257
7250261 7250021
7250160 7250068
7250058 7250101
7250213 7250113
7250171 7250171
7250074 7250203
7250074 7250282
7250202 7250104
7250281 7250223
7250279 7250080
7250290 7250196
7250004 7250211
7250223 7250178
7250169 7250252
7250163 7250216
7250062 7250249
7250103 7250121
7250126 7250220
7250117 7250032
7250040 7250177
7250080 7250008
7250250 7250173
7250257 7250178
7250294 7250026
7250139 7250044
7250224 7250187
7250015 7250010
7250091 7250203
7250233 7250040
7250026 7250190
7250225 7250213
7250161 7250241
7250122 7250109
7250258 7250159
7250045 7250125
7250079 7250132
7250047 7250188
7250000 7250250
7250230 7250044
7250040 7250085
7250068 7250207
7250213 7250105
4125232 4125127
4125228 4125279
4125065 4125135
4125169 4125191
4125008 4125100
4125096 4125179
4125201 4125019
4125269 4125290
4125136 4125151
4125072 4125066
4125120 4125131
4125106 4125140
4125158 4125024
4125132 4125019
4125083 4125252
4125226 4125069
4125203 4125175
4125016 4125198
4125248 4125251
4125020 4125135
4125249 4125198
4125228 4125097
4125179 4125180
4125046 4125275
4125299 4125050
4125057 4125166
4125077 4125271
4125188 4125046
4125276 4125036
4125240 4125220
4125254 4125104
4125063 4125214
4125291 4125235
4125116 4125023
4125124 4125221
4125141 4125096
4125239 4125172
4125004 4125171
4125197 4125229
4125298 4125176
4125283 4125299
4125183 4125110
4125227 4125209
4125223 4125022
4125205 4125244
4125115 4125064
4125182 4125114
4125230 4125061
4125040 4125259
4125119 4125186
4125283 4125031
4125066 4125106
4125048 4125152
4125192 4125088
4125214 4125283
4125018 4125288
4125158 4125218
4125130 4125296
4125004 4125139
4125249 4125137
4125060 4125195
4125269 4125159
4125117 4125026
4125103 4125244
4125063 4125222
4125265 4125182
4125076 4125174
4125115 4125192
4125253 4125249
4125116 4125124
4125148 4125214
4125058 4125299
4125064 4125176
4125248 4125092
4125078 4125297
4125284 4125282
4125149 4125165
4125201 4125271
4125102 4125128
4125022 4125300
4125279 4125084
4125258 4125210
4125205 4125102
4125081 4125195
4125206 4125192
4125222 4125108
4125073 4125147
4125189 4125119
4125044 4125193
4125072 4125270
4125008 4125250
4125243 4125047
4125077 4125088
2562735 2562533
2562540 2562547
2562685 2562525
2562546 2562600
2562643 2562523
2562775 2562589
2562584 2562645
2562574 2562724
2562722 2562733
2562593 2562677
2562753 2562772
2562735 2562544
2562721 2562698
2562656 2562701
2562730 2562585
2562752 2562773
2562705 2562643
2562660 2562742
2562731 2562553
2562613 2562754
2562681 2562572
2562730 2562658
2562745 2562528
2562554 2562761
2562708 2562592
2562554 2562616
2562781 2562546
2562611 2562646
2562766 2562617
2562584 2562646
2562800 2562747
2562584 2562647
2562785 2562789
2562591 2562692
2562724 2562510
2562542 2562594
2562694 2562636
2562618 2562776
2562571 2562702
2562791 2562794
2562622 2562800
2562548 2562601
2562601 2562712
2562796 2562758
2562596 2562618
2562771 2562522
2562693 2562619
2562586 2562761
2562589 2562757
2562788 2562671
2562728 2562760
2562783 2562655
2562594 2562575
2562767 2562668
2562768 2562796
2562586 2562610
2562672 2562748
2562693 2562741
2562697 2562633
2562597 2562713
2562628 2562649
2562677 2562507
2562675 2562614
2562582 2562690
2562775 2562638
2562580 2562800
2562646 2562748
2562603 2562536
2562542 2562541
2562670 2562528
2562681 2562501
2562669 2562626
2562720 2562552
2562623 2562722
2562768 2562543
2562573 2562717
2562546 2562732
2562558 2562530
2562605 2562705
2562567 2562683
2562675 2562603
2562763 2562579
2562635 2562545
2562593 2562572
2562746 2562780
2562537 2562687
2562559 2562588
2562685 2562563
2562684 2562685
2562525 2562544
2562549 2562543
2562752 2562537
2562697 2562589
1781464 1781398
1781530 1781323
1781309 1781401
1781405 1781322
1781434 1781413
1781532 1781385
1781278 1781425
1781285 1781265
1781286 1781430
1781392 1781518
1781472 1781275
1781348 1781460
1781348 1781274
1781487 1781254
1781310 1781394
1781496 1781289
1781529 1781441
1781389 1781441
1781337 1781536
1781290 1781325
1781367 1781452
1781487 1781412
1781405 1781488
1781397 1781328
1781294 1781520
1781361 1781312
1781376 1781275
1781539 1781298
1781295 1781416
1781520 1781488
1781318 1781380
1781438 1781448
1781429 1781467
1781301 1781278
1781469 1781409
1781377 1781360
1781532 1781480
1781438 1781452
1781438 1781330
1781307 1781527
1781307 1781386
1781281 1781348
1781335 1781486
1781383 1781466
1781505 1781261
1781519 1781504
1781492 1781336
1781280 1781393
1781333 1781451
1781461 1781311
1781278 1781486
1781352 1781492
1781308 1781312
1781271 1781404
1781464 1781341
1781252 1781491
1781324 1781479
1781260 1781396
1781424 1781540
1781537 1781440
1781513 1781388
1781445 1781547
1781370 1781377
1781321 1781444
1781251 1781467
1781395 1781368
1781440 1781259
1781303 1781300
1781392 1781433
1781303 1781525
1781251 1781361
1781536 1781443
1781479 1781496
1781487 1781412
1781306 1781522
1781549 1781540
1781283 1781366
1781399 1781353
1781423 1781495
1781309 1781396
1781376 1781484
1781450 1781453
1781526 1781403
1781286 1781432
1781420 1781293
1781497 1781363
1781271 1781357
1781549 1781469
1781349 1781298
1781470 1781456
1781451 1781412
1781354 1781300
1781421 1781362
1390866 1390908
1390870 1390836
1390808 1390861
1390630 1390906
1390658 1390638
1390809 1390769
1390688 1390826
1390659 1390794
1390814 1390667
1390864 1390831
1390666 1390789
1390868 1390745
1390841 1390755
1390658 1390782
1390777 1390888
1390876 1390898
1390888 1390839
1390716 1390777
1390908 1390687
1390830 1390864
1390680 1390645
1390850 1390911
1390634 1390814
1390700 1390709
1390830 1390752
1390813 1390675
1390816 1390831
1390894 1390738
1390678 1390755
1390835 1390686
1390866 1390685
1390863 1390754
1390702 1390735
1390828 1390903
1390737 1390669
1390799 1390791
1390826 1390674
1390708 1390872
1390901 1390882
1390685 1390808
1390877 1390907
1390821 1390871
1390690 1390797
1390909 1390666
1390778 1390707
1390748 1390846
1390699 1390755
1390644 1390710
1390696 1390857
1390743 1390868
1390705 1390682
1390733 1390734
1390666 1390708
1390822 1390672
1390900 1390731
1390902 1390796
1390847 1390904
1390820 1390888
1390877 1390643
1390818 1390857
1390820 1390870
1390771 1390785
1390641 1390924
1390734 1390910
1390737 1390714
1390785 1390679
1390892 1390727
1390883 1390868
1390629 1390728
1390665 1390831
1390822 1390870
1390736 1390639
1390847 1390908
1390902 1390879
1390833 1390733
1390643 1390687
1390689 1390831
1390730 1390803
1390869 1390844
1390705 1390924
1390922 1390717
1390705 1390799
1390701 1390647
1390907 1390887
1390806 1390695
1390907 1390845
1390923 1390792
1390631 1390905
1390891 1390698
1390800 1390852
1390649 1390918
1390665 1390669
1390864 1390636
1195556 1195332
1195337 1195372
1195411 1195416
1195609 1195538
1195567 1195513
1195543 1195419
1195356 1195542
1195612 1195554
1195535 1195422
1195317 1195409
1195390 1195380
1195330 1195605
1195448 1195449
1195383 1195325
1195335 1195567
1195396 1195463
1195355 1195381
1195396 1195455
1195342 1195429
1195606 1195593
1195607 1195426
1195335 1195494
1195587 1195574
1195458 1195470
1195364 1195405
1195488 1195584
1195604 1195428
1195479 1195555
1195494 1195573
1195384 1195607
1195544 1195367
1195432 1195568
1195484 1195512
1195573 1195381
1195501 1195585
1195407 1195478
1195317 1195590
1195364 1195562
1195436 1195482
1195448 1195529
1195535 1195561
1195512 1195462
1195472 1195496
1195441 1195398
1195382 1195493
1195500 1195406
1195414 1195600
1195332 1195494
1195385 1195401
1195582 1195332
1195401 1195475
1195345 1195603
1195352 1195412
1195404 1195385
1195404 1195390
1195477 1195395
1195584 1195470
1195438 1195506
1195428 1195480
1195492 1195357
1195418 1195442
1195504 1195535
1195427 1195510
1195328 1195487
1195548 1195601
1195490 1195581
1195420 1195349
1195407 1195414
1195429 1195497
1195611 1195487
1195480 1195508
1195570 1195611
1195481 1195553
1195375 1195496
1195474 1195573
1195447 1195518
1195465 1195451
1195538 1195604
1195493 1195556
1195343 1195425
1195373 1195609
1195325 1195414
1195423 1195390
1195359 1195498
1195527 1195375
1195503 1195584
1195330 1195526
1195429 1195490
1195535 1195408
1195553 1195405
1195346 1195558
1195423 1195359
1195391 1195572
231 54
165 138
9 95
255 168
28 4
123 80
299 101
246 211
108 205
188 214
143 199
293 116
71 67
174 232
22 171
136 63
129 267
127 199
127 210
142 193
267 31
164 276
205 215
59 292
2 195
64 95
57 81
202 133
213 95
211 96
41 290
265 203
143 66
80 70
22 287
155 232
8 248
163 175
143 51
187 147
26 189
294 110
292 121
247 6
85 190
288 126
62 265
284 104
238 109
216 194
114 201
201 246
137 73
98 14
48 3
276 5
127 299
2 281
85 122
260 207
64 179
64 98
211 293
79 90
270 195
153 161
247 15
184 50
198 28
178 31
139 91
1 15
288 245
221 300
195 240
26 225
171 32
220 219
12 294
263 168
85 68
297 189
23 214
258 272
163 72
220 164
245 285
119 200
19 41
226 280
184 15
19 181
204 160
108 20
123 11
216 76
31 181
249 66
114 174
249 162
126 221
122 175
243 149
121 240
292 228
250 54
87 118
71 100
27 4
149 41
165 297
267 124
161 83
158 262
159 223
185 126
66 40
114 178
265 87
191 41
189 251
110 140
36 289
114 113
209 134
152 85
181 295
67 292
137 52
290 25
194 293
68 70
277 2
296 106
144 156
196 154
42 21
290 177
180 134
134 178
136 229
216 10
86 179
296 62
262 159
36 248
287 206
144 196
268 193
169 171
78 155
271 282
41 281
156 138
73 15
265 157
264 136
121 215
14 187
24 134
213 148
106 275
292 156
95 55
29 135
162 247
98 181
294 240
34 26
188 245
51 92
298 201
245 68
194 230
297 60
145 101
180 92
15 101
53 174
69 1
150 157
230 281
156 128
161 37
175 18
76 252
72 123
195 123
249 291
203 247
209 233
180 256
8 229
173 132
154 238
30 213
216 247
168 243
239 169
34 140
105 272
228 289
281 121
235 31
210 167
265 191
175 140
226 40
118 14
179 293
238 165
254 70
188 267
179 61
47 88
47 250
104 226
53 45
216 283
245 195
279 55
29 136
142 34
145 203
149 195
59 193
2 282
212 133
171 101
243 222
63 215
185 26
13 300
195 54
274 21
233 243
10 66
86 76
81 30
176 109
93 175
25 47
268 245
277 52
14 93
57 197
45 101
24 232
207 134
169 258
265 11
232 256
76 274
123 41
140 71
179 300
227 168
211 21
224 54
25 262
155 88
205 162
271 126
298 255
270 82
239 183
297 234
127 170
39 7
62 108
45 68
127 75
20 300
84 60
129 292
12 244
214 48
157 288
62 253
221 15
254 195
95 210
297 87
7 273
277 89
133 133
221 237
113 10
248 269
146 20
157 218
286 295
101 180
239 287
41 201
153 277
69 208
103 240
274 96
284 260
32 145
241 65
207 103
30 290
235 253
66 18
244 155
65 195
30 70
177 149
293 135
22 263
130 274
99 226
87 268
132 16
297 289
164 225
103 112
53 44
169 212
299 196
120 278
286 65
136 51
63 54
46 172
204 104
241 248
237 290
194 233
4 282
142 65
82 40
8 53
25 164
20 14
213 85
53 230
225 251
235 190
90 156
206 154
56 77
78 188
119 131
49 2
58 136
172 51
96 178
174 187
94 162
92 181
86 293
176 260
79 201
199 8
30 7
110 169
82 255
170 131
225 161
173 214
