# source: JorikJooken
# original path: jj_extract\knapsackProblemInstances-master\problemInstances\n_1200_c_1000000_g_6_f_0.1_eps_1e-05_s_300\test.in
# optimal value: 995661
# format: n capacity, then weight value
1200 1000000
500049 500147
500118 500232
500155 500134
500182 500023
500101 500111
500241 500299
500195 500106
500268 500155
500088 500240
500047 500026
500152 500052
500221 500281
500015 500039
500118 500095
500246 500044
500157 500264
500157 500208
500255 500048
500086 500060
500131 500065
500235 500158
500076 500061
500197 500258
500041 500136
500287 500307
500114 500110
500039 500190
500220 500271
500217 500305
500163 500064
500052 500278
500051 500257
500010 500135
500101 500182
500303 500174
500299 500019
500038 500144
500054 500278
500172 500283
500306 500137
500256 500225
500106 500055
500223 500032
500256 500290
500180 500138
500225 500202
500141 500230
500125 500264
500071 500017
500219 500144
500123 500143
500285 500198
500014 500024
500058 500232
500064 500080
500124 500228
500036 500087
500146 500277
500170 500260
500217 500295
500135 500056
500015 500267
500016 500107
500264 500157
500125 500290
500131 500093
500186 500163
500260 500255
500062 500151
500093 500011
500087 500107
500056 500114
500124 500161
500135 500110
500242 500016
500117 500195
500251 500178
500268 500267
500208 500288
500168 500309
500129 500070
500273 500025
500168 500279
500201 500038
500066 500019
500064 500029
500132 500293
500064 500208
500281 500151
500019 500204
500182 500177
500233 500080
500189 500051
500275 500096
500035 500076
500020 500176
500106 500098
500034 500175
500028 500124
500251 500156
500067 500056
500032 500135
500207 500168
500046 500239
500150 500133
500065 500162
500252 500032
500306 500275
500230 500129
500077 500176
500062 500298
500115 500230
500051 500280
500023 500136
500117 500181
500048 500204
500096 500153
500254 500248
500150 500166
500151 500234
500268 500195
500253 500131
500073 500023
500075 500199
500199 500287
500308 500088
500143 500024
500264 500158
500185 500265
500259 500156
500217 500012
500144 500091
500264 500251
500104 500203
500143 500271
500212 500019
500068 500013
500281 500242
500227 500227
500279 500167
500264 500087
500195 500284
500146 500038
500179 500116
500072 500260
500066 500183
500057 500199
500129 500235
500254 500254
500080 500145
500099 500045
500176 500296
500012 500065
500080 500258
500224 500098
500253 500187
500105 500018
500287 500106
500122 500169
500202 500071
500189 500205
500060 500019
500059 500236
500267 500158
500219 500227
500099 500257
500267 500120
500116 500077
500040 500189
500207 500288
500114 500241
500304 500186
500258 500094
500081 500106
500150 500037
500257 500083
500198 500210
500229 500208
500012 500130
500243 500103
500204 500214
500174 500060
500268 500096
500285 500103
500102 500242
500201 500222
500098 500160
500205 500206
500158 500119
500212 500022
500064 500271
500015 500188
500157 500077
500128 500251
500233 500282
500022 500263
500049 500206
500210 500249
500147 500099
500060 500017
500137 500297
500303 500176
500153 500019
500208 500052
500300 500176
500127 500137
500144 500138
500154 500013
500076 500028
500020 500074
500239 500085
500220 500276
500133 500080
500056 500142
500220 500093
500139 500124
250148 250303
250186 250055
250282 250295
250246 250291
250262 250095
250264 250080
250139 250119
250042 250277
250112 250261
250044 250310
250168 250117
250167 250044
250285 250208
250061 250188
250082 250175
250214 250145
250195 250088
250212 250134
250097 250238
250065 250084
250043 250072
250015 250249
250193 250198
250206 250180
250291 250058
250270 250033
250294 250019
250152 250268
250118 250172
250080 250064
250271 250020
250184 250076
250213 250040
250307 250215
250094 250298
250246 250269
250184 250203
250040 250045
250233 250218
250286 250236
250265 250256
250255 250102
250291 250256
250139 250242
250147 250027
250109 250074
250024 250258
250059 250173
250021 250026
250021 250278
250302 250107
250078 250063
250178 250105
250020 250193
250042 250144
250084 250289
250242 250236
250274 250133
250305 250200
250301 250298
250280 250068
250239 250299
250072 250012
250060 250248
250125 250074
250100 250031
250133 250185
250100 250261
250054 250304
250017 250300
250142 250222
250233 250307
250142 250209
250088 250116
250262 250056
250303 250120
250236 250099
250134 250011
250051 250192
250273 250120
250037 250277
250225 250296
250098 250145
250179 250222
250062 250169
250143 250082
250118 250230
250016 250042
250094 250230
250208 250168
250202 250043
250103 250282
250063 250020
250214 250138
250152 250041
250244 250124
250162 250186
250073 250068
250106 250066
250087 250032
250149 250187
250204 250260
250141 250164
250183 250168
250210 250230
250032 250290
250166 250221
250078 250085
250147 250304
250133 250168
250243 250186
250012 250244
250055 250273
250117 250085
250176 250082
250257 250125
250120 250093
250272 250095
250020 250238
250112 250271
250066 250054
250250 250109
250077 250085
250077 250155
250197 250191
250230 250237
250054 250095
250033 250201
250150 250227
250085 250045
250173 250120
250299 250262
250251 250013
250038 250036
250088 250027
250278 250030
250218 250193
250040 250084
250307 250046
250152 250013
250217 250176
250211 250306
250205 250110
250297 250027
250306 250126
250013 250237
250014 250192
250040 250226
250178 250017
250274 250091
250227 250046
250121 250119
250026 250091
250172 250082
250205 250095
250127 250146
250154 250027
250165 250053
250021 250109
250024 250064
250126 250306
250224 250250
250225 250260
250143 250050
250173 250206
250057 250309
250104 250178
250061 250261
250110 250038
250030 250072
250122 250256
250272 250124
250117 250303
250174 250250
250087 250061
250155 250160
250284 250261
250183 250110
250178 250029
250278 250285
250186 250051
250012 250055
250096 250155
250245 250082
250056 250218
250300 250188
250076 250127
250170 250212
250247 250258
250032 250101
250057 250095
250120 250167
250308 250088
250086 250029
250246 250043
250056 250161
250296 250245
250107 250075
250112 250031
250014 250142
250202 250220
250079 250186
250180 250179
250232 250113
250086 250276
250287 250047
250303 250065
250125 250088
250304 250117
250192 250039
250108 250102
250297 250270
250242 250037
250295 250188
250031 250140
250044 250129
125299 125027
125022 125052
125073 125236
125293 125133
125294 125263
125282 125273
125101 125133
125187 125038
125105 125065
125209 125123
125047 125122
125055 125294
125142 125131
125196 125127
125065 125299
125092 125254
125123 125213
125306 125133
125264 125190
125088 125028
125304 125171
125065 125183
125077 125061
125211 125127
125166 125144
125088 125087
125105 125210
125240 125089
125154 125209
125041 125279
125293 125122
125167 125095
125040 125082
125059 125066
125100 125299
125241 125227
125260 125179
125302 125262
125015 125077
125219 125122
125292 125190
125054 125194
125137 125091
125310 125068
125180 125115
125158 125269
125033 125019
125085 125149
125289 125213
125130 125195
125085 125308
125050 125195
125077 125310
125300 125127
125077 125094
125212 125227
125157 125036
125292 125115
125211 125197
125305 125086
125276 125057
125215 125017
125139 125047
125094 125097
125211 125172
125140 125304
125281 125131
125015 125211
125137 125172
125103 125035
125047 125136
125167 125108
125297 125282
125011 125257
125299 125077
125247 125153
125046 125300
125100 125210
125105 125173
125201 125186
125175 125140
125182 125122
125115 125279
125291 125044
125157 125115
125168 125189
125233 125211
125072 125118
125238 125082
125261 125201
125138 125206
125168 125165
125168 125258
125172 125156
125185 125114
125240 125236
125025 125242
125245 125140
125180 125148
125091 125286
125242 125107
125217 125306
125022 125257
125201 125022
125117 125243
125072 125070
125056 125044
125159 125038
125184 125122
125190 125233
125202 125246
125214 125075
125282 125129
125167 125302
125156 125183
125200 125290
125126 125120
125209 125286
125147 125150
125207 125039
125176 125109
125249 125192
125141 125233
125144 125222
125177 125141
125126 125230
125077 125212
125011 125259
125075 125065
125192 125146
125143 125306
125058 125024
125042 125153
125286 125046
125272 125085
125107 125094
125291 125100
125221 125279
125247 125077
125302 125172
125018 125148
125181 125120
125212 125098
125065 125164
125284 125037
125242 125169
125223 125125
125138 125168
125181 125284
125222 125013
125030 125040
125214 125237
125090 125091
125235 125245
125190 125103
125212 125148
125050 125224
125301 125097
125057 125073
125222 125100
125271 125151
125298 125137
125079 125059
125038 125154
125072 125169
125277 125214
125164 125196
125159 125082
125084 125310
125112 125245
125013 125057
125095 125284
125249 125148
125049 125236
125045 125061
125170 125097
125227 125289
125028 125085
125144 125096
125252 125239
125286 125080
125118 125036
125088 125220
125039 125084
125213 125300
125066 125112
125065 125021
125246 125103
125024 125301
125290 125073
125208 125162
125196 125244
125099 125285
125131 125120
125274 125303
125292 125057
125109 125069
125174 125214
125245 125235
125146 125180
125216 125123
125155 125047
125171 125219
125082 125232
125305 125210
125210 125052
125081 125266
125302 125059
125205 125295
125232 125151
125134 125104
125302 125042
125271 125306
125283 125135
125108 125131
125182 125126
62778 62516
62652 62664
62550 62765
62656 62804
62771 62569
62691 62792
62598 62636
62552 62604
62658 62790
62538 62513
62730 62771
62701 62804
62514 62709
62548 62627
62652 62704
62533 62519
62806 62652
62698 62634
62708 62746
62771 62647
62718 62743
62515 62642
62718 62521
62767 62666
62676 62532
62779 62571
62706 62725
62600 62672
62515 62580
62686 62695
62678 62745
62744 62688
62517 62715
62677 62619
62565 62773
62750 62531
62541 62794
62807 62782
62808 62709
62772 62582
62716 62792
62804 62704
62699 62771
62754 62553
62604 62515
62785 62780
62774 62793
62647 62755
62692 62766
62533 62732
62551 62606
62803 62806
62516 62621
62510 62650
62720 62695
62683 62624
62629 62516
62532 62796
62684 62637
62773 62775
62761 62583
62576 62772
62791 62583
62792 62734
62681 62750
62665 62746
62771 62784
62539 62656
62587 62589
62533 62712
62634 62661
62677 62555
62658 62718
62692 62664
62695 62555
62611 62712
62635 62791
62646 62575
62564 62615
62734 62518
62570 62555
62511 62601
62561 62589
62718 62606
62736 62680
62536 62760
62517 62533
62806 62760
62587 62529
62671 62540
62638 62707
62748 62574
62611 62769
62555 62801
62668 62794
62750 62711
62566 62728
62543 62709
62573 62612
62663 62642
62687 62738
62583 62709
62797 62571
62701 62668
62704 62545
62634 62557
62650 62580
62702 62646
62565 62775
62748 62546
62755 62698
62792 62778
62623 62738
62574 62711
62664 62597
62521 62672
62785 62523
62761 62543
62716 62538
62628 62565
62595 62617
62543 62631
62694 62692
62739 62765
62586 62667
62559 62637
62613 62760
62686 62796
62762 62626
62781 62581
62760 62713
62646 62764
62721 62553
62713 62577
62591 62560
62765 62783
62518 62547
62735 62560
62574 62802
62605 62717
62516 62630
62555 62672
62646 62730
62674 62672
62550 62586
62675 62572
62594 62647
62565 62691
62702 62740
62770 62711
62734 62754
62782 62734
62736 62740
62543 62525
62636 62770
62793 62808
62581 62599
62738 62678
62576 62592
62512 62728
62692 62729
62664 62661
62802 62695
62764 62514
62622 62791
62587 62649
62800 62721
62628 62749
62720 62527
62796 62608
62761 62715
62603 62723
62557 62807
62777 62775
62761 62550
62595 62558
62531 62673
62657 62593
62799 62700
62553 62595
62524 62571
62701 62808
62586 62555
62565 62520
62555 62680
62749 62558
62635 62564
62675 62783
62517 62739
62635 62737
62797 62604
62742 62717
62771 62713
62663 62603
62671 62540
62723 62658
62633 62766
62637 62626
62762 62774
62687 62550
62607 62806
62746 62522
62634 62718
62581 62513
62580 62671
62531 62550
62707 62784
62711 62548
62530 62549
62726 62611
62548 62547
62613 62551
62672 62785
62636 62525
62538 62606
62512 62607
31306 31346
31269 31271
31437 31394
31420 31308
31475 31536
31322 31526
31453 31347
31408 31505
31399 31263
31404 31379
31493 31339
31330 31307
31297 31447
31544 31394
31455 31375
31532 31363
31466 31498
31313 31523
31288 31442
31337 31501
31286 31388
31281 31281
31373 31509
31490 31341
31538 31394
31408 31390
31534 31544
31398 31280
31345 31522
31412 31306
31314 31518
31436 31301
31490 31524
31535 31363
31521 31407
31515 31311
31374 31409
31297 31320
31479 31501
31419 31401
31480 31496
31263 31424
31402 31382
31445 31440
31418 31468
31307 31555
31546 31466
31305 31329
31286 31371
31302 31531
31308 31508
31334 31384
31383 31385
31484 31520
31559 31376
31461 31410
31304 31404
31345 31551
31375 31402
31288 31518
31414 31285
31526 31346
31320 31333
31381 31297
31546 31413
31273 31451
31443 31413
31274 31467
31400 31390
31323 31389
31372 31270
31266 31438
31433 31294
31289 31516
31540 31501
31477 31418
31440 31430
31316 31286
31342 31355
31443 31307
31428 31292
31551 31521
31541 31347
31464 31512
31261 31553
31366 31512
31353 31493
31295 31524
31309 31412
31549 31403
31387 31262
31427 31320
31527 31521
31280 31475
31514 31476
31328 31288
31503 31423
31287 31324
31287 31433
31404 31502
31545 31389
31310 31545
31542 31367
31436 31412
31338 31508
31297 31465
31303 31420
31428 31426
31465 31393
31261 31305
31263 31539
31361 31543
31335 31367
31450 31325
31472 31522
31469 31328
31297 31295
31436 31523
31423 31419
31272 31348
31277 31518
31327 31462
31427 31288
31320 31363
31528 31263
31428 31558
31414 31429
31530 31274
31281 31502
31499 31555
31284 31361
31463 31481
31535 31405
31511 31478
31487 31532
31276 31537
31385 31368
31298 31535
31430 31369
31456 31497
31424 31316
31333 31402
31314 31443
31268 31406
31439 31273
31325 31344
31370 31505
31507 31369
31261 31418
31385 31455
31560 31337
31356 31402
31430 31419
31465 31466
31491 31265
31497 31360
31405 31299
31545 31441
31413 31385
31285 31387
31477 31538
31532 31506
31492 31490
31267 31417
31549 31346
31351 31363
31472 31498
31323 31531
31376 31267
31378 31438
31319 31359
31372 31520
31425 31409
31452 31284
31341 31479
31472 31281
31337 31352
31319 31340
31471 31400
31403 31456
31491 31447
31362 31349
31510 31428
31312 31419
31383 31431
31364 31506
31277 31525
31429 31489
31449 31347
31507 31526
31366 31341
31455 31458
31468 31459
31512 31300
31476 31395
31411 31427
31546 31551
31332 31454
31310 31359
31529 31487
31432 31296
31478 31545
31319 31398
31518 31294
31543 31288
31555 31476
31441 31502
31414 31536
31460 31333
31266 31465
31472 31316
31530 31365
31528 31313
31508 31367
31500 31402
31382 31312
235 165
175 223
68 259
9 77
291 3
136 229
216 53
43 109
261 45
294 68
294 18
196 157
151 262
250 21
222 151
104 180
201 154
67 37
119 85
6 107
300 179
161 116
38 182
43 177
261 194
49 99
99 257
206 291
136 156
174 270
205 38
83 282
82 157
262 153
165 104
207 23
26 252
67 147
236 21
292 294
185 18
168 167
298 241
31 238
74 103
30 42
256 231
224 59
11 256
175 89
85 267
44 158
113 267
243 122
210 131
38 64
135 238
9 39
173 161
90 239
172 273
72 293
186 113
292 23
294 195
240 158
127 213
70 189
40 82
190 229
252 38
299 90
127 93
220 30
61 155
135 53
70 32
103 259
34 152
288 176
86 179
109 36
179 38
41 137
277 95
115 120
89 200
157 70
55 122
191 259
165 177
195 266
105 211
6 162
292 73
70 107
286 253
246 255
24 259
22 153
248 296
17 237
102 7
266 279
3 202
187 112
34 53
113 5
60 209
45 86
103 173
68 34
146 35
294 123
98 155
181 297
80 76
247 293
36 172
152 282
