# source: JorikJooken
# original path: jj_extract\knapsackProblemInstances-master\problemInstances\n_800_c_10000000000_g_10_f_0.1_eps_0.0001_s_200\test.in
# optimal value: 9999953655
# format: n capacity, then weight value
800 10000000000
5001000111 5001000107
5001000143 5001000141
5001000087 5001000033
5001000074 5001000003
5001000172 5001000127
5001000118 5001000067
5001000117 5001000194
5001000140 5001000128
5001000116 5001000060
5001000189 5001000038
5001000156 5001000082
5001000078 5001000151
5001000192 5001000025
5001000010 5001000063
5001000070 5001000076
5001000174 5001000030
5001000115 5001000117
5001000012 5001000033
5001000110 5001000128
5001000015 5001000051
5001000029 5001000188
5001000006 5001000183
5001000008 5001000170
5001000125 5001000032
5001000024 5001000114
5001000133 5001000077
5001000143 5001000104
5001000019 5001000057
5001000065 5001000123
5001000066 5001000193
5001000092 5001000172
5001000076 5001000190
5001000011 5001000051
5001000084 5001000099
5001000078 5001000114
5001000070 5001000035
5001000023 5001000061
5001000032 5001000146
5001000111 5001000185
5001000031 5001000189
5001000131 5001000124
5001000102 5001000073
5001000049 5001000001
5001000069 5001000030
5001000138 5001000134
5001000050 5001000066
5001000029 5001000066
5001000108 5001000062
5001000162 5001000117
5001000018 5001000050
5001000194 5001000011
5001000016 5001000130
5001000150 5001000090
5001000013 5001000101
5001000088 5001000027
5001000187 5001000103
5001000085 5001000004
5001000184 5001000194
5001000042 5001000074
5001000139 5001000104
5001000060 5001000150
5001000083 5001000154
5001000100 5001000029
5001000161 5001000034
5001000086 5001000078
5001000002 5001000120
5001000185 5001000050
5001000097 5001000158
5001000092 5001000135
5001000175 5001000190
5001000022 5001000141
5001000012 5001000113
5001000189 5001000150
5001000016 5001000048
5001000097 5001000107
5001000190 5001000132
5001000092 5001000179
5001000061 5001000018
5001000033 5001000108
5001000107 5001000099
2501000170 2501000091
2501000020 2501000093
2501000162 2501000085
2501000001 2501000152
2501000109 2501000142
2501000107 2501000035
2501000193 2501000168
2501000199 2501000072
2501000129 2501000054
2501000157 2501000097
2501000184 2501000127
2501000072 2501000062
2501000131 2501000059
2501000178 2501000139
2501000023 2501000088
2501000049 2501000044
2501000026 2501000194
2501000091 2501000064
2501000042 2501000151
2501000021 2501000116
2501000164 2501000177
2501000139 2501000009
2501000189 2501000013
2501000078 2501000074
2501000050 2501000046
2501000081 2501000157
2501000137 2501000151
2501000091 2501000172
2501000050 2501000108
2501000033 2501000107
2501000148 2501000160
2501000070 2501000110
2501000033 2501000182
2501000104 2501000074
2501000022 2501000124
2501000033 2501000146
2501000152 2501000190
2501000015 2501000173
2501000170 2501000146
2501000093 2501000163
2501000178 2501000060
2501000177 2501000076
2501000090 2501000133
2501000185 2501000182
2501000134 2501000186
2501000025 2501000145
2501000200 2501000172
2501000012 2501000132
2501000093 2501000009
2501000177 2501000021
2501000141 2501000106
2501000099 2501000022
2501000193 2501000116
2501000094 2501000093
2501000122 2501000191
2501000174 2501000066
2501000020 2501000099
2501000054 2501000114
2501000052 2501000082
2501000058 2501000125
2501000172 2501000049
2501000002 2501000143
2501000127 2501000165
2501000102 2501000055
2501000180 2501000044
2501000129 2501000059
2501000162 2501000107
2501000189 2501000185
2501000013 2501000093
2501000018 2501000010
2501000108 2501000186
2501000017 2501000158
2501000037 2501000119
2501000115 2501000087
2501000110 2501000169
2501000110 2501000044
2501000061 2501000063
2501000080 2501000003
2501000126 2501000166
2501000199 2501000016
1251000051 1251000111
1251000115 1251000002
1251000127 1251000076
1251000103 1251000015
1251000168 1251000044
1251000054 1251000156
1251000184 1251000079
1251000177 1251000166
1251000006 1251000190
1251000036 1251000074
1251000136 1251000190
1251000183 1251000161
1251000178 1251000050
1251000022 1251000060
1251000175 1251000089
1251000185 1251000100
1251000002 1251000114
1251000040 1251000099
1251000030 1251000096
1251000024 1251000115
1251000031 1251000142
1251000064 1251000019
1251000043 1251000080
1251000002 1251000009
1251000072 1251000157
1251000032 1251000036
1251000123 1251000018
1251000076 1251000018
1251000017 1251000048
1251000071 1251000171
1251000159 1251000129
1251000186 1251000199
1251000066 1251000096
1251000192 1251000055
1251000096 1251000197
1251000068 1251000017
1251000101 1251000100
1251000043 1251000100
1251000076 1251000187
1251000022 1251000003
1251000164 1251000145
1251000003 1251000036
1251000100 1251000139
1251000048 1251000194
1251000110 1251000070
1251000091 1251000160
1251000168 1251000095
1251000088 1251000132
1251000021 1251000068
1251000144 1251000008
1251000006 1251000175
1251000006 1251000186
1251000085 1251000041
1251000007 1251000158
1251000105 1251000094
1251000092 1251000053
1251000192 1251000006
1251000089 1251000183
1251000174 1251000050
1251000158 1251000093
1251000186 1251000182
1251000181 1251000085
1251000155 1251000175
1251000167 1251000070
1251000003 1251000050
1251000172 1251000109
1251000097 1251000063
1251000064 1251000157
1251000136 1251000073
1251000133 1251000093
1251000158 1251000027
1251000008 1251000117
1251000182 1251000044
1251000195 1251000191
1251000116 1251000158
1251000186 1251000007
1251000156 1251000046
1251000185 1251000057
1251000141 1251000152
1251000097 1251000197
626000031 626000027
626000007 626000155
626000072 626000079
626000183 626000081
626000147 626000057
626000042 626000101
626000164 626000079
626000045 626000088
626000119 626000087
626000176 626000024
626000124 626000081
626000079 626000101
626000183 626000180
626000058 626000052
626000086 626000060
626000077 626000005
626000098 626000056
626000177 626000165
626000011 626000161
626000114 626000112
626000029 626000154
626000084 626000170
626000124 626000018
626000200 626000182
626000041 626000170
626000082 626000041
626000015 626000022
626000066 626000170
626000090 626000092
626000166 626000007
626000030 626000090
626000111 626000111
626000012 626000123
626000108 626000041
626000180 626000186
626000062 626000068
626000047 626000009
626000064 626000141
626000019 626000145
626000186 626000033
626000043 626000074
626000016 626000028
626000064 626000117
626000185 626000040
626000074 626000105
626000029 626000065
626000095 626000174
626000121 626000163
626000083 626000068
626000024 626000030
626000041 626000182
626000075 626000188
626000130 626000034
626000193 626000194
626000017 626000158
626000058 626000024
626000169 626000071
626000078 626000001
626000149 626000184
626000168 626000038
626000135 626000136
626000126 626000037
626000144 626000135
626000138 626000049
626000080 626000114
626000183 626000036
626000039 626000106
626000174 626000131
626000138 626000176
626000031 626000182
626000146 626000098
626000085 626000200
626000179 626000140
626000023 626000189
626000184 626000179
626000140 626000013
626000030 626000169
626000169 626000004
626000056 626000177
626000027 626000058
313500068 313500140
313500122 313500180
313500061 313500072
313500108 313500137
313500184 313500177
313500084 313500182
313500008 313500108
313500081 313500059
313500150 313500099
313500021 313500073
313500184 313500172
313500060 313500004
313500075 313500071
313500032 313500044
313500091 313500072
313500156 313500043
313500164 313500079
313500061 313500110
313500049 313500135
313500006 313500182
313500030 313500190
313500195 313500049
313500053 313500135
313500018 313500039
313500036 313500073
313500188 313500079
313500158 313500182
313500088 313500001
313500025 313500193
313500148 313500079
313500014 313500047
313500095 313500079
313500149 313500002
313500196 313500181
313500089 313500178
313500122 313500099
313500026 313500155
313500138 313500048
313500043 313500062
313500047 313500085
313500017 313500061
313500048 313500091
313500175 313500079
313500056 313500037
313500108 313500138
313500094 313500194
313500090 313500199
313500005 313500082
313500082 313500028
313500141 313500183
313500111 313500073
313500197 313500173
313500178 313500173
313500025 313500026
313500132 313500189
313500127 313500113
313500159 313500017
313500060 313500168
313500159 313500050
313500110 313500179
313500141 313500199
313500178 313500140
313500198 313500118
313500148 313500032
313500050 313500128
313500142 313500085
313500051 313500151
313500104 313500068
313500049 313500158
313500161 313500053
313500038 313500047
313500011 313500096
313500032 313500076
313500076 313500034
313500106 313500139
313500144 313500074
313500172 313500071
313500074 313500120
313500030 313500112
313500031 313500138
157250002 157250017
157250011 157250115
157250160 157250188
157250044 157250134
157250071 157250165
157250013 157250110
157250008 157250031
157250104 157250021
157250133 157250090
157250121 157250105
157250113 157250099
157250198 157250137
157250060 157250094
157250173 157250154
157250029 157250083
157250103 157250144
157250107 157250086
157250181 157250164
157250059 157250078
157250001 157250001
157250139 157250027
157250086 157250049
157250069 157250013
157250061 157250135
157250090 157250040
157250084 157250123
157250163 157250136
157250053 157250049
157250120 157250122
157250197 157250083
157250195 157250122
157250148 157250090
157250053 157250065
157250076 157250019
157250140 157250115
157250084 157250002
157250127 157250159
157250001 157250173
157250100 157250087
157250031 157250190
157250101 157250097
157250058 157250002
157250166 157250131
157250150 157250077
157250173 157250013
157250086 157250119
157250153 157250155
157250101 157250039
157250023 157250008
157250066 157250156
157250118 157250077
157250017 157250183
157250073 157250055
157250183 157250175
157250076 157250111
157250139 157250172
157250143 157250066
157250131 157250039
157250014 157250032
157250110 157250151
157250066 157250157
157250095 157250136
157250021 157250122
157250114 157250139
157250033 157250074
157250083 157250125
157250094 157250035
157250001 157250094
157250048 157250086
157250034 157250029
157250029 157250066
157250198 157250073
157250032 157250070
157250077 157250049
157250162 157250166
157250166 157250063
157250193 157250125
157250193 157250152
157250142 157250096
157250130 157250094
79125157 79125084
79125163 79125008
79125161 79125161
79125058 79125090
79125031 79125133
79125050 79125039
79125156 79125096
79125093 79125131
79125101 79125142
79125188 79125189
79125129 79125157
79125167 79125072
79125045 79125019
79125179 79125125
79125087 79125175
79125196 79125084
79125173 79125175
79125186 79125098
79125197 79125181
79125024 79125044
79125121 79125063
79125126 79125001
79125176 79125127
79125016 79125050
79125014 79125028
79125050 79125144
79125114 79125046
79125101 79125139
79125169 79125006
79125002 79125166
79125002 79125185
79125195 79125069
79125039 79125039
79125064 79125161
79125178 79125186
79125131 79125115
79125157 79125145
79125066 79125088
79125108 79125156
79125125 79125196
79125036 79125052
79125063 79125169
79125128 79125071
79125051 79125016
79125022 79125173
79125152 79125182
79125049 79125115
79125043 79125097
79125187 79125082
79125145 79125190
79125114 79125093
79125024 79125141
79125068 79125189
79125014 79125087
79125066 79125034
79125102 79125179
79125102 79125033
79125024 79125039
79125006 79125187
79125080 79125024
79125090 79125061
79125062 79125077
79125110 79125062
79125070 79125082
79125007 79125040
79125079 79125080
79125092 79125200
79125068 79125113
79125115 79125065
79125061 79125137
79125001 79125151
79125136 79125059
79125014 79125074
79125033 79125110
79125119 79125186
79125012 79125146
79125102 79125117
79125117 79125096
79125008 79125146
79125171 79125110
40062605 40062659
40062585 40062685
40062676 40062622
40062621 40062686
40062605 40062567
40062650 40062652
40062557 40062562
40062532 40062537
40062517 40062503
40062547 40062592
40062535 40062655
40062509 40062575
40062686 40062597
40062641 40062629
40062654 40062502
40062530 40062505
40062553 40062546
40062591 40062558
40062608 40062552
40062673 40062536
40062583 40062604
40062567 40062544
40062632 40062519
40062673 40062536
40062502 40062589
40062542 40062644
40062618 40062549
40062534 40062563
40062594 40062627
40062609 40062691
40062520 40062644
40062562 40062540
40062666 40062575
40062641 40062545
40062691 40062666
40062572 40062518
40062649 40062650
40062525 40062691
40062569 40062534
40062591 40062690
40062676 40062632
40062540 40062696
40062519 40062565
40062541 40062684
40062555 40062635
40062611 40062508
40062615 40062555
40062684 40062531
40062651 40062531
40062667 40062502
40062507 40062624
40062541 40062625
40062570 40062503
40062596 40062621
40062576 40062588
40062542 40062677
40062505 40062600
40062516 40062661
40062608 40062514
40062662 40062590
40062529 40062505
40062662 40062599
40062625 40062545
40062525 40062633
40062638 40062587
40062514 40062535
40062528 40062539
40062537 40062649
40062551 40062504
40062537 40062617
40062540 40062516
40062608 40062592
40062692 40062546
40062582 40062569
40062556 40062562
40062571 40062627
40062697 40062629
40062699 40062546
40062548 40062598
40062587 40062600
20531388 20531293
20531438 20531436
20531418 20531373
20531450 20531309
20531267 20531409
20531274 20531286
20531347 20531446
20531404 20531299
20531439 20531300
20531401 20531419
20531428 20531303
20531291 20531283
20531403 20531288
20531385 20531265
20531301 20531321
20531385 20531331
20531343 20531312
20531339 20531423
20531405 20531366
20531339 20531335
20531449 20531426
20531282 20531353
20531411 20531403
20531423 20531420
20531266 20531423
20531409 20531299
20531334 20531360
20531331 20531368
20531310 20531362
20531256 20531446
20531352 20531406
20531339 20531350
20531260 20531437
20531405 20531428
20531371 20531375
20531353 20531301
20531379 20531275
20531445 20531416
20531443 20531416
20531415 20531385
20531254 20531414
20531388 20531344
20531335 20531306
20531438 20531338
20531428 20531340
20531417 20531412
20531365 20531303
20531261 20531445
20531313 20531272
20531290 20531315
20531442 20531348
20531431 20531369
20531299 20531273
20531338 20531315
20531348 20531434
20531371 20531445
20531367 20531333
20531413 20531314
20531318 20531286
20531421 20531319
20531338 20531343
20531391 20531401
20531253 20531257
20531422 20531416
20531329 20531421
20531342 20531358
20531413 20531255
20531394 20531268
20531383 20531371
20531367 20531303
20531330 20531307
20531293 20531346
20531376 20531313
20531342 20531414
20531334 20531432
20531419 20531314
20531367 20531356
20531393 20531254
20531328 20531361
20531425 20531318
170 40
6 127
123 138
13 185
25 168
99 59
65 88
8 155
38 122
48 148
155 109
131 197
192 166
137 148
186 172
186 125
75 106
88 170
25 35
176 53
180 42
125 41
154 147
81 122
12 77
196 162
129 58
49 58
73 114
140 188
98 19
101 16
192 74
94 125
36 31
56 49
60 198
53 85
196 111
116 157
6 105
133 20
25 155
32 127
28 71
82 128
1 93
28 40
49 175
3 62
87 22
98 183
27 144
16 180
102 165
166 17
97 70
84 65
172 90
49 84
195 110
12 166
138 41
85 168
92 50
167 91
197 130
136 143
157 165
127 137
88 160
66 118
31 59
157 177
184 135
183 181
181 67
84 4
115 188
65 27
