# source: JorikJooken
# original path: jj_extract\knapsackProblemInstances-master\problemInstances\n_800_c_1000000_g_14_f_0.2_eps_1e-05_s_100\test.in
# optimal value: 1009913
# format: n capacity, then weight value
800 1000000
500089 500066
500093 500019
500105 500061
500080 500090
500065 500049
500102 500097
500100 500059
500105 500093
500029 500010
500049 500106
500036 500040
500044 500104
500061 500044
500025 500021
500016 500059
500082 500100
500065 500092
500058 500045
500044 500068
500099 500082
500077 500084
500085 500016
500042 500046
500026 500074
500047 500072
500080 500079
500105 500018
500095 500031
500077 500083
500034 500022
500019 500101
500041 500012
500047 500022
500054 500108
500087 500065
500015 500029
500103 500061
500048 500078
500095 500069
500020 500060
500097 500032
500055 500035
500021 500080
500043 500098
500088 500092
500066 500025
500019 500104
500070 500048
500066 500022
250015 250048
250030 250105
250054 250085
250087 250025
250037 250054
250057 250052
250043 250070
250100 250106
250075 250040
250094 250086
250064 250031
250051 250089
250019 250066
250089 250068
250018 250063
250048 250089
250059 250053
250055 250045
250108 250056
250032 250110
250087 250021
250023 250015
250101 250032
250019 250053
250085 250024
250075 250056
250092 250014
250061 250067
250075 250025
250095 250017
250080 250047
250072 250103
250033 250088
250074 250032
250094 250095
250018 250103
250059 250074
250105 250055
250086 250035
250101 250093
250037 250110
250096 250063
250030 250013
250096 250105
250032 250064
250051 250041
250086 250075
250074 250038
250106 250097
125022 125054
125035 125090
125102 125089
125026 125086
125068 125012
125029 125024
125049 125048
125054 125014
125034 125035
125071 125079
125012 125029
125105 125082
125013 125050
125081 125022
125078 125011
125037 125064
125108 125096
125082 125045
125035 125059
125070 125088
125072 125018
125046 125027
125067 125071
125103 125102
125026 125099
125026 125070
125060 125053
125029 125053
125063 125098
125076 125054
125073 125110
125079 125063
125022 125075
125043 125038
125056 125021
125098 125050
125035 125021
125091 125020
125087 125052
125092 125033
125062 125077
125041 125039
125037 125103
125109 125039
125077 125012
125038 125083
125014 125020
125028 125039
125061 125033
62592 62538
62599 62560
62521 62539
62573 62534
62605 62540
62575 62510
62529 62559
62561 62573
62593 62600
62560 62563
62522 62602
62548 62559
62525 62551
62595 62547
62544 62516
62511 62581
62510 62544
62597 62578
62601 62579
62602 62597
62585 62561
62546 62578
62521 62514
62568 62566
62593 62593
62525 62519
62529 62525
62532 62597
62607 62609
62566 62568
62550 62583
62594 62609
62524 62539
62514 62511
62588 62567
62525 62544
62580 62603
62512 62557
62608 62518
62513 62543
62529 62535
62569 62598
62567 62561
62514 62552
62584 62596
62535 62555
62592 62524
62517 62595
62529 62527
31261 31281
31315 31301
31276 31317
31294 31353
31336 31298
31277 31325
31339 31347
31334 31331
31307 31334
31318 31349
31278 31358
31280 31296
31306 31289
31297 31356
31281 31276
31299 31295
31266 31274
31356 31275
31314 31300
31302 31330
31343 31336
31346 31295
31270 31274
31332 31297
31347 31298
31356 31287
31330 31314
31290 31358
31341 31344
31281 31343
31269 31328
31277 31333
31287 31299
31270 31293
31280 31297
31358 31323
31266 31333
31274 31277
31275 31306
31266 31290
31320 31357
31284 31358
31322 31275
31339 31289
31308 31352
31316 31264
31262 31284
31294 31270
31296 31280
15691 15708
15668 15696
15705 15673
15654 15699
15712 15650
15686 15709
15721 15697
15715 15683
15636 15685
15699 15647
15684 15676
15707 15734
15688 15686
15706 15639
15689 15678
15699 15690
15645 15705
15712 15675
15648 15665
15708 15680
15695 15701
15665 15731
15706 15669
15696 15713
15662 15706
15699 15724
15660 15693
15659 15637
15733 15646
15638 15732
15638 15642
15681 15687
15662 15698
15725 15713
15683 15662
15689 15727
15663 15720
15690 15731
15680 15656
15698 15680
15651 15727
15728 15644
15697 15706
15711 15711
15722 15699
15661 15676
15721 15669
15715 15726
15716 15715
7866 7872
7867 7917
7844 7860
7867 7852
7884 7853
7847 7883
7847 7842
7871 7832
7826 7920
7909 7823
7856 7874
7887 7901
7860 7866
7832 7902
7848 7836
7835 7869
7891 7850
7918 7900
7890 7863
7829 7899
7886 7862
7910 7829
7853 7825
7902 7870
7826 7901
7858 7853
7920 7832
7826 7904
7861 7914
7863 7918
7838 7839
7887 7851
7917 7922
7843 7887
7903 7896
7903 7916
7824 7877
7864 7823
7905 7857
7850 7916
7915 7911
7867 7859
7844 7868
7891 7906
7851 7842
7910 7910
7851 7832
7846 7837
7890 7905
4014 3976
3951 3993
3961 4001
3927 3976
4004 3953
3939 3995
3918 3979
3970 3925
3930 4005
3992 3922
3940 3961
3964 3992
3984 3944
4015 4009
4014 3960
3950 3952
3933 4016
4002 4010
3921 4004
3981 3919
3966 3953
3987 3937
3981 3970
3928 3999
3927 3936
3971 3962
3987 3963
3937 3983
4016 3922
4003 3997
3926 4008
3954 3993
3924 3933
3932 3968
3999 3941
3927 4004
3972 3961
4014 3930
3973 3958
3949 3920
3987 3925
3971 3945
3948 3980
3953 3979
3949 3980
3961 3921
3918 3980
3947 3917
3952 3928
1991 1997
1974 1983
2055 2048
2043 2062
1988 2014
1977 2013
1977 2016
1965 2021
2020 1977
2060 1984
2042 2022
2007 1972
1966 1978
2016 1968
2049 1988
1985 2044
1970 2008
2043 2003
2052 1967
2051 2009
2050 2048
2059 2004
2040 1989
2060 2006
1986 2006
1979 2058
2033 1987
1994 1972
1980 1978
2017 2040
2035 1964
2056 2049
1971 2030
2000 1974
1997 1981
1973 1974
2014 1975
2037 1991
2053 2047
2059 1976
2048 1987
2052 2058
1995 2056
1966 2036
2029 2007
1990 1981
2020 2060
2011 1975
2063 2029
995 1060
1062 1060
1034 1013
997 1071
997 1063
1042 1044
1062 1018
988 1058
1043 1079
1074 1019
1074 1032
1053 1005
1034 1028
1020 1067
1040 1002
1017 1073
1069 1075
1061 1043
1084 1021
1081 1056
1034 1028
1038 993
1031 1071
1010 995
1023 1080
1057 991
994 1035
1062 1050
1053 1052
1056 1056
1033 1018
1009 1045
1036 1020
1037 1025
1067 1071
991 1023
1034 1008
1056 1029
1028 1041
1035 1055
1006 1043
1015 1012
1086 999
988 1067
1025 1030
1026 1049
996 1063
1008 1045
1029 1083
499 569
580 553
517 556
510 512
518 562
593 573
541 523
526 513
551 588
503 521
568 510
573 548
579 577
587 504
547 561
526 531
529 505
518 591
550 518
536 550
518 581
594 534
573 509
538 537
499 547
589 518
577 557
587 533
582 536
583 499
560 523
577 548
580 525
576 598
583 529
518 522
594 559
535 550
589 556
546 545
591 516
576 594
550 536
540 561
585 588
562 566
519 555
576 541
510 586
284 270
255 353
322 284
332 304
255 319
274 304
307 273
293 344
297 312
313 348
301 260
258 262
262 277
304 277
309 261
329 263
342 296
268 313
296 327
298 267
314 319
335 313
322 342
262 312
343 331
319 345
293 346
331 297
347 350
264 350
262 270
317 303
349 268
321 272
346 309
256 311
270 293
262 314
342 316
283 321
267 259
295 347
296 307
319 279
258 335
286 258
259 328
305 279
308 270
220 143
206 186
153 225
223 170
218 207
227 215
139 186
152 190
151 177
228 201
183 223
157 161
196 223
219 214
155 158
182 208
221 222
164 170
223 149
227 166
133 177
181 210
191 212
213 145
136 142
156 133
178 134
202 192
214 224
147 150
148 184
152 197
159 170
180 152
180 163
155 140
161 164
209 231
154 228
195 231
173 135
216 191
229 204
164 181
138 188
187 149
220 159
225 230
225 173
33 31
9 84
50 88
6 94
98 79
78 34
77 23
79 36
36 74
35 77
25 21
25 11
1 61
19 89
63 13
28 76
80 74
100 3
35 74
52 2
9 43
95 97
5 11
81 40
81 20
21 15
7 93
91 3
87 35
75 35
58 29
88 56
64 8
69 96
25 44
62 35
64 40
44 1
9 17
76 54
54 88
41 89
41 40
62 45
69 76
20 43
50 6
40 98
61 53
10 34
87 20
26 31
45 84
80 17
83 63
74 18
3 64
4 40
17 97
29 18
14 40
72 14
16 99
56 99
82 30
34 46
92 68
85 5
17 71
68 41
85 52
52 10
100 74
26 88
42 22
36 64
65 36
77 100
79 80
15 22
36 43
56 43
87 55
47 53
83 28
24 65
60 23
87 35
36 82
64 92
57 64
45 28
92 52
69 82
82 43
72 92
72 96
91 15
93 35
50 34
22 36
80 61
55 65
30 27
23 95
81 4
36 53
96 82
18 37
20 40
44 30
65 4
54 28
98 49
17 17
47 30
98 13
43 10
43 31
35 49
67 13
73 66
15 13
74 66
44 48
91 95
88 43
99 65
83 35
78 15
86 49
43 73
44 2
30 41
99 41
96 68
79 60
23 55
96 83
15 87
51 23
21 97
100 68
24 5
20 95
73 61
29 56
92 66
13 39
63 61
15 77
10 28
53 35
17 7
41 12
14 97
1 94
74 93
34 58
63 70
72 54
47 77
75 29
