# source: JorikJooken
# original path: jj_extract\knapsackProblemInstances-master\problemInstances\n_400_c_1000000_g_14_f_0.1_eps_1e-05_s_200\test.in
# optimal value: 1011028
# format: n capacity, then weight value
400 1000000
500115 500040
500072 500015
500205 500025
500099 500130
500123 500146
500185 500030
500207 500181
500049 500161
500114 500040
500016 500038
500123 500137
500032 500135
500137 500112
500073 500125
500199 500029
500085 500039
500167 500123
500179 500068
500134 500129
500182 500083
500027 500090
500183 500035
500096 500116
500148 500056
500071 500073
500045 500097
500199 500022
250158 250045
250095 250178
250171 250182
250125 250066
250036 250097
250027 250183
250031 250107
250161 250134
250154 250199
250141 250150
250026 250067
250165 250135
250079 250063
250136 250054
250136 250209
250051 250067
250053 250072
250024 250107
250203 250110
250101 250091
250153 250123
250025 250191
250209 250085
250128 250063
250191 250136
250208 250068
250152 250034
125029 125014
125148 125077
125125 125038
125171 125039
125154 125080
125149 125031
125172 125119
125176 125054
125027 125174
125109 125117
125102 125058
125175 125047
125092 125129
125087 125167
125034 125102
125142 125197
125164 125166
125052 125084
125042 125025
125162 125155
125048 125070
125135 125058
125088 125150
125102 125097
125110 125026
125062 125026
125012 125080
62604 62542
62704 62545
62601 62583
62689 62653
62629 62656
62519 62558
62612 62580
62651 62654
62626 62635
62586 62681
62557 62603
62522 62694
62576 62667
62571 62578
62699 62562
62541 62600
62658 62628
62625 62586
62698 62565
62598 62694
62695 62559
62527 62630
62625 62693
62672 62593
62624 62540
62520 62627
62680 62531
31392 31298
31451 31396
31360 31351
31319 31449
31428 31432
31276 31262
31346 31399
31337 31372
31382 31291
31342 31309
31287 31281
31395 31395
31275 31427
31342 31428
31457 31379
31386 31409
31304 31439
31267 31411
31408 31278
31327 31367
31417 31342
31363 31266
31332 31279
31346 31292
31338 31405
31421 31315
31459 31421
15656 15818
15752 15669
15733 15787
15740 15745
15743 15744
15721 15696
15662 15759
15656 15760
15762 15825
15762 15724
15832 15706
15749 15767
15640 15744
15672 15822
15713 15781
15802 15705
15686 15817
15779 15790
15660 15722
15650 15670
15819 15700
15715 15785
15684 15801
15790 15787
15749 15651
15737 15752
15799 15799
7892 7968
7985 7981
7943 7980
8005 7899
7828 7989
7909 7870
7890 7877
7933 7882
7858 7902
7958 8014
7965 8014
7991 7979
7857 7962
7855 7976
7864 7980
7878 7860
7873 7960
7976 7853
7889 7849
7881 7933
7844 7903
7882 7835
7950 7906
7996 7948
7829 7836
7901 7959
7897 8015
4098 3956
4001 3947
3917 3998
3934 4019
4039 3973
3950 3983
3953 3922
4012 3968
4038 4024
4001 4110
3979 3945
3958 4092
3969 4088
4102 4009
4077 3918
4053 4042
3942 4023
4112 4049
4029 3949
4104 4016
4015 4064
3959 3998
3980 3937
4016 3992
4024 3955
3961 4090
4043 4058
2092 2083
1991 2005
2148 2144
2115 1980
2003 1972
2156 2107
2011 2083
1970 2107
2070 2024
2128 2093
2094 2076
2162 2131
1974 2114
2099 2001
2157 2109
2068 2069
1986 2097
2071 2155
1985 2105
2045 2073
2074 1989
2115 2057
2096 2039
2004 1967
1967 2045
2148 1967
2046 1965
1127 1171
1052 1080
1176 1171
1078 1046
1099 1015
999 1070
1079 988
1091 1001
1055 1090
1008 1068
1139 1059
1141 1010
1104 988
1038 1155
1186 1157
1146 1181
1175 1175
1091 1030
1171 1074
1067 1157
1005 1019
1115 1075
1103 1133
1092 1096
990 1158
1097 1092
1009 1010
503 689
544 632
540 616
516 598
503 552
639 628
592 642
658 533
636 611
542 659
642 581
640 567
631 645
612 609
613 579
688 510
651 533
665 541
564 636
673 530
516 555
648 565
672 617
532 539
620 692
673 585
672 686
331 361
347 340
380 353
258 441
434 349
365 394
282 419
413 374
300 343
323 267
350 428
262 256
362 424
296 261
311 311
318 358
267 429
417 440
379 396
319 303
448 279
430 306
367 290
368 418
387 356
289 372
333 446
165 331
323 318
247 162
284 320
137 159
148 243
183 326
314 263
264 303
184 182
289 191
272 298
281 203
139 315
192 219
163 245
180 256
332 215
155 327
322 243
238 239
199 259
276 308
275 262
325 226
313 318
249 266
72 150
8 171
37 115
24 72
155 7
87 95
58 74
28 16
109 143
198 123
3 12
175 95
17 99
118 72
121 42
138 87
60 73
93 91
11 84
157 135
67 130
105 97
38 150
89 60
144 154
189 87
55 157
2 161
144 9
21 195
118 198
171 126
18 195
123 120
85 15
98 129
138 44
65 134
83 30
160 88
76 111
160 47
31 177
140 25
100 82
61 112
153 164
195 66
72 49
