# source: JorikJooken
# original path: jj_extract\knapsackProblemInstances-master\problemInstances\n_1200_c_100000000_g_10_f_0.2_eps_0_s_100\test.in
# optimal value: 99832217
# format: n capacity, then weight value
1200 100000000
50000050 50000083
50000016 50000036
50000093 50000088
50000076 50000083
50000015 50000006
50000058 50000044
50000062 50000074
50000068 50000099
50000005 50000076
50000018 50000036
50000048 50000054
50000042 50000073
50000042 50000078
50000047 50000063
50000002 50000052
50000016 50000022
50000083 50000027
50000097 50000079
50000045 50000066
50000065 50000073
50000015 50000053
50000034 50000063
50000040 50000053
50000031 50000003
50000079 50000046
50000040 50000100
50000013 50000055
50000023 50000024
50000075 50000079
50000046 50000089
50000035 50000038
50000046 50000085
50000020 50000003
50000099 50000001
50000068 50000036
50000033 50000019
50000037 50000034
50000041 50000058
50000005 50000054
50000056 50000064
50000042 50000091
50000087 50000068
50000070 50000014
50000066 50000035
50000053 50000002
50000090 50000049
50000075 50000052
50000004 50000052
50000099 50000004
50000012 50000035
50000041 50000012
50000074 50000044
50000027 50000091
50000048 50000044
50000089 50000059
50000015 50000045
50000009 50000039
50000071 50000007
50000092 50000090
50000091 50000090
50000059 50000060
50000013 50000055
50000044 50000036
50000024 50000019
50000017 50000039
50000027 50000094
50000086 50000018
50000025 50000095
50000066 50000065
50000049 50000061
50000079 50000075
50000066 50000076
50000002 50000079
50000078 50000100
50000062 50000093
50000035 50000096
50000093 50000004
50000038 50000008
50000016 50000081
50000053 50000047
50000018 50000027
50000025 50000093
50000046 50000065
50000072 50000070
50000059 50000043
50000086 50000036
50000088 50000095
50000032 50000021
50000007 50000026
50000019 50000011
50000026 50000013
50000049 50000054
50000079 50000030
50000086 50000096
50000071 50000083
50000030 50000041
50000010 50000040
50000013 50000094
50000018 50000023
50000016 50000096
50000025 50000012
50000062 50000093
50000086 50000087
50000095 50000034
50000035 50000053
50000022 50000013
25000065 25000076
25000057 25000040
25000087 25000082
25000079 25000019
25000051 25000012
25000089 25000070
25000053 25000056
25000090 25000040
25000067 25000095
25000092 25000100
25000058 25000068
25000022 25000071
25000012 25000005
25000075 25000053
25000038 25000058
25000045 25000090
25000100 25000067
25000074 25000074
25000060 25000089
25000031 25000072
25000044 25000098
25000043 25000027
25000044 25000005
25000087 25000006
25000021 25000002
25000070 25000015
25000058 25000027
25000078 25000032
25000073 25000082
25000023 25000001
25000026 25000028
25000074 25000015
25000073 25000009
25000011 25000031
25000084 25000093
25000048 25000008
25000054 25000024
25000053 25000054
25000048 25000025
25000033 25000009
25000092 25000017
25000089 25000060
25000062 25000073
25000005 25000065
25000020 25000029
25000060 25000083
25000097 25000062
25000082 25000042
25000050 25000076
25000076 25000084
25000064 25000007
25000092 25000044
25000080 25000068
25000037 25000043
25000089 25000066
25000041 25000037
25000039 25000083
25000092 25000033
25000090 25000087
25000090 25000097
25000076 25000075
25000040 25000084
25000069 25000017
25000039 25000001
25000076 25000068
25000099 25000036
25000072 25000045
25000077 25000014
25000036 25000058
25000008 25000037
25000078 25000066
25000014 25000090
25000032 25000093
25000005 25000032
25000082 25000031
25000047 25000080
25000072 25000016
25000061 25000063
25000010 25000048
25000017 25000017
25000042 25000082
25000072 25000047
25000044 25000006
25000021 25000002
25000049 25000046
25000045 25000077
25000026 25000050
25000067 25000037
25000098 25000007
25000085 25000046
25000082 25000082
25000082 25000095
25000045 25000066
25000035 25000047
25000037 25000074
25000038 25000007
25000079 25000049
25000001 25000018
25000069 25000035
25000013 25000072
25000078 25000042
25000009 25000025
25000059 25000074
25000012 25000083
25000066 25000068
25000081 25000076
12500054 12500043
12500013 12500069
12500076 12500026
12500018 12500070
12500029 12500026
12500041 12500091
12500042 12500029
12500054 12500078
12500033 12500028
12500067 12500092
12500015 12500038
12500007 12500048
12500009 12500095
12500095 12500075
12500019 12500063
12500070 12500020
12500034 12500001
12500048 12500036
12500005 12500045
12500039 12500017
12500075 12500001
12500091 12500100
12500081 12500049
12500065 12500022
12500007 12500070
12500100 12500003
12500009 12500063
12500018 12500013
12500014 12500084
12500067 12500092
12500090 12500059
12500044 12500039
12500042 12500027
12500070 12500071
12500095 12500097
12500070 12500081
12500067 12500039
12500041 12500052
12500008 12500044
12500009 12500047
12500095 12500081
12500069 12500078
12500091 12500026
12500003 12500093
12500090 12500009
12500077 12500068
12500093 12500011
12500021 12500035
12500091 12500006
12500100 12500054
12500096 12500032
12500057 12500013
12500066 12500073
12500078 12500060
12500095 12500031
12500025 12500025
12500078 12500018
12500098 12500091
12500027 12500058
12500047 12500091
12500098 12500036
12500045 12500081
12500048 12500052
12500056 12500045
12500089 12500089
12500067 12500015
12500005 12500052
12500003 12500091
12500079 12500081
12500096 12500044
12500029 12500042
12500100 12500006
12500011 12500018
12500004 12500039
12500060 12500003
12500034 12500010
12500046 12500100
12500084 12500029
12500080 12500003
12500063 12500094
12500054 12500082
12500049 12500053
12500039 12500051
12500065 12500068
12500099 12500037
12500088 12500034
12500009 12500025
12500024 12500065
12500047 12500076
12500081 12500085
12500057 12500022
12500054 12500074
12500052 12500068
12500033 12500009
12500063 12500015
12500025 12500032
12500077 12500048
12500080 12500044
12500050 12500051
12500099 12500023
12500042 12500051
12500086 12500083
12500031 12500007
12500084 12500078
12500036 12500008
12500069 12500071
6250100 6250071
6250054 6250086
6250060 6250082
6250016 6250061
6250025 6250042
6250004 6250058
6250059 6250089
6250002 6250071
6250091 6250070
6250044 6250094
6250016 6250063
6250051 6250073
6250039 6250038
6250046 6250032
6250090 6250036
6250053 6250006
6250078 6250002
6250096 6250037
6250085 6250080
6250028 6250098
6250069 6250019
6250046 6250017
6250087 6250064
6250024 6250058
6250075 6250049
6250052 6250077
6250086 6250052
6250061 6250098
6250013 6250092
6250058 6250057
6250063 6250010
6250094 6250089
6250053 6250059
6250024 6250024
6250086 6250010
6250037 6250033
6250074 6250036
6250068 6250069
6250085 6250036
6250063 6250084
6250093 6250030
6250064 6250079
6250099 6250100
6250036 6250092
6250068 6250027
6250052 6250070
6250061 6250090
6250028 6250052
6250070 6250078
6250019 6250061
6250080 6250064
6250089 6250044
6250054 6250052
6250007 6250071
6250072 6250033
6250046 6250087
6250073 6250021
6250011 6250079
6250014 6250046
6250064 6250090
6250057 6250040
6250030 6250039
6250026 6250077
6250016 6250036
6250054 6250029
6250056 6250088
6250019 6250021
6250018 6250047
6250027 6250054
6250090 6250070
6250071 6250070
6250011 6250074
6250001 6250082
6250018 6250099
6250038 6250079
6250066 6250071
6250074 6250078
6250036 6250063
6250081 6250057
6250003 6250088
6250007 6250066
6250060 6250054
6250100 6250069
6250032 6250045
6250008 6250046
6250074 6250046
6250078 6250065
6250065 6250082
6250053 6250035
6250020 6250050
6250011 6250010
6250048 6250012
6250028 6250071
6250024 6250044
6250080 6250027
6250003 6250050
6250055 6250056
6250085 6250091
6250059 6250009
6250025 6250070
6250033 6250079
6250028 6250026
6250020 6250053
6250056 6250025
6250020 6250096
6250031 6250076
3125058 3125009
3125095 3125064
3125045 3125098
3125003 3125077
3125004 3125068
3125015 3125032
3125084 3125041
3125087 3125019
3125083 3125094
3125043 3125026
3125030 3125031
3125056 3125076
3125078 3125018
3125027 3125047
3125086 3125061
3125081 3125081
3125033 3125075
3125076 3125002
3125065 3125089
3125093 3125029
3125037 3125028
3125035 3125091
3125001 3125042
3125008 3125057
3125029 3125027
3125007 3125016
3125083 3125002
3125075 3125044
3125006 3125080
3125058 3125040
3125090 3125080
3125011 3125034
3125032 3125042
3125008 3125061
3125033 3125019
3125057 3125001
3125077 3125076
3125061 3125010
3125066 3125050
3125074 3125006
3125021 3125053
3125023 3125059
3125092 3125092
3125039 3125008
3125008 3125093
3125090 3125062
3125054 3125090
3125014 3125096
3125008 3125038
3125093 3125014
3125091 3125069
3125015 3125094
3125004 3125045
3125035 3125059
3125072 3125041
3125010 3125070
3125041 3125001
3125087 3125095
3125063 3125010
3125046 3125100
3125028 3125039
3125010 3125083
3125084 3125039
3125082 3125058
3125046 3125068
3125061 3125059
3125072 3125015
3125012 3125036
3125069 3125099
3125094 3125066
3125040 3125034
3125068 3125077
3125053 3125043
3125097 3125038
3125002 3125007
3125091 3125059
3125071 3125028
3125023 3125050
3125029 3125014
3125035 3125002
3125029 3125080
3125071 3125041
3125085 3125081
3125004 3125069
3125077 3125060
3125044 3125077
3125094 3125081
3125006 3125021
3125033 3125049
3125002 3125042
3125054 3125043
3125028 3125085
3125020 3125013
3125093 3125015
3125014 3125059
3125019 3125009
3125021 3125057
3125039 3125039
3125017 3125096
3125079 3125045
3125097 3125006
3125032 3125088
3125077 3125034
3125062 3125092
3125084 3125066
3125058 3125037
1562595 1562565
1562538 1562576
1562548 1562536
1562556 1562560
1562550 1562549
1562524 1562524
1562523 1562581
1562526 1562592
1562506 1562545
1562509 1562516
1562541 1562570
1562523 1562577
1562594 1562524
1562509 1562591
1562597 1562565
1562595 1562589
1562513 1562548
1562538 1562559
1562513 1562577
1562506 1562580
1562504 1562572
1562582 1562564
1562591 1562595
1562567 1562509
1562595 1562533
1562517 1562519
1562511 1562568
1562567 1562577
1562522 1562515
1562523 1562517
1562549 1562593
1562524 1562511
1562526 1562504
1562596 1562506
1562515 1562570
1562513 1562565
1562546 1562593
1562518 1562511
1562564 1562511
1562566 1562552
1562555 1562585
1562512 1562540
1562591 1562596
1562585 1562537
1562592 1562514
1562540 1562527
1562556 1562548
1562538 1562528
1562584 1562563
1562579 1562571
1562525 1562586
1562545 1562600
1562588 1562529
1562519 1562557
1562560 1562551
1562558 1562516
1562599 1562565
1562511 1562520
1562561 1562577
1562518 1562562
1562561 1562560
1562574 1562520
1562521 1562582
1562527 1562514
1562558 1562528
1562517 1562514
1562564 1562592
1562505 1562558
1562566 1562526
1562505 1562534
1562586 1562546
1562572 1562511
1562504 1562523
1562528 1562535
1562576 1562531
1562517 1562584
1562533 1562551
1562516 1562586
1562565 1562512
1562544 1562595
1562543 1562505
1562545 1562548
1562536 1562577
1562542 1562554
1562546 1562531
1562575 1562536
1562579 1562579
1562520 1562526
1562553 1562576
1562568 1562546
1562589 1562582
1562547 1562579
1562508 1562594
1562519 1562535
1562508 1562527
1562548 1562570
1562528 1562585
1562575 1562521
1562529 1562513
1562540 1562555
1562513 1562596
1562537 1562510
1562511 1562533
1562555 1562551
1562529 1562586
1562538 1562531
781301 781282
781322 781299
781278 781323
781301 781280
781307 781329
781333 781258
781330 781278
781324 781341
781252 781313
781312 781321
781283 781280
781325 781272
781260 781254
781288 781308
781318 781304
781322 781305
781264 781258
781321 781318
781324 781299
781299 781260
781263 781271
781347 781277
781344 781288
781302 781261
781304 781295
781270 781291
781323 781262
781282 781317
781275 781323
781308 781346
781278 781283
781293 781290
781332 781259
781324 781271
781347 781270
781298 781340
781333 781314
781316 781268
781300 781337
781308 781252
781326 781333
781286 781335
781344 781284
781282 781265
781297 781273
781286 781300
781328 781322
781311 781298
781261 781307
781286 781332
781346 781302
781286 781328
781296 781321
781344 781343
781279 781292
781327 781321
781291 781266
781270 781335
781329 781347
781277 781280
781287 781324
781297 781324
781330 781297
781300 781345
781285 781307
781299 781272
781292 781270
781288 781339
781306 781292
781296 781322
781347 781299
781320 781267
781305 781346
781264 781281
781330 781320
781332 781287
781287 781308
781302 781287
781282 781284
781306 781333
781277 781345
781336 781282
781276 781334
781316 781262
781295 781293
781336 781332
781295 781322
781294 781310
781344 781275
781287 781319
781284 781266
781282 781257
781349 781338
781347 781256
781296 781269
781263 781319
781306 781331
781340 781294
781292 781348
781304 781347
781281 781322
781261 781251
781350 781295
781347 781252
781325 781337
781306 781265
390702 390633
390630 390717
390712 390707
390640 390693
390709 390632
390688 390680
390648 390683
390633 390665
390696 390668
390638 390646
390673 390723
390641 390628
390656 390627
390675 390709
390680 390652
390661 390718
390688 390702
390673 390628
390722 390693
390628 390638
390632 390708
390704 390715
390697 390633
390639 390685
390674 390627
390680 390659
390634 390644
390653 390633
390691 390664
390643 390627
390656 390703
390692 390723
390706 390699
390650 390680
390703 390679
390626 390715
390687 390690
390714 390633
390662 390715
390720 390651
390642 390723
390629 390710
390675 390667
390719 390677
390628 390639
390648 390642
390665 390642
390700 390633
390724 390669
390696 390670
390718 390672
390680 390630
390721 390679
390677 390653
390646 390670
390650 390643
390665 390635
390637 390724
390722 390708
390645 390724
390700 390668
390686 390696
390651 390705
390652 390652
390704 390681
390715 390712
390676 390722
390662 390669
390630 390630
390659 390672
390695 390709
390717 390686
390655 390683
390659 390626
390640 390627
390633 390658
390701 390685
390676 390680
390692 390712
390715 390701
390705 390650
390636 390718
390635 390675
390651 390664
390681 390713
390710 390710
390632 390647
390691 390631
390689 390720
390707 390673
390689 390673
390682 390678
390662 390677
390687 390667
390681 390642
390661 390699
390628 390685
390645 390643
390676 390647
390688 390676
390672 390693
390675 390635
390646 390664
390655 390675
390691 390639
390683 390682
195397 195346
195322 195405
195326 195328
195361 195376
195351 195373
195342 195337
195399 195361
195364 195370
195361 195368
195335 195350
195320 195357
195408 195328
195317 195315
195336 195400
195412 195352
195400 195348
195357 195403
195346 195352
195335 195401
195411 195317
195346 195347
195411 195335
195361 195369
195320 195402
195389 195371
195314 195343
195360 195333
195351 195367
195395 195369
195338 195377
195360 195370
195319 195327
195382 195396
195352 195357
195388 195352
195316 195356
195336 195367
195400 195403
195353 195406
195361 195338
195390 195399
195322 195398
195351 195390
195390 195402
195356 195325
195344 195368
195318 195324
195369 195360
195409 195379
195385 195373
195314 195321
195387 195410
195388 195355
195382 195365
195395 195313
195338 195317
195375 195330
195324 195313
195395 195387
195398 195362
195336 195322
195332 195330
195364 195340
195412 195404
195365 195407
195383 195368
195345 195395
195348 195400
195389 195400
195370 195344
195344 195404
195398 195409
195369 195382
195360 195321
195374 195321
195371 195339
195364 195321
195382 195361
195345 195401
195349 195360
195382 195381
195343 195321
195322 195333
195323 195396
195367 195365
195321 195407
195402 195376
195408 195331
195347 195403
195382 195402
195315 195375
195372 195378
195360 195316
195381 195349
195403 195367
195374 195342
195317 195331
195380 195410
195314 195317
195347 195351
195318 195345
195409 195336
195395 195328
195329 195378
195334 195340
195343 195368
59 63
43 92
91 74
61 54
36 93
29 34
23 57
76 44
45 37
54 96
59 46
55 96
72 99
10 23
66 88
88 97
11 69
25 96
80 74
50 51
41 56
99 83
3 64
73 36
14 1
7 63
95 95
74 95
30 37
61 77
67 34
75 15
90 44
3 29
98 51
68 18
62 100
89 22
59 54
45 89
48 45
93 94
98 22
8 38
4 80
21 3
98 13
61 40
32 90
44 93
39 11
88 73
58 24
34 38
2 70
87 66
95 86
14 70
2 65
16 29
9 12
55 49
29 46
80 16
34 52
94 91
86 44
26 93
40 76
9 30
56 27
48 36
77 22
95 82
56 12
53 19
9 83
58 4
63 60
83 96
92 12
98 97
74 13
20 15
39 96
93 24
79 91
47 53
72 22
12 49
89 86
59 42
79 3
5 92
60 31
25 7
57 58
24 27
34 5
84 32
19 38
98 23
70 85
4 67
38 58
32 98
52 3
66 42
19 87
80 28
75 100
20 45
37 82
83 10
69 15
51 22
14 4
94 52
59 23
73 86
10 50
73 17
37 96
90 89
27 12
18 93
69 66
5 84
21 41
68 6
67 82
69 49
55 4
82 31
84 60
93 3
1 58
40 19
8 89
88 5
44 79
96 100
65 48
5 34
62 83
2 36
78 13
8 70
56 60
11 6
95 81
37 89
69 58
38 25
19 5
38 72
93 46
86 62
14 26
88 70
30 33
64 92
84 84
56 81
38 91
56 91
77 61
11 36
98 95
95 18
95 12
86 64
10 88
85 13
14 51
5 20
41 19
27 63
7 93
76 1
52 30
71 17
84 90
75 27
7 53
20 1
79 26
51 92
78 57
87 54
54 81
65 72
35 32
12 86
53 85
45 77
63 54
90 88
43 13
100 6
65 2
97 17
43 48
3 68
90 32
18 71
37 53
66 74
45 7
26 79
86 64
98 97
54 88
28 33
43 57
19 23
94 77
71 84
75 48
13 23
1 67
31 39
57 93
54 41
82 65
37 83
47 37
10 89
55 78
86 93
65 70
2 58
33 81
94 12
68 43
63 38
38 51
24 98
30 4
73 67
26 99
74 65
25 9
85 41
67 23
87 8
