# source: JorikJooken
# original path: jj_extract\knapsackProblemInstances-master\problemInstances\n_1000_c_10000000000_g_2_f_0.2_eps_0.001_s_100\test.in
# optimal value: 5010009252
# format: n capacity, then weight value
1000 10000000000
5010000072 5010000040
5010000020 5010000075
5010000092 5010000069
5010000070 5010000082
5010000091 5010000022
5010000089 5010000025
5010000053 5010000011
5010000035 5010000061
5010000030 5010000019
5010000006 5010000095
5010000038 5010000032
5010000016 5010000042
5010000018 5010000043
5010000077 5010000037
5010000075 5010000079
5010000057 5010000008
5010000066 5010000037
5010000047 5010000068
5010000040 5010000072
5010000080 5010000021
5010000030 5010000048
5010000028 5010000039
5010000074 5010000039
5010000039 5010000034
5010000007 5010000082
5010000088 5010000094
5010000074 5010000010
5010000082 5010000023
5010000082 5010000018
5010000077 5010000014
5010000088 5010000043
5010000070 5010000063
5010000038 5010000085
5010000089 5010000064
5010000061 5010000001
5010000073 5010000044
5010000060 5010000077
5010000055 5010000037
5010000030 5010000011
5010000049 5010000087
5010000082 5010000075
5010000033 5010000029
5010000049 5010000041
5010000100 5010000027
5010000051 5010000067
5010000010 5010000045
5010000011 5010000058
5010000030 5010000070
5010000057 5010000094
5010000032 5010000075
5010000014 5010000094
5010000079 5010000071
5010000057 5010000077
5010000036 5010000037
5010000048 5010000002
5010000057 5010000009
5010000085 5010000013
5010000073 5010000047
5010000067 5010000021
5010000052 5010000050
5010000048 5010000095
5010000057 5010000001
5010000072 5010000004
5010000040 5010000004
5010000061 5010000087
5010000065 5010000023
5010000054 5010000098
5010000010 5010000013
5010000098 5010000089
5010000089 5010000040
5010000072 5010000043
5010000043 5010000038
5010000056 5010000099
5010000074 5010000043
5010000078 5010000064
5010000096 5010000012
5010000030 5010000022
5010000019 5010000069
5010000045 5010000085
5010000018 5010000098
5010000038 5010000055
5010000037 5010000069
5010000078 5010000062
5010000077 5010000049
5010000012 5010000080
5010000096 5010000060
5010000092 5010000059
5010000038 5010000005
5010000009 5010000023
5010000006 5010000046
5010000092 5010000005
5010000044 5010000033
5010000041 5010000046
5010000063 5010000020
5010000043 5010000036
5010000052 5010000072
5010000037 5010000069
5010000073 5010000072
5010000059 5010000079
5010000016 5010000041
5010000035 5010000016
5010000050 5010000056
5010000096 5010000033
5010000063 5010000039
5010000067 5010000038
5010000007 5010000033
5010000011 5010000100
5010000054 5010000080
5010000096 5010000052
5010000086 5010000095
5010000029 5010000046
5010000084 5010000070
5010000091 5010000029
5010000040 5010000075
5010000048 5010000100
5010000064 5010000003
5010000032 5010000059
5010000029 5010000076
5010000087 5010000020
5010000012 5010000029
5010000048 5010000033
5010000054 5010000021
5010000049 5010000018
5010000014 5010000035
5010000068 5010000023
5010000076 5010000025
5010000038 5010000061
5010000052 5010000086
5010000063 5010000058
5010000045 5010000030
5010000029 5010000081
5010000082 5010000064
5010000067 5010000070
5010000050 5010000072
5010000002 5010000040
5010000049 5010000021
5010000047 5010000091
5010000059 5010000069
5010000071 5010000019
5010000045 5010000042
5010000043 5010000003
5010000037 5010000024
5010000018 5010000055
5010000051 5010000073
5010000049 5010000037
5010000025 5010000025
5010000013 5010000016
5010000027 5010000001
5010000081 5010000005
5010000005 5010000070
5010000004 5010000063
5010000022 5010000086
5010000021 5010000004
5010000034 5010000032
5010000019 5010000069
5010000062 5010000088
5010000058 5010000100
5010000039 5010000073
5010000005 5010000083
5010000089 5010000077
5010000001 5010000037
5010000023 5010000048
5010000042 5010000008
5010000005 5010000027
5010000090 5010000066
5010000058 5010000015
5010000096 5010000072
5010000038 5010000031
5010000083 5010000021
5010000003 5010000018
5010000018 5010000036
5010000035 5010000016
5010000042 5010000012
5010000010 5010000075
5010000008 5010000080
5010000078 5010000049
5010000044 5010000036
5010000081 5010000100
5010000044 5010000100
5010000025 5010000061
5010000008 5010000077
5010000085 5010000046
5010000070 5010000089
5010000092 5010000058
5010000041 5010000091
5010000033 5010000068
5010000048 5010000048
5010000082 5010000091
5010000041 5010000011
5010000087 5010000071
5010000024 5010000082
5010000024 5010000082
5010000062 5010000074
5010000040 5010000029
5010000099 5010000005
5010000087 5010000002
5010000072 5010000031
5010000070 5010000006
5010000092 5010000028
5010000091 5010000055
5010000075 5010000024
5010000073 5010000068
5010000066 5010000045
5010000069 5010000023
5010000062 5010000014
5010000080 5010000010
5010000049 5010000042
5010000024 5010000090
5010000070 5010000061
5010000075 5010000018
5010000069 5010000053
5010000015 5010000072
5010000087 5010000046
5010000021 5010000073
5010000071 5010000019
5010000083 5010000061
5010000027 5010000014
5010000055 5010000061
5010000037 5010000094
5010000075 5010000040
5010000068 5010000052
5010000055 5010000011
5010000041 5010000037
5010000076 5010000100
5010000040 5010000036
5010000086 5010000054
5010000015 5010000059
5010000053 5010000002
5010000074 5010000080
5010000094 5010000081
5010000063 5010000049
5010000097 5010000041
5010000077 5010000025
5010000054 5010000046
5010000043 5010000005
5010000007 5010000078
5010000049 5010000079
5010000033 5010000013
5010000030 5010000069
5010000057 5010000078
5010000096 5010000022
5010000051 5010000011
5010000074 5010000038
5010000094 5010000046
5010000055 5010000069
5010000003 5010000086
5010000061 5010000010
5010000004 5010000043
5010000020 5010000007
5010000021 5010000093
5010000008 5010000024
5010000079 5010000092
5010000020 5010000072
5010000098 5010000015
5010000096 5010000064
5010000019 5010000019
5010000081 5010000097
5010000078 5010000074
5010000044 5010000060
5010000010 5010000075
5010000080 5010000021
5010000070 5010000053
5010000005 5010000055
5010000003 5010000002
5010000043 5010000100
5010000019 5010000074
5010000098 5010000050
5010000044 5010000004
5010000004 5010000060
5010000057 5010000011
5010000001 5010000040
5010000056 5010000035
5010000022 5010000057
5010000061 5010000011
5010000097 5010000040
5010000046 5010000066
5010000085 5010000092
5010000012 5010000074
5010000067 5010000045
5010000045 5010000081
5010000032 5010000045
5010000079 5010000075
5010000001 5010000016
5010000094 5010000057
5010000096 5010000084
5010000092 5010000064
5010000042 5010000077
5010000018 5010000020
5010000070 5010000011
5010000070 5010000045
5010000022 5010000091
5010000053 5010000069
5010000006 5010000014
5010000099 5010000012
5010000065 5010000058
5010000091 5010000073
5010000045 5010000066
5010000032 5010000030
5010000080 5010000035
5010000100 5010000091
5010000056 5010000048
5010000048 5010000011
5010000025 5010000074
5010000012 5010000025
5010000039 5010000075
5010000095 5010000063
5010000089 5010000069
5010000021 5010000003
5010000002 5010000036
5010000046 5010000034
5010000032 5010000051
5010000018 5010000018
5010000093 5010000028
5010000040 5010000031
5010000012 5010000080
5010000078 5010000042
5010000081 5010000034
5010000072 5010000017
5010000015 5010000075
5010000048 5010000038
5010000077 5010000087
5010000082 5010000041
5010000060 5010000095
5010000048 5010000072
5010000087 5010000098
5010000077 5010000077
5010000093 5010000052
5010000011 5010000063
5010000042 5010000025
5010000087 5010000095
5010000068 5010000014
5010000025 5010000095
5010000041 5010000029
5010000032 5010000093
5010000063 5010000091
5010000066 5010000031
5010000097 5010000030
5010000053 5010000062
5010000059 5010000072
5010000017 5010000006
5010000085 5010000026
5010000097 5010000003
5010000056 5010000052
5010000012 5010000087
5010000009 5010000020
5010000007 5010000060
5010000038 5010000080
5010000067 5010000049
5010000032 5010000042
5010000018 5010000039
5010000017 5010000061
5010000093 5010000051
5010000063 5010000058
5010000030 5010000058
5010000004 5010000031
5010000015 5010000079
5010000008 5010000007
5010000032 5010000022
5010000008 5010000031
5010000070 5010000003
5010000034 5010000026
5010000073 5010000047
5010000043 5010000037
5010000059 5010000023
5010000047 5010000001
5010000085 5010000087
5010000083 5010000050
5010000100 5010000033
5010000052 5010000097
5010000033 5010000097
5010000004 5010000067
5010000027 5010000074
5010000019 5010000091
5010000027 5010000100
5010000012 5010000060
5010000032 5010000037
5010000047 5010000034
5010000034 5010000019
5010000022 5010000097
5010000087 5010000094
5010000091 5010000095
5010000043 5010000031
5010000049 5010000074
5010000037 5010000033
5010000056 5010000088
5010000018 5010000060
5010000080 5010000037
5010000066 5010000088
5010000030 5010000069
5010000044 5010000051
5010000016 5010000041
5010000081 5010000021
5010000070 5010000056
5010000079 5010000042
5010000072 5010000091
5010000098 5010000084
5010000014 5010000075
5010000005 5010000009
5010000090 5010000072
5010000017 5010000044
5010000065 5010000013
5010000004 5010000086
5010000038 5010000056
5010000029 5010000096
5010000080 5010000014
5010000039 5010000032
5010000028 5010000078
5010000085 5010000049
5010000001 5010000028
5010000065 5010000050
5010000079 5010000049
5010000064 5010000097
5010000007 5010000040
5010000010 5010000049
5010000083 5010000003
5010000096 5010000068
5010000089 5010000046
5010000090 5010000079
5010000025 5010000100
5010000080 5010000017
5010000072 5010000032
5010000090 5010000067
5010000077 5010000013
5010000028 5010000094
5010000084 5010000038
5010000054 5010000082
5010000067 5010000083
5010000023 5010000023
5010000088 5010000074
5010000082 5010000086
5010000006 5010000010
5010000054 5010000029
5010000045 5010000031
5010000049 5010000079
5010000001 5010000021
5010000032 5010000010
5010000036 5010000076
5010000034 5010000025
5010000024 5010000051
5010000023 5010000027
5010000027 5010000045
5010000019 5010000086
5010000007 5010000007
5010000024 5010000082
5010000025 5010000066
5010000081 5010000003
5010000058 5010000066
5010000049 5010000030
5010000062 5010000025
5010000091 5010000011
5010000013 5010000087
5010000010 5010000047
5010000072 5010000036
5010000045 5010000070
5010000066 5010000062
5010000045 5010000086
5010000022 5010000058
5010000022 5010000037
5010000078 5010000069
5010000068 5010000008
5010000011 5010000010
5010000094 5010000057
5010000008 5010000047
5010000050 5010000086
5010000037 5010000060
5010000027 5010000099
5010000024 5010000007
5010000017 5010000021
5010000022 5010000066
5010000061 5010000063
5010000047 5010000016
5010000048 5010000085
5010000001 5010000044
5010000085 5010000060
5010000054 5010000084
5010000080 5010000072
5010000033 5010000068
5010000064 5010000088
5010000064 5010000068
5010000029 5010000085
5010000054 5010000005
5010000056 5010000092
5010000018 5010000009
5010000023 5010000047
5010000005 5010000090
5010000028 5010000054
5010000051 5010000012
5010000066 5010000071
5010000037 5010000075
5010000001 5010000072
5010000053 5010000029
5010000063 5010000019
5010000098 5010000002
5010000058 5010000020
5010000061 5010000057
5010000060 5010000085
5010000086 5010000008
5010000067 5010000018
5010000038 5010000011
5010000067 5010000014
5010000028 5010000019
5010000098 5010000037
5010000096 5010000063
5010000060 5010000037
5010000016 5010000059
5010000039 5010000035
5010000062 5010000022
5010000047 5010000082
5010000078 5010000071
5010000012 5010000001
5010000062 5010000004
5010000034 5010000098
5010000083 5010000011
5010000062 5010000037
5010000033 5010000037
5010000004 5010000036
5010000003 5010000057
5010000042 5010000005
5010000014 5010000051
5010000028 5010000077
5010000006 5010000065
5010000064 5010000012
5010000066 5010000048
5010000065 5010000085
5010000011 5010000041
5010000074 5010000009
5010000046 5010000036
5010000002 5010000017
5010000052 5010000061
5010000022 5010000093
5010000077 5010000032
5010000009 5010000096
5010000040 5010000070
5010000075 5010000091
5010000085 5010000010
5010000007 5010000038
5010000064 5010000048
5010000031 5010000080
5010000008 5010000052
5010000028 5010000040
5010000019 5010000090
5010000001 5010000014
5010000073 5010000036
5010000029 5010000004
5010000017 5010000009
5010000026 5010000097
5010000008 5010000004
5010000014 5010000035
5010000021 5010000048
5010000034 5010000003
5010000057 5010000092
5010000034 5010000011
5010000074 5010000046
5010000060 5010000041
5010000023 5010000045
5010000065 5010000002
5010000056 5010000015
5010000056 5010000096
5010000061 5010000078
5010000096 5010000047
5010000091 5010000053
5010000022 5010000050
5010000091 5010000062
5010000090 5010000097
5010000018 5010000072
5010000077 5010000052
5010000094 5010000038
5010000056 5010000039
5010000004 5010000080
5010000040 5010000030
5010000065 5010000047
5010000037 5010000034
5010000097 5010000065
5010000019 5010000034
5010000014 5010000007
5010000050 5010000095
5010000053 5010000002
5010000055 5010000095
5010000084 5010000081
5010000042 5010000076
5010000076 5010000055
5010000064 5010000053
5010000086 5010000011
5010000015 5010000071
5010000049 5010000047
5010000070 5010000042
5010000023 5010000078
5010000047 5010000049
5010000040 5010000094
5010000008 5010000082
5010000039 5010000008
5010000080 5010000033
5010000059 5010000049
5010000041 5010000007
5010000053 5010000008
5010000047 5010000049
5010000016 5010000039
5010000053 5010000099
5010000054 5010000029
5010000019 5010000040
5010000066 5010000011
5010000098 5010000049
5010000028 5010000099
5010000070 5010000004
5010000005 5010000056
5010000099 5010000069
5010000076 5010000092
5010000062 5010000064
5010000072 5010000011
5010000055 5010000030
5010000004 5010000061
5010000037 5010000058
5010000030 5010000004
5010000006 5010000068
5010000078 5010000077
5010000009 5010000082
5010000093 5010000012
5010000007 5010000034
5010000089 5010000097
5010000076 5010000097
5010000049 5010000045
5010000066 5010000013
5010000096 5010000057
5010000032 5010000006
5010000042 5010000090
5010000084 5010000025
5010000077 5010000059
5010000010 5010000057
5010000044 5010000083
5010000079 5010000036
5010000028 5010000097
5010000059 5010000077
5010000051 5010000054
5010000033 5010000087
5010000088 5010000009
5010000044 5010000048
5010000006 5010000049
5010000014 5010000017
5010000053 5010000041
5010000021 5010000052
5010000088 5010000019
5010000052 5010000014
5010000071 5010000040
5010000037 5010000031
5010000004 5010000031
5010000071 5010000034
5010000067 5010000058
5010000090 5010000018
5010000015 5010000071
5010000043 5010000056
5010000095 5010000098
5010000069 5010000036
5010000025 5010000042
5010000071 5010000024
5010000023 5010000015
5010000029 5010000059
5010000058 5010000014
5010000048 5010000064
5010000061 5010000005
5010000057 5010000089
5010000044 5010000099
5010000075 5010000057
5010000009 5010000016
5010000094 5010000058
5010000055 5010000061
5010000095 5010000061
5010000090 5010000083
5010000087 5010000048
5010000057 5010000057
5010000016 5010000010
5010000025 5010000082
5010000041 5010000031
5010000029 5010000085
5010000034 5010000034
5010000061 5010000010
5010000037 5010000040
5010000027 5010000064
5010000015 5010000047
5010000067 5010000017
5010000079 5010000065
5010000031 5010000054
5010000017 5010000004
5010000012 5010000001
5010000010 5010000083
5010000011 5010000065
5010000083 5010000071
5010000017 5010000092
5010000037 5010000091
5010000039 5010000036
5010000098 5010000042
5010000001 5010000034
5010000073 5010000002
5010000086 5010000038
5010000066 5010000004
5010000092 5010000049
5010000077 5010000042
5010000091 5010000051
5010000058 5010000055
5010000015 5010000053
5010000039 5010000080
5010000055 5010000050
5010000059 5010000077
5010000053 5010000050
5010000100 5010000027
5010000048 5010000090
5010000072 5010000042
5010000019 5010000043
5010000049 5010000096
5010000055 5010000032
5010000032 5010000035
5010000064 5010000035
5010000092 5010000001
5010000075 5010000015
5010000096 5010000039
5010000001 5010000043
5010000033 5010000093
5010000075 5010000045
5010000071 5010000020
5010000075 5010000065
5010000034 5010000043
5010000021 5010000064
5010000021 5010000005
5010000026 5010000099
5010000044 5010000063
5010000027 5010000071
5010000009 5010000042
5010000013 5010000010
5010000087 5010000018
5010000087 5010000086
5010000058 5010000013
5010000054 5010000092
5010000073 5010000084
5010000019 5010000057
5010000095 5010000079
5010000029 5010000015
5010000022 5010000033
5010000080 5010000068
5010000012 5010000006
5010000046 5010000054
5010000007 5010000018
5010000081 5010000034
5010000036 5010000073
5010000054 5010000025
5010000026 5010000008
5010000069 5010000052
5010000050 5010000080
5010000003 5010000020
5010000031 5010000048
5010000049 5010000096
5010000003 5010000031
5010000050 5010000004
5010000034 5010000069
5010000048 5010000007
5010000039 5010000021
5010000038 5010000012
5010000055 5010000021
5010000086 5010000056
5010000075 5010000099
5010000011 5010000038
5010000079 5010000006
5010000054 5010000074
5010000069 5010000013
5010000041 5010000054
5010000022 5010000055
5010000013 5010000078
5010000073 5010000030
5010000094 5010000095
5010000001 5010000086
5010000001 5010000048
5010000034 5010000009
5010000001 5010000004
5010000021 5010000021
5010000086 5010000015
5010000013 5010000065
5010000099 5010000037
5010000079 5010000072
5010000033 5010000088
5010000026 5010000085
5010000007 5010000093
5010000063 5010000079
5010000038 5010000065
5010000087 5010000076
5010000018 5010000064
5010000016 5010000060
5010000038 5010000073
5010000014 5010000004
5010000099 5010000052
5010000012 5010000080
5010000010 5010000066
5010000077 5010000077
5010000083 5010000061
5010000005 5010000096
5010000025 5010000034
5010000049 5010000044
5010000020 5010000003
5010000003 5010000094
5010000047 5010000065
5010000071 5010000083
5010000059 5010000041
5010000077 5010000066
23 21
66 13
45 12
27 86
81 51
68 73
31 10
10 70
66 50
39 9
32 85
14 7
23 76
94 5
77 69
31 61
21 67
15 79
10 71
58 3
75 7
84 98
44 55
31 67
96 71
76 3
55 61
54 5
91 100
37 2
68 21
39 52
79 30
51 22
75 52
34 36
37 34
78 59
15 16
2 11
44 51
9 5
6 57
7 72
74 45
71 56
69 4
70 12
17 25
58 87
32 95
89 13
33 11
30 45
99 15
39 89
36 6
60 28
65 25
25 59
87 65
16 13
31 47
85 18
43 64
22 18
41 5
2 81
20 12
46 7
59 70
30 85
78 79
82 11
63 64
89 27
39 48
60 46
1 1
65 26
32 47
4 98
55 15
90 15
26 13
66 20
87 30
11 38
36 6
39 50
86 92
39 2
29 24
38 66
18 12
2 70
48 72
81 67
35 59
93 4
34 47
19 7
78 87
82 18
27 49
100 25
40 10
85 52
37 31
26 15
50 27
55 71
65 64
48 70
49 41
54 93
69 12
54 60
79 50
62 46
37 47
50 78
1 84
17 65
32 17
69 62
91 1
53 5
64 73
92 33
24 45
79 90
77 47
48 25
24 6
11 40
98 22
58 72
76 24
18 14
92 40
74 71
81 24
7 1
27 79
33 39
81 67
67 47
91 74
13 28
11 2
57 30
6 59
2 20
43 22
98 72
3 33
44 68
30 83
66 100
25 53
47 32
31 71
40 21
68 50
31 64
21 94
67 61
89 47
80 57
58 5
62 10
19 54
91 47
24 96
31 74
16 48
18 85
21 16
86 12
39 94
64 100
99 71
80 92
45 61
2 8
37 94
59 86
60 35
21 28
49 77
83 98
4 75
29 100
28 84
51 77
58 41
64 40
1 58
33 45
