# source: JorikJooken
# original path: jj_extract\knapsackProblemInstances-master\problemInstances\n_400_c_1000000_g_6_f_0.2_eps_0.01_s_100\test.in
# optimal value: 1001765
# format: n capacity, then weight value
400 1000000
510091 510031
510024 510053
510025 510030
510049 510068
510009 510087
510091 510016
510073 510092
510093 510001
510019 510004
510095 510003
510042 510047
510005 510013
510035 510012
510063 510010
510043 510027
510071 510010
510073 510087
510028 510067
510094 510062
510018 510051
510051 510081
510032 510032
510085 510011
510033 510060
510005 510077
510017 510070
510095 510081
510044 510091
510038 510065
510098 510017
510031 510047
510052 510025
510015 510094
510060 510034
510090 510094
510029 510072
510001 510037
510069 510001
510083 510054
510022 510015
510095 510025
510041 510036
510009 510002
510007 510006
510015 510070
510010 510053
510064 510059
510071 510014
510049 510013
510022 510014
510034 510003
510092 510038
510022 510021
510029 510035
510039 510037
510100 510054
510024 510070
510059 510025
510021 510022
510033 510036
510007 510064
510022 510008
510051 510041
510074 510054
260052 260097
260058 260004
260077 260015
260096 260077
260080 260011
260008 260014
260058 260026
260039 260019
260065 260040
260072 260078
260097 260027
260069 260081
260094 260071
260021 260076
260079 260045
260077 260005
260034 260076
260008 260014
260040 260097
260026 260081
260083 260008
260055 260040
260004 260043
260040 260047
260047 260007
260028 260054
260050 260081
260059 260025
260089 260073
260029 260087
260079 260041
260034 260062
260022 260030
260016 260087
260099 260082
260056 260022
260050 260052
260054 260081
260053 260083
260026 260091
260012 260037
260015 260100
260043 260068
260065 260045
260095 260027
260067 260014
260004 260001
260075 260053
260091 260064
260090 260025
260012 260012
260006 260054
260079 260032
260069 260085
260049 260009
260085 260018
260075 260010
260050 260062
260057 260021
260068 260042
260002 260008
260076 260091
260089 260050
260022 260070
135077 135036
135019 135002
135093 135047
135061 135080
135036 135093
135070 135063
135078 135065
135074 135080
135043 135080
135014 135088
135017 135032
135096 135077
135063 135006
135029 135017
135017 135075
135037 135027
135017 135047
135062 135016
135043 135035
135084 135054
135067 135055
135015 135031
135044 135086
135006 135001
135066 135079
135065 135023
135088 135042
135033 135056
135068 135062
135097 135066
135044 135054
135027 135084
135047 135042
135053 135023
135009 135013
135009 135014
135065 135086
135011 135094
135051 135088
135094 135073
135070 135094
135019 135063
135050 135051
135045 135028
135003 135072
135074 135070
135078 135017
135096 135031
135067 135095
135070 135021
135094 135073
135069 135021
135007 135098
135059 135015
135087 135047
135034 135054
135053 135046
135032 135011
135090 135097
135034 135035
135027 135051
135063 135010
135041 135014
135100 135010
72521 72585
72509 72574
72506 72505
72503 72567
72559 72576
72552 72563
72573 72595
72561 72568
72548 72540
72565 72532
72515 72551
72527 72593
72571 72582
72564 72503
72536 72561
72599 72578
72553 72522
72575 72515
72501 72526
72509 72538
72518 72570
72589 72534
72569 72550
72541 72528
72600 72598
72549 72564
72560 72533
72577 72591
72508 72522
72556 72523
72562 72577
72506 72549
72578 72592
72575 72530
72590 72567
72560 72588
72560 72513
72565 72544
72517 72575
72589 72577
72523 72509
72552 72561
72512 72560
72583 72510
72521 72555
72557 72587
72535 72599
72554 72572
72554 72542
72576 72506
72546 72594
72593 72549
72522 72558
72535 72584
72562 72537
72528 72504
72584 72546
72504 72538
72517 72562
72520 72511
72504 72512
72555 72562
72598 72563
72530 72541
41279 41307
41333 41350
41334 41339
41312 41297
41287 41291
41277 41272
41260 41264
41301 41255
41332 41316
41255 41334
41317 41347
41325 41265
41322 41324
41334 41271
41273 41342
41296 41346
41306 41257
41253 41287
41281 41251
41261 41330
41271 41291
41322 41254
41287 41283
41285 41348
41311 41253
41333 41346
41289 41310
41341 41295
41307 41342
41349 41255
41289 41345
41276 41257
41325 41297
41275 41266
41314 41316
41341 41256
41335 41286
41273 41345
41333 41307
41257 41278
41262 41319
41267 41333
41312 41299
41335 41270
41342 41252
41286 41295
41274 41264
41266 41309
41342 41310
41324 41278
41332 41278
41336 41266
41350 41273
41341 41329
41340 41261
41278 41274
41284 41302
41267 41289
41272 41310
41332 41340
41269 41265
41349 41324
41298 41283
41340 41328
19 89
14 10
58 83
34 3
16 1
51 58
76 65
81 8
31 87
73 48
70 5
26 94
18 97
78 86
69 16
89 28
29 57
15 83
17 39
81 43
49 88
81 29
68 9
57 25
92 34
62 81
68 62
24 40
53 74
78 99
74 73
44 58
62 58
59 95
34 38
29 79
69 35
69 38
91 46
80 71
41 72
90 37
67 36
24 49
96 37
36 33
21 30
78 80
99 84
78 91
77 42
19 97
60 51
35 50
69 33
57 81
92 33
99 10
44 76
68 43
95 59
11 96
40 76
38 59
45 89
76 40
13 70
12 60
47 57
24 70
44 15
68 97
42 60
71 84
69 42
24 24
20 97
24 51
68 27
48 66
