# source: JorikJooken
# original path: jj_extract\knapsackProblemInstances-master\problemInstances\n_600_c_10000000000_g_2_f_0.3_eps_1e-05_s_300\test.in
# optimal value: 5000127548
# format: n capacity, then weight value
600 10000000000
5000100286 5000100035
5000100205 5000100185
5000100106 5000100211
5000100008 5000100092
5000100278 5000100142
5000100017 5000100139
5000100109 5000100285
5000100152 5000100039
5000100174 5000100070
5000100248 5000100294
5000100278 5000100248
5000100007 5000100249
5000100012 5000100057
5000100224 5000100003
5000100275 5000100083
5000100157 5000100112
5000100042 5000100278
5000100058 5000100172
5000100111 5000100215
5000100019 5000100019
5000100082 5000100126
5000100021 5000100109
5000100278 5000100097
5000100023 5000100224
5000100051 5000100234
5000100046 5000100090
5000100040 5000100010
5000100159 5000100099
5000100055 5000100026
5000100217 5000100216
5000100032 5000100086
5000100193 5000100158
5000100150 5000100076
5000100028 5000100036
5000100243 5000100293
5000100229 5000100192
5000100052 5000100249
5000100065 5000100083
5000100015 5000100073
5000100011 5000100287
5000100131 5000100271
5000100150 5000100232
5000100245 5000100227
5000100288 5000100186
5000100260 5000100157
5000100200 5000100294
5000100215 5000100021
5000100028 5000100071
5000100042 5000100175
5000100127 5000100067
5000100237 5000100274
5000100086 5000100294
5000100005 5000100300
5000100067 5000100234
5000100175 5000100230
5000100058 5000100097
5000100220 5000100163
5000100051 5000100209
5000100049 5000100202
5000100076 5000100196
5000100133 5000100232
5000100277 5000100052
5000100045 5000100136
5000100067 5000100224
5000100197 5000100168
5000100208 5000100188
5000100130 5000100161
5000100001 5000100143
5000100053 5000100002
5000100290 5000100027
5000100166 5000100162
5000100112 5000100073
5000100234 5000100194
5000100113 5000100169
5000100161 5000100016
5000100050 5000100039
5000100099 5000100198
5000100208 5000100175
5000100187 5000100262
5000100131 5000100288
5000100087 5000100197
5000100089 5000100195
5000100045 5000100037
5000100114 5000100288
5000100155 5000100260
5000100156 5000100039
5000100227 5000100095
5000100027 5000100173
5000100215 5000100129
5000100200 5000100141
5000100109 5000100092
5000100235 5000100047
5000100133 5000100039
5000100106 5000100137
5000100289 5000100231
5000100143 5000100233
5000100220 5000100249
5000100066 5000100191
5000100201 5000100004
5000100037 5000100060
5000100059 5000100291
5000100299 5000100054
5000100142 5000100123
5000100230 5000100037
5000100066 5000100023
5000100086 5000100149
5000100129 5000100128
5000100032 5000100024
5000100180 5000100193
5000100254 5000100152
5000100229 5000100068
5000100200 5000100260
5000100193 5000100127
5000100252 5000100094
5000100279 5000100193
5000100123 5000100263
5000100069 5000100134
5000100030 5000100209
5000100181 5000100145
5000100240 5000100197
5000100134 5000100108
5000100110 5000100195
5000100082 5000100022
5000100143 5000100285
5000100142 5000100221
5000100137 5000100282
5000100064 5000100279
5000100219 5000100282
5000100249 5000100055
5000100222 5000100182
5000100121 5000100020
5000100116 5000100054
5000100238 5000100226
5000100020 5000100210
5000100153 5000100166
5000100218 5000100142
5000100162 5000100181
5000100011 5000100297
5000100137 5000100008
5000100269 5000100123
5000100118 5000100286
5000100093 5000100115
5000100141 5000100260
5000100097 5000100231
5000100045 5000100047
5000100020 5000100084
5000100222 5000100026
5000100102 5000100161
5000100163 5000100083
5000100005 5000100204
5000100007 5000100224
5000100209 5000100042
5000100230 5000100009
5000100136 5000100276
5000100074 5000100294
5000100055 5000100171
5000100058 5000100074
5000100080 5000100053
5000100236 5000100029
5000100293 5000100156
5000100276 5000100022
5000100272 5000100084
5000100138 5000100191
5000100274 5000100074
5000100165 5000100282
5000100034 5000100294
5000100072 5000100228
5000100250 5000100242
5000100127 5000100226
5000100005 5000100012
5000100187 5000100271
5000100184 5000100279
5000100018 5000100296
5000100230 5000100174
5000100142 5000100078
5000100102 5000100073
5000100267 5000100030
5000100068 5000100051
5000100106 5000100080
5000100008 5000100235
5000100244 5000100278
5000100241 5000100212
5000100134 5000100219
5000100116 5000100283
5000100088 5000100039
5000100149 5000100249
5000100009 5000100186
5000100009 5000100199
5000100004 5000100170
5000100028 5000100283
5000100290 5000100024
5000100032 5000100197
5000100153 5000100170
5000100087 5000100194
5000100008 5000100227
5000100010 5000100092
5000100131 5000100107
5000100222 5000100068
5000100154 5000100177
5000100237 5000100084
5000100034 5000100290
5000100125 5000100163
5000100261 5000100036
5000100156 5000100070
5000100265 5000100176
5000100040 5000100093
5000100162 5000100192
5000100226 5000100057
5000100247 5000100198
5000100062 5000100075
5000100007 5000100067
5000100056 5000100252
5000100198 5000100204
5000100232 5000100229
5000100286 5000100210
5000100286 5000100039
5000100008 5000100038
5000100255 5000100077
5000100084 5000100204
5000100172 5000100011
5000100051 5000100168
5000100234 5000100120
5000100274 5000100005
5000100190 5000100095
5000100079 5000100178
5000100261 5000100048
5000100171 5000100257
5000100115 5000100209
5000100110 5000100028
5000100281 5000100210
5000100214 5000100251
5000100029 5000100176
5000100074 5000100041
5000100182 5000100026
5000100039 5000100159
5000100091 5000100209
5000100288 5000100185
5000100263 5000100022
5000100256 5000100185
5000100064 5000100194
5000100045 5000100020
5000100135 5000100205
5000100128 5000100175
5000100011 5000100218
5000100113 5000100150
5000100124 5000100108
5000100026 5000100226
5000100285 5000100291
5000100163 5000100228
5000100290 5000100198
5000100084 5000100257
5000100132 5000100281
5000100077 5000100287
5000100250 5000100082
5000100293 5000100187
5000100072 5000100096
5000100067 5000100044
5000100273 5000100160
5000100049 5000100040
5000100092 5000100078
5000100134 5000100099
5000100226 5000100208
5000100274 5000100109
5000100027 5000100255
5000100134 5000100112
5000100064 5000100039
5000100027 5000100151
5000100178 5000100098
5000100127 5000100274
5000100254 5000100051
5000100005 5000100251
5000100158 5000100101
5000100041 5000100164
5000100091 5000100086
5000100213 5000100247
5000100179 5000100025
5000100116 5000100213
5000100009 5000100156
5000100259 5000100274
5000100267 5000100088
5000100042 5000100227
5000100288 5000100172
5000100081 5000100295
5000100272 5000100019
5000100077 5000100178
5000100149 5000100143
5000100024 5000100075
5000100029 5000100017
5000100115 5000100270
5000100268 5000100165
5000100083 5000100289
5000100150 5000100279
5000100211 5000100128
5000100076 5000100282
5000100029 5000100208
5000100145 5000100259
5000100156 5000100280
5000100012 5000100008
5000100199 5000100133
5000100286 5000100198
5000100121 5000100064
5000100206 5000100262
5000100037 5000100259
5000100264 5000100031
5000100026 5000100234
5000100283 5000100219
5000100094 5000100037
5000100098 5000100263
5000100203 5000100209
5000100118 5000100024
5000100159 5000100203
5000100280 5000100099
5000100139 5000100229
5000100044 5000100295
5000100178 5000100225
5000100278 5000100236
5000100195 5000100195
5000100185 5000100010
5000100004 5000100266
5000100091 5000100260
5000100216 5000100056
5000100273 5000100161
5000100241 5000100281
5000100049 5000100059
5000100132 5000100236
5000100093 5000100101
5000100074 5000100255
5000100060 5000100212
5000100190 5000100128
5000100028 5000100188
5000100038 5000100122
5000100161 5000100163
5000100113 5000100115
5000100141 5000100225
5000100213 5000100045
5000100160 5000100282
5000100099 5000100045
5000100230 5000100010
5000100097 5000100131
5000100068 5000100186
5000100061 5000100223
5000100236 5000100124
5000100252 5000100189
5000100173 5000100297
5000100097 5000100079
5000100284 5000100300
5000100114 5000100113
5000100146 5000100028
5000100227 5000100099
5000100174 5000100161
5000100023 5000100168
5000100253 5000100006
5000100102 5000100049
5000100291 5000100060
5000100241 5000100037
5000100056 5000100175
5000100130 5000100041
5000100071 5000100169
5000100031 5000100285
5000100129 5000100162
5000100008 5000100010
5000100252 5000100019
5000100239 5000100211
5000100072 5000100082
5000100187 5000100209
5000100243 5000100048
5000100037 5000100048
5000100028 5000100144
5000100143 5000100260
5000100165 5000100111
5000100192 5000100060
5000100001 5000100290
5000100115 5000100050
5000100126 5000100060
5000100100 5000100056
5000100084 5000100128
5000100224 5000100124
5000100086 5000100247
5000100127 5000100268
5000100134 5000100075
5000100072 5000100055
5000100118 5000100190
5000100033 5000100064
5000100210 5000100285
5000100161 5000100041
5000100035 5000100076
5000100112 5000100204
5000100146 5000100098
5000100100 5000100026
5000100057 5000100200
5000100189 5000100031
5000100135 5000100017
5000100152 5000100162
5000100183 5000100245
5000100011 5000100035
5000100129 5000100186
5000100149 5000100006
5000100122 5000100202
5000100157 5000100022
5000100243 5000100228
5000100113 5000100096
5000100070 5000100053
5000100260 5000100072
5000100029 5000100179
5000100228 5000100128
5000100234 5000100045
5000100028 5000100258
5000100168 5000100068
5000100160 5000100049
5000100194 5000100257
5000100235 5000100141
5000100287 5000100126
5000100273 5000100236
5000100247 5000100048
5000100151 5000100035
5000100044 5000100011
5000100292 5000100066
5000100187 5000100121
5000100137 5000100101
5000100184 5000100136
116 56
280 180
121 19
8 214
3 32
118 10
118 89
158 44
247 262
172 261
34 245
214 42
141 236
116 51
30 168
238 187
175 133
205 186
36 189
300 123
26 231
182 116
65 142
90 286
39 9
153 81
89 273
150 115
127 120
259 281
69 90
2 291
241 239
290 108
42 196
169 130
163 68
105 49
161 57
293 162
13 263
291 265
147 79
130 53
11 8
257 178
288 16
108 249
26 204
262 29
97 190
147 123
103 252
296 39
15 243
275 232
105 190
270 218
205 26
5 54
1 4
133 77
61 246
33 285
78 96
227 252
83 246
297 12
45 60
240 171
57 202
219 241
24 210
106 175
204 201
237 37
171 225
172 240
15 207
50 265
40 282
10 148
197 137
105 11
231 103
234 186
277 109
1 27
184 114
30 43
58 174
175 95
145 5
124 40
193 200
226 136
71 274
48 286
29 296
102 284
6 197
288 19
291 144
52 168
234 285
55 237
24 26
74 43
131 52
146 181
169 86
117 75
224 6
84 142
234 223
265 156
56 163
9 132
215 177
256 42
44 109
47 249
111 152
126 215
183 209
120 235
191 210
102 144
53 117
203 234
132 285
229 167
89 164
118 87
160 299
256 30
86 65
98 182
77 148
286 106
282 232
96 289
280 215
36 218
145 55
64 20
135 49
1 271
152 108
101 227
113 13
190 17
252 192
83 274
249 233
126 278
270 104
264 198
260 230
15 265
102 90
3 284
148 176
115 36
274 148
112 69
27 112
37 220
33 102
24 19
191 267
85 102
222 45
275 182
148 40
277 158
2 124
44 50
94 244
37 247
