# source: JorikJooken
# original path: jj_extract\knapsackProblemInstances-master\problemInstances\n_1200_c_1000000_g_10_f_0.3_eps_0.1_s_100\test.in
# optimal value: 1006340
# format: n capacity, then weight value
1200 1000000
600014 600083
600061 600009
600095 600086
600019 600063
600047 600081
600096 600030
600061 600048
600070 600034
600097 600077
600002 600086
600001 600032
600019 600004
600070 600009
600082 600059
600026 600052
600094 600013
600091 600065
600074 600094
600089 600050
600055 600070
600039 600088
600037 600018
600087 600080
600092 600095
600036 600048
600067 600045
600072 600073
600090 600045
600015 600025
600021 600033
600082 600005
600047 600046
600045 600024
600016 600067
600062 600075
600013 600035
600017 600046
600003 600049
600095 600067
600043 600072
600026 600034
600037 600074
600080 600050
600069 600070
600011 600086
600026 600018
600074 600038
600011 600070
600050 600047
600078 600043
600038 600056
600053 600025
600059 600050
600091 600091
600067 600032
600067 600059
600071 600056
600082 600084
600009 600095
600008 600079
600059 600045
600062 600091
600016 600036
600072 600015
600097 600003
600091 600023
600019 600080
600087 600075
600082 600019
600077 600030
600029 600076
600075 600004
600071 600063
600010 600049
600003 600081
600063 600020
600064 600022
600082 600080
600001 600020
600050 600097
600070 600100
600015 600049
600058 600041
600025 600080
600014 600030
600087 600002
600039 600039
600098 600085
600008 600042
600079 600094
600081 600009
600041 600084
600082 600017
350015 350077
350028 350045
350003 350086
350012 350041
350024 350046
350090 350083
350077 350052
350098 350015
350039 350012
350085 350089
350044 350067
350079 350018
350089 350022
350005 350055
350066 350053
350085 350002
350073 350019
350015 350074
350097 350062
350044 350080
350088 350001
350053 350022
350019 350041
350048 350037
350066 350092
350006 350064
350022 350022
350067 350067
350085 350033
350099 350048
350100 350063
350066 350010
350089 350030
350021 350031
350028 350023
350018 350064
350099 350021
350066 350056
350078 350064
350037 350030
350033 350024
350011 350009
350024 350059
350048 350027
350079 350060
350077 350074
350049 350062
350002 350057
350053 350018
350062 350020
350019 350021
350089 350053
350033 350038
350039 350008
350050 350051
350009 350084
350051 350098
350054 350038
350079 350083
350061 350045
350057 350052
350024 350045
350058 350019
350064 350095
350089 350073
350016 350039
350047 350048
350024 350043
350045 350054
350066 350047
350072 350081
350017 350056
350050 350034
350075 350041
350043 350100
350058 350018
350013 350014
350050 350024
350090 350047
350047 350086
350087 350059
350085 350032
350099 350097
350094 350025
350087 350099
350096 350085
350062 350073
350006 350054
350013 350071
350002 350069
350006 350066
350015 350045
350057 350016
225037 225075
225080 225004
225090 225083
225092 225004
225080 225065
225085 225036
225003 225058
225098 225064
225005 225014
225089 225052
225091 225097
225075 225003
225024 225049
225076 225013
225093 225018
225062 225061
225052 225016
225032 225041
225045 225079
225027 225010
225068 225028
225076 225049
225051 225066
225011 225086
225049 225006
225089 225043
225044 225096
225033 225086
225032 225067
225011 225058
225008 225052
225090 225097
225065 225039
225082 225096
225013 225063
225016 225048
225055 225047
225014 225092
225062 225008
225099 225004
225029 225081
225080 225017
225061 225005
225074 225039
225004 225055
225060 225083
225079 225003
225012 225084
225023 225062
225021 225013
225059 225056
225046 225045
225028 225090
225060 225008
225040 225008
225010 225099
225010 225030
225032 225005
225036 225092
225002 225091
225047 225096
225066 225034
225045 225031
225019 225012
225040 225064
225068 225041
225005 225032
225035 225042
225048 225090
225048 225064
225008 225095
225050 225081
225004 225027
225037 225077
225058 225096
225051 225018
225020 225076
225012 225032
225028 225005
225097 225013
225077 225089
225059 225011
225092 225025
225033 225057
225056 225081
225043 225077
225017 225074
225021 225099
225028 225006
225053 225079
225037 225092
225024 225005
225018 225013
162555 162541
162557 162550
162600 162576
162519 162558
162561 162549
162521 162567
162582 162587
162553 162523
162582 162568
162561 162514
162508 162516
162586 162584
162520 162530
162544 162562
162567 162570
162560 162596
162589 162557
162592 162579
162597 162572
162568 162519
162597 162546
162501 162547
162520 162527
162538 162531
162596 162551
162559 162600
162573 162579
162591 162551
162541 162600
162513 162534
162554 162540
162580 162545
162587 162569
162598 162509
162528 162567
162511 162553
162514 162589
162528 162558
162558 162560
162501 162527
162525 162561
162587 162530
162508 162559
162525 162577
162557 162546
162535 162524
162584 162520
162571 162543
162540 162518
162524 162533
162594 162506
162571 162559
162588 162517
162527 162528
162538 162600
162506 162557
162569 162520
162567 162583
162597 162513
162543 162514
162508 162568
162551 162513
162558 162511
162559 162596
162555 162573
162561 162551
162541 162597
162590 162547
162535 162537
162587 162572
162510 162538
162556 162527
162579 162578
162548 162577
162563 162517
162583 162568
162556 162575
162531 162516
162599 162507
162538 162581
162527 162572
162558 162503
162550 162584
162505 162511
162552 162509
162513 162581
162519 162570
162567 162545
162565 162501
162526 162507
162550 162591
162517 162536
162517 162532
131274 131288
131348 131299
131256 131348
131337 131335
131324 131312
131334 131286
131301 131320
131297 131260
131282 131344
131268 131292
131308 131288
131275 131309
131252 131261
131335 131319
131297 131268
131290 131303
131308 131252
131332 131285
131341 131298
131286 131271
131274 131257
131335 131258
131270 131289
131307 131345
131251 131306
131257 131279
131323 131327
131277 131343
131328 131333
131291 131298
131273 131301
131276 131341
131303 131342
131268 131258
131259 131261
131344 131303
131344 131273
131277 131348
131289 131292
131339 131325
131285 131263
131253 131261
131345 131350
131284 131259
131252 131263
131310 131344
131305 131269
131268 131299
131297 131264
131329 131294
131280 131276
131314 131263
131265 131344
131299 131324
131330 131253
131349 131315
131327 131305
131256 131282
131257 131316
131346 131306
131320 131258
131281 131294
131315 131346
131325 131345
131274 131287
131341 131327
131288 131344
131342 131346
131293 131345
131344 131349
131271 131335
131311 131331
131269 131309
131316 131287
131291 131294
131348 131290
131255 131271
131281 131297
131350 131315
131266 131296
131302 131323
131328 131261
131326 131337
131347 131309
131266 131256
131288 131349
131289 131306
131289 131334
131325 131334
131274 131309
131345 131292
131320 131260
131328 131338
115651 115685
115644 115688
115707 115630
115696 115716
115666 115706
115699 115718
115626 115681
115657 115695
115665 115650
115648 115637
115637 115674
115701 115724
115692 115646
115701 115626
115689 115642
115661 115657
115698 115675
115683 115692
115715 115714
115708 115673
115646 115669
115631 115629
115665 115681
115656 115683
115679 115665
115652 115699
115650 115645
115676 115724
115719 115661
115641 115643
115690 115672
115686 115725
115710 115643
115629 115665
115648 115710
115671 115669
115684 115648
115687 115650
115663 115682
115657 115678
115714 115721
115706 115648
115681 115724
115632 115671
115690 115670
115657 115684
115717 115659
115684 115640
115725 115702
115666 115639
115714 115694
115666 115649
115656 115680
115704 115664
115694 115660
115688 115711
115680 115653
115675 115674
115641 115673
115686 115658
115659 115711
115715 115644
115688 115702
115721 115706
115637 115627
115651 115632
115706 115666
115712 115716
115718 115686
115641 115643
115632 115713
115723 115649
115689 115709
115694 115671
115684 115709
115627 115634
115650 115683
115719 115666
115675 115681
115636 115709
115697 115631
115646 115710
115681 115662
115702 115637
115630 115629
115637 115627
115669 115716
115692 115706
115671 115628
115645 115657
115668 115656
115687 115650
115648 115703
107901 107848
107813 107849
107903 107889
107834 107856
107894 107907
107857 107852
107846 107868
107821 107856
107900 107863
107861 107897
107819 107827
107878 107889
107881 107858
107842 107863
107875 107828
107815 107907
107849 107879
107835 107909
107816 107908
107881 107869
107881 107815
107857 107911
107891 107910
107823 107895
107870 107873
107823 107855
107896 107899
107823 107869
107908 107908
107846 107880
107813 107892
107898 107835
107844 107909
107862 107902
107905 107851
107905 107841
107897 107890
107852 107875
107821 107836
107886 107848
107843 107910
107854 107855
107857 107818
107825 107853
107851 107890
107824 107897
107836 107843
107902 107850
107822 107865
107816 107862
107901 107912
107876 107871
107835 107864
107860 107859
107858 107838
107902 107899
107844 107831
107908 107829
107860 107897
107851 107867
107882 107814
107860 107836
107825 107854
107848 107836
107875 107832
107815 107880
107900 107855
107814 107836
107867 107816
107866 107881
107877 107866
107858 107820
107876 107816
107877 107825
107889 107843
107823 107896
107873 107840
107892 107911
107845 107860
107909 107839
107826 107856
107890 107820
107894 107892
107903 107860
107895 107831
107856 107822
107905 107888
107867 107835
107903 107817
107823 107863
107891 107863
107899 107848
107852 107883
103974 103972
103923 103924
103980 103979
103933 103993
103961 103959
103922 103916
103981 103964
103981 103930
104001 103951
103935 104002
103995 103969
103999 103941
103962 103953
103911 103912
103957 103921
103937 103939
103918 103966
103925 103992
103990 103912
103934 103969
103932 103986
103992 103918
103949 103990
103976 103945
103996 103935
103985 103955
103996 103913
103993 104003
103918 103918
103953 103937
103943 103997
103986 103935
103985 103918
103938 103930
103950 103991
103926 103988
103930 104001
103978 103979
103955 103970
103995 103984
103908 103910
103946 104005
103922 103992
103948 103958
104006 103983
103976 103958
103944 103946
103992 103977
103987 103926
103965 103963
103928 103999
103990 103955
103991 103920
103969 103997
103927 103939
103951 103986
103931 103911
103910 103941
103915 103939
103995 103921
103939 103983
103988 103970
103932 103918
103978 103948
103946 103910
103964 103983
103975 103924
103978 103980
103936 104002
103935 103948
103965 103972
104006 103910
103911 103927
103930 103914
103932 104003
104000 103931
103923 103987
103936 103979
103963 103990
103938 103978
103988 103985
103960 103999
103952 103918
103992 103997
103999 103961
103957 103970
103925 103981
103931 103940
103999 103969
103940 103919
103946 103945
103914 103997
103943 103917
102039 101968
102004 101988
101987 102038
101956 101962
102047 101959
101999 102048
102052 101986
102011 101957
102001 102007
102011 101956
102019 101985
101972 101985
102035 102039
101966 102050
102026 102031
102026 102047
101999 101984
102049 101980
102001 102006
101979 101996
102044 101987
101958 101968
101989 101983
102028 101975
101995 101987
102004 102041
102005 102039
102033 102002
102042 102047
102045 101960
102009 101993
101985 101979
102001 102045
102036 102004
102046 102013
102048 101963
101956 101969
102044 101974
102036 102007
102001 102020
102006 102017
101960 101955
101981 101984
102052 101981
101976 102050
101972 101957
102037 102032
101968 102030
101974 102006
101968 102003
101994 101995
101984 102039
102001 102011
102000 101966
102009 101960
102000 102000
101957 102006
101955 101993
102046 102000
102052 102006
101958 102004
102015 101993
102025 101978
101969 101972
101984 101976
102038 101964
102004 102046
101972 101990
101968 102000
101993 102003
102027 102016
101986 101966
101958 101962
101968 102038
101995 102018
101964 102046
102027 102041
101983 102045
102016 101960
101963 102018
101999 101978
102008 102010
102047 101975
101971 101967
101961 101987
101958 102014
101960 102025
102052 101981
101957 101989
101994 102013
102027 101995
102023 101982
102015 101999
39 38
29 25
28 59
29 70
22 36
81 87
52 63
36 91
94 61
3 36
58 100
37 47
10 22
53 12
20 15
93 50
57 72
58 95
54 79
42 72
69 42
52 73
79 57
17 43
70 69
84 62
5 64
88 79
92 84
60 32
98 93
43 100
88 70
2 1
29 38
97 70
23 57
86 34
39 73
14 40
98 45
55 94
89 34
24 1
42 27
28 75
75 64
89 64
8 71
52 1
75 37
91 99
47 57
17 68
64 8
76 100
87 39
91 37
35 6
74 47
51 72
8 17
85 40
37 94
92 26
91 93
57 82
17 29
65 77
13 65
11 24
75 27
62 52
70 21
61 73
59 77
94 69
91 43
89 55
60 94
61 15
34 89
70 81
68 6
88 4
4 28
79 91
5 83
69 66
1 100
56 95
70 32
20 5
32 57
82 72
65 49
3 79
32 45
71 31
71 49
88 21
67 94
33 95
51 58
90 82
3 25
30 57
56 5
45 20
57 70
36 22
74 94
82 13
20 80
66 96
34 46
56 77
76 25
6 76
18 66
90 8
51 82
53 95
6 75
26 84
61 32
72 80
9 2
26 50
15 36
39 46
21 45
77 57
98 29
10 93
51 16
12 19
64 20
32 80
73 8
94 48
30 1
89 98
17 12
78 39
99 55
63 14
70 39
93 30
17 98
64 76
88 2
76 3
92 15
28 99
3 64
20 53
46 53
39 40
68 59
68 79
71 76
80 40
38 99
17 64
87 16
19 27
80 93
4 14
10 38
7 72
65 44
51 25
70 4
67 50
27 65
68 76
48 42
39 31
5 43
91 13
46 87
70 28
12 40
60 8
71 14
5 33
35 99
8 88
74 6
99 24
94 37
83 51
40 100
96 63
10 3
84 27
100 86
99 74
87 64
57 18
64 63
80 46
77 63
53 63
97 71
47 77
77 48
38 31
67 85
41 80
99 74
30 82
36 19
47 41
24 2
63 57
29 91
13 77
44 58
86 66
6 1
78 64
20 43
90 75
52 40
49 16
86 30
74 19
73 47
87 74
57 81
25 3
48 13
96 93
81 55
10 61
11 53
88 92
74 76
93 69
89 84
95 71
20 81
12 29
9 15
27 30
19 39
30 36
47 3
79 68
32 50
23 68
88 8
40 34
43 8
26 92
93 88
3 2
18 30
6 5
6 45
29 57
51 76
27 48
5 52
45 41
50 53
88 35
57 15
20 31
5 47
16 91
18 96
91 82
58 39
99 96
38 8
86 21
43 77
77 97
21 74
36 47
53 50
62 92
23 21
20 15
77 26
2 3
65 9
74 69
19 38
96 99
79 94
5 12
51 77
97 40
63 62
56 100
41 76
32 49
54 96
19 30
44 39
15 24
31 9
10 22
43 37
70 84
98 27
99 58
19 5
92 22
77 82
63 3
44 100
90 87
38 9
91 70
100 68
70 29
17 48
41 3
74 17
80 30
92 18
8 31
75 97
45 38
46 90
93 95
20 33
76 25
97 20
29 40
96 76
72 50
38 81
97 6
95 33
89 45
70 31
1 48
44 95
87 29
14 41
20 21
88 10
38 4
82 88
66 47
13 50
77 86
42 69
9 39
45 15
15 74
21 47
13 61
60 23
9 70
11 81
27 88
