# source: JorikJooken
# original path: jj_extract\knapsackProblemInstances-master\problemInstances\n_1200_c_10000000000_g_2_f_0.3_eps_0_s_300\test.in
# optimal value: 5000055484
# format: n capacity, then weight value
1200 10000000000
5000000242 5000000056
5000000193 5000000216
5000000147 5000000176
5000000003 5000000042
5000000229 5000000240
5000000048 5000000141
5000000013 5000000001
5000000050 5000000159
5000000110 5000000130
5000000169 5000000252
5000000074 5000000297
5000000149 5000000018
5000000173 5000000032
5000000038 5000000230
5000000141 5000000094
5000000116 5000000146
5000000100 5000000182
5000000025 5000000227
5000000130 5000000243
5000000101 5000000052
5000000192 5000000231
5000000005 5000000024
5000000221 5000000032
5000000185 5000000084
5000000170 5000000243
5000000170 5000000064
5000000249 5000000032
5000000133 5000000149
5000000165 5000000041
5000000190 5000000015
5000000084 5000000019
5000000117 5000000021
5000000103 5000000040
5000000125 5000000019
5000000015 5000000145
5000000249 5000000239
5000000174 5000000042
5000000270 5000000020
5000000153 5000000029
5000000278 5000000198
5000000099 5000000167
5000000111 5000000207
5000000010 5000000237
5000000064 5000000032
5000000086 5000000200
5000000023 5000000140
5000000110 5000000022
5000000019 5000000146
5000000232 5000000115
5000000196 5000000266
5000000089 5000000123
5000000254 5000000104
5000000073 5000000123
5000000126 5000000183
5000000252 5000000266
5000000032 5000000166
5000000224 5000000004
5000000038 5000000253
5000000115 5000000044
5000000076 5000000014
5000000104 5000000230
5000000245 5000000057
5000000054 5000000011
5000000033 5000000145
5000000300 5000000022
5000000300 5000000121
5000000196 5000000024
5000000267 5000000084
5000000042 5000000170
5000000053 5000000005
5000000036 5000000100
5000000226 5000000045
5000000144 5000000163
5000000272 5000000152
5000000142 5000000046
5000000053 5000000124
5000000010 5000000130
5000000150 5000000267
5000000063 5000000106
5000000236 5000000212
5000000273 5000000275
5000000171 5000000115
5000000129 5000000102
5000000283 5000000150
5000000067 5000000296
5000000061 5000000171
5000000217 5000000300
5000000120 5000000230
5000000041 5000000020
5000000061 5000000133
5000000111 5000000048
5000000028 5000000109
5000000148 5000000006
5000000139 5000000073
5000000244 5000000036
5000000065 5000000082
5000000224 5000000161
5000000022 5000000281
5000000009 5000000094
5000000171 5000000286
5000000260 5000000042
5000000063 5000000071
5000000101 5000000266
5000000246 5000000135
5000000260 5000000287
5000000140 5000000089
5000000284 5000000057
5000000282 5000000106
5000000063 5000000235
5000000085 5000000215
5000000142 5000000053
5000000021 5000000269
5000000009 5000000232
5000000026 5000000284
5000000156 5000000244
5000000104 5000000072
5000000019 5000000067
5000000157 5000000037
5000000100 5000000219
5000000209 5000000227
5000000280 5000000190
5000000251 5000000007
5000000150 5000000204
5000000015 5000000124
5000000196 5000000053
5000000075 5000000031
5000000165 5000000149
5000000043 5000000019
5000000284 5000000093
5000000053 5000000166
5000000218 5000000161
5000000195 5000000143
5000000287 5000000107
5000000147 5000000118
5000000060 5000000168
5000000182 5000000013
5000000126 5000000162
5000000047 5000000128
5000000067 5000000287
5000000167 5000000139
5000000263 5000000098
5000000061 5000000057
5000000170 5000000239
5000000154 5000000058
5000000080 5000000181
5000000130 5000000157
5000000189 5000000103
5000000108 5000000226
5000000240 5000000219
5000000149 5000000244
5000000066 5000000179
5000000214 5000000229
5000000051 5000000295
5000000057 5000000207
5000000227 5000000259
5000000299 5000000058
5000000141 5000000184
5000000044 5000000127
5000000129 5000000239
5000000134 5000000001
5000000143 5000000023
5000000202 5000000276
5000000277 5000000081
5000000199 5000000286
5000000109 5000000297
5000000297 5000000204
5000000246 5000000152
5000000085 5000000145
5000000014 5000000189
5000000252 5000000021
5000000141 5000000285
5000000035 5000000056
5000000054 5000000125
5000000082 5000000074
5000000182 5000000133
5000000003 5000000116
5000000243 5000000066
5000000003 5000000174
5000000269 5000000003
5000000223 5000000215
5000000044 5000000023
5000000210 5000000181
5000000295 5000000291
5000000230 5000000035
5000000090 5000000279
5000000052 5000000133
5000000185 5000000069
5000000239 5000000286
5000000298 5000000054
5000000139 5000000060
5000000239 5000000075
5000000226 5000000071
5000000298 5000000012
5000000118 5000000086
5000000041 5000000085
5000000060 5000000187
5000000225 5000000071
5000000210 5000000070
5000000105 5000000121
5000000234 5000000289
5000000269 5000000251
5000000264 5000000284
5000000006 5000000246
5000000161 5000000081
5000000268 5000000064
5000000270 5000000269
5000000167 5000000103
5000000096 5000000176
5000000212 5000000240
5000000274 5000000061
5000000299 5000000214
5000000167 5000000241
5000000163 5000000009
5000000071 5000000215
5000000054 5000000048
5000000205 5000000150
5000000139 5000000011
5000000099 5000000200
5000000224 5000000174
5000000273 5000000280
5000000273 5000000157
5000000291 5000000023
5000000018 5000000252
5000000184 5000000245
5000000219 5000000085
5000000280 5000000164
5000000107 5000000218
5000000237 5000000016
5000000119 5000000119
5000000230 5000000101
5000000197 5000000109
5000000062 5000000214
5000000202 5000000090
5000000095 5000000136
5000000164 5000000171
5000000044 5000000225
5000000273 5000000187
5000000202 5000000234
5000000084 5000000279
5000000088 5000000128
5000000276 5000000027
5000000292 5000000207
5000000141 5000000194
5000000163 5000000190
5000000044 5000000227
5000000126 5000000105
5000000139 5000000081
5000000254 5000000245
5000000166 5000000140
5000000276 5000000103
5000000073 5000000184
5000000260 5000000256
5000000158 5000000157
5000000098 5000000238
5000000037 5000000184
5000000042 5000000059
5000000076 5000000022
5000000203 5000000083
5000000129 5000000223
5000000219 5000000152
5000000023 5000000061
5000000073 5000000168
5000000261 5000000177
5000000109 5000000046
5000000097 5000000205
5000000235 5000000251
5000000124 5000000096
5000000146 5000000143
5000000209 5000000255
5000000215 5000000256
5000000279 5000000299
5000000080 5000000046
5000000056 5000000296
5000000008 5000000265
5000000161 5000000111
5000000081 5000000166
5000000248 5000000295
5000000098 5000000216
5000000106 5000000172
5000000022 5000000112
5000000249 5000000144
5000000241 5000000200
5000000074 5000000293
5000000220 5000000278
5000000102 5000000067
5000000027 5000000143
5000000100 5000000032
5000000171 5000000213
5000000223 5000000181
5000000073 5000000111
5000000160 5000000070
5000000180 5000000085
5000000110 5000000249
5000000068 5000000143
5000000150 5000000252
5000000264 5000000292
5000000193 5000000024
5000000126 5000000121
5000000165 5000000207
5000000064 5000000056
5000000248 5000000016
5000000060 5000000037
5000000296 5000000154
5000000200 5000000261
5000000165 5000000262
5000000152 5000000155
5000000138 5000000110
5000000265 5000000141
5000000197 5000000038
5000000043 5000000073
5000000089 5000000028
5000000019 5000000137
5000000133 5000000223
5000000194 5000000270
5000000024 5000000297
5000000236 5000000251
5000000238 5000000047
5000000136 5000000292
5000000049 5000000175
5000000192 5000000094
5000000187 5000000067
5000000171 5000000037
5000000279 5000000057
5000000030 5000000252
5000000124 5000000148
5000000264 5000000164
5000000088 5000000241
5000000092 5000000284
5000000020 5000000125
5000000118 5000000001
5000000267 5000000287
5000000291 5000000142
5000000222 5000000220
5000000081 5000000126
5000000081 5000000074
5000000183 5000000064
5000000279 5000000030
5000000106 5000000169
5000000154 5000000254
5000000226 5000000163
5000000096 5000000028
5000000052 5000000068
5000000144 5000000271
5000000264 5000000170
5000000123 5000000065
5000000199 5000000013
5000000139 5000000123
5000000243 5000000008
5000000170 5000000137
5000000111 5000000105
5000000108 5000000224
5000000052 5000000025
5000000172 5000000140
5000000300 5000000214
5000000032 5000000043
5000000036 5000000094
5000000216 5000000125
5000000018 5000000155
5000000076 5000000159
5000000057 5000000094
5000000203 5000000020
5000000176 5000000187
5000000187 5000000296
5000000209 5000000023
5000000229 5000000247
5000000132 5000000166
5000000008 5000000191
5000000234 5000000246
5000000023 5000000181
5000000092 5000000178
5000000108 5000000097
5000000184 5000000054
5000000227 5000000262
5000000052 5000000128
5000000001 5000000142
5000000272 5000000126
5000000037 5000000133
5000000221 5000000210
5000000025 5000000199
5000000040 5000000251
5000000032 5000000042
5000000209 5000000234
5000000036 5000000042
5000000218 5000000033
5000000295 5000000235
5000000038 5000000142
5000000192 5000000244
5000000151 5000000108
5000000275 5000000262
5000000279 5000000291
5000000004 5000000218
5000000129 5000000107
5000000017 5000000166
5000000021 5000000037
5000000066 5000000107
5000000112 5000000168
5000000238 5000000130
5000000064 5000000017
5000000224 5000000014
5000000079 5000000220
5000000119 5000000223
5000000157 5000000176
5000000071 5000000124
5000000124 5000000291
5000000149 5000000100
5000000293 5000000092
5000000107 5000000141
5000000048 5000000186
5000000104 5000000157
5000000197 5000000227
5000000043 5000000097
5000000261 5000000087
5000000090 5000000282
5000000162 5000000160
5000000048 5000000151
5000000033 5000000285
5000000224 5000000185
5000000172 5000000203
5000000136 5000000084
5000000168 5000000090
5000000207 5000000217
5000000032 5000000003
5000000280 5000000108
5000000252 5000000096
5000000087 5000000031
5000000090 5000000141
5000000182 5000000221
5000000105 5000000215
5000000234 5000000136
5000000077 5000000234
5000000057 5000000292
5000000157 5000000218
5000000210 5000000029
5000000042 5000000290
5000000208 5000000276
5000000138 5000000186
5000000096 5000000276
5000000116 5000000260
5000000120 5000000278
5000000137 5000000152
5000000299 5000000091
5000000253 5000000009
5000000207 5000000021
5000000040 5000000004
5000000187 5000000192
5000000010 5000000213
5000000246 5000000246
5000000171 5000000120
5000000077 5000000224
5000000111 5000000256
5000000036 5000000271
5000000254 5000000061
5000000200 5000000015
5000000130 5000000078
5000000065 5000000112
5000000210 5000000191
5000000070 5000000130
5000000165 5000000232
5000000054 5000000019
5000000182 5000000119
5000000085 5000000194
5000000250 5000000170
5000000249 5000000167
5000000276 5000000237
5000000090 5000000142
5000000213 5000000242
5000000216 5000000192
5000000039 5000000293
5000000157 5000000292
5000000249 5000000039
5000000221 5000000260
5000000040 5000000009
5000000090 5000000242
5000000170 5000000267
5000000262 5000000233
5000000081 5000000230
5000000293 5000000282
5000000253 5000000254
5000000087 5000000263
5000000224 5000000207
5000000135 5000000278
5000000135 5000000265
5000000096 5000000121
5000000024 5000000020
5000000216 5000000289
5000000156 5000000222
5000000180 5000000062
5000000080 5000000195
5000000241 5000000257
5000000207 5000000250
5000000257 5000000144
5000000152 5000000059
5000000267 5000000232
5000000219 5000000105
5000000215 5000000286
5000000297 5000000258
5000000161 5000000291
5000000136 5000000132
5000000161 5000000040
5000000183 5000000078
5000000035 5000000149
5000000065 5000000060
5000000122 5000000241
5000000061 5000000062
5000000167 5000000142
5000000115 5000000239
5000000008 5000000009
5000000210 5000000170
5000000165 5000000135
5000000113 5000000059
5000000175 5000000102
5000000282 5000000044
5000000091 5000000206
5000000030 5000000166
5000000100 5000000163
5000000103 5000000299
5000000278 5000000237
5000000075 5000000039
5000000152 5000000084
5000000179 5000000119
5000000078 5000000272
5000000140 5000000108
5000000005 5000000085
5000000076 5000000292
5000000086 5000000276
5000000138 5000000162
5000000185 5000000238
5000000248 5000000028
5000000068 5000000024
5000000282 5000000198
5000000290 5000000098
5000000145 5000000252
5000000286 5000000061
5000000207 5000000070
5000000066 5000000187
5000000078 5000000037
5000000129 5000000084
5000000089 5000000070
5000000253 5000000190
5000000108 5000000062
5000000131 5000000106
5000000276 5000000099
5000000178 5000000112
5000000067 5000000221
5000000248 5000000048
5000000103 5000000158
5000000025 5000000164
5000000176 5000000035
5000000005 5000000070
5000000062 5000000060
5000000151 5000000029
5000000253 5000000274
5000000227 5000000073
5000000055 5000000282
5000000282 5000000046
5000000273 5000000242
5000000021 5000000160
5000000180 5000000299
5000000217 5000000028
5000000126 5000000129
5000000078 5000000139
5000000160 5000000161
5000000172 5000000024
5000000109 5000000226
5000000130 5000000101
5000000152 5000000090
5000000203 5000000169
5000000165 5000000094
5000000280 5000000187
5000000269 5000000183
5000000154 5000000176
5000000036 5000000166
5000000160 5000000016
5000000295 5000000273
5000000002 5000000209
5000000199 5000000190
5000000071 5000000205
5000000246 5000000086
5000000293 5000000146
5000000094 5000000010
5000000248 5000000041
5000000124 5000000104
5000000276 5000000078
5000000264 5000000141
5000000283 5000000031
5000000193 5000000218
5000000287 5000000034
5000000235 5000000279
5000000038 5000000255
5000000292 5000000173
5000000293 5000000129
5000000219 5000000173
5000000231 5000000249
5000000257 5000000101
5000000243 5000000129
5000000205 5000000109
5000000007 5000000165
5000000267 5000000260
5000000023 5000000050
5000000028 5000000174
5000000129 5000000067
5000000262 5000000126
5000000023 5000000173
5000000174 5000000168
5000000037 5000000218
5000000163 5000000205
5000000262 5000000213
5000000192 5000000095
5000000266 5000000174
5000000191 5000000137
5000000081 5000000291
5000000130 5000000014
5000000037 5000000221
5000000155 5000000285
5000000134 5000000098
5000000293 5000000193
5000000063 5000000168
5000000212 5000000071
5000000128 5000000146
5000000069 5000000013
5000000097 5000000031
5000000020 5000000257
5000000226 5000000001
5000000047 5000000118
5000000245 5000000282
5000000254 5000000118
5000000027 5000000144
5000000240 5000000184
5000000096 5000000128
5000000036 5000000148
5000000275 5000000130
5000000054 5000000100
5000000228 5000000103
5000000084 5000000198
5000000272 5000000115
5000000172 5000000268
5000000291 5000000002
5000000253 5000000281
5000000242 5000000053
5000000258 5000000232
5000000220 5000000260
5000000223 5000000059
5000000007 5000000262
5000000051 5000000004
5000000236 5000000228
5000000070 5000000139
5000000220 5000000264
5000000214 5000000250
5000000213 5000000077
5000000237 5000000292
5000000076 5000000182
5000000179 5000000205
5000000128 5000000216
5000000185 5000000280
5000000078 5000000287
5000000179 5000000193
5000000134 5000000018
5000000210 5000000271
5000000246 5000000127
5000000046 5000000170
5000000001 5000000273
5000000267 5000000119
5000000136 5000000048
5000000245 5000000019
5000000044 5000000149
5000000179 5000000226
5000000119 5000000195
5000000097 5000000197
5000000062 5000000148
5000000093 5000000146
5000000123 5000000107
5000000290 5000000038
5000000245 5000000077
5000000227 5000000036
5000000272 5000000047
5000000067 5000000213
5000000295 5000000274
5000000172 5000000175
5000000173 5000000031
5000000089 5000000101
5000000195 5000000121
5000000129 5000000173
5000000277 5000000273
5000000175 5000000008
5000000134 5000000218
5000000271 5000000011
5000000143 5000000296
5000000011 5000000259
5000000022 5000000217
5000000180 5000000084
5000000261 5000000204
5000000104 5000000051
5000000074 5000000215
5000000155 5000000104
5000000074 5000000111
5000000272 5000000272
5000000120 5000000188
5000000161 5000000195
5000000176 5000000261
5000000067 5000000257
5000000014 5000000171
5000000113 5000000120
5000000118 5000000067
5000000069 5000000249
5000000058 5000000072
5000000083 5000000099
5000000116 5000000138
5000000268 5000000148
5000000009 5000000230
5000000267 5000000249
5000000274 5000000062
5000000239 5000000285
5000000169 5000000155
5000000113 5000000146
5000000150 5000000038
5000000290 5000000047
5000000099 5000000028
5000000081 5000000238
5000000193 5000000060
5000000133 5000000016
5000000056 5000000094
5000000195 5000000200
5000000059 5000000260
5000000237 5000000131
5000000073 5000000039
5000000053 5000000225
5000000141 5000000111
5000000297 5000000241
5000000202 5000000157
5000000035 5000000292
5000000177 5000000073
5000000241 5000000162
5000000016 5000000227
5000000012 5000000229
5000000196 5000000282
5000000252 5000000276
5000000245 5000000048
5000000257 5000000001
5000000267 5000000090
5000000185 5000000138
5000000174 5000000063
5000000123 5000000226
5000000074 5000000023
5000000229 5000000074
5000000270 5000000191
5000000107 5000000218
5000000038 5000000235
5000000183 5000000267
5000000096 5000000165
5000000086 5000000272
5000000120 5000000060
5000000157 5000000108
5000000024 5000000134
5000000279 5000000085
5000000102 5000000239
5000000084 5000000229
5000000294 5000000084
5000000019 5000000098
5000000099 5000000254
5000000180 5000000228
5000000130 5000000074
5000000230 5000000221
5000000017 5000000258
5000000288 5000000182
5000000002 5000000138
5000000080 5000000062
5000000227 5000000022
5000000053 5000000295
5000000088 5000000239
5000000241 5000000234
5000000131 5000000019
5000000087 5000000216
5000000221 5000000016
5000000165 5000000227
5000000136 5000000245
5000000283 5000000228
5000000056 5000000124
5000000217 5000000078
5000000127 5000000173
5000000139 5000000218
5000000208 5000000156
5000000146 5000000202
5000000009 5000000127
5000000028 5000000073
5000000212 5000000091
5000000054 5000000156
5000000219 5000000287
5000000095 5000000100
5000000106 5000000108
5000000250 5000000178
5000000236 5000000234
5000000115 5000000112
5000000251 5000000069
5000000211 5000000244
5000000017 5000000271
5000000095 5000000292
5000000197 5000000178
5000000097 5000000178
5000000260 5000000068
5000000176 5000000081
5000000200 5000000159
5000000222 5000000048
5000000251 5000000242
5000000138 5000000270
5000000074 5000000132
5000000080 5000000121
5000000008 5000000206
5000000029 5000000152
5000000137 5000000214
5000000144 5000000182
5000000296 5000000132
5000000284 5000000273
5000000145 5000000079
5000000031 5000000034
5000000245 5000000274
5000000254 5000000054
5000000103 5000000169
5000000154 5000000111
5000000081 5000000089
5000000248 5000000135
5000000053 5000000232
5000000090 5000000060
5000000039 5000000160
5000000244 5000000110
5000000021 5000000038
5000000243 5000000296
5000000013 5000000005
5000000210 5000000012
5000000159 5000000185
5000000038 5000000020
5000000087 5000000176
5000000082 5000000159
5000000131 5000000074
5000000102 5000000156
5000000223 5000000238
5000000163 5000000005
5000000105 5000000283
5000000174 5000000170
5000000040 5000000282
5000000042 5000000087
175 281
235 71
140 199
113 114
131 137
160 73
68 38
139 119
182 137
38 246
223 45
135 23
132 220
255 292
63 276
68 7
89 257
247 63
169 15
35 283
12 211
138 78
232 271
119 218
218 52
227 236
119 101
141 18
238 43
185 34
224 18
159 51
115 211
108 126
139 278
253 244
116 188
30 205
229 265
172 151
104 207
10 275
224 100
133 53
163 155
121 294
89 115
209 69
176 262
205 211
154 242
66 93
141 2
76 161
137 193
178 134
93 166
155 99
56 185
218 271
113 197
121 257
112 46
213 258
90 226
38 189
114 243
275 270
291 218
76 247
107 225
290 136
259 17
27 36
183 83
174 33
203 219
228 101
85 190
269 238
169 113
133 240
134 91
277 41
21 204
129 151
77 197
153 272
76 188
109 217
163 125
114 195
300 223
283 90
82 243
202 11
206 270
290 201
297 214
55 122
183 63
152 237
131 253
140 39
103 46
87 140
175 39
63 143
7 178
117 125
192 283
86 8
199 273
165 245
230 60
50 43
191 131
222 109
202 282
152 51
61 97
281 168
60 166
91 183
241 3
251 187
55 264
237 97
260 87
137 80
130 282
231 193
114 2
79 201
92 23
244 69
136 181
173 81
61 218
106 180
254 100
124 280
236 220
118 157
209 129
89 147
135 160
83 182
147 189
243 224
281 298
224 225
108 123
90 225
13 73
143 209
86 102
213 141
188 54
154 291
89 94
188 191
4 287
7 298
123 119
291 87
162 188
64 43
171 136
190 57
215 199
15 272
64 70
249 34
175 42
82 49
162 297
52 257
124 286
162 94
134 142
76 166
163 17
78 205
44 185
122 208
158 247
2 180
29 290
141 130
81 275
130 250
231 291
112 58
194 36
209 294
58 276
60 285
242 267
41 188
231 239
34 104
292 147
8 181
215 98
218 113
60 180
36 203
56 296
68 95
44 1
187 57
25 22
188 260
266 188
170 9
136 153
230 25
45 286
89 289
94 176
164 183
121 168
88 266
180 287
10 94
236 71
289 241
148 251
141 297
39 210
43 287
45 140
111 186
151 20
287 105
275 45
31 101
295 36
284 201
273 5
183 200
108 168
253 98
228 229
251 3
215 188
115 222
194 149
238 102
40 74
257 59
173 220
52 132
242 113
184 42
262 33
161 38
75 114
279 131
34 6
139 87
30 105
256 236
292 86
125 224
192 249
276 257
119 46
282 66
93 41
297 243
70 193
76 44
54 9
231 284
66 10
42 12
246 176
150 36
89 160
225 180
22 18
173 139
284 42
196 140
56 115
83 176
89 151
69 125
222 240
26 295
97 31
8 8
99 275
46 148
104 117
273 296
279 254
170 112
261 228
136 226
61 245
189 183
162 223
65 199
177 125
201 106
48 39
288 25
250 216
85 105
276 95
144 290
172 119
72 32
295 196
253 75
183 7
206 124
77 167
47 202
4 270
205 211
296 158
294 17
73 278
142 146
144 81
131 289
219 82
227 93
255 295
243 147
94 97
223 112
289 230
68 282
8 273
255 55
3 109
265 79
283 95
255 104
204 46
267 49
275 83
4 255
181 164
248 105
89 200
106 32
83 67
186 265
162 294
55 84
202 218
82 81
73 244
6 56
