# source: JorikJooken
# original path: jj_extract\knapsackProblemInstances-master\problemInstances\n_800_c_1000000_g_2_f_0.2_eps_1e-05_s_100\test.in
# optimal value: 508397
# format: n capacity, then weight value
800 1000000
500016 500019
500093 500075
500043 500011
500093 500096
500081 500022
500070 500107
500031 500031
500016 500018
500085 500062
500082 500016
500030 500097
500010 500087
500023 500088
500107 500075
500058 500058
500027 500071
500092 500086
500049 500036
500014 500087
500077 500067
500071 500066
500043 500049
500049 500016
500045 500106
500043 500079
500062 500073
500051 500024
500055 500096
500011 500066
500051 500053
500059 500090
500015 500105
500061 500109
500074 500029
500011 500109
500093 500090
500063 500082
500097 500012
500045 500019
500101 500048
500023 500049
500087 500036
500091 500062
500108 500045
500101 500039
500063 500047
500060 500055
500052 500039
500054 500021
500044 500026
500021 500019
500058 500068
500098 500048
500013 500087
500036 500045
500037 500073
500030 500031
500079 500045
500083 500049
500091 500073
500072 500070
500020 500041
500046 500069
500014 500035
500010 500061
500038 500097
500064 500098
500027 500032
500034 500039
500084 500034
500098 500063
500042 500104
500105 500094
500080 500048
500065 500100
500102 500101
500091 500030
500046 500099
500037 500052
500013 500027
500048 500099
500080 500017
500108 500037
500035 500051
500108 500081
500034 500022
500102 500108
500017 500063
500071 500037
500015 500077
500101 500078
500021 500048
500039 500079
500098 500052
500090 500098
500085 500012
500101 500101
500093 500038
500045 500034
500061 500106
500048 500063
500072 500037
500100 500096
500070 500052
500048 500075
500038 500015
500058 500093
500060 500042
500087 500052
500019 500044
500085 500035
500101 500063
500023 500013
500041 500043
500054 500082
500012 500047
500019 500097
500105 500091
500085 500039
500089 500060
500049 500080
500036 500038
500063 500107
500018 500017
500026 500072
500104 500039
500091 500015
500093 500073
500095 500067
500106 500068
500099 500044
500059 500106
500104 500063
500098 500106
500046 500017
500098 500041
500085 500010
500107 500059
500102 500102
500095 500042
500014 500062
500064 500044
500011 500025
500045 500094
500106 500038
500039 500057
500099 500058
500079 500082
500095 500032
500025 500104
500050 500081
500084 500017
500014 500095
500080 500064
500066 500035
500045 500099
500063 500079
500071 500080
500096 500060
500068 500076
500103 500073
500081 500024
500019 500077
500041 500012
500091 500030
500025 500088
500037 500092
500030 500092
500033 500109
500084 500075
500093 500072
500011 500013
500086 500092
500106 500017
500058 500059
500031 500069
500088 500060
500048 500063
500059 500012
500109 500031
500090 500083
500109 500085
500093 500020
500103 500093
500103 500027
500093 500095
500085 500073
500064 500061
500067 500052
500102 500086
500073 500045
500082 500108
500035 500055
500030 500027
500011 500105
500107 500015
500030 500083
500047 500085
500012 500106
500090 500019
500073 500064
500015 500036
500091 500077
500037 500018
500107 500043
500041 500019
500039 500109
500052 500096
500022 500018
500014 500052
500044 500074
500047 500073
500070 500054
500108 500072
500025 500049
500069 500087
500054 500089
500038 500053
500053 500038
500031 500016
500036 500046
500029 500051
500027 500098
500017 500031
500106 500037
500073 500083
500067 500063
500072 500102
500041 500058
500068 500096
500095 500093
500094 500045
500073 500083
500016 500092
500024 500109
500108 500067
500032 500016
500027 500020
500023 500010
500059 500109
500058 500022
500012 500027
500088 500028
500073 500086
500082 500074
500070 500054
500080 500016
500069 500066
500071 500074
500013 500067
500046 500028
500109 500106
500093 500062
500016 500021
500109 500039
500024 500023
500104 500086
500073 500060
500018 500073
500064 500049
500042 500105
500086 500091
500016 500061
500109 500108
500090 500101
500039 500096
500086 500045
500078 500021
500070 500031
500024 500076
500078 500096
500021 500053
500039 500094
500053 500102
500056 500048
500020 500033
500043 500025
500075 500093
500057 500043
500038 500012
500017 500021
500106 500040
500109 500034
500054 500063
500041 500020
500102 500100
500015 500073
500034 500078
500053 500048
500015 500044
500092 500060
500029 500081
500090 500028
500045 500085
500089 500102
500013 500029
500089 500060
500039 500022
500034 500090
500043 500066
500013 500012
500081 500017
500020 500103
500049 500098
500069 500062
500050 500016
500026 500056
500049 500023
500085 500046
500103 500106
500017 500078
500019 500056
500049 500040
500014 500073
500014 500044
500046 500022
500012 500014
500026 500028
500035 500089
500014 500090
500043 500087
500090 500048
500063 500064
500040 500039
500105 500070
500064 500097
500017 500010
500093 500087
500063 500040
500029 500080
500047 500016
500055 500088
500080 500042
500062 500058
500056 500101
500031 500077
500073 500076
500015 500077
500032 500073
500043 500041
500031 500017
500017 500109
500080 500091
500094 500053
500032 500036
500013 500090
500087 500018
500047 500089
500025 500044
500024 500077
500080 500101
500068 500031
500024 500058
500032 500030
500080 500097
500022 500021
500042 500096
500108 500024
500089 500063
500107 500025
500057 500030
500053 500080
500085 500011
500021 500024
500046 500106
500084 500096
500075 500026
500102 500098
500056 500088
500061 500078
500028 500024
500047 500032
500055 500027
500080 500050
500067 500025
500074 500071
500086 500059
500086 500022
500016 500094
500015 500028
500057 500077
500046 500069
500070 500070
500041 500062
500027 500071
500036 500045
500079 500045
500064 500107
500049 500068
500047 500089
500026 500083
500015 500080
500029 500089
500101 500010
500017 500054
500033 500100
500019 500023
500037 500086
500106 500016
500030 500057
500019 500036
500099 500098
500079 500019
500038 500068
500085 500010
500108 500032
500011 500026
500074 500100
500039 500018
500087 500108
500027 500062
500048 500028
500069 500035
500010 500034
500051 500093
500021 500034
500071 500069
500057 500067
500056 500059
500019 500045
500032 500033
500048 500063
500046 500105
500035 500064
500107 500010
500109 500029
500052 500012
500015 500109
500089 500047
500047 500052
500014 500016
500035 500082
500066 500049
500027 500051
500011 500067
500061 500062
500018 500099
500050 500107
500012 500042
500084 500057
500109 500015
500080 500039
500089 500023
500100 500042
500025 500070
500060 500089
500070 500010
500091 500106
500077 500075
500039 500108
500107 500067
500047 500025
500055 500063
500052 500077
500051 500022
500052 500056
500094 500026
500077 500033
500027 500072
500061 500040
500014 500087
500074 500102
500058 500089
500041 500069
500019 500078
500050 500030
500064 500049
500073 500038
500088 500076
500074 500026
500020 500088
500106 500020
500029 500106
500053 500073
500039 500109
500075 500105
500051 500015
500012 500084
500037 500030
500040 500082
500070 500037
500072 500062
500106 500074
500014 500027
500045 500107
500047 500085
500092 500083
500041 500063
500022 500020
500063 500021
500071 500055
500046 500104
500076 500010
500011 500027
500015 500065
500036 500033
500104 500097
500044 500033
500060 500093
500059 500038
500103 500027
500085 500062
500082 500052
500037 500054
500030 500034
500073 500052
500020 500083
500041 500010
500100 500099
500054 500070
500062 500091
500044 500016
500080 500025
500047 500090
500037 500067
500039 500108
500083 500030
500034 500075
500104 500058
500025 500096
500055 500082
500037 500055
500064 500105
500061 500050
500092 500059
500071 500074
500040 500034
500077 500033
500055 500076
500013 500046
500097 500034
500038 500019
500027 500025
500108 500012
500081 500099
500052 500091
500095 500011
500074 500026
500108 500045
500030 500062
500017 500057
500089 500010
500012 500077
500103 500052
500105 500038
500043 500026
500024 500019
500083 500093
500087 500041
500041 500046
500089 500043
500070 500046
500044 500071
500051 500082
500058 500101
500038 500047
500107 500024
500013 500097
500074 500036
500077 500023
500102 500097
500036 500080
500028 500103
500034 500052
500073 500077
500036 500060
500012 500054
500039 500060
500099 500080
500048 500052
500053 500020
500024 500058
500047 500042
500025 500065
500098 500042
500026 500070
500010 500103
500047 500086
500052 500034
500068 500059
500028 500105
500033 500011
500021 500022
500035 500085
500010 500010
500085 500025
500041 500061
500087 500029
500074 500081
500073 500091
500084 500029
500011 500064
500060 500088
500091 500054
500020 500051
500013 500091
500059 500081
500054 500104
500076 500062
500054 500024
500030 500090
500073 500109
500047 500087
500013 500092
500099 500024
500017 500109
500037 500056
500108 500082
500013 500086
500070 500084
500094 500070
500025 500092
500088 500057
500084 500073
500024 500035
500092 500044
500078 500011
500089 500013
500034 500099
500060 500045
500044 500073
500040 500071
500107 500017
500076 500098
500047 500034
500108 500046
500044 500011
500031 500084
500088 500020
500091 500031
500101 500094
500072 500054
500037 500100
500034 500020
500018 500032
500030 500107
500109 500102
500032 500039
500068 500074
500076 500093
27 27
52 78
87 31
37 58
82 64
33 50
95 23
80 23
36 93
19 12
72 88
4 88
6 68
39 99
3 59
54 72
34 70
31 53
86 94
34 53
88 52
37 93
76 30
44 82
17 84
10 87
20 48
58 78
55 93
51 4
44 66
1 15
12 3
61 79
82 84
71 86
79 52
8 43
29 8
34 81
15 21
8 44
50 83
34 23
26 77
35 89
24 1
81 6
36 34
96 89
98 26
52 26
28 53
51 91
13 89
25 90
53 55
67 71
88 70
90 87
98 2
16 76
10 74
42 14
47 44
37 40
85 77
78 96
44 20
2 29
99 18
65 56
78 46
27 22
46 20
39 55
75 48
31 87
4 55
53 84
5 28
66 7
82 81
64 71
52 34
87 11
13 46
25 42
90 16
63 25
56 5
79 54
11 73
95 72
95 45
66 51
39 61
87 19
91 87
74 51
96 35
50 30
83 91
12 9
51 62
73 24
79 74
47 72
65 35
81 67
28 98
32 54
27 78
52 78
26 57
32 92
98 82
83 75
70 56
85 17
62 39
69 99
25 23
88 84
35 61
13 8
66 96
66 42
46 25
13 88
30 20
60 2
56 26
69 90
96 8
80 56
71 72
45 65
69 22
6 2
9 16
47 11
48 35
62 80
9 94
46 18
6 45
92 11
30 62
6 22
88 57
76 4
79 58
16 18
59 31
77 22
95 65
44 97
23 24
40 66
