# source: JorikJooken
# original path: jj_extract\knapsackProblemInstances-master\problemInstances\n_1200_c_1000000_g_10_f_0.1_eps_0.01_s_300\test.in
# optimal value: 1018171
# format: n capacity, then weight value
1200 1000000
510169 510139
510117 510174
510127 510192
510139 510092
510059 510035
510052 510259
510097 510030
510102 510055
510125 510243
510087 510195
510239 510258
510067 510230
510156 510014
510017 510261
510109 510272
510272 510063
510038 510041
510064 510220
510139 510039
510036 510032
510103 510106
510018 510010
510088 510252
510168 510272
510033 510274
510219 510216
510291 510183
510216 510293
510239 510260
510050 510083
510029 510095
510106 510095
510197 510006
510218 510160
510116 510127
510167 510251
510117 510268
510035 510294
510168 510040
510139 510053
510005 510208
510052 510187
510096 510224
510038 510106
510224 510036
510057 510020
510269 510015
510083 510199
510135 510059
510279 510170
510132 510220
510145 510036
510016 510067
510063 510242
510124 510296
510166 510050
510159 510275
510299 510016
510102 510262
510245 510011
510192 510294
510063 510206
510146 510052
510239 510129
510007 510299
510144 510123
510125 510046
510160 510272
510225 510254
510171 510207
510114 510111
510004 510298
510026 510074
510082 510075
510196 510062
510176 510062
510269 510235
510216 510229
510288 510093
510120 510113
510054 510085
510003 510061
510220 510062
510216 510035
510094 510143
510220 510003
510059 510207
510062 510016
510113 510112
510165 510189
510120 510211
510015 510003
510137 510292
510030 510130
510030 510216
510142 510249
510134 510154
510186 510242
510234 510152
510107 510250
510055 510130
510147 510080
510140 510200
510130 510044
510084 510055
510230 510252
510212 510204
510097 510157
510058 510059
510075 510037
510239 510155
510092 510246
510239 510111
510062 510248
510141 510180
510057 510081
510007 510096
510145 510248
510213 510186
510061 510217
260249 260290
260277 260079
260101 260053
260148 260282
260264 260281
260139 260253
260111 260028
260300 260170
260239 260155
260136 260186
260084 260169
260013 260241
260022 260155
260005 260083
260292 260096
260218 260070
260060 260271
260278 260145
260276 260267
260058 260300
260125 260282
260129 260180
260066 260052
260225 260230
260205 260195
260121 260106
260219 260121
260263 260148
260174 260186
260021 260064
260114 260112
260168 260265
260093 260136
260031 260071
260200 260053
260184 260133
260297 260098
260193 260057
260211 260203
260269 260229
260258 260249
260073 260130
260038 260106
260054 260146
260174 260191
260282 260112
260154 260095
260220 260209
260016 260035
260238 260148
260253 260214
260185 260006
260258 260169
260146 260164
260211 260203
260268 260172
260083 260039
260280 260214
260119 260066
260180 260259
260067 260043
260205 260075
260081 260206
260128 260156
260099 260197
260197 260270
260100 260084
260189 260156
260122 260237
260094 260188
260097 260159
260110 260201
260212 260030
260123 260042
260284 260102
260242 260115
260061 260100
260290 260069
260292 260207
260118 260299
260278 260161
260292 260261
260177 260192
260153 260230
260234 260023
260144 260174
260178 260170
260239 260251
260110 260031
260104 260185
260001 260234
260085 260224
260200 260092
260206 260028
260179 260255
260064 260044
260085 260182
260294 260119
260068 260294
260060 260211
260135 260127
260122 260198
260214 260254
260175 260034
260034 260253
260239 260295
260141 260124
260136 260113
260163 260096
260186 260143
260164 260039
260184 260102
260244 260076
260178 260143
260166 260247
260120 260048
260159 260239
260212 260175
260281 260181
260187 260065
135053 135165
135171 135142
135046 135190
135083 135011
135065 135133
135096 135161
135061 135173
135225 135147
135260 135261
135240 135098
135038 135260
135105 135005
135218 135253
135152 135272
135127 135212
135209 135171
135073 135159
135191 135274
135187 135101
135278 135180
135188 135003
135273 135278
135166 135228
135274 135200
135031 135216
135061 135134
135068 135183
135106 135096
135171 135222
135261 135183
135025 135234
135222 135064
135025 135180
135033 135171
135121 135288
135112 135047
135029 135137
135100 135121
135087 135156
135009 135115
135248 135119
135110 135167
135058 135262
135196 135255
135011 135090
135018 135061
135191 135137
135189 135226
135139 135018
135275 135092
135022 135202
135257 135204
135085 135264
135242 135242
135114 135233
135153 135008
135130 135186
135188 135227
135221 135003
135085 135247
135089 135178
135096 135253
135202 135165
135238 135158
135217 135259
135026 135198
135226 135264
135043 135175
135156 135098
135090 135172
135277 135064
135074 135117
135057 135217
135071 135113
135058 135107
135144 135214
135088 135249
135081 135061
135120 135202
135105 135183
135215 135122
135021 135239
135043 135293
135293 135252
135031 135074
135190 135019
135075 135266
135079 135184
135105 135008
135039 135123
135094 135133
135062 135273
135028 135159
135295 135085
135147 135115
135266 135209
135263 135147
135006 135210
135093 135037
135190 135236
135016 135059
135139 135124
135180 135192
135130 135154
135070 135224
135050 135275
135056 135134
135208 135096
135104 135158
135275 135071
135223 135152
135272 135193
135095 135218
135026 135249
135235 135052
135080 135066
135085 135297
135233 135246
135132 135135
135269 135247
72609 72769
72512 72722
72800 72556
72567 72688
72767 72760
72508 72644
72594 72520
72676 72768
72724 72701
72713 72663
72699 72634
72741 72603
72548 72649
72683 72676
72736 72653
72612 72741
72668 72779
72798 72756
72669 72724
72783 72582
72575 72624
72588 72503
72554 72541
72797 72793
72514 72760
72728 72539
72599 72531
72751 72682
72693 72693
72597 72552
72748 72781
72669 72709
72537 72534
72589 72523
72722 72641
72628 72762
72634 72671
72724 72799
72767 72583
72607 72631
72673 72570
72555 72611
72621 72528
72724 72584
72725 72772
72736 72588
72721 72790
72678 72784
72666 72562
72741 72548
72639 72531
72784 72721
72716 72603
72785 72738
72663 72603
72753 72537
72706 72792
72523 72681
72613 72663
72542 72598
72737 72779
72602 72575
72600 72748
72608 72726
72645 72755
72788 72637
72666 72607
72671 72645
72554 72632
72608 72740
72502 72730
72586 72754
72672 72532
72574 72790
72721 72627
72728 72718
72689 72557
72567 72686
72773 72698
72599 72634
72682 72578
72724 72665
72781 72567
72595 72531
72591 72661
72671 72800
72553 72729
72702 72595
72682 72699
72689 72610
72677 72697
72558 72669
72635 72713
72598 72736
72688 72640
72672 72723
72790 72557
72597 72558
72656 72734
72784 72800
72766 72742
72515 72688
72538 72701
72633 72746
72533 72589
72727 72585
72643 72504
72700 72508
72563 72571
72531 72546
72534 72689
72709 72733
72746 72651
72695 72615
72616 72599
72788 72619
72557 72525
72741 72728
72791 72723
72606 72635
41271 41397
41343 41440
41502 41369
41515 41330
41432 41468
41329 41504
41477 41465
41466 41525
41387 41288
41438 41259
41330 41372
41518 41539
41524 41348
41469 41415
41284 41467
41322 41547
41262 41366
41396 41351
41300 41452
41356 41484
41526 41263
41280 41353
41295 41509
41398 41339
41529 41488
41285 41529
41524 41382
41529 41284
41419 41423
41308 41268
41492 41413
41331 41280
41527 41384
41368 41503
41450 41491
41395 41409
41485 41408
41393 41517
41267 41289
41277 41490
41407 41479
41547 41520
41403 41510
41438 41468
41420 41427
41535 41336
41548 41484
41497 41492
41514 41513
41548 41392
41397 41543
41544 41439
41443 41476
41391 41460
41435 41269
41311 41325
41369 41258
41478 41445
41395 41373
41301 41547
41514 41500
41252 41422
41497 41535
41261 41466
41472 41521
41264 41489
41505 41503
41389 41423
41385 41343
41398 41455
41482 41493
41448 41471
41469 41424
41299 41528
41430 41399
41359 41384
41525 41534
41424 41460
41255 41505
41433 41508
41297 41526
41534 41332
41299 41519
41343 41503
41495 41399
41453 41381
41406 41253
41526 41344
41353 41321
41333 41358
41261 41294
41506 41351
41431 41294
41266 41463
41514 41374
41457 41462
41381 41394
41294 41335
41275 41301
41515 41422
41348 41426
41482 41504
41358 41495
41530 41418
41511 41520
41333 41283
41384 41481
41384 41331
41344 41381
41411 41382
41275 41344
41341 41399
41252 41384
41449 41395
41440 41477
41343 41273
41388 41527
41546 41264
41301 41256
41531 41362
25654 25654
25678 25854
25736 25808
25714 25686
25708 25650
25847 25672
25752 25836
25659 25904
25725 25727
25793 25755
25653 25650
25887 25709
25853 25674
25867 25765
25831 25810
25730 25726
25790 25895
25801 25841
25851 25729
25799 25858
25649 25830
25827 25732
25895 25836
25906 25857
25788 25873
25858 25768
25640 25767
25869 25779
25780 25761
25760 25890
25678 25644
25650 25857
25717 25626
25881 25666
25866 25783
25689 25693
25651 25884
25680 25692
25716 25717
25869 25689
25747 25782
25803 25881
25818 25885
25795 25727
25734 25756
25744 25854
25674 25674
25639 25664
25822 25868
25718 25810
25691 25756
25859 25696
25844 25925
25763 25670
25877 25678
25679 25789
25795 25731
25805 25915
25728 25787
25882 25666
25847 25763
25798 25874
25751 25911
25701 25642
25657 25646
25844 25803
25664 25823
25765 25644
25795 25741
25771 25853
25851 25695
25675 25626
25774 25693
25665 25673
25765 25923
25858 25855
25699 25648
25873 25919
25652 25767
25657 25800
25671 25685
25697 25823
25722 25887
25656 25780
25801 25681
25690 25891
25655 25844
25768 25832
25809 25798
25645 25768
25895 25643
25722 25671
25824 25675
25693 25814
25698 25673
25676 25841
25892 25758
25666 25766
25918 25894
25844 25877
25869 25654
25719 25643
25694 25832
25822 25747
25708 25684
25702 25829
25650 25675
25769 25743
25815 25892
25664 25865
25806 25643
25755 25762
25883 25867
25764 25697
25760 25886
25646 25626
25699 25634
25859 25901
25701 25885
25781 25660
17924 18071
17823 17979
17842 17855
17908 18008
18104 17897
18005 18099
17895 18094
18094 18060
18082 17973
18004 17931
17828 17988
18076 17962
17968 17970
18106 18076
18099 18108
18099 17978
17869 17912
17882 17968
17892 17991
17822 17954
17912 17917
18078 17840
17890 17943
17859 18101
17992 17828
17888 17887
18042 17875
17890 17902
18074 17826
17832 17963
17885 17927
17919 17990
17964 18094
18034 18092
17907 18034
18002 17883
17847 17976
17915 17912
18060 18011
17989 17941
17844 17897
17988 18040
18093 17882
17986 17835
17878 18055
17990 17829
18048 17936
17862 17883
17863 18081
18036 18017
18065 17846
17921 17992
17903 17943
17927 17836
18022 17844
17921 17853
17964 18015
18049 17921
18100 17853
18063 17871
17888 18004
17913 18032
18018 17950
18088 17847
17829 17949
18003 18067
18017 18049
17951 17944
17839 18095
18083 17877
17925 17903
17983 17916
17855 18092
17877 17990
17937 18099
17993 18042
17997 17874
18063 17966
18058 17946
18111 18074
17991 17860
17878 17842
18000 17822
17984 17975
17822 17899
17825 18073
17842 18081
18088 18057
18105 17864
18033 17874
17851 17967
17931 18104
18008 18039
17915 17966
17948 17981
17963 18053
18061 17913
18008 17931
17904 17963
17866 17855
17950 18036
17941 17993
17856 17942
18038 18036
17953 17984
18051 18082
18112 17980
18108 17983
17924 18096
17945 17865
17998 18023
18050 17986
17970 17896
17813 17816
18038 17977
17878 17852
17884 17912
18089 18006
18039 17856
17865 18064
13922 14028
14038 14039
13995 14157
14078 14165
14113 14093
14026 14067
14143 13977
13909 14111
14015 14134
13908 13985
14054 14146
14204 14072
13959 14039
14166 14060
14147 14201
13991 14045
14075 14194
14103 14168
13960 14200
14107 13965
13996 14206
14136 14177
13918 14182
13914 14077
13999 14073
14077 14172
14064 14129
13922 14192
14053 14173
13952 13977
13936 14004
13998 14168
13926 13924
14106 14067
14041 13969
14190 13931
13946 14161
14158 13986
14001 14065
14117 14045
14055 14128
13999 14033
13950 13929
14150 13946
13936 14045
14040 14070
14013 13959
14119 13943
14143 13989
14014 14071
14134 13987
13919 13988
14077 14136
13938 14148
13976 13992
13919 14166
14098 13997
14041 14004
14104 14002
13957 13963
13985 13955
14155 13922
13964 14118
14020 14045
13939 13908
14178 14179
14073 14194
13945 13981
14063 13965
13935 13980
14148 14159
14147 14125
14032 14203
14037 14176
14189 14051
14084 13971
14194 14152
14188 14027
14101 14071
14121 14066
14133 14136
14074 14066
14160 14117
14164 14132
13975 14190
13992 14081
13975 13994
14040 14124
14133 13972
14154 14134
14009 14007
13925 13982
13929 13923
14009 13973
14171 14040
13958 13960
14104 13919
13956 13953
14040 14175
13981 13980
13941 14172
14086 13990
14031 13921
14204 14100
14172 14018
14063 14134
14053 14075
13971 14175
14041 13988
13962 14116
14057 13934
13919 13975
14103 14064
14075 13961
14023 14109
14094 14164
14082 14019
13998 14099
14186 14083
14143 13917
12066 12058
12226 12026
12122 12206
11964 12170
12194 12125
12027 12085
12189 12123
12023 12151
12126 12129
12205 12102
11987 12150
12004 11996
12112 12223
12011 12214
12064 11958
12214 12118
12203 12021
12029 12228
12075 12169
12207 12247
12210 11966
12060 12102
12011 12082
12217 12242
12243 12095
12224 12091
12106 11986
12043 12134
12196 12105
12204 12072
12077 12102
12203 12112
11993 12019
12217 12098
12232 12229
12244 12150
11956 12001
12120 12155
12103 12205
11975 12127
11967 12063
12148 12075
12069 12042
12071 11962
12079 12092
12048 12050
12142 12227
12083 11963
12206 12228
12146 12166
12114 12131
12082 12043
12129 12158
12153 12091
12191 12019
12148 12127
12020 12123
12037 11954
11996 12077
12174 12117
12213 12142
12088 12210
12105 12211
12174 12241
12171 12208
12172 12249
11980 12034
12131 12082
12091 11963
11957 11996
12101 12111
12215 12233
11980 11978
11973 12198
12013 12132
11955 12027
12106 12009
12182 12122
12101 12069
12007 12175
12220 12230
12057 12020
12025 12101
11985 12235
11955 11972
12121 12105
12025 12215
12200 12032
11985 12119
12024 12186
12080 12131
12222 12073
11954 11956
12138 12088
12146 12201
12250 11985
12117 12133
12147 12230
12246 11957
12067 11998
12062 11978
12032 11977
12098 12096
11964 11977
12074 12043
12091 12020
12172 12229
12239 12076
12029 12106
12053 11999
12202 12060
12200 12101
12168 12217
12089 12120
12139 12133
12146 12033
12005 11961
12146 11982
12182 12251
12219 12010
288 187
189 107
130 247
72 234
3 238
199 130
148 14
68 228
191 127
105 217
63 240
104 52
262 193
265 207
15 288
223 26
137 240
63 16
283 59
262 172
93 203
220 7
246 268
113 66
34 222
289 204
114 104
81 245
153 246
5 43
121 262
190 54
144 11
92 82
43 279
68 44
158 124
24 11
206 80
223 194
279 111
44 54
80 251
138 188
62 296
17 285
187 300
230 34
291 164
222 84
253 38
270 1
155 201
162 294
33 300
40 74
47 91
242 218
131 191
170 39
112 179
201 187
87 146
147 84
174 17
123 93
6 119
59 196
71 114
180 232
11 255
147 255
287 141
281 189
293 2
127 29
168 95
62 121
75 48
39 131
216 107
124 70
139 150
73 297
239 226
120 176
93 198
300 159
255 77
208 227
265 33
89 171
215 117
11 162
135 144
291 194
283 176
2 157
182 221
177 80
253 107
223 277
59 69
9 165
32 101
170 206
177 184
279 197
49 237
166 250
30 175
184 157
87 177
116 139
256 120
205 219
252 152
91 172
2 39
122 23
