# source: JorikJooken
# original path: jj_extract\knapsackProblemInstances-master\problemInstances\n_1000_c_10000000000_g_2_f_0.3_eps_0_s_200\test.in
# optimal value: 5000029339
# format: n capacity, then weight value
1000 10000000000
5000000146 5000000074
5000000068 5000000182
5000000115 5000000040
5000000113 5000000193
5000000048 5000000192
5000000009 5000000158
5000000141 5000000081
5000000059 5000000041
5000000145 5000000068
5000000072 5000000129
5000000013 5000000037
5000000149 5000000034
5000000065 5000000191
5000000049 5000000071
5000000144 5000000181
5000000048 5000000083
5000000048 5000000158
5000000012 5000000128
5000000136 5000000024
5000000098 5000000109
5000000176 5000000143
5000000112 5000000042
5000000180 5000000018
5000000072 5000000171
5000000058 5000000044
5000000049 5000000090
5000000160 5000000124
5000000060 5000000123
5000000038 5000000197
5000000070 5000000138
5000000024 5000000139
5000000051 5000000052
5000000128 5000000199
5000000009 5000000129
5000000078 5000000065
5000000093 5000000133
5000000186 5000000122
5000000081 5000000194
5000000096 5000000133
5000000019 5000000119
5000000022 5000000177
5000000060 5000000106
5000000108 5000000069
5000000116 5000000052
5000000087 5000000143
5000000054 5000000157
5000000024 5000000147
5000000063 5000000025
5000000033 5000000047
5000000198 5000000019
5000000069 5000000099
5000000196 5000000182
5000000181 5000000173
5000000037 5000000144
5000000046 5000000006
5000000098 5000000126
5000000082 5000000102
5000000049 5000000044
5000000154 5000000066
5000000099 5000000037
5000000036 5000000100
5000000177 5000000063
5000000061 5000000064
5000000013 5000000196
5000000183 5000000199
5000000150 5000000020
5000000004 5000000190
5000000029 5000000021
5000000048 5000000179
5000000066 5000000103
5000000185 5000000183
5000000136 5000000138
5000000146 5000000200
5000000070 5000000053
5000000142 5000000092
5000000138 5000000067
5000000054 5000000097
5000000135 5000000031
5000000200 5000000121
5000000179 5000000118
5000000148 5000000116
5000000062 5000000119
5000000085 5000000095
5000000190 5000000144
5000000008 5000000026
5000000151 5000000178
5000000059 5000000114
5000000092 5000000189
5000000114 5000000048
5000000052 5000000093
5000000011 5000000015
5000000080 5000000061
5000000051 5000000129
5000000034 5000000075
5000000147 5000000098
5000000117 5000000026
5000000199 5000000023
5000000168 5000000101
5000000050 5000000140
5000000030 5000000052
5000000168 5000000089
5000000113 5000000183
5000000191 5000000145
5000000199 5000000151
5000000173 5000000008
5000000052 5000000054
5000000107 5000000174
5000000057 5000000059
5000000136 5000000180
5000000187 5000000040
5000000006 5000000048
5000000197 5000000130
5000000162 5000000029
5000000094 5000000114
5000000074 5000000083
5000000186 5000000088
5000000069 5000000110
5000000068 5000000122
5000000151 5000000175
5000000013 5000000092
5000000067 5000000139
5000000185 5000000149
5000000176 5000000071
5000000146 5000000041
5000000083 5000000124
5000000065 5000000104
5000000059 5000000176
5000000069 5000000164
5000000087 5000000063
5000000118 5000000170
5000000161 5000000109
5000000122 5000000078
5000000042 5000000081
5000000186 5000000151
5000000192 5000000193
5000000102 5000000105
5000000010 5000000050
5000000037 5000000149
5000000133 5000000153
5000000142 5000000118
5000000044 5000000026
5000000001 5000000152
5000000027 5000000158
5000000151 5000000047
5000000159 5000000153
5000000113 5000000150
5000000074 5000000046
5000000110 5000000096
5000000142 5000000198
5000000028 5000000123
5000000069 5000000075
5000000106 5000000065
5000000099 5000000142
5000000135 5000000109
5000000187 5000000087
5000000075 5000000090
5000000108 5000000136
5000000191 5000000165
5000000168 5000000177
5000000082 5000000097
5000000133 5000000061
5000000164 5000000009
5000000101 5000000057
5000000092 5000000152
5000000065 5000000034
5000000192 5000000189
5000000159 5000000136
5000000158 5000000011
5000000180 5000000200
5000000171 5000000023
5000000116 5000000135
5000000160 5000000163
5000000071 5000000008
5000000138 5000000117
5000000070 5000000024
5000000049 5000000122
5000000010 5000000088
5000000047 5000000071
5000000013 5000000112
5000000159 5000000129
5000000186 5000000125
5000000090 5000000174
5000000176 5000000074
5000000172 5000000071
5000000052 5000000146
5000000120 5000000136
5000000174 5000000126
5000000004 5000000142
5000000196 5000000159
5000000093 5000000116
5000000165 5000000170
5000000017 5000000129
5000000187 5000000008
5000000110 5000000064
5000000025 5000000092
5000000063 5000000047
5000000193 5000000150
5000000073 5000000171
5000000159 5000000162
5000000042 5000000070
5000000183 5000000049
5000000028 5000000044
5000000006 5000000155
5000000066 5000000185
5000000025 5000000076
5000000054 5000000061
5000000190 5000000074
5000000078 5000000084
5000000158 5000000058
5000000154 5000000032
5000000127 5000000131
5000000099 5000000033
5000000094 5000000061
5000000050 5000000076
5000000088 5000000023
5000000019 5000000177
5000000119 5000000051
5000000012 5000000170
5000000078 5000000137
5000000149 5000000137
5000000086 5000000068
5000000185 5000000173
5000000005 5000000175
5000000050 5000000144
5000000007 5000000093
5000000111 5000000147
5000000013 5000000005
5000000068 5000000158
5000000187 5000000185
5000000004 5000000193
5000000126 5000000098
5000000046 5000000097
5000000107 5000000076
5000000113 5000000137
5000000127 5000000087
5000000021 5000000156
5000000088 5000000051
5000000020 5000000161
5000000104 5000000037
5000000136 5000000025
5000000176 5000000166
5000000189 5000000073
5000000068 5000000155
5000000093 5000000059
5000000033 5000000028
5000000167 5000000102
5000000111 5000000112
5000000107 5000000131
5000000009 5000000040
5000000107 5000000028
5000000098 5000000037
5000000119 5000000025
5000000071 5000000138
5000000022 5000000192
5000000081 5000000001
5000000123 5000000111
5000000004 5000000170
5000000162 5000000003
5000000167 5000000076
5000000033 5000000151
5000000138 5000000019
5000000117 5000000030
5000000168 5000000154
5000000028 5000000079
5000000057 5000000123
5000000031 5000000161
5000000197 5000000158
5000000165 5000000149
5000000024 5000000108
5000000043 5000000006
5000000125 5000000084
5000000025 5000000113
5000000129 5000000091
5000000182 5000000177
5000000010 5000000044
5000000027 5000000029
5000000165 5000000112
5000000145 5000000188
5000000042 5000000115
5000000091 5000000139
5000000142 5000000040
5000000113 5000000156
5000000155 5000000096
5000000035 5000000169
5000000057 5000000172
5000000171 5000000011
5000000200 5000000139
5000000013 5000000052
5000000165 5000000150
5000000004 5000000184
5000000147 5000000168
5000000012 5000000048
5000000156 5000000019
5000000015 5000000130
5000000188 5000000091
5000000147 5000000200
5000000078 5000000038
5000000182 5000000079
5000000020 5000000160
5000000175 5000000107
5000000124 5000000150
5000000097 5000000008
5000000133 5000000019
5000000177 5000000049
5000000168 5000000122
5000000172 5000000155
5000000125 5000000071
5000000075 5000000018
5000000119 5000000136
5000000111 5000000012
5000000188 5000000017
5000000152 5000000120
5000000134 5000000192
5000000104 5000000033
5000000094 5000000082
5000000050 5000000198
5000000188 5000000113
5000000048 5000000016
5000000153 5000000113
5000000159 5000000021
5000000019 5000000189
5000000195 5000000085
5000000107 5000000164
5000000197 5000000159
5000000121 5000000001
5000000010 5000000025
5000000091 5000000145
5000000136 5000000071
5000000037 5000000155
5000000053 5000000066
5000000046 5000000122
5000000068 5000000099
5000000097 5000000025
5000000095 5000000136
5000000072 5000000041
5000000095 5000000073
5000000166 5000000101
5000000113 5000000071
5000000104 5000000118
5000000016 5000000029
5000000106 5000000048
5000000113 5000000173
5000000055 5000000049
5000000100 5000000144
5000000159 5000000013
5000000069 5000000065
5000000177 5000000080
5000000174 5000000160
5000000197 5000000136
5000000039 5000000106
5000000164 5000000100
5000000171 5000000173
5000000186 5000000184
5000000199 5000000059
5000000035 5000000107
5000000005 5000000121
5000000080 5000000115
5000000167 5000000013
5000000115 5000000083
5000000137 5000000067
5000000126 5000000126
5000000035 5000000035
5000000153 5000000041
5000000083 5000000172
5000000130 5000000006
5000000131 5000000034
5000000200 5000000040
5000000085 5000000172
5000000148 5000000088
5000000102 5000000136
5000000122 5000000186
5000000053 5000000075
5000000088 5000000189
5000000184 5000000081
5000000102 5000000009
5000000058 5000000041
5000000119 5000000144
5000000084 5000000133
5000000094 5000000108
5000000157 5000000088
5000000135 5000000095
5000000078 5000000195
5000000188 5000000031
5000000054 5000000097
5000000199 5000000155
5000000165 5000000147
5000000001 5000000029
5000000194 5000000145
5000000063 5000000004
5000000071 5000000011
5000000036 5000000157
5000000105 5000000108
5000000066 5000000117
5000000119 5000000047
5000000162 5000000048
5000000147 5000000078
5000000109 5000000030
5000000013 5000000136
5000000199 5000000151
5000000063 5000000143
5000000026 5000000030
5000000090 5000000004
5000000058 5000000183
5000000054 5000000088
5000000093 5000000061
5000000044 5000000091
5000000037 5000000190
5000000194 5000000077
5000000010 5000000182
5000000187 5000000025
5000000198 5000000067
5000000184 5000000103
5000000085 5000000183
5000000173 5000000010
5000000186 5000000082
5000000159 5000000016
5000000126 5000000188
5000000021 5000000045
5000000075 5000000007
5000000034 5000000080
5000000015 5000000005
5000000139 5000000187
5000000102 5000000122
5000000167 5000000099
5000000038 5000000070
5000000163 5000000031
5000000065 5000000117
5000000100 5000000030
5000000009 5000000189
5000000023 5000000111
5000000029 5000000167
5000000017 5000000099
5000000049 5000000091
5000000040 5000000176
5000000061 5000000070
5000000015 5000000116
5000000024 5000000064
5000000075 5000000170
5000000115 5000000099
5000000034 5000000092
5000000139 5000000026
5000000134 5000000065
5000000183 5000000009
5000000001 5000000187
5000000072 5000000090
5000000165 5000000041
5000000117 5000000199
5000000136 5000000103
5000000130 5000000121
5000000018 5000000025
5000000101 5000000010
5000000141 5000000070
5000000057 5000000107
5000000143 5000000121
5000000083 5000000054
5000000087 5000000089
5000000141 5000000080
5000000079 5000000041
5000000106 5000000063
5000000168 5000000004
5000000002 5000000056
5000000068 5000000021
5000000183 5000000006
5000000111 5000000140
5000000116 5000000168
5000000055 5000000181
5000000026 5000000032
5000000028 5000000002
5000000148 5000000056
5000000104 5000000001
5000000088 5000000187
5000000048 5000000144
5000000121 5000000025
5000000120 5000000017
5000000135 5000000128
5000000195 5000000067
5000000019 5000000022
5000000178 5000000095
5000000083 5000000179
5000000078 5000000010
5000000164 5000000199
5000000110 5000000173
5000000043 5000000011
5000000124 5000000012
5000000078 5000000061
5000000200 5000000145
5000000046 5000000101
5000000139 5000000068
5000000181 5000000122
5000000009 5000000099
5000000171 5000000054
5000000077 5000000029
5000000156 5000000139
5000000176 5000000065
5000000131 5000000009
5000000045 5000000003
5000000199 5000000039
5000000132 5000000129
5000000043 5000000106
5000000177 5000000189
5000000160 5000000095
5000000131 5000000158
5000000085 5000000026
5000000064 5000000157
5000000095 5000000026
5000000027 5000000135
5000000096 5000000131
5000000200 5000000119
5000000030 5000000151
5000000163 5000000080
5000000041 5000000174
5000000042 5000000001
5000000184 5000000139
5000000070 5000000116
5000000181 5000000037
5000000179 5000000104
5000000058 5000000098
5000000153 5000000027
5000000137 5000000178
5000000062 5000000199
5000000113 5000000156
5000000169 5000000060
5000000128 5000000058
5000000142 5000000078
5000000167 5000000087
5000000001 5000000128
5000000174 5000000149
5000000139 5000000123
5000000118 5000000007
5000000024 5000000077
5000000066 5000000089
5000000049 5000000084
5000000139 5000000157
5000000032 5000000071
5000000179 5000000129
5000000199 5000000041
5000000190 5000000143
5000000041 5000000054
5000000160 5000000026
5000000148 5000000179
5000000200 5000000011
5000000068 5000000077
5000000169 5000000007
5000000028 5000000106
5000000025 5000000184
5000000177 5000000027
5000000200 5000000069
5000000037 5000000194
5000000198 5000000090
5000000117 5000000127
5000000160 5000000118
5000000004 5000000014
5000000030 5000000146
5000000098 5000000163
5000000095 5000000045
5000000193 5000000143
5000000038 5000000193
5000000081 5000000099
5000000085 5000000013
5000000066 5000000180
5000000194 5000000148
5000000084 5000000077
5000000114 5000000077
5000000012 5000000072
5000000161 5000000074
5000000041 5000000035
5000000166 5000000177
5000000025 5000000143
5000000183 5000000030
5000000072 5000000077
5000000049 5000000055
5000000068 5000000062
5000000186 5000000181
5000000004 5000000061
5000000004 5000000039
5000000042 5000000157
5000000110 5000000125
5000000094 5000000197
5000000131 5000000045
5000000045 5000000179
5000000086 5000000190
5000000120 5000000102
5000000196 5000000038
5000000063 5000000041
5000000089 5000000023
5000000147 5000000105
5000000046 5000000067
5000000065 5000000176
5000000139 5000000068
5000000183 5000000180
5000000167 5000000121
5000000008 5000000092
5000000003 5000000172
5000000116 5000000090
5000000150 5000000143
5000000120 5000000106
5000000104 5000000093
5000000170 5000000157
5000000172 5000000040
5000000153 5000000129
5000000056 5000000016
5000000121 5000000178
5000000078 5000000149
5000000027 5000000040
5000000052 5000000135
5000000139 5000000136
5000000054 5000000010
5000000059 5000000042
5000000090 5000000094
5000000079 5000000023
5000000182 5000000132
5000000151 5000000157
5000000150 5000000006
5000000164 5000000041
5000000032 5000000016
5000000086 5000000137
5000000008 5000000041
5000000192 5000000152
5000000110 5000000174
5000000176 5000000088
5000000017 5000000011
5000000178 5000000177
5000000171 5000000070
5000000057 5000000104
5000000008 5000000081
5000000018 5000000109
5000000093 5000000001
5000000083 5000000185
5000000110 5000000022
5000000031 5000000024
5000000171 5000000012
5000000035 5000000183
5000000072 5000000155
5000000108 5000000120
5000000083 5000000039
5000000126 5000000133
5000000152 5000000138
5000000121 5000000069
5000000166 5000000109
5000000132 5000000143
5000000193 5000000193
5000000144 5000000051
5000000108 5000000018
5000000136 5000000071
5000000097 5000000110
5000000103 5000000027
5000000020 5000000087
5000000179 5000000175
5000000120 5000000140
5000000157 5000000115
5000000064 5000000134
5000000044 5000000194
5000000076 5000000133
5000000121 5000000046
5000000063 5000000016
5000000081 5000000011
5000000060 5000000012
5000000053 5000000144
5000000082 5000000029
5000000130 5000000121
5000000145 5000000099
5000000111 5000000184
5000000103 5000000132
5000000077 5000000002
5000000110 5000000017
5000000017 5000000129
5000000187 5000000077
5000000029 5000000112
5000000025 5000000047
5000000082 5000000098
5000000168 5000000181
5000000123 5000000015
5000000057 5000000107
5000000169 5000000078
5000000014 5000000038
5000000126 5000000073
5000000120 5000000114
5000000005 5000000077
5000000042 5000000085
5000000117 5000000093
5000000065 5000000184
5000000014 5000000050
5000000193 5000000080
5000000050 5000000196
5000000135 5000000167
5000000010 5000000140
5000000172 5000000173
5000000115 5000000065
5000000065 5000000192
5000000040 5000000072
5000000104 5000000071
5000000160 5000000038
5000000051 5000000006
5000000115 5000000132
5000000117 5000000168
5000000040 5000000072
5000000178 5000000199
5000000099 5000000117
5000000190 5000000108
5000000062 5000000179
115 164
154 162
66 76
168 66
14 131
4 143
197 8
56 20
145 89
140 1
67 2
153 23
94 85
110 81
100 167
97 66
173 57
17 171
6 70
20 102
132 55
16 22
82 11
104 9
101 178
123 103
63 162
183 5
132 73
198 75
113 105
120 143
169 165
8 72
187 78
169 53
72 15
137 103
163 10
148 28
48 74
156 136
174 195
90 108
122 73
155 186
72 157
169 182
113 106
127 180
150 64
107 25
68 28
110 179
82 37
7 38
85 187
138 179
153 24
163 51
48 134
71 136
78 97
28 175
26 6
6 80
171 163
45 18
160 68
116 113
192 197
113 7
168 102
172 168
39 156
171 147
128 199
1 115
179 31
7 48
14 157
37 4
126 142
12 198
178 8
171 85
17 23
89 72
146 78
54 190
56 78
43 164
54 79
84 170
59 135
6 146
171 186
60 25
74 14
54 28
166 26
114 124
82 132
10 55
141 116
18 183
154 166
65 58
119 84
91 161
63 161
101 21
3 178
67 8
175 126
141 90
91 124
167 9
5 42
178 32
16 30
85 187
116 83
67 134
195 66
97 10
111 91
48 163
177 97
12 91
104 186
80 81
63 163
36 154
178 130
12 199
80 192
108 21
42 136
59 17
186 185
134 197
84 189
166 36
93 101
184 82
153 33
123 84
120 58
154 18
1 41
102 126
74 10
154 36
152 15
147 155
13 178
48 144
29 197
72 144
16 185
163 13
181 105
119 66
151 76
30 57
25 63
112 1
54 45
70 76
23 84
19 189
152 80
9 148
16 75
94 75
13 158
49 129
119 171
159 53
155 64
193 9
46 71
179 39
108 178
172 49
174 156
90 114
151 195
100 131
3 170
62 39
74 152
34 153
81 150
118 39
137 78
200 155
147 82
32 7
37 160
13 25
175 190
168 16
116 47
43 166
13 35
46 32
43 74
31 153
80 165
181 48
175 25
107 81
40 99
142 160
78 21
163 139
160 72
77 138
123 56
160 102
41 147
89 118
62 135
122 148
57 182
19 92
187 96
110 190
108 76
194 96
42 72
42 94
6 18
109 147
41 61
68 23
90 25
168 91
34 61
97 23
105 11
105 65
195 140
164 86
47 121
48 64
110 79
135 111
117 42
86 117
82 54
17 35
14 194
124 90
180 51
24 47
174 12
165 111
44 3
113 187
111 107
28 148
80 26
39 149
73 73
122 198
90 115
193 37
191 196
121 82
69 127
101 27
161 127
11 168
170 172
44 159
105 87
181 103
26 82
58 130
51 108
122 26
56 168
72 151
72 80
30 24
185 71
185 73
68 183
106 22
144 83
193 52
178 179
154 132
179 75
92 144
90 117
123 83
