# source: JorikJooken
# original path: jj_extract\knapsackProblemInstances-master\problemInstances\n_600_c_1000000_g_6_f_0.3_eps_0.001_s_100\test.in
# optimal value: 1004728
# format: n capacity, then weight value
600 1000000
501013 501047
501017 501099
501029 501040
501023 501067
501061 501041
501061 501030
501055 501003
501020 501027
501004 501057
501018 501036
501009 501079
501034 501053
501018 501100
501065 501011
501062 501084
501044 501022
501004 501074
501070 501072
501099 501092
501084 501003
501036 501053
501064 501020
501064 501028
501097 501026
501003 501028
501082 501083
501005 501023
501095 501053
501042 501082
501096 501096
501007 501062
501061 501081
501092 501076
501089 501005
501055 501076
501008 501076
501028 501052
501088 501091
501064 501094
501048 501056
501063 501011
501029 501045
501019 501036
501023 501026
501050 501076
501098 501078
501044 501079
501006 501050
501038 501023
501002 501045
501023 501068
501087 501090
501098 501092
501085 501001
501081 501051
501007 501018
501030 501061
501099 501036
501033 501006
501015 501065
501013 501048
501011 501054
501053 501080
501058 501079
501065 501071
501089 501085
501084 501076
501047 501004
501002 501044
501040 501015
501072 501065
501053 501089
501092 501021
501049 501009
501051 501051
501069 501072
501072 501041
501012 501043
501090 501040
501016 501099
501011 501093
501076 501019
501009 501042
501081 501006
251038 251071
251057 251098
251068 251041
251052 251099
251046 251034
251031 251069
251051 251053
251092 251049
251007 251068
251075 251074
251076 251043
251070 251059
251008 251080
251011 251016
251028 251051
251004 251084
251085 251100
251029 251066
251055 251062
251042 251090
251037 251064
251070 251054
251017 251088
251043 251012
251016 251046
251073 251090
251015 251024
251066 251069
251092 251064
251084 251095
251018 251062
251098 251032
251001 251083
251097 251006
251050 251016
251038 251071
251010 251072
251002 251034
251088 251092
251076 251031
251030 251044
251085 251038
251076 251023
251082 251053
251006 251023
251061 251009
251062 251024
251042 251007
251073 251007
251088 251065
251066 251076
251050 251084
251079 251080
251043 251056
251097 251007
251050 251061
251010 251053
251026 251061
251052 251015
251018 251041
251038 251030
251007 251053
251093 251004
251022 251054
251020 251059
251081 251053
251058 251024
251054 251057
251023 251073
251099 251090
251036 251036
251015 251021
251077 251099
251076 251092
251004 251002
251019 251035
251089 251050
251071 251073
251048 251031
251016 251092
251071 251096
251100 251007
251083 251023
251042 251025
126027 126069
126043 126075
126050 126028
126100 126061
126013 126018
126100 126091
126036 126061
126036 126034
126067 126090
126056 126057
126093 126020
126011 126008
126079 126094
126015 126043
126009 126074
126098 126080
126079 126052
126092 126019
126099 126077
126056 126029
126049 126085
126044 126093
126054 126097
126098 126074
126086 126065
126059 126069
126069 126093
126050 126084
126030 126083
126006 126006
126083 126042
126025 126064
126050 126046
126049 126004
126057 126035
126031 126081
126008 126017
126033 126006
126075 126094
126039 126045
126006 126030
126079 126026
126011 126014
126007 126073
126061 126069
126003 126004
126019 126028
126052 126071
126011 126014
126092 126081
126063 126025
126046 126091
126078 126007
126059 126098
126067 126078
126053 126066
126054 126066
126034 126082
126031 126050
126097 126050
126061 126041
126077 126005
126010 126068
126038 126056
126044 126045
126097 126077
126086 126094
126075 126049
126070 126042
126033 126054
126094 126024
126003 126050
126010 126006
126087 126096
126040 126045
126086 126028
126002 126033
126087 126015
126091 126022
126013 126049
126045 126042
126023 126084
126071 126097
126078 126034
63548 63582
63594 63527
63594 63559
63550 63557
63591 63567
63540 63599
63566 63553
63512 63512
63532 63502
63591 63504
63525 63520
63546 63531
63516 63594
63580 63559
63517 63541
63582 63590
63586 63527
63539 63571
63600 63597
63532 63589
63590 63510
63546 63572
63570 63535
63564 63549
63536 63571
63594 63502
63570 63590
63600 63537
63561 63505
63555 63546
63542 63598
63544 63502
63562 63581
63554 63535
63516 63586
63511 63560
63509 63572
63566 63567
63577 63505
63545 63562
63543 63523
63562 63597
63501 63504
63600 63504
63522 63539
63519 63535
63527 63569
63586 63550
63521 63552
63505 63516
63551 63507
63579 63597
63524 63579
63567 63579
63595 63540
63567 63559
63575 63538
63511 63573
63538 63586
63508 63532
63509 63572
63557 63565
63522 63575
63540 63594
63567 63595
63566 63535
63573 63590
63520 63507
63554 63545
63528 63586
63515 63513
63551 63553
63517 63508
63585 63505
63546 63600
63575 63571
63551 63547
63577 63565
63513 63549
63563 63575
63597 63561
63563 63581
63533 63560
63588 63600
32305 32252
32321 32253
32268 32278
32289 32334
32275 32264
32252 32271
32332 32350
32318 32278
32277 32252
32323 32255
32281 32281
32264 32256
32286 32314
32260 32326
32347 32264
32259 32282
32256 32281
32284 32272
32279 32322
32317 32257
32254 32313
32259 32291
32286 32300
32251 32326
32255 32329
32304 32306
32275 32320
32317 32343
32324 32283
32310 32322
32337 32302
32274 32282
32324 32260
32261 32319
32328 32273
32278 32276
32336 32346
32265 32280
32301 32276
32277 32298
32312 32334
32321 32313
32279 32252
32318 32278
32343 32311
32330 32269
32301 32325
32333 32257
32336 32276
32318 32293
32340 32343
32276 32280
32280 32280
32279 32262
32331 32271
32337 32326
32299 32279
32334 32294
32300 32329
32282 32256
32281 32302
32340 32344
32313 32347
32315 32258
32255 32286
32284 32332
32251 32298
32304 32300
32284 32257
32317 32262
32286 32311
32297 32303
32299 32285
32333 32311
32341 32256
32301 32307
32263 32335
32289 32346
32315 32320
32267 32334
32327 32267
32253 32293
32301 32323
32253 32261
32 24
43 5
57 1
100 50
67 96
22 97
97 33
27 94
80 84
70 57
11 23
85 8
28 93
100 20
13 46
74 19
11 92
39 87
33 43
46 34
64 12
23 35
83 1
49 13
67 58
37 60
91 79
59 38
88 28
12 54
88 70
2 94
82 30
38 78
62 87
10 100
50 77
17 70
53 92
40 57
26 2
27 25
32 62
1 89
98 3
88 57
99 61
43 76
42 27
87 64
67 28
39 59
73 69
93 84
23 1
79 98
71 88
33 3
42 78
29 86
27 27
45 32
64 5
27 94
61 59
12 79
13 67
90 94
48 64
49 74
27 59
90 23
65 52
12 6
2 43
44 19
22 29
82 69
5 64
67 7
61 89
45 5
80 49
80 81
34 78
20 98
92 48
46 23
33 7
67 67
33 14
14 4
86 27
64 51
82 51
65 22
27 17
28 53
72 66
49 25
53 14
87 52
80 34
75 66
95 71
9 23
26 34
7 47
28 98
56 35
41 17
98 41
97 72
67 92
67 67
29 97
24 57
9 68
78 67
6 8
34 98
40 52
26 90
57 3
10 36
45 17
84 42
10 66
71 9
79 28
57 80
79 19
97 97
2 27
79 42
53 87
18 61
10 95
32 44
54 27
27 97
24 67
48 21
61 93
21 90
48 34
51 45
50 37
47 70
29 19
41 29
69 30
57 1
85 90
5 96
10 78
3 88
50 41
43 88
95 95
9 81
52 59
75 49
83 46
88 2
73 77
23 84
92 40
27 77
76 94
91 41
30 75
54 75
53 54
29 42
7 96
9 31
75 69
26 21
58 58
