# source: JorikJooken
# original path: jj_extract\knapsackProblemInstances-master\problemInstances\n_600_c_100000000_g_2_f_0.2_eps_0.0001_s_100\test.in
# optimal value: 50016271
# format: n capacity, then weight value
600 100000000
50010098 50010092
50010011 50010026
50010048 50010045
50010038 50010013
50010041 50010018
50010022 50010067
50010090 50010084
50010022 50010053
50010040 50010041
50010042 50010051
50010021 50010018
50010071 50010097
50010014 50010093
50010012 50010036
50010077 50010032
50010012 50010043
50010011 50010042
50010098 50010058
50010044 50010079
50010046 50010022
50010067 50010055
50010087 50010028
50010068 50010027
50010061 50010084
50010092 50010018
50010084 50010021
50010005 50010010
50010033 50010017
50010017 50010073
50010083 50010075
50010025 50010002
50010025 50010001
50010016 50010058
50010086 50010032
50010048 50010009
50010031 50010038
50010075 50010014
50010026 50010020
50010033 50010043
50010049 50010004
50010026 50010032
50010015 50010038
50010062 50010021
50010026 50010093
50010024 50010087
50010030 50010095
50010082 50010020
50010089 50010025
50010063 50010093
50010028 50010040
50010048 50010078
50010057 50010063
50010070 50010008
50010022 50010048
50010061 50010072
50010056 50010023
50010080 50010032
50010045 50010086
50010058 50010006
50010027 50010096
50010051 50010078
50010023 50010023
50010048 50010008
50010040 50010023
50010080 50010067
50010084 50010086
50010083 50010056
50010070 50010084
50010096 50010071
50010065 50010097
50010067 50010044
50010071 50010073
50010099 50010047
50010068 50010099
50010044 50010087
50010003 50010084
50010023 50010013
50010093 50010074
50010024 50010008
50010060 50010006
50010073 50010076
50010003 50010048
50010026 50010098
50010079 50010067
50010007 50010082
50010005 50010098
50010022 50010079
50010068 50010070
50010066 50010082
50010057 50010022
50010061 50010020
50010013 50010028
50010082 50010095
50010018 50010019
50010077 50010026
50010048 50010089
50010036 50010033
50010081 50010017
50010017 50010098
50010052 50010016
50010037 50010083
50010051 50010086
50010069 50010044
50010005 50010089
50010100 50010074
50010018 50010076
50010019 50010001
50010005 50010046
50010027 50010019
50010018 50010095
50010026 50010049
50010026 50010043
50010091 50010014
50010035 50010057
50010005 50010071
50010073 50010077
50010020 50010022
50010096 50010037
50010056 50010100
50010063 50010044
50010049 50010050
50010083 50010045
50010076 50010090
50010017 50010007
50010065 50010054
50010086 50010099
50010061 50010015
50010056 50010094
50010007 50010027
50010067 50010044
50010033 50010050
50010081 50010073
50010059 50010016
50010025 50010059
50010083 50010058
50010042 50010085
50010040 50010081
50010093 50010013
50010014 50010011
50010039 50010077
50010076 50010038
50010067 50010006
50010015 50010010
50010086 50010056
50010012 50010078
50010091 50010032
50010045 50010082
50010093 50010100
50010054 50010092
50010023 50010001
50010025 50010004
50010036 50010001
50010066 50010040
50010020 50010049
50010048 50010036
50010050 50010046
50010003 50010061
50010048 50010081
50010038 50010011
50010022 50010050
50010086 50010062
50010084 50010048
50010076 50010045
50010044 50010070
50010014 50010019
50010034 50010039
50010067 50010026
50010045 50010017
50010031 50010015
50010002 50010051
50010083 50010007
50010033 50010005
50010083 50010085
50010058 50010005
50010039 50010039
50010037 50010019
50010023 50010013
50010018 50010041
50010067 50010049
50010034 50010099
50010024 50010024
50010033 50010038
50010080 50010058
50010044 50010006
50010008 50010045
50010079 50010066
50010073 50010063
50010081 50010006
50010034 50010039
50010095 50010041
50010064 50010008
50010073 50010016
50010020 50010028
50010044 50010026
50010032 50010016
50010030 50010038
50010019 50010020
50010085 50010056
50010013 50010040
50010083 50010031
50010090 50010021
50010100 50010003
50010038 50010088
50010003 50010035
50010084 50010021
50010094 50010078
50010098 50010028
50010026 50010050
50010071 50010011
50010086 50010033
50010095 50010087
50010011 50010056
50010088 50010025
50010003 50010067
50010066 50010021
50010050 50010086
50010088 50010008
50010009 50010041
50010023 50010035
50010007 50010004
50010066 50010064
50010055 50010010
50010072 50010010
50010055 50010049
50010045 50010026
50010023 50010051
50010011 50010063
50010047 50010072
50010020 50010082
50010006 50010046
50010040 50010017
50010028 50010042
50010074 50010074
50010026 50010096
50010066 50010050
50010016 50010087
50010016 50010066
50010047 50010060
50010038 50010063
50010005 50010086
50010026 50010061
50010050 50010007
50010059 50010071
50010019 50010020
50010017 50010076
50010046 50010090
50010029 50010032
50010054 50010008
50010060 50010058
50010064 50010076
50010021 50010059
50010073 50010008
50010055 50010045
50010059 50010079
50010044 50010088
50010024 50010092
50010051 50010091
50010003 50010039
50010008 50010059
50010100 50010067
50010065 50010095
50010080 50010006
50010004 50010062
50010074 50010094
50010066 50010036
50010018 50010050
50010091 50010002
50010018 50010023
50010063 50010087
50010005 50010023
50010013 50010073
50010024 50010063
50010051 50010020
50010067 50010065
50010049 50010058
50010019 50010073
50010043 50010051
50010068 50010001
50010077 50010043
50010087 50010058
50010034 50010033
50010031 50010053
50010085 50010024
50010061 50010048
50010030 50010053
50010095 50010018
50010003 50010002
50010072 50010049
50010028 50010070
50010027 50010047
50010059 50010038
50010087 50010061
50010096 50010058
50010058 50010046
50010066 50010012
50010039 50010034
50010020 50010048
50010083 50010024
50010073 50010059
50010024 50010076
50010012 50010048
50010032 50010069
50010003 50010057
50010064 50010064
50010100 50010025
50010087 50010016
50010045 50010071
50010028 50010096
50010004 50010080
50010052 50010099
50010006 50010030
50010041 50010054
50010064 50010012
50010010 50010099
50010036 50010093
50010025 50010055
50010077 50010018
50010079 50010069
50010069 50010025
50010067 50010040
50010097 50010030
50010061 50010062
50010036 50010043
50010070 50010092
50010055 50010093
50010087 50010073
50010074 50010067
50010026 50010091
50010015 50010056
50010047 50010012
50010005 50010004
50010044 50010028
50010078 50010066
50010006 50010029
50010087 50010072
50010035 50010080
50010064 50010095
50010026 50010044
50010058 50010040
50010060 50010078
50010078 50010034
50010055 50010091
50010061 50010034
50010026 50010038
50010058 50010028
50010089 50010031
50010091 50010038
50010069 50010025
50010094 50010084
50010016 50010059
50010060 50010062
50010054 50010060
50010054 50010068
50010038 50010086
50010099 50010014
50010026 50010049
50010066 50010066
50010018 50010037
50010051 50010075
50010014 50010098
50010059 50010027
50010072 50010079
50010011 50010062
50010025 50010038
50010080 50010026
50010043 50010011
50010077 50010058
50010031 50010043
50010064 50010089
50010076 50010062
50010085 50010051
50010041 50010074
50010010 50010096
50010020 50010001
50010033 50010094
50010004 50010094
50010049 50010028
50010032 50010064
50010010 50010028
50010009 50010068
50010043 50010092
50010015 50010073
50010047 50010078
50010081 50010086
50010025 50010059
50010015 50010050
50010064 50010018
50010012 50010029
50010059 50010019
50010066 50010051
50010026 50010059
50010038 50010035
50010079 50010094
50010002 50010088
50010064 50010100
50010065 50010087
50010008 50010087
50010067 50010044
50010053 50010056
50010088 50010015
50010050 50010078
50010042 50010059
50010048 50010047
50010039 50010050
50010009 50010007
50010001 50010057
50010066 50010031
50010083 50010030
50010037 50010008
50010018 50010051
50010023 50010075
50010015 50010009
50010029 50010077
50010021 50010034
50010089 50010056
50010051 50010064
50010004 50010097
50010092 50010005
50010042 50010016
50010026 50010007
50010078 50010054
50010069 50010088
50010066 50010061
50010069 50010040
50010084 50010084
50010077 50010001
50010026 50010028
50010056 50010075
50010028 50010047
50010082 50010033
50010011 50010019
50010012 50010080
50010067 50010055
50010006 50010049
50010040 50010028
50010071 50010015
50010057 50010015
50010020 50010031
50010076 50010039
50010014 50010057
50010039 50010062
50010020 50010020
50010019 50010077
50010091 50010063
50010007 50010046
50010071 50010063
50010027 50010082
50010091 50010082
50010094 50010082
50010052 50010041
50010038 50010082
50010039 50010046
50010039 50010072
50010034 50010013
50010070 50010040
50010009 50010042
50010038 50010075
50010069 50010044
50010041 50010041
50010004 50010074
50010075 50010006
50010100 50010087
50010040 50010015
50010066 50010029
50010048 50010073
50010006 50010055
50010019 50010074
50010013 50010018
50010072 50010057
50010052 50010087
50010002 50010063
50010075 50010028
50010042 50010085
50010030 50010070
50010024 50010041
50010041 50010010
50010027 50010097
50010016 50010086
50010045 50010058
50010079 50010043
15 20
2 92
61 33
88 14
93 81
42 37
57 33
99 82
30 2
100 34
95 31
23 27
89 45
91 64
73 96
80 39
77 34
19 34
30 94
40 41
75 99
43 29
1 69
76 70
78 46
31 5
27 16
41 52
23 77
7 57
9 27
57 4
63 99
54 3
89 100
72 3
21 53
78 94
70 28
54 63
91 27
64 47
41 2
82 27
73 86
7 96
65 83
48 20
9 64
29 53
42 65
55 12
33 11
99 78
75 56
41 92
59 71
93 20
81 17
52 26
66 82
29 2
20 20
46 65
22 73
89 82
85 82
69 80
14 81
29 3
35 58
66 62
3 69
72 49
88 13
76 99
62 81
91 18
80 86
31 71
30 33
73 28
40 60
40 95
72 91
86 44
45 76
55 76
72 87
35 56
24 46
56 8
23 11
56 100
18 16
8 34
43 14
54 67
100 21
75 73
19 38
91 34
97 93
63 32
84 36
89 87
100 3
98 6
8 61
41 75
16 54
70 23
25 60
66 53
18 100
89 69
66 62
54 96
60 26
42 71
