# source: JorikJooken
# original path: jj_extract\knapsackProblemInstances-master\problemInstances\n_1000_c_100000000_g_2_f_0.2_eps_0.1_s_300\test.in
# optimal value: 60029830
# format: n capacity, then weight value
1000 100000000
60000015 60000130
60000284 60000285
60000090 60000099
60000210 60000279
60000157 60000097
60000129 60000190
60000246 60000012
60000152 60000265
60000280 60000183
60000062 60000087
60000191 60000195
60000071 60000239
60000035 60000194
60000097 60000136
60000215 60000013
60000206 60000143
60000055 60000253
60000229 60000263
60000171 60000168
60000031 60000294
60000087 60000097
60000284 60000275
60000274 60000269
60000120 60000169
60000219 60000213
60000274 60000213
60000216 60000020
60000220 60000057
60000247 60000233
60000185 60000193
60000064 60000028
60000114 60000074
60000273 60000242
60000181 60000298
60000167 60000210
60000078 60000159
60000114 60000032
60000118 60000287
60000206 60000272
60000058 60000245
60000181 60000006
60000174 60000193
60000188 60000109
60000047 60000291
60000202 60000125
60000184 60000003
60000242 60000091
60000214 60000210
60000054 60000047
60000282 60000158
60000293 60000116
60000152 60000018
60000102 60000225
60000242 60000013
60000031 60000217
60000289 60000238
60000119 60000158
60000174 60000093
60000046 60000297
60000294 60000091
60000007 60000075
60000165 60000130
60000076 60000184
60000113 60000237
60000106 60000207
60000010 60000254
60000248 60000044
60000179 60000027
60000133 60000141
60000068 60000287
60000148 60000056
60000009 60000192
60000100 60000018
60000262 60000200
60000243 60000155
60000217 60000031
60000050 60000266
60000261 60000108
60000015 60000188
60000224 60000003
60000137 60000154
60000097 60000107
60000037 60000246
60000295 60000185
60000096 60000223
60000169 60000246
60000299 60000126
60000046 60000225
60000229 60000272
60000160 60000015
60000050 60000017
60000258 60000014
60000096 60000143
60000033 60000246
60000017 60000217
60000181 60000172
60000277 60000144
60000112 60000055
60000231 60000010
60000264 60000024
60000295 60000158
60000221 60000005
60000264 60000249
60000199 60000212
60000123 60000099
60000273 60000086
60000236 60000194
60000234 60000064
60000232 60000129
60000111 60000232
60000122 60000278
60000158 60000174
60000098 60000075
60000152 60000217
60000229 60000196
60000163 60000066
60000250 60000245
60000273 60000185
60000136 60000153
60000199 60000004
60000110 60000261
60000180 60000139
60000155 60000262
60000258 60000102
60000166 60000116
60000007 60000112
60000192 60000252
60000299 60000115
60000109 60000192
60000055 60000164
60000182 60000177
60000044 60000024
60000026 60000213
60000300 60000255
60000233 60000054
60000180 60000046
60000233 60000079
60000057 60000289
60000160 60000130
60000073 60000219
60000215 60000215
60000148 60000022
60000215 60000004
60000027 60000027
60000088 60000238
60000153 60000028
60000276 60000021
60000125 60000267
60000260 60000256
60000174 60000088
60000258 60000295
60000292 60000199
60000250 60000066
60000005 60000233
60000067 60000004
60000044 60000237
60000235 60000231
60000166 60000213
60000263 60000179
60000120 60000107
60000217 60000041
60000045 60000143
60000105 60000066
60000153 60000083
60000141 60000068
60000023 60000169
60000272 60000118
60000205 60000145
60000068 60000267
60000060 60000219
60000252 60000125
60000021 60000246
60000142 60000110
60000154 60000092
60000165 60000096
60000248 60000021
60000125 60000165
60000006 60000085
60000211 60000077
60000176 60000031
60000093 60000226
60000159 60000071
60000151 60000076
60000111 60000102
60000202 60000019
60000119 60000159
60000286 60000135
60000004 60000057
60000110 60000183
60000193 60000007
60000284 60000113
60000297 60000294
60000283 60000140
60000211 60000022
60000003 60000204
60000181 60000185
60000237 60000040
60000095 60000238
60000241 60000191
60000194 60000218
60000045 60000038
60000214 60000160
60000152 60000231
60000106 60000070
60000075 60000197
60000089 60000041
60000041 60000084
60000074 60000032
60000230 60000107
60000182 60000046
60000024 60000131
60000028 60000218
60000079 60000122
60000048 60000105
60000292 60000135
60000177 60000085
60000015 60000239
60000158 60000109
60000180 60000225
60000049 60000182
60000240 60000184
60000101 60000006
60000083 60000078
60000269 60000034
60000154 60000108
60000100 60000143
60000204 60000046
60000005 60000130
60000121 60000144
60000239 60000116
60000173 60000119
60000148 60000077
60000109 60000266
60000136 60000011
60000134 60000096
60000180 60000227
60000202 60000297
60000073 60000151
60000020 60000035
60000237 60000188
60000106 60000120
60000209 60000146
60000136 60000258
60000183 60000050
60000040 60000132
60000144 60000206
60000037 60000219
60000086 60000183
60000028 60000207
60000127 60000285
60000196 60000070
60000162 60000102
60000196 60000210
60000249 60000133
60000072 60000284
60000125 60000091
60000167 60000219
60000133 60000203
60000233 60000177
60000227 60000076
60000015 60000043
60000064 60000054
60000206 60000127
60000030 60000275
60000251 60000006
60000114 60000265
60000093 60000272
60000026 60000270
60000055 60000062
60000191 60000078
60000250 60000125
60000093 60000256
60000127 60000172
60000111 60000136
60000108 60000084
60000162 60000075
60000289 60000039
60000219 60000191
60000081 60000243
60000022 60000274
60000038 60000258
60000296 60000152
60000104 60000223
60000085 60000204
60000227 60000248
60000267 60000131
60000147 60000021
60000142 60000259
60000188 60000129
60000252 60000058
60000225 60000235
60000132 60000012
60000101 60000265
60000131 60000127
60000269 60000193
60000065 60000250
60000083 60000244
60000082 60000190
60000210 60000073
60000087 60000157
60000274 60000227
60000161 60000161
60000120 60000277
60000214 60000238
60000243 60000242
60000079 60000029
60000127 60000268
60000060 60000196
60000031 60000084
60000284 60000263
60000238 60000261
60000238 60000160
60000194 60000044
60000168 60000129
60000199 60000039
60000291 60000276
60000099 60000074
60000206 60000096
60000020 60000220
60000071 60000029
60000291 60000198
60000040 60000275
60000277 60000181
60000071 60000215
60000293 60000074
60000124 60000082
60000078 60000016
60000276 60000249
60000267 60000171
60000252 60000196
60000268 60000122
60000282 60000081
60000116 60000238
60000105 60000278
60000028 60000123
60000026 60000270
60000129 60000033
60000292 60000199
60000276 60000233
60000249 60000123
60000272 60000072
60000191 60000068
60000200 60000182
60000228 60000219
60000294 60000134
60000165 60000017
60000100 60000068
60000095 60000177
60000295 60000138
60000287 60000028
60000084 60000293
60000080 60000016
60000154 60000150
60000046 60000147
60000220 60000181
60000170 60000203
60000247 60000207
60000051 60000103
60000033 60000065
60000115 60000004
60000011 60000015
60000037 60000204
60000178 60000008
60000289 60000037
60000013 60000171
60000263 60000294
60000169 60000114
60000179 60000034
60000003 60000077
60000189 60000141
60000251 60000013
60000191 60000300
60000244 60000238
60000162 60000152
60000247 60000282
60000241 60000277
60000130 60000172
60000263 60000222
60000134 60000210
60000138 60000154
60000052 60000011
60000197 60000061
60000048 60000261
60000020 60000189
60000173 60000229
60000231 60000071
60000197 60000287
60000153 60000040
60000005 60000133
60000017 60000042
60000180 60000208
60000135 60000243
60000185 60000049
60000210 60000085
60000125 60000089
60000085 60000279
60000157 60000125
60000034 60000288
60000085 60000043
60000273 60000186
60000226 60000201
60000063 60000246
60000251 60000271
60000274 60000012
60000272 60000197
60000094 60000186
60000026 60000129
60000015 60000092
60000060 60000261
60000138 60000200
60000001 60000222
60000138 60000186
60000097 60000082
60000131 60000174
60000103 60000020
60000212 60000054
60000025 60000139
60000153 60000035
60000267 60000006
60000035 60000001
60000153 60000146
60000134 60000111
60000105 60000022
60000276 60000107
60000065 60000213
60000044 60000140
60000176 60000232
60000003 60000238
60000042 60000221
60000148 60000209
60000206 60000195
60000290 60000150
60000078 60000248
60000210 60000101
60000030 60000205
60000273 60000051
60000102 60000004
60000231 60000194
60000119 60000190
60000120 60000110
60000154 60000208
60000045 60000042
60000121 60000129
60000018 60000122
60000260 60000243
60000137 60000216
60000082 60000166
60000097 60000264
60000037 60000007
60000114 60000291
60000250 60000034
60000025 60000100
60000165 60000066
60000114 60000280
60000131 60000012
60000155 60000245
60000008 60000214
60000049 60000068
60000083 60000222
60000060 60000290
60000164 60000139
60000272 60000196
60000157 60000056
60000010 60000217
60000065 60000142
60000165 60000222
60000110 60000003
60000262 60000249
60000094 60000188
60000126 60000195
60000097 60000052
60000015 60000156
60000004 60000212
60000177 60000126
60000131 60000024
60000283 60000172
60000174 60000104
60000059 60000260
60000083 60000094
60000166 60000140
60000246 60000258
60000286 60000039
60000196 60000206
60000249 60000187
60000090 60000124
60000001 60000283
60000257 60000210
60000288 60000252
60000069 60000091
60000067 60000179
60000285 60000161
60000115 60000129
60000080 60000010
60000102 60000233
60000299 60000146
60000284 60000001
60000175 60000278
60000067 60000145
60000284 60000270
60000198 60000268
60000093 60000113
60000098 60000021
60000256 60000164
60000049 60000127
60000242 60000029
60000199 60000030
60000095 60000185
60000159 60000240
60000122 60000127
60000192 60000082
60000023 60000185
60000162 60000095
60000193 60000056
60000137 60000004
60000172 60000045
60000020 60000223
60000005 60000116
60000018 60000094
60000241 60000070
60000142 60000004
60000211 60000040
60000134 60000191
60000085 60000290
60000236 60000300
60000204 60000261
60000246 60000028
60000184 60000065
60000255 60000230
60000176 60000119
60000253 60000258
60000282 60000072
60000056 60000291
60000138 60000111
60000161 60000282
60000083 60000253
60000062 60000276
60000183 60000144
60000087 60000261
60000003 60000133
60000003 60000014
60000166 60000255
60000026 60000189
60000032 60000125
60000200 60000196
60000025 60000090
60000278 60000234
60000073 60000209
60000154 60000138
60000273 60000021
60000137 60000220
60000136 60000075
60000119 60000223
60000035 60000241
60000149 60000233
60000183 60000057
60000181 60000061
60000001 60000259
60000162 60000056
60000053 60000059
60000083 60000268
60000161 60000246
60000042 60000106
60000280 60000082
60000085 60000181
60000028 60000065
60000127 60000127
60000127 60000227
60000267 60000186
60000282 60000185
60000179 60000241
60000146 60000239
60000014 60000227
60000143 60000129
60000195 60000231
60000112 60000164
60000049 60000208
60000283 60000216
60000084 60000142
60000132 60000197
60000146 60000151
60000128 60000008
60000231 60000277
60000056 60000296
60000285 60000167
60000025 60000164
60000065 60000238
60000017 60000175
60000030 60000068
60000074 60000010
60000064 60000165
60000020 60000007
60000131 60000182
60000174 60000113
60000138 60000047
60000126 60000008
60000268 60000297
60000165 60000165
60000031 60000040
60000059 60000271
60000235 60000149
60000237 60000258
60000048 60000247
60000121 60000289
60000076 60000043
60000101 60000291
60000070 60000239
60000239 60000013
60000239 60000271
60000169 60000011
60000068 60000082
60000238 60000298
60000090 60000154
60000160 60000262
60000272 60000034
60000013 60000208
60000285 60000265
60000194 60000197
60000003 60000282
60000035 60000211
60000297 60000030
60000035 60000177
60000149 60000264
60000126 60000152
60000178 60000180
60000024 60000177
60000071 60000130
60000280 60000300
60000166 60000232
60000186 60000247
60000195 60000198
60000281 60000044
60000222 60000156
60000247 60000143
60000169 60000153
60000244 60000175
60000005 60000025
60000152 60000103
60000009 60000025
60000181 60000257
60000178 60000117
60000203 60000078
60000235 60000176
60000248 60000028
60000190 60000155
60000130 60000269
60000174 60000037
60000192 60000159
60000189 60000194
60000257 60000193
60000175 60000222
60000220 60000278
60000183 60000116
60000167 60000249
60000015 60000113
60000012 60000228
60000122 60000197
60000134 60000261
60000102 60000161
60000297 60000083
60000118 60000139
60000213 60000099
60000235 60000222
60000075 60000004
60000296 60000159
60000022 60000095
60000280 60000153
60000181 60000085
60000200 60000183
60000204 60000187
60000089 60000237
60000071 60000044
60000194 60000212
60000170 60000186
60000077 60000076
60000024 60000124
60000169 60000275
60000144 60000033
60000176 60000121
60000053 60000288
60000101 60000018
60000248 60000179
60000250 60000146
60000284 60000265
60000055 60000009
60000036 60000237
60000102 60000127
60000134 60000017
60000242 60000179
60000068 60000084
60000055 60000297
60000017 60000162
60000001 60000126
60000294 60000123
60000231 60000016
60000106 60000229
60000195 60000148
60000224 60000071
60000292 60000292
60000179 60000280
60000058 60000144
60000006 60000291
60000245 60000032
60000180 60000246
60000103 60000198
60000236 60000233
60000143 60000161
60000051 60000211
60000038 60000038
60000144 60000102
60000194 60000253
60000226 60000170
60000152 60000181
60000182 60000047
60000150 60000163
60000180 60000220
60000034 60000023
60000243 60000025
60000290 60000101
60000266 60000286
60000097 60000175
60000240 60000048
60000224 60000098
60000112 60000289
60000059 60000297
60000133 60000212
60000020 60000102
60000280 60000021
60000216 60000061
60000186 60000263
60000097 60000236
60000249 60000133
60000299 60000123
60000131 60000181
60000138 60000239
60000246 60000130
60000243 60000166
60000017 60000146
60000057 60000207
60000132 60000299
60000167 60000092
60000120 60000016
60000271 60000051
60000166 60000212
60000180 60000177
60000087 60000091
60000105 60000263
60000134 60000268
60000295 60000275
60000142 60000006
60000224 60000007
60000027 60000292
60000040 60000005
60000172 60000220
60000286 60000206
60000114 60000224
60000252 60000201
60000169 60000299
60000146 60000194
60000272 60000246
60000167 60000025
60000225 60000252
60000088 60000247
60000066 60000019
60000058 60000044
60000038 60000139
60000266 60000078
60000023 60000209
60000154 60000141
60000173 60000058
60000084 60000130
60000166 60000237
60000192 60000078
60000250 60000225
60000047 60000290
60000044 60000019
60000263 60000083
60000083 60000058
60000211 60000292
60000092 60000261
60000081 60000173
60000246 60000226
60000227 60000214
60000256 60000056
60000203 60000195
60000181 60000150
60000006 60000077
60000113 60000117
60000235 60000173
60000163 60000136
60000089 60000289
60000003 60000197
60000163 60000019
60000193 60000042
60000220 60000194
60000058 60000254
60000239 60000119
60000234 60000224
60000254 60000163
60000207 60000134
60000285 60000152
50 217
59 32
264 121
214 223
64 252
139 46
150 100
241 1
203 134
19 14
189 100
192 160
104 265
58 69
199 26
240 134
13 67
240 117
76 73
244 208
90 261
237 27
13 82
277 185
215 120
205 37
34 50
51 158
97 202
128 222
137 42
244 140
119 9
114 226
141 228
85 110
262 281
88 3
261 205
228 58
189 200
36 113
174 113
26 144
153 290
223 198
4 206
12 274
59 226
249 227
261 115
141 198
29 132
127 174
103 174
155 51
252 286
11 159
16 175
173 222
25 70
189 55
139 220
196 140
163 193
170 175
17 170
161 241
31 3
19 213
223 268
31 219
227 154
177 115
178 9
104 239
300 187
185 154
249 107
240 61
129 170
269 162
80 143
60 39
110 295
172 125
103 82
1 181
225 187
251 113
152 45
169 183
198 267
20 47
167 43
22 221
175 280
137 18
269 259
121 54
243 173
142 48
199 242
298 129
55 178
152 172
73 282
212 159
160 281
41 268
239 174
171 197
197 95
146 137
41 129
158 119
243 25
28 107
147 176
141 1
16 156
64 62
200 105
7 217
253 184
290 233
170 253
82 44
186 140
186 40
153 121
145 130
190 147
154 60
75 259
185 246
100 170
49 294
150 153
214 35
263 296
234 200
277 137
208 258
132 46
160 51
117 47
53 231
93 96
23 277
47 194
91 95
131 184
38 131
88 257
210 249
145 293
134 127
230 47
68 151
36 163
161 18
189 181
270 266
243 297
156 140
50 66
273 70
202 19
279 195
203 249
235 259
95 109
234 84
104 137
70 2
195 16
211 96
119 94
237 132
128 109
198 114
233 52
83 6
223 280
296 125
266 90
273 153
168 97
37 40
53 267
18 91
215 49
157 213
110 237
279 197
66 150
145 253
99 215
58 102
