# source: JorikJooken
# original path: jj_extract\knapsackProblemInstances-master\problemInstances\n_600_c_10000000000_g_2_f_0.1_eps_0.001_s_300\test.in
# optimal value: 5010009751
# format: n capacity, then weight value
600 10000000000
5010000250 5010000114
5010000114 5010000221
5010000240 5010000085
5010000279 5010000198
5010000086 5010000025
5010000175 5010000144
5010000139 5010000090
5010000104 5010000056
5010000116 5010000282
5010000086 5010000247
5010000114 5010000209
5010000144 5010000202
5010000214 5010000007
5010000055 5010000071
5010000266 5010000227
5010000145 5010000276
5010000052 5010000149
5010000013 5010000141
5010000049 5010000104
5010000009 5010000093
5010000084 5010000173
5010000011 5010000230
5010000236 5010000128
5010000124 5010000260
5010000110 5010000204
5010000167 5010000200
5010000094 5010000173
5010000285 5010000224
5010000291 5010000288
5010000193 5010000187
5010000188 5010000190
5010000266 5010000026
5010000139 5010000105
5010000084 5010000010
5010000146 5010000041
5010000225 5010000098
5010000154 5010000135
5010000007 5010000104
5010000076 5010000167
5010000106 5010000183
5010000161 5010000277
5010000045 5010000152
5010000023 5010000009
5010000019 5010000277
5010000150 5010000032
5010000225 5010000284
5010000278 5010000089
5010000288 5010000079
5010000277 5010000064
5010000115 5010000238
5010000034 5010000101
5010000227 5010000052
5010000217 5010000145
5010000079 5010000137
5010000001 5010000216
5010000137 5010000253
5010000280 5010000277
5010000271 5010000212
5010000064 5010000297
5010000047 5010000269
5010000015 5010000190
5010000004 5010000237
5010000244 5010000008
5010000070 5010000047
5010000298 5010000062
5010000028 5010000027
5010000038 5010000118
5010000090 5010000162
5010000103 5010000225
5010000127 5010000231
5010000235 5010000079
5010000146 5010000254
5010000156 5010000228
5010000176 5010000043
5010000087 5010000182
5010000029 5010000150
5010000139 5010000174
5010000253 5010000152
5010000271 5010000135
5010000028 5010000206
5010000244 5010000209
5010000282 5010000004
5010000012 5010000112
5010000246 5010000040
5010000213 5010000063
5010000203 5010000117
5010000117 5010000183
5010000093 5010000074
5010000228 5010000276
5010000189 5010000217
5010000218 5010000126
5010000025 5010000187
5010000245 5010000110
5010000281 5010000043
5010000263 5010000004
5010000253 5010000250
5010000240 5010000100
5010000095 5010000299
5010000105 5010000249
5010000276 5010000150
5010000016 5010000177
5010000289 5010000043
5010000113 5010000261
5010000119 5010000221
5010000263 5010000150
5010000100 5010000045
5010000152 5010000040
5010000163 5010000300
5010000065 5010000138
5010000139 5010000088
5010000253 5010000029
5010000020 5010000042
5010000284 5010000068
5010000201 5010000149
5010000261 5010000087
5010000248 5010000188
5010000013 5010000171
5010000031 5010000228
5010000214 5010000177
5010000041 5010000220
5010000209 5010000096
5010000226 5010000064
5010000274 5010000073
5010000236 5010000269
5010000018 5010000182
5010000218 5010000200
5010000077 5010000141
5010000157 5010000033
5010000061 5010000107
5010000154 5010000090
5010000086 5010000178
5010000152 5010000188
5010000065 5010000102
5010000138 5010000189
5010000270 5010000186
5010000233 5010000019
5010000187 5010000243
5010000269 5010000113
5010000101 5010000048
5010000018 5010000182
5010000186 5010000206
5010000189 5010000264
5010000109 5010000001
5010000194 5010000027
5010000128 5010000223
5010000105 5010000115
5010000032 5010000269
5010000284 5010000298
5010000251 5010000131
5010000298 5010000204
5010000024 5010000127
5010000237 5010000259
5010000031 5010000272
5010000118 5010000210
5010000190 5010000076
5010000127 5010000186
5010000162 5010000170
5010000079 5010000218
5010000001 5010000071
5010000213 5010000041
5010000244 5010000142
5010000198 5010000104
5010000243 5010000109
5010000111 5010000216
5010000091 5010000292
5010000097 5010000278
5010000290 5010000269
5010000239 5010000036
5010000224 5010000058
5010000131 5010000172
5010000182 5010000259
5010000070 5010000118
5010000099 5010000277
5010000223 5010000079
5010000018 5010000201
5010000133 5010000177
5010000070 5010000003
5010000022 5010000126
5010000020 5010000150
5010000024 5010000214
5010000083 5010000001
5010000261 5010000034
5010000262 5010000140
5010000190 5010000105
5010000293 5010000111
5010000275 5010000155
5010000007 5010000041
5010000141 5010000079
5010000031 5010000167
5010000278 5010000045
5010000209 5010000132
5010000205 5010000195
5010000265 5010000047
5010000053 5010000280
5010000054 5010000072
5010000179 5010000271
5010000144 5010000096
5010000228 5010000128
5010000250 5010000033
5010000259 5010000062
5010000137 5010000069
5010000225 5010000186
5010000161 5010000156
5010000258 5010000148
5010000253 5010000044
5010000208 5010000251
5010000245 5010000073
5010000128 5010000126
5010000055 5010000298
5010000140 5010000123
5010000174 5010000128
5010000261 5010000077
5010000205 5010000147
5010000235 5010000283
5010000135 5010000180
5010000223 5010000155
5010000206 5010000202
5010000008 5010000244
5010000197 5010000158
5010000219 5010000092
5010000275 5010000255
5010000130 5010000199
5010000258 5010000052
5010000120 5010000175
5010000213 5010000165
5010000205 5010000098
5010000186 5010000224
5010000251 5010000137
5010000247 5010000285
5010000085 5010000135
5010000095 5010000015
5010000202 5010000162
5010000128 5010000109
5010000030 5010000057
5010000015 5010000146
5010000172 5010000177
5010000005 5010000040
5010000036 5010000063
5010000217 5010000154
5010000085 5010000111
5010000123 5010000120
5010000211 5010000250
5010000092 5010000084
5010000139 5010000035
5010000067 5010000204
5010000165 5010000211
5010000061 5010000268
5010000186 5010000114
5010000047 5010000139
5010000124 5010000006
5010000147 5010000070
5010000049 5010000061
5010000005 5010000067
5010000050 5010000049
5010000004 5010000109
5010000247 5010000223
5010000252 5010000078
5010000293 5010000265
5010000116 5010000237
5010000183 5010000025
5010000156 5010000266
5010000099 5010000199
5010000300 5010000194
5010000140 5010000085
5010000196 5010000099
5010000262 5010000058
5010000141 5010000021
5010000134 5010000267
5010000095 5010000281
5010000059 5010000215
5010000206 5010000263
5010000050 5010000161
5010000019 5010000229
5010000083 5010000094
5010000105 5010000071
5010000076 5010000280
5010000244 5010000108
5010000179 5010000014
5010000238 5010000213
5010000282 5010000199
5010000199 5010000119
5010000009 5010000027
5010000141 5010000009
5010000013 5010000160
5010000152 5010000045
5010000077 5010000235
5010000263 5010000037
5010000154 5010000110
5010000141 5010000020
5010000055 5010000083
5010000136 5010000206
5010000001 5010000163
5010000172 5010000054
5010000170 5010000252
5010000138 5010000011
5010000008 5010000079
5010000242 5010000002
5010000019 5010000103
5010000108 5010000114
5010000061 5010000179
5010000087 5010000194
5010000280 5010000278
5010000005 5010000162
5010000220 5010000060
5010000272 5010000196
5010000040 5010000018
5010000037 5010000056
5010000162 5010000196
5010000106 5010000192
5010000070 5010000195
5010000162 5010000004
5010000103 5010000199
5010000299 5010000135
5010000059 5010000185
5010000282 5010000253
5010000150 5010000190
5010000147 5010000116
5010000050 5010000108
5010000191 5010000075
5010000031 5010000056
5010000109 5010000060
5010000240 5010000183
5010000182 5010000217
5010000061 5010000290
5010000292 5010000132
5010000093 5010000105
5010000208 5010000155
5010000022 5010000286
5010000224 5010000272
5010000150 5010000285
5010000171 5010000090
5010000045 5010000119
5010000160 5010000109
5010000165 5010000268
5010000238 5010000294
5010000100 5010000283
5010000216 5010000069
5010000270 5010000017
5010000251 5010000035
5010000183 5010000197
5010000174 5010000025
5010000024 5010000108
5010000145 5010000080
5010000158 5010000053
5010000274 5010000013
5010000176 5010000097
5010000153 5010000004
5010000059 5010000253
5010000222 5010000203
5010000022 5010000299
5010000091 5010000164
5010000025 5010000273
5010000034 5010000060
5010000013 5010000032
5010000101 5010000217
5010000204 5010000107
5010000115 5010000239
5010000219 5010000296
5010000205 5010000116
5010000236 5010000184
5010000264 5010000083
5010000057 5010000176
5010000068 5010000105
5010000096 5010000112
5010000088 5010000192
5010000087 5010000186
5010000157 5010000268
5010000235 5010000276
5010000093 5010000044
5010000248 5010000198
5010000010 5010000060
5010000056 5010000152
5010000171 5010000085
5010000018 5010000007
5010000073 5010000010
5010000044 5010000256
5010000273 5010000294
5010000170 5010000136
5010000025 5010000179
5010000045 5010000238
5010000238 5010000277
5010000144 5010000134
5010000134 5010000072
5010000280 5010000184
5010000102 5010000175
5010000122 5010000196
5010000164 5010000201
5010000236 5010000218
5010000061 5010000134
5010000147 5010000058
5010000137 5010000168
5010000295 5010000201
5010000238 5010000038
5010000049 5010000132
5010000097 5010000258
5010000228 5010000111
5010000044 5010000131
5010000106 5010000101
5010000049 5010000013
5010000300 5010000013
5010000043 5010000126
5010000089 5010000291
5010000149 5010000196
5010000167 5010000079
5010000186 5010000061
5010000268 5010000223
5010000245 5010000169
5010000191 5010000005
5010000079 5010000056
5010000077 5010000211
5010000186 5010000199
5010000279 5010000103
5010000024 5010000033
5010000042 5010000267
5010000266 5010000270
5010000101 5010000015
5010000169 5010000032
5010000120 5010000162
5010000173 5010000057
5010000229 5010000267
5010000009 5010000117
5010000099 5010000184
5010000058 5010000172
5010000092 5010000270
5010000218 5010000069
5010000065 5010000280
5010000109 5010000024
5010000167 5010000245
5010000230 5010000066
5010000001 5010000027
5010000227 5010000176
5010000051 5010000262
5010000166 5010000247
5010000117 5010000108
5010000004 5010000120
5010000003 5010000058
5010000050 5010000020
5010000278 5010000218
5010000044 5010000033
5010000300 5010000180
5010000166 5010000221
5010000232 5010000283
5010000083 5010000086
5010000094 5010000290
5010000255 5010000047
5010000207 5010000063
5010000182 5010000142
5010000300 5010000244
5010000013 5010000296
5010000255 5010000123
5010000214 5010000163
5010000158 5010000066
5010000139 5010000054
5010000085 5010000025
5010000192 5010000243
5010000223 5010000096
5010000267 5010000154
5010000089 5010000198
5010000292 5010000263
5010000291 5010000226
5010000041 5010000114
5010000008 5010000024
5010000210 5010000014
5010000248 5010000118
5010000196 5010000027
5010000001 5010000092
5010000056 5010000077
5010000296 5010000236
5010000173 5010000159
5010000133 5010000267
5010000021 5010000005
5010000296 5010000223
5010000206 5010000080
5010000287 5010000237
5010000191 5010000025
5010000215 5010000118
5010000186 5010000289
5010000047 5010000187
5010000007 5010000039
5010000220 5010000235
5010000226 5010000091
5010000107 5010000158
5010000282 5010000118
5010000253 5010000225
5010000246 5010000274
5010000173 5010000129
5010000116 5010000246
5010000118 5010000221
5010000136 5010000223
5010000164 5010000030
5010000099 5010000243
5010000258 5010000203
5010000267 5010000152
5010000177 5010000079
5010000114 5010000266
5010000226 5010000124
5010000034 5010000179
5010000251 5010000063
5010000272 5010000152
5010000236 5010000069
5010000119 5010000286
5010000199 5010000245
5010000059 5010000176
5010000280 5010000018
5010000269 5010000199
5010000029 5010000208
5010000275 5010000246
5010000165 5010000078
5010000010 5010000211
5010000168 5010000227
5010000209 5010000076
5010000091 5010000171
5010000206 5010000296
5010000144 5010000092
5010000208 5010000278
5010000265 5010000274
5010000227 5010000110
5010000254 5010000110
5010000006 5010000145
5010000298 5010000295
5010000233 5010000106
5010000021 5010000136
5010000113 5010000006
5010000013 5010000111
5010000225 5010000116
5010000139 5010000200
5010000266 5010000135
5010000236 5010000162
5010000029 5010000124
5010000023 5010000154
5010000132 5010000030
5010000232 5010000139
5010000095 5010000034
5010000298 5010000077
5010000042 5010000013
5010000027 5010000180
5010000078 5010000247
5010000298 5010000137
5010000052 5010000185
5010000248 5010000165
69 50
38 298
155 94
206 265
231 264
65 40
259 76
11 100
225 231
290 185
128 55
77 61
255 168
179 255
44 151
36 119
296 227
134 113
144 127
134 268
300 159
59 36
99 101
5 271
243 283
123 215
103 78
9 161
65 231
76 135
17 111
65 198
47 245
79 77
272 243
45 285
104 195
196 168
137 277
284 90
191 76
92 150
241 72
28 268
48 207
47 202
21 63
213 239
14 63
68 47
36 250
9 69
257 94
191 128
212 96
215 5
115 296
283 94
38 136
233 190
