# source: JorikJooken
# original path: jj_extract\knapsackProblemInstances-master\problemInstances\n_600_c_100000000_g_10_f_0.3_eps_0.1_s_200\test.in
# optimal value: 99981327
# format: n capacity, then weight value
600 100000000
60000104 60000105
60000160 60000026
60000186 60000023
60000040 60000109
60000030 60000105
60000029 60000199
60000111 60000125
60000068 60000112
60000127 60000014
60000179 60000119
60000020 60000102
60000161 60000157
60000174 60000154
60000145 60000134
60000118 60000154
60000081 60000079
60000078 60000139
60000119 60000056
60000071 60000136
60000199 60000019
60000130 60000020
60000049 60000119
60000113 60000142
60000097 60000029
60000009 60000054
60000082 60000138
60000080 60000077
60000121 60000195
60000075 60000106
60000183 60000127
60000108 60000069
60000053 60000045
60000050 60000095
60000073 60000013
60000003 60000188
60000042 60000118
60000162 60000181
60000148 60000164
60000183 60000133
60000028 60000024
60000074 60000116
60000162 60000087
60000131 60000182
60000131 60000120
60000146 60000004
60000036 60000101
35000031 35000156
35000121 35000168
35000135 35000049
35000085 35000193
35000090 35000011
35000181 35000012
35000026 35000147
35000056 35000173
35000113 35000025
35000034 35000141
35000119 35000180
35000122 35000180
35000004 35000113
35000087 35000021
35000041 35000091
35000147 35000051
35000091 35000003
35000110 35000086
35000119 35000150
35000107 35000044
35000150 35000028
35000085 35000106
35000183 35000046
35000067 35000110
35000092 35000143
35000193 35000173
35000024 35000149
35000067 35000092
35000122 35000030
35000098 35000124
35000065 35000151
35000018 35000010
35000095 35000051
35000014 35000160
35000180 35000155
35000185 35000071
35000001 35000200
35000076 35000053
35000111 35000105
35000139 35000099
35000047 35000195
35000135 35000054
35000075 35000121
35000028 35000060
35000070 35000050
35000139 35000030
22500170 22500022
22500149 22500113
22500114 22500136
22500165 22500200
22500002 22500043
22500171 22500196
22500073 22500141
22500086 22500200
22500112 22500065
22500129 22500001
22500197 22500181
22500029 22500101
22500015 22500099
22500024 22500019
22500072 22500117
22500109 22500046
22500169 22500183
22500176 22500055
22500014 22500129
22500086 22500056
22500073 22500134
22500126 22500098
22500117 22500113
22500159 22500003
22500165 22500045
22500159 22500043
22500069 22500164
22500084 22500049
22500008 22500185
22500009 22500093
22500090 22500053
22500108 22500192
22500095 22500173
22500200 22500194
22500129 22500148
22500128 22500138
22500179 22500019
22500175 22500027
22500031 22500102
22500060 22500186
22500176 22500157
22500139 22500138
22500012 22500011
22500128 22500140
22500128 22500129
22500140 22500192
16250061 16250014
16250139 16250095
16250033 16250098
16250084 16250177
16250122 16250129
16250049 16250050
16250199 16250081
16250176 16250049
16250166 16250149
16250039 16250174
16250066 16250142
16250030 16250129
16250113 16250099
16250190 16250076
16250183 16250133
16250146 16250114
16250060 16250019
16250101 16250038
16250177 16250122
16250113 16250032
16250173 16250081
16250096 16250042
16250193 16250182
16250147 16250029
16250177 16250179
16250180 16250117
16250009 16250148
16250065 16250159
16250191 16250127
16250026 16250099
16250026 16250008
16250132 16250067
16250017 16250137
16250144 16250186
16250001 16250138
16250026 16250138
16250033 16250052
16250109 16250125
16250054 16250127
16250016 16250147
16250054 16250153
16250122 16250188
16250049 16250116
16250105 16250193
16250037 16250054
16250052 16250003
13125156 13125114
13125029 13125146
13125197 13125181
13125168 13125167
13125107 13125106
13125047 13125184
13125009 13125030
13125198 13125097
13125120 13125004
13125140 13125199
13125044 13125171
13125094 13125035
13125161 13125157
13125028 13125112
13125168 13125139
13125077 13125040
13125123 13125124
13125166 13125195
13125077 13125160
13125051 13125061
13125053 13125168
13125112 13125048
13125099 13125038
13125181 13125148
13125136 13125186
13125142 13125184
13125200 13125102
13125095 13125119
13125092 13125057
13125074 13125073
13125035 13125169
13125194 13125136
13125136 13125107
13125131 13125197
13125021 13125038
13125185 13125084
13125182 13125180
13125192 13125010
13125023 13125172
13125029 13125158
13125136 13125167
13125125 13125130
13125119 13125168
13125116 13125142
13125083 13125100
13125194 13125159
11562680 11562688
11562602 11562534
11562635 11562522
11562588 11562633
11562567 11562619
11562536 11562569
11562508 11562616
11562683 11562686
11562621 11562569
11562598 11562530
11562676 11562634
11562657 11562591
11562531 11562562
11562546 11562583
11562544 11562605
11562541 11562577
11562544 11562593
11562558 11562513
11562603 11562637
11562627 11562600
11562565 11562564
11562605 11562600
11562632 11562510
11562653 11562519
11562509 11562671
11562526 11562676
11562689 11562691
11562578 11562665
11562519 11562545
11562612 11562688
11562596 11562570
11562690 11562542
11562512 11562693
11562609 11562575
11562640 11562593
11562542 11562568
11562639 11562679
11562580 11562648
11562690 11562529
11562581 11562562
11562573 11562580
11562630 11562650
11562628 11562627
11562697 11562688
11562658 11562639
11562510 11562633
10781301 10781425
10781334 10781414
10781433 10781384
10781282 10781436
10781309 10781394
10781399 10781311
10781418 10781369
10781403 10781256
10781351 10781378
10781412 10781276
10781321 10781344
10781436 10781388
10781262 10781357
10781252 10781431
10781336 10781309
10781371 10781307
10781402 10781279
10781314 10781322
10781438 10781343
10781284 10781448
10781283 10781430
10781254 10781266
10781443 10781370
10781260 10781421
10781382 10781280
10781325 10781384
10781365 10781350
10781326 10781360
10781273 10781444
10781379 10781341
10781374 10781283
10781382 10781429
10781253 10781392
10781330 10781365
10781338 10781410
10781347 10781432
10781289 10781419
10781371 10781252
10781347 10781430
10781264 10781267
10781426 10781434
10781314 10781313
10781348 10781292
10781337 10781393
10781258 10781349
10781285 10781446
10390819 10390700
10390687 10390667
10390739 10390640
10390767 10390743
10390817 10390757
10390649 10390651
10390740 10390697
10390632 10390701
10390627 10390635
10390762 10390712
10390761 10390688
10390680 10390797
10390782 10390763
10390648 10390644
10390742 10390819
10390698 10390726
10390758 10390681
10390808 10390756
10390707 10390809
10390672 10390709
10390673 10390815
10390626 10390807
10390766 10390817
10390680 10390756
10390636 10390774
10390703 10390670
10390723 10390768
10390781 10390800
10390629 10390821
10390657 10390755
10390770 10390661
10390745 10390684
10390714 10390719
10390787 10390748
10390687 10390772
10390708 10390725
10390669 10390765
10390648 10390799
10390733 10390645
10390653 10390663
10390642 10390820
10390724 10390651
10390664 10390737
10390758 10390648
10390819 10390802
10390713 10390683
10195487 10195373
10195345 10195417
10195499 10195504
10195480 10195426
10195469 10195378
10195347 10195445
10195390 10195511
10195417 10195444
10195382 10195455
10195440 10195428
10195511 10195469
10195333 10195357
10195322 10195471
10195403 10195493
10195325 10195390
10195494 10195496
10195474 10195316
10195471 10195420
10195502 10195338
10195345 10195424
10195355 10195442
10195421 10195470
10195419 10195355
10195438 10195484
10195452 10195361
10195483 10195416
10195502 10195361
10195501 10195501
10195396 10195318
10195507 10195411
10195434 10195408
10195382 10195315
10195424 10195327
10195319 10195491
10195486 10195333
10195493 10195329
10195417 10195484
10195396 10195354
10195316 10195341
10195422 10195429
10195462 10195345
10195349 10195481
10195452 10195344
10195426 10195440
10195455 10195448
10195498 10195368
123 23
76 124
102 139
167 28
95 194
63 127
168 52
66 122
21 16
29 78
79 97
86 194
85 4
40 176
78 117
148 46
70 79
135 123
168 157
49 135
192 8
104 82
157 174
14 158
116 117
92 104
45 76
95 105
15 125
155 167
163 80
78 165
137 154
189 78
91 101
140 128
86 40
89 113
84 43
172 18
150 27
38 136
86 76
181 94
26 145
61 100
66 22
97 135
102 19
183 119
49 87
186 197
95 157
190 180
59 142
53 180
113 172
45 57
179 24
56 199
82 142
71 46
66 51
117 2
132 188
122 92
110 31
44 51
194 72
157 96
59 78
23 43
67 198
110 75
194 100
12 32
138 130
97 54
166 183
198 168
168 3
188 22
200 171
21 152
170 162
126 31
99 82
59 38
2 116
106 133
146 127
42 120
23 198
173 51
156 153
179 71
142 139
121 105
185 68
92 7
174 85
151 101
71 148
127 83
33 23
4 147
66 174
177 62
156 39
113 47
190 4
180 175
92 165
199 78
155 100
28 141
169 106
67 17
178 156
69 134
71 116
122 169
30 13
88 48
171 149
31 135
72 84
30 81
96 113
135 200
152 101
155 33
80 160
19 193
70 80
169 9
65 153
198 80
66 25
166 158
190 99
74 46
35 40
73 163
174 112
1 16
112 17
2 171
9 176
65 162
105 115
146 149
174 42
187 21
1 196
54 137
125 167
23 18
62 79
95 146
112 191
146 49
199 35
4 115
80 155
93 43
112 78
155 50
31 1
5 1
72 14
94 45
127 72
29 152
65 164
159 51
145 192
157 199
19 168
90 101
38 86
32 78
128 29
34 35
176 169
80 76
