# source: JorikJooken
# original path: jj_extract\knapsackProblemInstances-master\problemInstances\n_1000_c_100000000_g_14_f_0.2_eps_0.001_s_300\test.in
# optimal value: 100035689
# format: n capacity, then weight value
1000 100000000
50100108 50100115
50100254 50100242
50100068 50100260
50100229 50100070
50100009 50100200
50100151 50100070
50100250 50100005
50100233 50100133
50100128 50100259
50100042 50100057
50100058 50100243
50100009 50100131
50100173 50100099
50100275 50100082
50100253 50100244
50100128 50100218
50100247 50100020
50100161 50100291
50100015 50100123
50100007 50100176
50100172 50100156
50100294 50100061
50100033 50100119
50100268 50100150
50100044 50100017
50100222 50100047
50100112 50100074
50100201 50100085
50100160 50100113
50100242 50100251
50100179 50100141
50100214 50100135
50100221 50100274
50100255 50100204
50100288 50100070
50100238 50100277
50100082 50100249
50100299 50100291
50100032 50100285
50100226 50100290
50100170 50100288
50100061 50100212
50100110 50100171
50100187 50100099
50100061 50100035
50100253 50100119
50100159 50100227
50100132 50100118
50100130 50100138
50100040 50100119
50100081 50100193
50100258 50100293
50100123 50100199
50100082 50100083
50100136 50100291
50100241 50100261
50100275 50100242
50100002 50100263
50100112 50100223
50100244 50100152
50100144 50100007
25100060 25100019
25100300 25100265
25100200 25100065
25100248 25100224
25100082 25100279
25100064 25100162
25100254 25100118
25100078 25100234
25100164 25100269
25100296 25100147
25100276 25100027
25100299 25100228
25100258 25100162
25100195 25100235
25100165 25100242
25100013 25100105
25100044 25100086
25100261 25100077
25100285 25100088
25100042 25100048
25100233 25100227
25100254 25100284
25100289 25100291
25100233 25100176
25100259 25100205
25100194 25100137
25100239 25100177
25100289 25100224
25100278 25100159
25100289 25100193
25100141 25100028
25100284 25100290
25100130 25100115
25100221 25100101
25100204 25100191
25100078 25100114
25100238 25100111
25100025 25100173
25100131 25100109
25100113 25100099
25100166 25100058
25100137 25100208
25100102 25100021
25100210 25100088
25100274 25100224
25100052 25100197
25100018 25100188
25100169 25100122
25100108 25100292
25100105 25100013
25100096 25100269
25100156 25100118
25100087 25100151
25100259 25100289
25100166 25100184
25100061 25100196
25100062 25100282
25100212 25100151
25100006 25100084
25100072 25100086
25100256 25100159
12600079 12600130
12600197 12600271
12600182 12600018
12600273 12600049
12600001 12600149
12600177 12600218
12600199 12600016
12600166 12600177
12600070 12600130
12600052 12600280
12600124 12600155
12600117 12600165
12600206 12600130
12600218 12600202
12600292 12600243
12600067 12600043
12600178 12600198
12600160 12600280
12600299 12600194
12600174 12600254
12600068 12600153
12600018 12600092
12600167 12600082
12600147 12600276
12600274 12600001
12600258 12600196
12600221 12600026
12600225 12600234
12600248 12600211
12600071 12600177
12600144 12600101
12600209 12600204
12600003 12600167
12600262 12600290
12600016 12600028
12600261 12600141
12600019 12600271
12600107 12600038
12600238 12600161
12600037 12600136
12600041 12600104
12600212 12600027
12600269 12600030
12600213 12600059
12600253 12600289
12600283 12600245
12600236 12600103
12600025 12600208
12600286 12600160
12600269 12600156
12600121 12600241
12600157 12600031
12600214 12600256
12600255 12600230
12600218 12600274
12600277 12600076
12600147 12600201
12600157 12600107
12600040 12600138
12600246 12600160
12600132 12600171
6350076 6350287
6350113 6350225
6350114 6350200
6350116 6350160
6350034 6350235
6350143 6350181
6350242 6350152
6350141 6350240
6350274 6350026
6350019 6350087
6350239 6350277
6350023 6350244
6350149 6350272
6350115 6350176
6350175 6350090
6350016 6350189
6350263 6350194
6350207 6350102
6350190 6350134
6350268 6350054
6350225 6350129
6350119 6350292
6350025 6350193
6350128 6350175
6350266 6350162
6350161 6350241
6350086 6350088
6350148 6350290
6350016 6350106
6350263 6350210
6350126 6350077
6350043 6350089
6350116 6350008
6350292 6350035
6350054 6350182
6350219 6350056
6350292 6350197
6350021 6350235
6350064 6350021
6350289 6350253
6350089 6350238
6350020 6350190
6350099 6350087
6350082 6350201
6350152 6350218
6350195 6350128
6350071 6350084
6350261 6350031
6350276 6350108
6350066 6350245
6350185 6350079
6350109 6350046
6350059 6350162
6350254 6350111
6350049 6350173
6350156 6350266
6350195 6350172
6350287 6350119
6350036 6350098
6350237 6350017
6350069 6350126
3225289 3225237
3225045 3225286
3225210 3225063
3225210 3225080
3225199 3225100
3225149 3225280
3225032 3225267
3225260 3225030
3225228 3225098
3225081 3225089
3225292 3225099
3225021 3225213
3225299 3225199
3225076 3225144
3225172 3225131
3225038 3225281
3225017 3225248
3225206 3225060
3225257 3225180
3225064 3225097
3225099 3225199
3225180 3225116
3225228 3225288
3225197 3225084
3225082 3225197
3225044 3225004
3225007 3225105
3225179 3225192
3225285 3225035
3225258 3225273
3225217 3225013
3225196 3225025
3225095 3225143
3225205 3225080
3225230 3225187
3225008 3225164
3225300 3225090
3225216 3225125
3225163 3225064
3225092 3225143
3225272 3225028
3225240 3225244
3225030 3225271
3225026 3225062
3225147 3225148
3225278 3225075
3225189 3225247
3225292 3225244
3225114 3225276
3225173 3225008
3225094 3225288
3225008 3225230
3225084 3225085
3225229 3225163
3225203 3225128
3225074 3225108
3225150 3225226
3225140 3225079
3225013 3225202
3225140 3225037
3225164 3225088
1662779 1662686
1662572 1662672
1662785 1662671
1662725 1662727
1662738 1662613
1662512 1662569
1662646 1662543
1662714 1662665
1662709 1662676
1662618 1662574
1662742 1662566
1662656 1662636
1662654 1662781
1662585 1662566
1662684 1662603
1662650 1662583
1662660 1662610
1662571 1662743
1662756 1662756
1662506 1662610
1662770 1662631
1662539 1662780
1662760 1662502
1662653 1662720
1662677 1662549
1662700 1662671
1662683 1662576
1662570 1662616
1662545 1662643
1662775 1662657
1662511 1662799
1662702 1662650
1662575 1662627
1662697 1662689
1662700 1662559
1662561 1662656
1662706 1662565
1662683 1662671
1662607 1662578
1662613 1662502
1662549 1662729
1662688 1662553
1662525 1662546
1662667 1662653
1662672 1662567
1662507 1662730
1662661 1662744
1662778 1662541
1662683 1662789
1662787 1662737
1662662 1662709
1662783 1662681
1662692 1662710
1662646 1662569
1662563 1662586
1662563 1662791
1662507 1662562
1662507 1662707
1662742 1662704
1662550 1662797
1662517 1662731
881499 881310
881407 881251
881387 881360
881536 881508
881392 881411
881394 881341
881430 881480
881493 881339
881428 881316
881474 881317
881265 881533
881548 881485
881368 881275
881333 881404
881529 881501
881542 881364
881325 881510
881425 881351
881466 881376
881446 881308
881267 881465
881309 881329
881267 881413
881349 881320
881282 881401
881537 881354
881325 881474
881314 881433
881288 881540
881315 881358
881413 881324
881431 881548
881389 881388
881480 881320
881527 881467
881441 881257
881463 881506
881295 881451
881367 881514
881401 881483
881346 881538
881492 881537
881405 881446
881493 881312
881418 881293
881380 881479
881323 881320
881532 881392
881417 881531
881254 881431
881415 881542
881545 881398
881370 881279
881397 881323
881485 881430
881299 881270
881266 881275
881443 881496
881383 881539
881535 881519
881260 881429
490742 490908
490755 490849
490762 490851
490743 490785
490755 490769
490824 490859
490800 490873
490726 490850
490795 490866
490700 490824
490701 490913
490781 490693
490721 490729
490911 490845
490658 490857
490678 490747
490730 490710
490923 490799
490903 490801
490798 490654
490832 490778
490746 490627
490884 490667
490675 490647
490876 490632
490918 490706
490663 490645
490677 490794
490716 490779
490706 490888
490872 490906
490830 490866
490769 490827
490884 490770
490887 490809
490736 490629
490903 490867
490786 490862
490796 490697
490736 490845
490781 490801
490829 490731
490712 490632
490794 490656
490801 490641
490805 490730
490834 490670
490891 490704
490823 490697
490652 490766
490925 490708
490914 490749
490869 490751
490755 490879
490755 490691
490694 490636
490751 490696
490666 490792
490873 490731
490853 490741
490753 490632
295392 295592
295423 295494
295581 295573
295508 295606
295416 295399
295386 295405
295496 295577
295513 295521
295380 295378
295552 295398
295395 295512
295526 295521
295559 295343
295336 295546
295451 295526
295354 295358
295562 295520
295589 295599
295561 295383
295342 295610
295408 295428
295439 295339
295377 295407
295586 295447
295563 295398
295387 295509
295580 295545
295337 295317
295535 295510
295343 295565
295439 295595
295410 295343
295589 295376
295562 295333
295475 295331
295572 295587
295422 295456
295437 295524
295324 295567
295501 295603
295409 295584
295607 295589
295384 295544
295574 295603
295533 295575
295488 295588
295578 295397
295323 295500
295578 295372
295321 295428
295548 295483
295410 295325
295609 295489
295401 295410
295456 295604
295382 295609
295544 295358
295533 295413
295454 295439
295593 295536
295445 295506
197748 197757
197704 197820
197751 197851
197757 197696
197739 197718
197790 197702
197869 197736
197797 197854
197738 197809
197747 197843
197774 197725
197857 197808
197687 197760
197719 197670
197773 197774
197921 197687
197860 197665
197808 197911
197687 197859
197787 197926
197736 197772
197807 197770
197831 197770
197693 197929
197896 197902
197781 197910
197866 197715
197863 197850
197906 197951
197943 197860
197675 197662
197900 197742
197956 197872
197812 197692
197725 197672
197721 197941
197765 197730
197882 197770
197843 197775
197833 197846
197935 197944
197795 197865
197939 197884
197657 197663
197669 197857
197761 197875
197721 197762
197681 197843
197881 197761
197790 197677
197770 197702
197922 197891
197661 197868
197869 197744
197887 197870
197829 197822
197674 197930
197854 197831
197773 197789
197939 197740
197875 197780
148851 148980
149007 148884
149037 149073
148875 149089
149029 149108
148840 148993
148850 148966
148913 149049
149018 149082
149093 149058
149001 148956
148971 148883
148874 149033
149086 149051
149037 148877
148896 149099
148949 148944
149006 149069
149054 149009
148931 148870
148963 148865
149044 148837
148952 149060
148867 148986
149002 148846
148981 148973
148977 148882
148944 149068
148986 149040
149076 149094
149025 148948
148881 149002
149116 148843
149108 148887
148974 148953
148851 149020
148972 148985
149098 148848
148952 149049
148913 149112
148880 148842
148883 148946
148960 149106
149128 148961
149082 148858
149102 149041
148977 149038
148896 149095
148857 149107
149010 149037
148835 149065
148923 149049
149034 148937
148846 148862
148983 148991
149092 148904
149104 149093
149120 148830
148859 149029
149032 149051
149028 149078
124634 124523
124574 124607
124497 124597
124488 124503
124459 124447
124486 124574
124598 124426
124609 124484
124704 124697
124546 124451
124475 124566
124598 124488
124507 124654
124639 124555
124544 124616
124564 124599
124698 124665
124591 124632
124477 124432
124574 124595
124633 124560
124532 124625
124550 124565
124647 124585
124634 124420
124555 124697
124421 124530
124490 124417
124591 124446
124553 124497
124689 124458
124430 124517
124520 124689
124681 124662
124612 124561
124553 124686
124625 124694
124615 124529
124568 124548
124547 124483
124478 124485
124481 124537
124648 124530
124535 124673
124465 124655
124607 124423
124549 124623
124451 124663
124481 124474
124696 124536
124685 124479
124466 124558
124653 124706
124617 124441
124603 124529
124505 124700
124652 124584
124695 124600
124593 124500
124563 124653
124552 124618
112467 112355
112279 112395
112284 112271
112443 112395
112325 112442
112346 112434
112339 112424
112210 112339
112418 112381
112506 112364
112396 112243
112438 112215
112319 112280
112410 112361
112213 112255
112492 112426
112367 112375
112485 112505
112260 112247
112464 112371
112285 112430
112325 112448
112213 112406
112457 112266
112338 112429
112342 112501
112249 112450
112331 112460
112465 112261
112449 112444
112384 112227
112260 112411
112280 112360
112457 112403
112384 112321
112394 112365
112435 112367
112213 112307
112211 112455
112250 112433
112407 112426
112291 112410
112289 112401
112481 112431
112218 112477
112412 112224
112463 112429
112234 112263
112319 112242
112367 112385
112422 112436
112257 112491
112415 112328
112302 112358
112383 112449
112391 112340
112325 112397
112469 112253
112388 112396
112444 112488
112366 112347
52 70
48 298
60 155
84 226
13 205
288 38
124 270
120 178
16 35
14 146
44 128
170 264
71 258
182 188
286 289
198 71
198 104
277 104
158 195
175 263
217 108
20 133
25 241
135 218
143 85
49 49
288 103
178 57
198 281
44 16
116 83
16 98
222 188
279 276
164 220
164 34
16 251
78 29
182 41
129 70
32 102
14 249
183 26
66 202
11 43
244 203
173 144
178 230
165 275
174 205
68 186
111 51
211 175
257 66
84 160
233 42
218 236
212 180
183 13
269 266
30 36
87 30
45 269
199 208
260 263
120 245
272 27
100 140
151 159
107 66
235 287
2 241
157 234
68 111
80 105
74 198
128 217
292 247
141 191
91 11
267 199
5 43
258 117
13 10
37 143
1 132
282 50
272 189
71 284
250 15
55 30
221 5
161 192
145 123
216 8
212 234
186 72
140 168
278 107
103 20
238 42
235 37
139 151
216 103
245 293
273 59
274 168
43 167
83 102
264 300
283 260
29 74
20 227
51 112
252 265
254 192
64 129
226 296
49 278
158 115
241 68
207 207
66 61
118 228
92 106
270 239
88 119
48 287
151 284
154 296
290 261
147 177
225 300
51 81
91 115
142 185
296 186
182 110
98 141
266 164
259 190
267 32
136 160
278 291
2 133
56 256
79 150
237 129
150 279
178 272
50 271
210 173
288 40
255 230
4 158
110 189
160 146
9 55
178 246
160 269
233 283
234 198
246 218
157 119
4 268
82 45
191 153
174 196
95 30
73 254
15 225
218 178
26 57
63 157
278 197
102 51
221 210
256 91
274 152
212 1
273 55
102 118
196 176
160 37
28 238
182 87
157 296
253 38
252 182
25 255
160 133
139 233
58 200
296 196
267 163
254 133
216 24
164 80
59 190
31 189
217 10
206 36
232 17
18 221
78 34
213 210
191 82
