# source: JorikJooken
# original path: jj_extract\knapsackProblemInstances-master\problemInstances\n_400_c_10000000000_g_6_f_0.2_eps_1e-05_s_100\test.in
# optimal value: 9690606152
# format: n capacity, then weight value
400 10000000000
5000100028 5000100062
5000100092 5000100057
5000100029 5000100098
5000100080 5000100051
5000100016 5000100072
5000100068 5000100032
5000100023 5000100018
5000100050 5000100053
5000100016 5000100020
5000100095 5000100074
5000100056 5000100006
5000100054 5000100016
5000100060 5000100083
5000100007 5000100058
5000100004 5000100098
5000100010 5000100096
5000100011 5000100044
5000100091 5000100037
5000100064 5000100080
5000100044 5000100021
5000100039 5000100070
5000100020 5000100030
5000100001 5000100089
5000100050 5000100096
5000100011 5000100082
5000100062 5000100055
5000100090 5000100042
5000100074 5000100024
5000100074 5000100071
5000100028 5000100093
5000100013 5000100024
5000100045 5000100004
5000100072 5000100049
5000100043 5000100043
5000100079 5000100068
5000100100 5000100054
5000100030 5000100016
5000100092 5000100076
5000100027 5000100089
5000100043 5000100025
5000100052 5000100039
5000100012 5000100026
5000100011 5000100005
5000100040 5000100050
5000100005 5000100065
5000100071 5000100087
5000100082 5000100004
5000100070 5000100016
5000100031 5000100028
5000100070 5000100096
5000100077 5000100009
5000100044 5000100020
5000100072 5000100017
5000100024 5000100064
5000100061 5000100071
5000100077 5000100016
5000100030 5000100003
5000100013 5000100019
5000100091 5000100082
5000100096 5000100072
5000100034 5000100067
5000100067 5000100024
5000100094 5000100023
5000100038 5000100049
2500100011 2500100002
2500100044 2500100091
2500100010 2500100038
2500100020 2500100047
2500100082 2500100042
2500100038 2500100067
2500100002 2500100002
2500100013 2500100046
2500100022 2500100076
2500100014 2500100050
2500100076 2500100067
2500100096 2500100058
2500100005 2500100077
2500100074 2500100051
2500100013 2500100010
2500100055 2500100096
2500100072 2500100001
2500100020 2500100042
2500100008 2500100013
2500100055 2500100024
2500100058 2500100027
2500100035 2500100008
2500100012 2500100011
2500100065 2500100073
2500100087 2500100057
2500100055 2500100064
2500100025 2500100035
2500100001 2500100041
2500100050 2500100078
2500100073 2500100007
2500100017 2500100098
2500100100 2500100044
2500100081 2500100096
2500100034 2500100012
2500100018 2500100023
2500100057 2500100078
2500100079 2500100085
2500100059 2500100037
2500100020 2500100005
2500100011 2500100027
2500100024 2500100050
2500100037 2500100004
2500100056 2500100055
2500100029 2500100082
2500100086 2500100016
2500100013 2500100025
2500100034 2500100071
2500100032 2500100034
2500100061 2500100046
2500100012 2500100009
2500100051 2500100099
2500100057 2500100031
2500100092 2500100032
2500100098 2500100004
2500100095 2500100053
2500100047 2500100004
2500100049 2500100061
2500100084 2500100086
2500100032 2500100041
2500100002 2500100025
2500100021 2500100002
2500100006 2500100012
2500100077 2500100053
2500100054 2500100084
1250100037 1250100002
1250100036 1250100043
1250100067 1250100087
1250100046 1250100067
1250100003 1250100079
1250100043 1250100020
1250100016 1250100030
1250100004 1250100020
1250100009 1250100100
1250100065 1250100092
1250100020 1250100078
1250100062 1250100007
1250100082 1250100032
1250100031 1250100035
1250100077 1250100027
1250100016 1250100019
1250100017 1250100004
1250100002 1250100008
1250100080 1250100092
1250100049 1250100098
1250100067 1250100019
1250100084 1250100038
1250100086 1250100060
1250100060 1250100090
1250100001 1250100090
1250100002 1250100001
1250100037 1250100012
1250100043 1250100005
1250100073 1250100010
1250100071 1250100066
1250100069 1250100093
1250100018 1250100100
1250100071 1250100056
1250100060 1250100059
1250100066 1250100029
1250100014 1250100087
1250100095 1250100051
1250100023 1250100068
1250100078 1250100080
1250100068 1250100009
1250100041 1250100099
1250100057 1250100099
1250100067 1250100052
1250100038 1250100050
1250100082 1250100048
1250100041 1250100078
1250100054 1250100020
1250100080 1250100096
1250100023 1250100070
1250100073 1250100083
1250100021 1250100093
1250100018 1250100086
1250100016 1250100053
1250100070 1250100023
1250100097 1250100064
1250100071 1250100074
1250100023 1250100059
1250100011 1250100055
1250100098 1250100020
1250100096 1250100006
1250100079 1250100070
1250100039 1250100045
1250100042 1250100034
1250100092 1250100021
625100086 625100005
625100004 625100059
625100096 625100072
625100086 625100046
625100005 625100020
625100041 625100044
625100066 625100078
625100004 625100012
625100031 625100017
625100058 625100095
625100052 625100088
625100043 625100085
625100054 625100071
625100003 625100079
625100094 625100006
625100060 625100033
625100010 625100012
625100013 625100021
625100090 625100097
625100035 625100077
625100073 625100007
625100013 625100004
625100093 625100011
625100007 625100070
625100028 625100034
625100044 625100032
625100005 625100075
625100097 625100007
625100006 625100005
625100016 625100027
625100019 625100022
625100012 625100040
625100055 625100030
625100100 625100094
625100026 625100030
625100011 625100058
625100015 625100034
625100045 625100012
625100025 625100096
625100034 625100023
625100026 625100003
625100055 625100049
625100052 625100070
625100029 625100017
625100022 625100092
625100074 625100057
625100084 625100078
625100060 625100002
625100043 625100063
625100033 625100011
625100088 625100017
625100091 625100003
625100008 625100024
625100034 625100018
625100080 625100086
625100002 625100055
625100075 625100058
625100036 625100014
625100070 625100015
625100014 625100083
625100019 625100060
625100056 625100094
625100004 625100091
625100012 625100030
312600036 312600018
312600068 312600098
312600038 312600028
312600016 312600031
312600019 312600042
312600049 312600015
312600067 312600078
312600054 312600038
312600037 312600043
312600006 312600015
312600060 312600057
312600036 312600003
312600018 312600090
312600057 312600092
312600098 312600031
312600095 312600071
312600051 312600008
312600010 312600082
312600096 312600006
312600032 312600017
312600046 312600079
312600099 312600027
312600001 312600006
312600009 312600066
312600068 312600064
312600096 312600058
312600097 312600041
312600081 312600030
312600092 312600025
312600062 312600063
312600044 312600056
312600045 312600013
312600090 312600094
312600053 312600090
312600069 312600005
312600041 312600086
312600069 312600055
312600031 312600008
312600050 312600052
312600025 312600090
312600012 312600030
312600090 312600057
312600099 312600043
312600047 312600027
312600083 312600007
312600067 312600031
312600096 312600032
312600093 312600014
312600042 312600049
312600030 312600030
312600001 312600083
312600064 312600068
312600001 312600063
312600063 312600013
312600031 312600090
312600055 312600039
312600016 312600069
312600047 312600071
312600045 312600008
312600093 312600098
312600039 312600057
312600031 312600004
312600091 312600046
312600073 312600042
33 76
65 18
44 37
73 13
19 6
76 18
40 48
15 41
11 80
48 31
39 90
98 50
86 46
49 89
72 5
82 64
24 99
14 35
95 15
72 19
51 64
64 56
3 33
26 81
83 67
7 75
73 35
74 54
46 67
71 31
94 24
48 4
2 83
94 90
19 79
46 7
43 27
48 92
53 71
60 26
29 33
90 27
6 87
21 84
19 16
46 75
99 55
48 37
48 85
81 37
19 91
17 3
47 95
11 64
68 27
79 30
72 89
26 17
71 29
56 32
84 98
71 29
85 32
96 29
29 25
46 5
28 58
14 28
85 54
54 100
26 78
89 1
41 76
21 55
24 70
17 11
86 85
19 28
56 61
65 55
