# source: JorikJooken
# original path: jj_extract\knapsackProblemInstances-master\problemInstances\n_1200_c_1000000_g_10_f_0.3_eps_0.001_s_300\test.in
# optimal value: 1036405
# format: n capacity, then weight value
1200 1000000
501019 501100
501063 501282
501136 501181
501170 501091
501093 501086
501069 501027
501258 501175
501210 501126
501144 501136
501087 501238
501009 501187
501157 501172
501015 501277
501156 501260
501111 501138
501210 501151
501160 501142
501173 501107
501145 501103
501112 501027
501292 501240
501244 501294
501025 501021
501292 501247
501027 501203
501141 501099
501143 501110
501254 501041
501151 501296
501035 501173
501293 501249
501174 501201
501245 501198
501171 501144
501190 501074
501148 501073
501093 501155
501164 501288
501149 501215
501175 501154
501283 501244
501134 501100
501281 501066
501193 501077
501009 501200
501148 501203
501228 501297
501122 501172
501267 501272
501107 501228
501246 501081
501093 501238
501171 501258
501297 501247
501126 501053
501190 501287
501090 501048
501212 501043
501039 501094
501291 501226
501066 501297
501235 501009
501140 501090
501028 501166
501065 501298
501016 501004
501272 501194
501290 501029
501285 501090
501166 501295
501005 501013
501242 501098
501085 501185
501261 501293
501258 501164
501222 501149
501212 501236
501097 501257
501185 501054
501177 501087
501008 501101
501225 501170
501280 501231
501111 501117
501223 501098
501009 501187
501245 501232
501034 501206
501187 501262
501043 501222
501174 501002
501280 501082
501004 501247
251288 251118
251006 251254
251271 251091
251132 251286
251131 251259
251173 251094
251098 251140
251025 251004
251172 251066
251043 251147
251010 251193
251189 251005
251008 251220
251091 251153
251235 251157
251043 251109
251194 251163
251012 251234
251258 251114
251028 251102
251262 251171
251175 251133
251234 251292
251128 251228
251261 251058
251209 251279
251199 251006
251215 251125
251260 251156
251293 251047
251162 251128
251267 251044
251193 251159
251166 251024
251293 251168
251156 251172
251050 251256
251295 251228
251076 251101
251259 251084
251292 251113
251025 251270
251082 251063
251076 251018
251228 251169
251125 251257
251203 251161
251166 251089
251267 251245
251286 251058
251248 251133
251128 251188
251136 251297
251220 251052
251049 251048
251178 251191
251137 251091
251032 251106
251210 251269
251077 251260
251111 251045
251040 251186
251151 251204
251202 251232
251193 251125
251100 251145
251133 251108
251202 251012
251160 251173
251075 251256
251214 251046
251188 251098
251249 251237
251058 251137
251148 251156
251264 251172
251104 251037
251182 251076
251270 251300
251295 251142
251266 251097
251275 251095
251236 251264
251240 251019
251195 251107
251159 251287
251240 251130
251172 251004
251259 251264
251070 251259
251277 251246
251294 251124
251083 251254
126173 126270
126257 126195
126233 126001
126056 126189
126070 126300
126025 126255
126044 126299
126197 126173
126176 126138
126212 126271
126259 126123
126014 126297
126018 126290
126284 126174
126259 126102
126131 126065
126276 126013
126076 126205
126230 126203
126172 126173
126261 126135
126290 126288
126218 126116
126008 126121
126221 126113
126028 126136
126070 126133
126108 126187
126033 126053
126297 126237
126128 126052
126280 126248
126080 126273
126253 126032
126015 126122
126231 126124
126225 126050
126155 126207
126122 126123
126143 126245
126119 126006
126291 126096
126140 126171
126221 126046
126265 126257
126029 126100
126020 126175
126019 126269
126143 126121
126221 126094
126013 126109
126298 126229
126228 126020
126107 126184
126156 126249
126121 126088
126151 126189
126023 126133
126184 126143
126014 126087
126250 126001
126173 126280
126231 126178
126283 126160
126135 126088
126103 126147
126133 126130
126053 126012
126238 126031
126215 126152
126036 126193
126017 126215
126298 126005
126227 126257
126155 126239
126096 126193
126039 126255
126275 126050
126146 126221
126287 126237
126087 126228
126124 126281
126264 126289
126064 126001
126060 126189
126103 126213
126100 126072
126152 126053
126250 126271
126143 126206
126152 126263
126118 126231
126001 126079
63712 63610
63561 63768
63505 63623
63774 63587
63736 63506
63774 63506
63571 63632
63503 63694
63642 63586
63516 63741
63728 63689
63768 63532
63508 63686
63760 63661
63764 63635
63718 63679
63685 63564
63737 63511
63527 63698
63753 63572
63561 63550
63582 63794
63539 63642
63592 63599
63792 63552
63652 63656
63646 63751
63571 63742
63608 63683
63754 63680
63744 63706
63595 63573
63663 63635
63652 63665
63761 63553
63753 63761
63580 63558
63533 63613
63610 63660
63547 63584
63721 63756
63562 63730
63619 63543
63770 63720
63617 63787
63623 63544
63680 63609
63601 63508
63515 63676
63554 63602
63717 63644
63646 63764
63746 63506
63569 63649
63516 63590
63730 63522
63561 63639
63789 63646
63773 63787
63593 63754
63748 63519
63600 63705
63705 63664
63578 63759
63772 63636
63676 63548
63562 63793
63589 63567
63669 63520
63797 63525
63524 63743
63735 63635
63576 63536
63522 63569
63696 63597
63668 63600
63540 63768
63776 63751
63633 63558
63782 63575
63531 63523
63678 63756
63589 63653
63542 63659
63506 63745
63729 63740
63645 63634
63527 63520
63651 63763
63689 63531
63767 63722
63609 63531
63608 63575
32521 32405
32284 32427
32485 32390
32286 32318
32437 32510
32524 32298
32530 32535
32294 32499
32541 32526
32344 32497
32414 32528
32361 32317
32297 32311
32503 32413
32462 32323
32380 32466
32300 32466
32395 32367
32350 32294
32378 32418
32481 32460
32253 32393
32405 32529
32510 32355
32299 32518
32506 32525
32450 32405
32534 32270
32475 32290
32417 32256
32316 32473
32353 32362
32303 32430
32302 32503
32370 32309
32533 32394
32376 32286
32317 32476
32298 32383
32461 32362
32470 32486
32376 32309
32405 32485
32351 32412
32264 32432
32287 32443
32478 32452
32368 32278
32333 32286
32379 32274
32482 32359
32392 32392
32450 32390
32511 32356
32387 32437
32461 32335
32424 32278
32401 32535
32550 32462
32518 32384
32374 32255
32318 32346
32480 32495
32457 32287
32326 32434
32447 32301
32519 32539
32425 32352
32316 32290
32532 32494
32522 32401
32337 32380
32341 32515
32344 32461
32476 32326
32354 32307
32373 32358
32294 32433
32286 32486
32274 32319
32326 32365
32332 32459
32313 32319
32266 32259
32343 32300
32315 32412
32395 32312
32496 32297
32282 32475
32277 32293
32325 32305
32312 32406
32547 32426
16674 16691
16672 16888
16761 16725
16676 16790
16827 16630
16685 16646
16685 16798
16844 16908
16847 16742
16724 16648
16768 16799
16814 16854
16859 16631
16884 16746
16682 16807
16664 16854
16842 16631
16652 16794
16774 16924
16904 16656
16656 16893
16842 16804
16715 16669
16718 16861
16724 16698
16861 16760
16635 16676
16645 16746
16644 16915
16848 16846
16882 16907
16890 16731
16727 16795
16896 16837
16646 16847
16767 16750
16722 16745
16822 16660
16634 16780
16693 16856
16847 16884
16836 16656
16836 16904
16696 16844
16698 16628
16826 16783
16882 16812
16698 16655
16827 16904
16708 16668
16809 16666
16788 16709
16647 16848
16663 16820
16824 16778
16659 16704
16894 16639
16723 16897
16878 16915
16899 16718
16830 16661
16792 16720
16714 16658
16841 16634
16898 16797
16639 16704
16651 16719
16728 16793
16677 16828
16702 16866
16726 16736
16640 16814
16891 16709
16720 16693
16878 16742
16798 16834
16899 16847
16726 16836
16628 16834
16736 16896
16749 16735
16920 16834
16799 16831
16885 16663
16904 16915
16872 16784
16803 16877
16699 16781
16778 16848
16864 16850
16787 16665
16896 16661
16825 16768
8987 8961
8823 9064
8998 9097
9103 9085
8904 9014
9033 8966
9089 8887
9047 9064
8833 9004
8858 9097
8958 9104
8901 8835
8986 8875
8970 9040
8976 8886
8997 8952
9087 8994
8855 9035
8947 8856
9006 9106
9006 8861
8942 9096
9068 8867
8897 8880
8952 9025
9019 8993
8927 8899
8881 9105
8855 9045
9007 8873
8999 8853
9021 9030
8967 9065
9092 9059
9081 8864
9055 8832
9056 8977
9053 8951
8862 8851
9018 8876
9051 8883
8916 9085
8827 8879
9106 9072
8896 8903
8916 9010
8845 8883
9030 8907
8841 9102
8982 8960
9099 9075
9007 8903
8979 9065
8844 9100
8958 9049
8999 9032
8920 8997
8921 8832
8822 8872
9035 8882
9065 9103
8918 8840
8816 8846
8873 9009
8986 8854
8997 9039
8906 9072
9005 8937
8937 9088
8945 8951
8943 8849
8910 8868
8838 8853
8832 8929
8898 8886
8911 9061
8821 9109
8927 9050
9048 9106
9066 8978
8960 8818
8906 9061
8992 8931
9106 8844
9000 9024
9056 9049
8990 8880
9076 8848
8899 8938
8962 8966
9083 9033
9076 9084
9048 9015
4914 4938
5122 4921
4955 5075
5166 5086
5069 5133
4907 4997
5000 5089
4918 5198
5123 5192
4954 4972
4981 5081
5030 4934
5038 5026
5126 4936
5173 5122
5052 5093
5008 4995
5169 5185
5006 5132
5206 5011
5121 4918
5189 5067
5116 5127
5083 5079
5152 5076
5112 5061
5071 4913
4994 5010
5160 5080
5062 5160
5047 5038
4959 5046
5148 5012
4958 5035
5051 4957
5051 5203
5028 5180
4979 5098
4951 5189
5180 5067
4924 5009
5144 5039
5029 5168
4988 5121
5190 5163
5048 5036
5104 4916
5121 4978
4910 4948
5168 5064
5178 4957
5079 5110
4935 5004
5058 5053
4944 4960
5097 5039
5144 5007
5044 4960
4979 4917
4976 5008
5005 5044
4917 5102
5093 5185
4930 5047
5054 5162
4937 4976
4981 5187
5108 5139
4914 5160
5052 5105
5105 4958
4972 4971
5142 5044
5063 5007
5046 4984
5032 5077
5008 5129
4994 4960
5139 5176
5104 4908
5163 5170
4990 5094
5080 4964
4965 4913
4973 5205
5122 4948
5183 4913
5168 4916
5174 4934
5173 4907
5195 5055
5051 5131
5118 5109
3026 3099
3013 3244
3166 3198
2994 3106
3112 3217
3122 2975
3161 3033
2982 3049
3238 2985
3160 3212
3242 2957
3158 3007
3098 3154
3174 3016
3034 3171
3040 3110
3233 3208
3093 3144
2979 3170
3044 3111
3041 2980
3116 3206
3014 3234
3071 3131
3102 3071
3165 2984
3009 3054
3108 3237
3132 2972
2974 3097
3227 3043
3071 3226
3017 3100
3001 3004
3168 3060
3078 3036
3005 3217
3079 3049
3186 3150
3146 3163
3146 3021
3102 3208
3046 3133
3073 3227
3146 3170
3042 3031
3198 3063
3034 3104
3046 3148
3142 3191
3069 3088
3000 2970
2967 3042
3220 3051
3052 3005
3100 3164
2995 3176
3148 3061
2985 2976
3173 3240
3073 3125
3158 3212
3153 3186
3120 2984
3132 3063
2974 3172
3020 2970
3169 3091
3228 3022
3250 3003
3010 3134
3029 3131
3135 3072
3122 3112
3213 3156
3010 3165
3243 2989
2985 3226
3167 3153
3005 2958
3226 3210
3013 3170
3059 3167
3190 2980
3179 3224
3072 2978
3083 3028
3175 3064
3197 3121
2992 3091
3131 2981
3131 3234
3132 2969
292 119
62 283
131 243
222 243
128 133
250 1
73 91
139 53
137 283
22 107
176 216
298 164
164 150
70 143
212 33
271 297
41 168
160 285
150 189
288 116
39 294
297 62
186 61
65 110
139 238
178 235
279 164
219 254
27 21
274 254
157 19
128 288
81 49
42 270
211 157
134 187
224 110
144 1
90 199
20 37
93 88
64 144
167 217
17 56
214 26
192 248
285 60
112 191
39 111
16 109
79 169
30 16
31 118
26 291
48 126
20 91
121 214
78 177
229 271
2 24
226 35
238 48
131 121
138 24
205 43
171 90
213 113
276 282
132 194
235 267
294 23
213 156
255 247
225 35
101 245
109 289
54 155
215 119
196 237
163 118
244 15
258 63
5 126
53 11
160 91
235 145
65 296
230 182
47 151
190 199
127 289
114 233
94 26
73 147
115 14
94 129
282 220
58 139
236 205
123 238
239 43
17 206
150 294
144 52
212 237
123 95
211 239
34 176
76 253
184 230
97 268
48 82
264 76
18 89
156 78
138 140
165 168
145 150
35 262
186 58
282 42
144 188
58 230
89 21
94 128
176 18
17 108
93 203
66 157
261 127
37 152
115 180
164 217
32 154
64 123
138 82
139 44
267 295
40 294
116 238
131 229
28 141
107 104
240 166
268 68
111 261
204 201
162 48
232 148
252 79
145 162
14 123
265 87
15 163
181 267
146 35
92 271
186 88
272 123
237 209
235 115
174 48
159 231
247 115
44 224
72 43
281 196
152 148
189 163
190 278
142 167
253 268
165 113
69 124
171 95
182 235
278 279
158 255
293 66
264 13
249 36
54 250
99 258
179 264
218 12
203 112
225 37
155 226
36 111
128 59
92 4
156 271
101 149
248 52
18 162
95 298
189 22
14 175
105 235
288 19
211 259
183 224
245 143
206 77
81 214
87 139
193 48
49 268
227 272
266 13
85 58
242 226
164 281
7 93
130 143
297 248
106 244
51 239
173 47
79 266
283 286
236 225
138 87
43 176
57 290
85 58
219 80
256 61
252 143
254 287
251 182
218 125
299 183
75 112
71 11
272 138
109 160
81 232
72 100
133 114
133 14
290 73
160 292
90 300
252 145
158 205
247 218
87 37
85 23
88 37
253 213
172 175
43 146
97 196
7 224
112 294
211 298
147 178
102 165
275 53
54 276
268 208
270 162
147 171
69 298
48 165
121 285
47 2
276 135
198 284
84 19
199 95
239 27
279 83
286 65
222 256
42 159
187 155
56 132
237 8
120 244
52 206
297 282
118 192
155 191
170 202
101 24
156 28
296 158
51 209
96 163
289 280
293 231
11 138
22 201
276 160
195 159
187 285
110 103
201 85
62 36
88 79
163 69
46 244
267 107
173 35
144 109
250 192
206 173
84 277
70 133
24 105
17 20
184 90
11 207
249 188
240 258
138 56
236 58
62 235
299 43
288 296
44 168
150 192
222 198
288 90
113 116
217 51
5 165
33 251
42 100
114 180
97 181
26 106
241 236
267 120
69 153
142 202
19 50
179 55
51 174
243 262
9 102
207 206
233 197
37 92
88 22
33 294
110 84
42 119
116 146
18 86
195 129
220 148
123 217
110 114
24 253
8 106
228 197
71 135
85 34
163 131
10 261
