# source: JorikJooken
# original path: jj_extract\knapsackProblemInstances-master\problemInstances\n_1200_c_10000000000_g_2_f_0.2_eps_0.01_s_300\test.in
# optimal value: 5100036538
# format: n capacity, then weight value
1200 10000000000
5100000062 5100000067
5100000048 5100000028
5100000133 5100000268
5100000048 5100000248
5100000256 5100000286
5100000235 5100000216
5100000168 5100000280
5100000211 5100000076
5100000094 5100000033
5100000181 5100000288
5100000129 5100000289
5100000167 5100000246
5100000171 5100000180
5100000250 5100000262
5100000252 5100000035
5100000262 5100000260
5100000218 5100000291
5100000015 5100000158
5100000045 5100000244
5100000023 5100000017
5100000270 5100000117
5100000133 5100000256
5100000259 5100000225
5100000279 5100000200
5100000110 5100000239
5100000293 5100000193
5100000214 5100000172
5100000253 5100000063
5100000175 5100000121
5100000106 5100000235
5100000168 5100000252
5100000255 5100000275
5100000026 5100000185
5100000038 5100000195
5100000140 5100000168
5100000091 5100000186
5100000096 5100000246
5100000276 5100000174
5100000020 5100000297
5100000107 5100000167
5100000178 5100000160
5100000289 5100000160
5100000046 5100000229
5100000048 5100000027
5100000075 5100000054
5100000002 5100000269
5100000138 5100000045
5100000116 5100000148
5100000216 5100000266
5100000125 5100000139
5100000056 5100000037
5100000119 5100000113
5100000021 5100000206
5100000112 5100000211
5100000287 5100000235
5100000127 5100000102
5100000202 5100000007
5100000015 5100000117
5100000074 5100000119
5100000027 5100000052
5100000295 5100000239
5100000189 5100000286
5100000055 5100000152
5100000091 5100000292
5100000040 5100000299
5100000217 5100000089
5100000152 5100000124
5100000024 5100000032
5100000202 5100000016
5100000254 5100000161
5100000188 5100000262
5100000287 5100000025
5100000233 5100000069
5100000156 5100000176
5100000252 5100000133
5100000141 5100000192
5100000229 5100000012
5100000285 5100000137
5100000220 5100000121
5100000298 5100000264
5100000258 5100000036
5100000157 5100000261
5100000098 5100000098
5100000184 5100000062
5100000090 5100000042
5100000204 5100000021
5100000066 5100000227
5100000214 5100000020
5100000181 5100000122
5100000179 5100000079
5100000082 5100000101
5100000102 5100000067
5100000219 5100000203
5100000297 5100000277
5100000127 5100000264
5100000238 5100000201
5100000075 5100000012
5100000006 5100000017
5100000089 5100000288
5100000256 5100000296
5100000227 5100000212
5100000116 5100000284
5100000118 5100000027
5100000277 5100000026
5100000074 5100000084
5100000161 5100000237
5100000242 5100000193
5100000214 5100000246
5100000036 5100000229
5100000212 5100000162
5100000240 5100000083
5100000014 5100000105
5100000134 5100000169
5100000146 5100000041
5100000272 5100000043
5100000219 5100000080
5100000176 5100000164
5100000132 5100000042
5100000075 5100000036
5100000079 5100000267
5100000019 5100000043
5100000185 5100000166
5100000179 5100000041
5100000136 5100000179
5100000197 5100000012
5100000248 5100000263
5100000119 5100000206
5100000057 5100000033
5100000085 5100000196
5100000212 5100000276
5100000263 5100000017
5100000203 5100000176
5100000195 5100000106
5100000076 5100000016
5100000054 5100000163
5100000210 5100000095
5100000049 5100000093
5100000252 5100000064
5100000043 5100000264
5100000045 5100000295
5100000266 5100000075
5100000148 5100000044
5100000197 5100000215
5100000162 5100000079
5100000100 5100000153
5100000145 5100000229
5100000271 5100000016
5100000284 5100000061
5100000012 5100000081
5100000110 5100000071
5100000125 5100000018
5100000272 5100000188
5100000179 5100000008
5100000043 5100000286
5100000150 5100000187
5100000090 5100000034
5100000125 5100000161
5100000260 5100000211
5100000208 5100000108
5100000270 5100000067
5100000265 5100000053
5100000097 5100000091
5100000066 5100000270
5100000144 5100000205
5100000172 5100000109
5100000080 5100000265
5100000095 5100000046
5100000089 5100000088
5100000001 5100000133
5100000260 5100000019
5100000192 5100000278
5100000135 5100000075
5100000234 5100000171
5100000178 5100000263
5100000120 5100000198
5100000177 5100000263
5100000006 5100000103
5100000176 5100000235
5100000236 5100000003
5100000046 5100000018
5100000001 5100000080
5100000024 5100000188
5100000213 5100000047
5100000293 5100000185
5100000013 5100000241
5100000151 5100000081
5100000099 5100000227
5100000051 5100000166
5100000055 5100000066
5100000060 5100000144
5100000218 5100000232
5100000143 5100000210
5100000261 5100000262
5100000272 5100000209
5100000066 5100000264
5100000164 5100000013
5100000227 5100000144
5100000261 5100000181
5100000118 5100000169
5100000097 5100000148
5100000175 5100000282
5100000207 5100000036
5100000110 5100000143
5100000194 5100000251
5100000069 5100000164
5100000086 5100000090
5100000086 5100000244
5100000252 5100000134
5100000206 5100000246
5100000033 5100000163
5100000093 5100000151
5100000009 5100000200
5100000137 5100000123
5100000218 5100000116
5100000161 5100000136
5100000034 5100000082
5100000100 5100000042
5100000119 5100000043
5100000164 5100000089
5100000236 5100000256
5100000101 5100000278
5100000193 5100000121
5100000036 5100000209
5100000064 5100000280
5100000008 5100000134
5100000293 5100000201
5100000006 5100000125
5100000010 5100000087
5100000107 5100000040
5100000030 5100000180
5100000100 5100000185
5100000049 5100000033
5100000188 5100000022
5100000229 5100000136
5100000015 5100000200
5100000167 5100000026
5100000226 5100000034
5100000109 5100000214
5100000104 5100000073
5100000286 5100000223
5100000150 5100000120
5100000230 5100000016
5100000110 5100000283
5100000007 5100000181
5100000161 5100000039
5100000137 5100000046
5100000146 5100000103
5100000189 5100000156
5100000203 5100000269
5100000077 5100000121
5100000067 5100000081
5100000019 5100000091
5100000057 5100000108
5100000281 5100000157
5100000120 5100000189
5100000142 5100000101
5100000155 5100000254
5100000132 5100000074
5100000005 5100000197
5100000095 5100000072
5100000279 5100000039
5100000155 5100000294
5100000224 5100000030
5100000166 5100000211
5100000080 5100000042
5100000112 5100000019
5100000246 5100000101
5100000157 5100000204
5100000071 5100000244
5100000245 5100000091
5100000055 5100000027
5100000073 5100000230
5100000159 5100000168
5100000212 5100000290
5100000093 5100000122
5100000082 5100000098
5100000015 5100000062
5100000006 5100000167
5100000267 5100000035
5100000120 5100000079
5100000274 5100000146
5100000040 5100000064
5100000104 5100000298
5100000024 5100000251
5100000233 5100000058
5100000261 5100000001
5100000187 5100000182
5100000161 5100000219
5100000180 5100000261
5100000015 5100000062
5100000070 5100000229
5100000073 5100000128
5100000162 5100000002
5100000094 5100000186
5100000039 5100000069
5100000289 5100000188
5100000080 5100000242
5100000187 5100000020
5100000104 5100000187
5100000147 5100000196
5100000178 5100000011
5100000062 5100000292
5100000289 5100000170
5100000068 5100000088
5100000061 5100000281
5100000103 5100000120
5100000256 5100000220
5100000103 5100000049
5100000057 5100000198
5100000221 5100000036
5100000100 5100000286
5100000236 5100000047
5100000172 5100000160
5100000109 5100000124
5100000284 5100000048
5100000131 5100000300
5100000291 5100000151
5100000249 5100000210
5100000028 5100000260
5100000286 5100000027
5100000100 5100000300
5100000110 5100000210
5100000266 5100000029
5100000189 5100000145
5100000140 5100000262
5100000179 5100000300
5100000128 5100000211
5100000061 5100000279
5100000151 5100000175
5100000022 5100000078
5100000123 5100000296
5100000023 5100000048
5100000038 5100000265
5100000292 5100000265
5100000055 5100000295
5100000081 5100000129
5100000207 5100000169
5100000039 5100000164
5100000144 5100000116
5100000145 5100000077
5100000220 5100000291
5100000245 5100000001
5100000207 5100000201
5100000288 5100000047
5100000243 5100000203
5100000042 5100000145
5100000087 5100000190
5100000107 5100000216
5100000258 5100000158
5100000021 5100000205
5100000005 5100000162
5100000210 5100000258
5100000288 5100000122
5100000067 5100000208
5100000049 5100000250
5100000128 5100000183
5100000257 5100000194
5100000214 5100000266
5100000217 5100000167
5100000101 5100000183
5100000048 5100000017
5100000147 5100000107
5100000062 5100000238
5100000230 5100000241
5100000225 5100000195
5100000185 5100000236
5100000241 5100000291
5100000229 5100000254
5100000241 5100000048
5100000085 5100000224
5100000003 5100000068
5100000062 5100000114
5100000191 5100000283
5100000292 5100000079
5100000019 5100000117
5100000287 5100000127
5100000217 5100000173
5100000232 5100000038
5100000068 5100000079
5100000052 5100000142
5100000220 5100000257
5100000100 5100000061
5100000244 5100000234
5100000078 5100000235
5100000256 5100000181
5100000083 5100000243
5100000276 5100000279
5100000209 5100000119
5100000026 5100000248
5100000155 5100000192
5100000245 5100000206
5100000184 5100000021
5100000281 5100000006
5100000171 5100000127
5100000073 5100000208
5100000232 5100000039
5100000211 5100000143
5100000051 5100000098
5100000112 5100000082
5100000209 5100000073
5100000202 5100000181
5100000211 5100000141
5100000152 5100000157
5100000098 5100000111
5100000155 5100000127
5100000289 5100000013
5100000221 5100000166
5100000111 5100000092
5100000052 5100000260
5100000256 5100000033
5100000099 5100000193
5100000241 5100000269
5100000255 5100000292
5100000171 5100000292
5100000210 5100000046
5100000287 5100000209
5100000220 5100000036
5100000202 5100000060
5100000186 5100000088
5100000190 5100000226
5100000111 5100000032
5100000011 5100000067
5100000014 5100000167
5100000057 5100000086
5100000120 5100000069
5100000218 5100000093
5100000021 5100000020
5100000155 5100000257
5100000243 5100000276
5100000060 5100000035
5100000059 5100000004
5100000022 5100000165
5100000015 5100000186
5100000222 5100000161
5100000064 5100000236
5100000063 5100000125
5100000292 5100000095
5100000062 5100000298
5100000082 5100000093
5100000173 5100000078
5100000001 5100000123
5100000279 5100000147
5100000251 5100000061
5100000030 5100000225
5100000104 5100000201
5100000103 5100000193
5100000283 5100000095
5100000097 5100000227
5100000220 5100000276
5100000256 5100000243
5100000262 5100000248
5100000300 5100000194
5100000144 5100000175
5100000041 5100000256
5100000257 5100000055
5100000232 5100000101
5100000014 5100000239
5100000230 5100000297
5100000275 5100000141
5100000083 5100000198
5100000235 5100000040
5100000300 5100000010
5100000040 5100000272
5100000170 5100000255
5100000102 5100000258
5100000100 5100000202
5100000134 5100000229
5100000231 5100000026
5100000187 5100000097
5100000095 5100000005
5100000242 5100000175
5100000064 5100000230
5100000057 5100000107
5100000029 5100000048
5100000136 5100000014
5100000043 5100000071
5100000128 5100000122
5100000296 5100000181
5100000112 5100000155
5100000227 5100000018
5100000288 5100000221
5100000294 5100000261
5100000299 5100000090
5100000195 5100000040
5100000051 5100000060
5100000031 5100000282
5100000161 5100000072
5100000034 5100000127
5100000166 5100000294
5100000239 5100000198
5100000252 5100000065
5100000045 5100000125
5100000056 5100000228
5100000158 5100000140
5100000072 5100000252
5100000095 5100000298
5100000092 5100000175
5100000186 5100000209
5100000240 5100000182
5100000288 5100000138
5100000201 5100000298
5100000062 5100000244
5100000072 5100000109
5100000205 5100000034
5100000106 5100000292
5100000155 5100000020
5100000163 5100000277
5100000226 5100000105
5100000259 5100000147
5100000007 5100000047
5100000030 5100000155
5100000142 5100000231
5100000161 5100000150
5100000290 5100000127
5100000086 5100000154
5100000275 5100000001
5100000089 5100000163
5100000019 5100000024
5100000136 5100000034
5100000284 5100000213
5100000148 5100000262
5100000228 5100000264
5100000212 5100000104
5100000260 5100000270
5100000275 5100000193
5100000225 5100000020
5100000208 5100000178
5100000026 5100000166
5100000004 5100000238
5100000028 5100000288
5100000017 5100000129
5100000153 5100000093
5100000095 5100000078
5100000244 5100000058
5100000187 5100000067
5100000295 5100000275
5100000019 5100000062
5100000009 5100000092
5100000189 5100000265
5100000149 5100000028
5100000269 5100000076
5100000166 5100000058
5100000273 5100000051
5100000120 5100000184
5100000160 5100000059
5100000182 5100000037
5100000259 5100000297
5100000252 5100000120
5100000116 5100000293
5100000286 5100000073
5100000240 5100000222
5100000257 5100000167
5100000065 5100000283
5100000284 5100000147
5100000020 5100000084
5100000130 5100000137
5100000135 5100000155
5100000042 5100000072
5100000124 5100000267
5100000228 5100000278
5100000222 5100000101
5100000179 5100000284
5100000138 5100000192
5100000185 5100000164
5100000229 5100000214
5100000016 5100000099
5100000107 5100000038
5100000208 5100000238
5100000229 5100000249
5100000119 5100000263
5100000281 5100000004
5100000029 5100000080
5100000222 5100000286
5100000043 5100000199
5100000287 5100000169
5100000237 5100000055
5100000238 5100000288
5100000046 5100000194
5100000284 5100000027
5100000144 5100000065
5100000116 5100000277
5100000089 5100000077
5100000085 5100000099
5100000171 5100000278
5100000204 5100000257
5100000138 5100000201
5100000089 5100000024
5100000293 5100000198
5100000064 5100000151
5100000247 5100000246
5100000135 5100000197
5100000203 5100000057
5100000078 5100000194
5100000216 5100000255
5100000054 5100000052
5100000106 5100000180
5100000250 5100000073
5100000106 5100000156
5100000197 5100000119
5100000061 5100000213
5100000295 5100000188
5100000254 5100000173
5100000295 5100000259
5100000082 5100000179
5100000196 5100000275
5100000185 5100000276
5100000069 5100000174
5100000150 5100000194
5100000015 5100000130
5100000148 5100000152
5100000011 5100000236
5100000224 5100000099
5100000154 5100000122
5100000153 5100000095
5100000300 5100000200
5100000062 5100000243
5100000055 5100000163
5100000248 5100000207
5100000197 5100000299
5100000043 5100000220
5100000116 5100000247
5100000008 5100000205
5100000272 5100000090
5100000231 5100000081
5100000044 5100000088
5100000151 5100000029
5100000058 5100000234
5100000158 5100000060
5100000157 5100000031
5100000266 5100000205
5100000103 5100000290
5100000082 5100000072
5100000115 5100000147
5100000153 5100000038
5100000281 5100000213
5100000283 5100000096
5100000005 5100000119
5100000240 5100000091
5100000063 5100000059
5100000044 5100000017
5100000225 5100000150
5100000069 5100000197
5100000026 5100000152
5100000251 5100000147
5100000228 5100000003
5100000289 5100000255
5100000008 5100000184
5100000091 5100000007
5100000006 5100000021
5100000225 5100000192
5100000003 5100000165
5100000069 5100000022
5100000140 5100000088
5100000001 5100000266
5100000189 5100000169
5100000184 5100000180
5100000179 5100000019
5100000178 5100000180
5100000006 5100000063
5100000170 5100000200
5100000244 5100000065
5100000258 5100000055
5100000145 5100000010
5100000133 5100000287
5100000091 5100000273
5100000134 5100000285
5100000004 5100000043
5100000274 5100000185
5100000054 5100000169
5100000234 5100000095
5100000148 5100000076
5100000024 5100000237
5100000021 5100000129
5100000007 5100000106
5100000051 5100000208
5100000253 5100000051
5100000092 5100000038
5100000230 5100000163
5100000298 5100000015
5100000047 5100000256
5100000025 5100000034
5100000147 5100000131
5100000141 5100000108
5100000070 5100000158
5100000199 5100000160
5100000277 5100000028
5100000013 5100000242
5100000220 5100000242
5100000047 5100000214
5100000024 5100000152
5100000289 5100000032
5100000086 5100000004
5100000062 5100000060
5100000032 5100000189
5100000230 5100000045
5100000024 5100000093
5100000005 5100000289
5100000224 5100000286
5100000070 5100000199
5100000044 5100000025
5100000031 5100000270
5100000193 5100000179
5100000046 5100000205
5100000158 5100000144
5100000040 5100000282
5100000133 5100000023
5100000109 5100000028
5100000247 5100000012
5100000122 5100000047
5100000045 5100000247
5100000004 5100000205
5100000234 5100000243
5100000074 5100000106
5100000260 5100000128
5100000036 5100000075
5100000049 5100000291
5100000125 5100000164
5100000250 5100000191
5100000207 5100000054
5100000149 5100000244
5100000058 5100000115
5100000209 5100000081
5100000199 5100000013
5100000284 5100000283
5100000204 5100000037
5100000122 5100000271
5100000285 5100000205
5100000202 5100000136
5100000142 5100000133
5100000174 5100000084
5100000222 5100000018
5100000103 5100000035
5100000098 5100000278
5100000056 5100000031
5100000044 5100000176
5100000098 5100000255
5100000204 5100000081
5100000107 5100000161
5100000034 5100000200
5100000037 5100000180
5100000284 5100000013
5100000026 5100000073
5100000253 5100000171
5100000051 5100000087
5100000083 5100000039
5100000006 5100000066
5100000285 5100000185
5100000029 5100000084
5100000083 5100000113
5100000296 5100000167
5100000174 5100000279
5100000049 5100000103
5100000067 5100000203
5100000100 5100000113
5100000166 5100000192
5100000032 5100000058
5100000119 5100000286
5100000220 5100000207
5100000060 5100000110
5100000194 5100000115
5100000035 5100000013
5100000054 5100000118
5100000164 5100000081
5100000208 5100000244
5100000079 5100000090
5100000228 5100000100
5100000106 5100000290
5100000125 5100000212
5100000082 5100000036
5100000281 5100000284
5100000192 5100000171
5100000050 5100000103
5100000139 5100000156
5100000143 5100000284
5100000068 5100000225
5100000099 5100000055
5100000017 5100000192
5100000072 5100000151
5100000171 5100000217
5100000105 5100000223
5100000245 5100000126
5100000060 5100000269
5100000235 5100000100
5100000296 5100000133
5100000229 5100000039
5100000171 5100000095
5100000105 5100000251
5100000085 5100000192
5100000188 5100000004
5100000060 5100000047
5100000218 5100000040
5100000076 5100000246
5100000214 5100000177
5100000287 5100000056
5100000150 5100000010
5100000287 5100000032
5100000121 5100000120
5100000101 5100000208
5100000190 5100000071
5100000013 5100000011
5100000258 5100000067
5100000203 5100000026
5100000018 5100000048
5100000020 5100000270
5100000099 5100000274
5100000237 5100000005
5100000095 5100000115
5100000108 5100000012
5100000298 5100000251
5100000271 5100000271
5100000021 5100000154
5100000206 5100000042
5100000047 5100000232
5100000296 5100000167
5100000193 5100000078
5100000166 5100000093
5100000259 5100000297
5100000229 5100000161
5100000165 5100000186
5100000261 5100000178
5100000280 5100000161
5100000157 5100000006
5100000230 5100000131
5100000101 5100000002
5100000012 5100000245
5100000298 5100000256
5100000043 5100000010
5100000240 5100000179
5100000047 5100000232
5100000092 5100000065
5100000035 5100000242
5100000116 5100000068
5100000037 5100000265
5100000112 5100000009
5100000297 5100000005
5100000144 5100000259
5100000232 5100000161
5100000133 5100000146
5100000012 5100000027
5100000196 5100000123
5100000055 5100000227
5100000031 5100000283
5100000205 5100000157
5100000266 5100000132
5100000254 5100000174
5100000126 5100000161
5100000278 5100000159
5100000227 5100000064
5100000028 5100000170
5100000231 5100000234
5100000083 5100000019
5100000083 5100000183
5100000027 5100000085
5100000128 5100000063
5100000106 5100000291
5100000098 5100000107
5100000215 5100000154
5100000263 5100000028
5100000179 5100000006
5100000228 5100000265
5100000251 5100000250
5100000078 5100000216
5100000178 5100000274
5100000107 5100000212
5100000265 5100000068
5100000067 5100000228
5100000086 5100000041
5100000034 5100000002
5100000009 5100000133
5100000068 5100000203
5100000094 5100000250
5100000041 5100000190
5100000191 5100000133
5100000185 5100000091
5100000266 5100000029
5100000159 5100000279
5100000262 5100000100
5100000186 5100000050
5100000086 5100000202
5100000008 5100000275
5100000293 5100000109
5100000271 5100000232
5100000010 5100000099
5100000182 5100000282
5100000036 5100000249
5100000086 5100000300
5100000082 5100000252
5100000188 5100000143
5100000165 5100000298
5100000226 5100000219
5100000295 5100000159
5100000288 5100000167
5100000008 5100000123
5100000295 5100000122
5100000004 5100000050
5100000265 5100000190
5100000081 5100000077
5100000085 5100000146
5100000195 5100000245
5100000050 5100000269
5100000110 5100000279
5100000123 5100000055
5100000221 5100000258
5100000060 5100000078
5100000269 5100000199
5100000173 5100000039
5100000052 5100000248
5100000103 5100000048
5100000246 5100000145
5100000153 5100000166
5100000184 5100000039
5100000164 5100000223
5100000036 5100000175
5100000129 5100000130
5100000165 5100000194
5100000189 5100000037
5100000055 5100000006
5100000275 5100000178
5100000286 5100000292
5100000110 5100000161
5100000084 5100000020
5100000202 5100000166
5100000094 5100000222
5100000259 5100000189
5100000255 5100000262
5100000079 5100000154
5100000094 5100000004
5100000235 5100000201
5100000095 5100000121
5100000017 5100000092
5100000031 5100000220
5100000300 5100000279
5100000002 5100000298
5100000239 5100000281
5100000139 5100000176
5100000018 5100000296
5100000178 5100000137
5100000209 5100000058
5100000079 5100000089
5100000196 5100000079
5100000112 5100000064
5100000044 5100000235
5100000244 5100000018
5100000138 5100000226
5100000153 5100000101
5100000078 5100000284
5100000142 5100000183
5100000280 5100000227
5100000251 5100000014
5100000056 5100000276
5100000021 5100000090
5100000171 5100000193
5100000238 5100000118
5100000286 5100000150
5100000087 5100000190
5100000085 5100000166
5100000124 5100000115
5100000126 5100000227
5100000024 5100000286
5100000090 5100000053
277 133
154 72
38 275
198 52
179 241
255 36
151 128
16 180
53 249
291 143
120 136
243 10
85 275
12 17
69 292
123 148
5 215
109 114
207 282
68 156
262 153
283 294
39 89
271 230
188 121
207 158
115 221
278 158
87 78
3 162
158 60
18 151
125 215
276 286
68 279
81 62
216 200
243 112
31 63
182 212
43 164
16 102
273 107
49 253
193 91
282 127
92 228
24 143
156 106
290 165
179 41
97 263
37 78
177 30
81 19
92 243
263 261
254 133
68 172
153 181
298 262
29 75
227 250
259 151
4 230
190 160
138 163
257 290
178 211
228 136
183 103
80 277
73 89
282 37
217 237
94 235
56 279
251 262
159 40
120 269
128 60
90 154
82 1
16 130
261 104
147 296
254 27
201 225
263 280
10 171
124 9
195 22
147 292
259 245
279 272
168 54
220 1
17 223
17 130
9 77
277 95
49 27
229 259
191 201
297 255
121 161
169 242
178 236
41 19
214 167
229 127
51 262
152 292
245 79
156 263
203 55
158 83
291 277
59 126
191 241
12 93
76 101
188 96
225 250
203 215
234 284
129 260
245 26
271 59
239 210
281 250
227 72
23 166
37 140
182 11
54 135
57 91
48 10
87 23
235 255
45 113
208 136
19 90
47 96
226 225
36 276
81 170
99 256
291 80
114 246
207 138
13 88
21 5
286 177
31 17
190 237
44 207
150 98
71 101
270 90
163 217
200 54
271 147
103 173
197 11
140 207
73 238
81 82
183 47
42 189
59 251
238 108
146 269
87 264
111 256
211 292
217 25
260 25
270 241
92 209
23 153
249 4
73 210
228 61
226 293
36 293
62 139
227 62
105 175
254 265
242 222
295 98
18 201
78 33
291 23
156 135
172 58
44 288
217 169
207 167
117 38
23 60
160 157
155 275
188 193
299 196
107 131
272 106
295 35
59 118
124 31
4 202
162 194
131 28
124 100
166 210
253 113
286 182
196 36
244 64
8 260
119 88
39 238
21 99
71 231
254 28
287 77
194 91
175 206
273 162
213 71
291 172
215 162
174 32
230 162
75 21
133 13
164 95
52 85
228 168
