# source: JorikJooken
# original path: jj_extract\knapsackProblemInstances-master\problemInstances\n_1200_c_1000000_g_10_f_0.3_eps_0_s_100\test.in
# optimal value: 1012116
# format: n capacity, then weight value
1200 1000000
500021 500058
500022 500033
500024 500031
500033 500061
500007 500086
500089 500003
500080 500055
500024 500066
500075 500068
500027 500100
500016 500001
500047 500090
500030 500033
500027 500048
500081 500085
500012 500010
500009 500043
500091 500010
500012 500023
500051 500027
500049 500024
500088 500062
500033 500053
500045 500005
500044 500013
500017 500088
500091 500086
500096 500058
500062 500038
500089 500028
500074 500053
500075 500075
500092 500012
500029 500094
500082 500032
500026 500096
500037 500036
500029 500087
500005 500039
500002 500096
500060 500078
500063 500038
500034 500059
500072 500038
500060 500062
500096 500046
500071 500078
500010 500090
500016 500079
500037 500087
500039 500058
500003 500048
500036 500060
500079 500099
500093 500041
500086 500031
500025 500011
500002 500019
500021 500057
500046 500056
500046 500042
500093 500037
500005 500038
500056 500031
500006 500023
500048 500048
500084 500080
500080 500002
500092 500100
500051 500080
500021 500058
500089 500032
500001 500089
500090 500053
500100 500040
500036 500050
500082 500089
500030 500038
500090 500069
500003 500017
500022 500025
500092 500098
500062 500028
500042 500084
500072 500063
500031 500074
500082 500049
500081 500075
500052 500094
500008 500046
500015 500032
500083 500014
500083 500033
250067 250026
250013 250066
250052 250043
250052 250064
250078 250073
250027 250080
250011 250036
250047 250051
250049 250098
250011 250032
250006 250044
250001 250028
250021 250040
250010 250076
250004 250009
250019 250099
250061 250064
250054 250024
250075 250081
250093 250003
250056 250005
250055 250036
250029 250094
250060 250065
250039 250004
250037 250040
250050 250015
250029 250091
250041 250003
250093 250064
250078 250049
250082 250030
250080 250024
250099 250009
250031 250088
250001 250065
250054 250044
250085 250048
250055 250037
250032 250014
250074 250026
250004 250004
250037 250088
250039 250002
250012 250066
250017 250067
250048 250079
250073 250027
250084 250031
250021 250057
250065 250034
250058 250040
250005 250003
250017 250027
250018 250024
250021 250024
250034 250018
250042 250053
250038 250079
250035 250089
250093 250013
250061 250061
250094 250015
250099 250071
250053 250018
250025 250056
250056 250001
250034 250057
250056 250012
250034 250006
250047 250060
250095 250006
250017 250021
250016 250011
250051 250081
250069 250057
250043 250008
250011 250100
250045 250001
250043 250070
250012 250030
250016 250053
250043 250045
250012 250043
250088 250077
250100 250033
250041 250044
250035 250089
250090 250029
250014 250098
250089 250036
250087 250057
250070 250047
125070 125062
125009 125043
125058 125036
125037 125028
125066 125032
125055 125057
125064 125062
125001 125091
125022 125076
125009 125019
125011 125055
125071 125046
125028 125047
125012 125008
125052 125073
125004 125049
125011 125036
125045 125019
125025 125070
125007 125067
125058 125048
125098 125053
125011 125041
125048 125012
125050 125013
125091 125002
125032 125095
125075 125094
125038 125081
125018 125009
125038 125074
125081 125095
125092 125091
125023 125041
125039 125062
125038 125040
125085 125063
125016 125071
125016 125049
125028 125034
125052 125037
125082 125066
125047 125006
125044 125093
125004 125034
125091 125007
125087 125012
125039 125003
125030 125066
125053 125037
125048 125076
125056 125042
125018 125079
125068 125048
125097 125012
125086 125099
125032 125065
125075 125010
125042 125004
125077 125003
125095 125074
125062 125001
125019 125092
125059 125008
125081 125008
125090 125055
125099 125080
125040 125084
125033 125088
125006 125067
125032 125077
125077 125070
125088 125091
125004 125051
125092 125062
125037 125060
125015 125013
125080 125006
125017 125011
125010 125022
125032 125071
125033 125003
125097 125030
125035 125062
125008 125020
125088 125084
125043 125094
125051 125070
125033 125085
125023 125011
125100 125014
125049 125035
125048 125046
62520 62517
62581 62535
62509 62553
62521 62528
62521 62517
62558 62566
62508 62523
62591 62575
62586 62574
62579 62590
62540 62575
62523 62508
62542 62587
62572 62525
62519 62585
62506 62540
62568 62508
62515 62592
62518 62548
62538 62551
62587 62537
62516 62590
62512 62542
62580 62553
62548 62571
62551 62579
62510 62531
62554 62563
62569 62588
62562 62551
62560 62531
62505 62593
62586 62555
62523 62577
62549 62592
62518 62546
62514 62585
62587 62508
62574 62564
62503 62548
62568 62535
62585 62510
62541 62518
62528 62507
62599 62536
62506 62541
62589 62561
62503 62583
62533 62516
62513 62501
62550 62548
62585 62588
62542 62508
62568 62572
62527 62578
62572 62568
62503 62589
62589 62514
62564 62564
62533 62509
62589 62573
62572 62600
62511 62575
62562 62599
62531 62510
62553 62569
62541 62532
62518 62512
62520 62571
62579 62572
62596 62503
62587 62536
62527 62552
62600 62541
62582 62589
62543 62535
62540 62557
62567 62561
62556 62552
62515 62552
62585 62515
62540 62541
62514 62541
62545 62519
62502 62587
62587 62545
62576 62558
62560 62590
62526 62566
62546 62528
62556 62545
62532 62566
62563 62594
31336 31337
31348 31308
31324 31341
31308 31307
31312 31251
31265 31328
31315 31327
31318 31305
31271 31275
31254 31271
31293 31307
31319 31295
31277 31281
31315 31252
31295 31285
31314 31323
31341 31259
31275 31276
31299 31313
31343 31346
31261 31335
31300 31279
31257 31265
31308 31345
31303 31276
31276 31285
31282 31338
31283 31307
31253 31285
31299 31272
31304 31267
31276 31257
31269 31347
31289 31295
31284 31324
31350 31312
31294 31326
31258 31311
31255 31267
31290 31317
31278 31346
31266 31320
31259 31271
31289 31348
31323 31345
31253 31338
31299 31311
31272 31285
31255 31325
31338 31274
31315 31301
31283 31294
31328 31332
31334 31296
31323 31265
31348 31295
31340 31337
31309 31300
31291 31296
31292 31310
31269 31342
31348 31264
31327 31336
31320 31277
31293 31263
31322 31276
31333 31346
31260 31257
31303 31319
31313 31284
31287 31317
31281 31287
31279 31289
31323 31327
31323 31307
31322 31305
31256 31312
31308 31276
31286 31329
31276 31271
31304 31258
31259 31267
31307 31301
31285 31330
31266 31296
31261 31337
31316 31323
31346 31265
31263 31349
31305 31346
31272 31302
31344 31284
31334 31340
15669 15673
15702 15636
15675 15652
15716 15693
15663 15668
15660 15712
15680 15677
15719 15682
15698 15626
15630 15642
15672 15626
15630 15637
15671 15673
15656 15719
15653 15667
15690 15724
15681 15713
15650 15718
15710 15633
15670 15672
15718 15711
15692 15647
15707 15669
15721 15652
15725 15658
15670 15655
15719 15666
15670 15638
15663 15654
15650 15703
15705 15702
15710 15664
15717 15662
15707 15667
15672 15701
15721 15668
15626 15636
15720 15651
15674 15720
15632 15694
15679 15693
15660 15638
15660 15660
15679 15685
15702 15668
15676 15634
15677 15684
15687 15657
15694 15670
15685 15630
15653 15644
15648 15697
15650 15645
15648 15713
15706 15674
15724 15702
15713 15689
15651 15721
15709 15694
15711 15672
15712 15712
15663 15710
15691 15665
15694 15666
15668 15660
15721 15705
15673 15706
15674 15656
15662 15684
15641 15724
15685 15632
15702 15715
15639 15702
15662 15648
15706 15660
15639 15663
15710 15635
15653 15692
15628 15721
15700 15722
15656 15654
15703 15664
15650 15648
15683 15637
15709 15703
15697 15685
15626 15655
15717 15722
15639 15643
15667 15652
15722 15717
15657 15710
15690 15702
7876 7907
7831 7820
7903 7853
7848 7866
7849 7828
7876 7846
7845 7829
7881 7821
7873 7818
7819 7886
7850 7887
7883 7866
7848 7908
7862 7891
7855 7824
7867 7831
7860 7815
7908 7821
7870 7813
7888 7873
7819 7861
7876 7843
7900 7835
7891 7842
7826 7884
7890 7909
7846 7910
7873 7865
7824 7852
7889 7850
7905 7889
7841 7898
7814 7855
7865 7887
7868 7889
7896 7815
7875 7884
7829 7824
7910 7887
7875 7899
7837 7873
7841 7907
7872 7845
7904 7853
7886 7894
7851 7849
7884 7831
7871 7864
7889 7855
7884 7856
7865 7892
7912 7823
7845 7900
7903 7884
7816 7912
7849 7876
7853 7884
7820 7834
7855 7864
7866 7821
7871 7823
7893 7905
7870 7833
7815 7853
7872 7813
7836 7826
7821 7880
7824 7896
7872 7882
7848 7824
7824 7859
7882 7817
7912 7884
7813 7822
7848 7850
7838 7863
7910 7852
7847 7823
7893 7863
7870 7848
7819 7881
7844 7855
7818 7815
7854 7880
7894 7874
7844 7891
7859 7845
7832 7854
7827 7885
7838 7875
7882 7912
7884 7851
7846 7839
3956 3977
3930 3996
3934 4001
3918 3984
3963 3974
3938 3990
3966 3923
3939 3954
3911 3918
3991 3917
3927 3972
3979 3983
3989 3917
3946 3953
3963 3999
3983 3991
3955 3986
3999 3990
3940 3987
3942 3983
3998 4004
3983 3962
4002 3936
3984 3968
3963 3959
3949 3955
3952 3992
3976 3998
3995 4002
3913 4005
3939 3983
3937 3970
3960 3969
3990 3929
3973 3927
3916 3928
3981 3952
3924 3970
3925 3971
3926 3916
3929 3966
3996 3983
3911 3913
3920 3942
3925 3925
3989 3930
3964 3972
3989 3973
3932 3978
3955 3907
3969 4005
3971 3915
3941 3992
4004 3940
3956 3907
3968 3910
3928 3980
3940 3987
3998 3960
3950 3961
3929 3908
3961 3983
3947 3984
3948 3951
3928 3957
3986 3962
3929 3943
3923 3956
3930 3978
3971 3961
3961 4005
3952 3955
3914 3998
3940 3941
3928 3954
3924 3921
3924 3980
3926 3932
3947 3977
3932 3910
3965 3909
3996 3918
3964 3930
3950 3917
4005 3976
3949 3920
3984 3949
3978 4002
3981 4003
4001 3932
3937 3977
3952 4005
3981 3959
2051 2035
1960 2013
1972 2027
2046 1975
2040 2032
1968 2021
2052 2040
1980 1999
1966 1975
1985 1963
2049 2026
2045 2045
2033 1994
2028 2006
1981 2005
1971 2010
1994 2020
1973 1954
1997 2034
1997 1964
2041 2029
2008 1978
2030 2019
2038 2018
2036 2047
2030 1960
2037 1957
1957 1998
1960 1998
1991 2047
1978 2026
2048 2046
1992 2016
2033 1985
2047 2027
1990 1971
1975 1973
1964 1988
1984 2001
2048 2033
1999 2015
1999 2011
2030 1978
1967 2015
2037 1979
2017 2024
2045 1995
2046 2018
1991 1995
2033 1980
2048 1988
1978 2045
2020 2005
1976 2050
2044 2045
1991 2044
1978 2007
2017 1995
2040 2031
2021 1997
2048 1984
1992 2034
1956 2022
1992 2021
1968 2014
1958 2024
2051 2035
1988 1959
2041 2016
2040 2034
1972 2020
1983 2015
1956 2011
2004 1966
2030 1959
1954 1955
1980 1966
2030 1982
1992 2049
2021 2018
1981 1957
2052 1985
2049 1995
1976 2051
1992 1988
2004 2037
1996 1988
1964 1990
1957 2042
1963 1990
1974 2026
1977 2047
1961 2028
9 34
96 69
74 37
71 88
61 86
57 84
27 87
11 82
85 82
24 60
83 2
19 49
14 54
74 37
29 93
99 21
42 2
91 55
4 52
68 60
34 83
71 12
69 83
37 7
61 71
59 38
26 23
36 6
44 21
3 17
32 54
34 56
45 95
77 48
8 51
52 23
64 21
17 60
18 20
27 79
94 7
62 45
2 22
60 21
57 24
28 70
88 62
52 13
65 90
49 64
47 78
93 46
88 36
99 86
57 93
40 85
61 63
34 95
10 56
74 15
43 63
62 38
81 73
20 78
14 89
74 39
68 38
91 79
83 43
29 4
93 68
6 57
61 7
52 16
64 92
15 95
82 67
92 54
59 8
85 49
42 71
60 47
52 35
24 64
98 42
27 51
44 50
17 80
14 82
21 38
52 53
3 17
12 73
72 47
34 49
12 91
31 19
60 64
46 35
94 38
88 42
44 42
48 87
65 38
17 14
5 52
18 57
61 34
95 41
10 11
40 25
15 32
34 34
33 82
2 10
40 83
50 2
36 68
20 84
40 96
87 67
38 47
27 23
12 80
78 67
88 80
72 57
34 68
98 64
67 58
29 49
11 26
25 38
73 91
58 48
22 19
92 88
66 40
68 90
24 99
76 21
25 42
19 52
89 55
52 34
44 16
65 62
23 73
24 2
14 17
75 82
23 35
92 72
28 69
86 86
18 19
83 36
9 100
94 4
98 59
40 65
6 82
41 7
6 81
53 22
95 24
64 60
62 9
38 83
71 10
95 87
28 69
55 41
20 79
1 93
52 75
59 24
9 92
44 95
47 38
1 82
9 49
99 6
53 93
20 63
79 67
13 91
45 15
44 49
88 95
52 82
46 86
5 2
92 59
38 9
31 21
72 54
60 38
56 65
27 31
26 50
98 18
63 74
28 27
5 25
91 2
95 33
33 30
38 67
72 72
95 4
64 92
57 4
2 45
56 88
42 5
74 66
55 22
92 94
72 43
87 55
71 9
58 95
90 60
16 72
40 48
53 96
94 24
7 62
99 85
51 65
60 63
25 18
73 99
40 12
31 47
29 68
46 73
5 54
70 29
52 5
23 59
95 94
85 83
27 78
42 61
38 41
42 1
100 16
85 81
43 78
30 86
75 75
46 5
18 49
82 89
64 53
95 78
83 67
36 21
22 74
61 44
64 58
12 79
87 62
69 59
2 7
69 17
20 4
8 21
1 93
9 57
5 28
33 10
41 48
99 95
39 50
80 80
28 27
75 76
91 62
88 53
1 78
70 12
45 37
2 11
48 57
18 34
98 21
87 4
9 18
96 37
76 40
47 87
36 86
26 64
62 37
3 7
85 77
68 76
4 38
82 81
17 7
81 30
91 31
90 94
60 62
99 20
63 4
67 97
100 4
90 66
54 32
73 100
64 17
85 69
82 77
46 21
51 44
19 14
65 61
72 95
5 66
6 11
84 21
78 77
18 63
45 70
68 16
80 18
30 92
51 31
71 79
30 70
33 12
75 83
9 6
81 64
24 69
8 18
34 95
80 2
35 36
3 48
89 93
39 48
31 28
49 13
93 39
4 89
73 51
95 22
63 55
55 62
94 37
37 3
62 22
44 54
90 70
92 33
78 8
58 33
53 5
