# source: JorikJooken
# original path: jj_extract\knapsackProblemInstances-master\problemInstances\n_800_c_100000000_g_10_f_0.3_eps_0.1_s_200\test.in
# optimal value: 99986152
# format: n capacity, then weight value
800 100000000
60000174 60000116
60000085 60000070
60000024 60000010
60000143 60000104
60000131 60000032
60000034 60000155
60000141 60000184
60000167 60000173
60000025 60000051
60000176 60000117
60000188 60000088
60000173 60000101
60000104 60000158
60000152 60000047
60000037 60000053
60000181 60000126
60000042 60000151
60000033 60000111
60000120 60000106
60000168 60000198
60000169 60000196
60000180 60000158
60000076 60000100
60000185 60000045
60000132 60000200
60000059 60000099
60000079 60000035
60000062 60000072
60000060 60000055
60000184 60000164
60000146 60000138
60000193 60000109
60000109 60000023
60000084 60000040
60000010 60000172
60000186 60000199
60000194 60000093
60000088 60000094
60000151 60000124
60000072 60000156
60000164 60000112
60000053 60000046
60000115 60000099
60000020 60000143
60000035 60000157
60000118 60000070
60000004 60000028
60000050 60000073
60000172 60000085
60000078 60000140
60000137 60000073
60000043 60000163
60000064 60000153
60000193 60000052
60000067 60000174
60000087 60000040
60000185 60000132
60000199 60000134
60000017 60000172
60000033 60000082
60000179 60000159
60000031 60000145
35000046 35000176
35000167 35000051
35000050 35000033
35000148 35000051
35000066 35000064
35000095 35000161
35000066 35000192
35000056 35000059
35000161 35000097
35000095 35000041
35000036 35000197
35000053 35000136
35000025 35000017
35000042 35000176
35000109 35000158
35000171 35000069
35000033 35000065
35000140 35000193
35000072 35000069
35000052 35000130
35000138 35000112
35000138 35000044
35000093 35000182
35000024 35000056
35000200 35000119
35000067 35000194
35000042 35000018
35000166 35000129
35000073 35000177
35000035 35000149
35000180 35000171
35000118 35000158
35000177 35000172
35000169 35000099
35000001 35000098
35000076 35000157
35000160 35000074
35000136 35000103
35000061 35000121
35000144 35000166
35000176 35000102
35000135 35000169
35000030 35000075
35000103 35000111
35000179 35000191
35000010 35000165
35000097 35000061
35000063 35000036
35000012 35000145
35000085 35000117
35000123 35000044
35000042 35000189
35000027 35000179
35000139 35000027
35000181 35000011
35000197 35000029
35000137 35000135
35000135 35000093
35000077 35000152
35000052 35000161
35000198 35000145
35000105 35000166
22500115 22500181
22500076 22500085
22500059 22500064
22500105 22500090
22500124 22500071
22500163 22500005
22500037 22500113
22500112 22500127
22500151 22500126
22500038 22500002
22500006 22500030
22500050 22500079
22500127 22500106
22500163 22500004
22500004 22500101
22500127 22500191
22500098 22500109
22500004 22500110
22500115 22500184
22500155 22500061
22500053 22500119
22500042 22500183
22500111 22500080
22500178 22500155
22500171 22500008
22500053 22500149
22500131 22500150
22500146 22500140
22500058 22500124
22500108 22500145
22500143 22500080
22500178 22500115
22500009 22500109
22500194 22500066
22500099 22500141
22500146 22500115
22500090 22500161
22500176 22500105
22500175 22500173
22500106 22500065
22500166 22500031
22500083 22500014
22500177 22500142
22500009 22500142
22500124 22500055
22500128 22500012
22500011 22500121
22500142 22500059
22500059 22500158
22500078 22500057
22500052 22500085
22500165 22500169
22500096 22500112
22500168 22500086
22500036 22500090
22500147 22500122
22500038 22500035
22500195 22500092
22500004 22500118
22500152 22500108
22500105 22500107
22500079 22500169
16250002 16250148
16250059 16250157
16250069 16250158
16250191 16250165
16250052 16250076
16250111 16250105
16250022 16250081
16250083 16250105
16250139 16250103
16250070 16250194
16250045 16250125
16250126 16250056
16250198 16250095
16250088 16250127
16250155 16250007
16250022 16250157
16250005 16250192
16250030 16250127
16250074 16250177
16250042 16250182
16250137 16250040
16250154 16250046
16250140 16250102
16250078 16250082
16250191 16250140
16250060 16250095
16250149 16250018
16250081 16250134
16250069 16250062
16250065 16250021
16250058 16250151
16250148 16250074
16250080 16250106
16250139 16250111
16250111 16250049
16250059 16250192
16250045 16250084
16250052 16250060
16250104 16250046
16250094 16250037
16250049 16250111
16250023 16250159
16250149 16250081
16250110 16250111
16250046 16250148
16250153 16250165
16250134 16250131
16250036 16250034
16250102 16250176
16250088 16250081
16250125 16250093
16250056 16250121
16250132 16250083
16250061 16250101
16250113 16250068
16250186 16250050
16250131 16250160
16250103 16250177
16250009 16250170
16250041 16250011
16250187 16250054
16250192 16250146
13125107 13125138
13125129 13125024
13125156 13125087
13125164 13125125
13125048 13125111
13125007 13125171
13125062 13125035
13125141 13125066
13125156 13125189
13125136 13125164
13125160 13125070
13125071 13125152
13125032 13125031
13125077 13125098
13125015 13125171
13125131 13125041
13125149 13125196
13125012 13125038
13125032 13125175
13125072 13125149
13125052 13125019
13125166 13125086
13125108 13125148
13125096 13125197
13125111 13125034
13125188 13125026
13125177 13125046
13125015 13125082
13125200 13125160
13125098 13125044
13125138 13125045
13125107 13125077
13125113 13125097
13125106 13125094
13125088 13125097
13125043 13125031
13125060 13125177
13125157 13125099
13125058 13125096
13125138 13125058
13125042 13125054
13125069 13125135
13125146 13125095
13125074 13125025
13125148 13125132
13125147 13125199
13125156 13125165
13125127 13125071
13125086 13125135
13125105 13125110
13125056 13125157
13125136 13125199
13125136 13125171
13125112 13125151
13125149 13125072
13125015 13125065
13125130 13125021
13125031 13125048
13125008 13125063
13125088 13125146
13125095 13125188
13125069 13125045
11562618 11562648
11562533 11562697
11562576 11562518
11562507 11562521
11562645 11562692
11562695 11562538
11562591 11562582
11562628 11562513
11562667 11562553
11562576 11562585
11562682 11562533
11562671 11562612
11562614 11562515
11562538 11562552
11562572 11562674
11562655 11562519
11562617 11562553
11562680 11562506
11562669 11562503
11562516 11562673
11562584 11562657
11562610 11562699
11562531 11562519
11562624 11562518
11562569 11562535
11562554 11562666
11562634 11562517
11562536 11562550
11562597 11562557
11562646 11562564
11562639 11562562
11562664 11562688
11562526 11562651
11562574 11562505
11562523 11562698
11562593 11562687
11562525 11562685
11562597 11562573
11562627 11562693
11562503 11562542
11562674 11562629
11562626 11562606
11562653 11562574
11562690 11562501
11562576 11562649
11562642 11562643
11562670 11562502
11562607 11562539
11562609 11562620
11562690 11562612
11562689 11562654
11562645 11562503
11562547 11562668
11562636 11562573
11562523 11562547
11562590 11562614
11562501 11562634
11562576 11562678
11562549 11562536
11562531 11562623
11562682 11562596
11562630 11562628
10781426 10781282
10781281 10781446
10781445 10781386
10781327 10781251
10781332 10781350
10781392 10781274
10781365 10781386
10781267 10781307
10781253 10781370
10781314 10781415
10781441 10781313
10781305 10781317
10781322 10781323
10781308 10781304
10781397 10781345
10781311 10781417
10781285 10781340
10781301 10781332
10781251 10781440
10781292 10781367
10781339 10781368
10781429 10781341
10781324 10781325
10781362 10781295
10781272 10781431
10781397 10781430
10781432 10781311
10781274 10781368
10781448 10781393
10781375 10781404
10781328 10781351
10781258 10781394
10781330 10781379
10781330 10781268
10781398 10781430
10781331 10781376
10781363 10781300
10781323 10781373
10781417 10781367
10781316 10781365
10781420 10781279
10781416 10781404
10781358 10781256
10781414 10781365
10781400 10781287
10781350 10781336
10781372 10781291
10781332 10781449
10781315 10781403
10781314 10781321
10781310 10781293
10781416 10781415
10781394 10781314
10781411 10781428
10781257 10781434
10781367 10781338
10781345 10781353
10781376 10781261
10781408 10781424
10781342 10781398
10781445 10781340
10781339 10781292
10390746 10390731
10390680 10390673
10390704 10390787
10390652 10390821
10390804 10390737
10390676 10390703
10390728 10390664
10390752 10390701
10390812 10390805
10390712 10390766
10390825 10390789
10390728 10390781
10390794 10390662
10390666 10390730
10390683 10390787
10390789 10390725
10390629 10390790
10390700 10390650
10390709 10390636
10390687 10390803
10390647 10390629
10390676 10390748
10390709 10390651
10390766 10390807
10390755 10390771
10390748 10390648
10390666 10390792
10390814 10390748
10390734 10390627
10390664 10390789
10390806 10390703
10390690 10390633
10390646 10390823
10390628 10390706
10390818 10390823
10390689 10390733
10390753 10390641
10390748 10390817
10390774 10390732
10390673 10390823
10390793 10390637
10390694 10390759
10390661 10390659
10390656 10390773
10390700 10390653
10390809 10390788
10390659 10390797
10390814 10390663
10390670 10390710
10390635 10390644
10390672 10390641
10390682 10390735
10390712 10390753
10390656 10390805
10390764 10390707
10390800 10390730
10390633 10390630
10390785 10390687
10390723 10390639
10390685 10390740
10390779 10390662
10390755 10390776
10195319 10195377
10195440 10195354
10195420 10195329
10195359 10195466
10195421 10195448
10195465 10195389
10195488 10195467
10195461 10195340
10195364 10195332
10195370 10195332
10195378 10195442
10195428 10195388
10195389 10195421
10195360 10195422
10195335 10195377
10195435 10195475
10195451 10195324
10195407 10195464
10195387 10195411
10195404 10195431
10195410 10195414
10195434 10195445
10195448 10195391
10195511 10195455
10195472 10195468
10195500 10195359
10195485 10195331
10195481 10195495
10195448 10195470
10195342 10195434
10195337 10195349
10195473 10195509
10195360 10195375
10195481 10195425
10195442 10195509
10195350 10195436
10195463 10195354
10195396 10195482
10195375 10195505
10195322 10195437
10195480 10195405
10195317 10195444
10195417 10195433
10195315 10195339
10195478 10195350
10195337 10195354
10195324 10195433
10195450 10195314
10195471 10195464
10195414 10195436
10195427 10195358
10195501 10195402
10195433 10195393
10195467 10195438
10195421 10195432
10195400 10195409
10195500 10195433
10195472 10195475
10195476 10195508
10195470 10195402
10195367 10195499
10195429 10195500
127 147
196 26
60 30
54 60
73 14
191 70
46 182
131 163
157 159
176 99
99 82
104 169
200 187
57 84
53 163
162 48
45 170
120 79
125 108
25 60
188 138
163 115
114 199
164 19
172 131
101 133
24 56
89 100
64 184
119 98
108 100
20 56
178 43
49 75
184 177
199 126
60 195
28 113
41 139
80 147
183 200
178 184
67 175
186 99
198 140
178 182
115 167
82 18
100 139
73 98
57 112
186 123
83 84
148 71
63 117
62 54
10 119
149 82
81 45
88 43
174 24
52 17
68 155
147 94
137 96
20 29
55 52
118 82
32 173
158 105
129 125
90 63
70 82
37 35
169 16
92 40
61 38
60 166
17 155
133 114
138 6
109 150
44 47
97 81
89 106
148 2
88 139
140 97
88 95
52 87
163 172
22 176
5 21
31 8
157 71
54 115
111 196
36 145
78 129
168 119
54 163
164 199
47 28
149 109
38 66
192 116
5 34
196 102
25 59
88 125
139 130
42 44
188 68
97 183
156 81
65 52
109 97
120 134
111 29
159 102
39 36
143 183
128 145
155 106
2 41
37 195
99 179
98 74
197 168
111 160
17 120
181 47
123 60
15 5
142 174
21 24
43 15
102 21
111 192
199 61
174 111
191 190
86 200
92 13
177 42
183 38
142 100
39 29
198 1
95 34
118 168
171 66
33 41
15 180
46 55
156 117
198 148
113 57
71 153
13 69
108 35
181 73
22 65
73 125
165 5
132 109
138 32
161 144
4 161
23 105
22 163
77 37
109 162
125 176
198 169
139 42
145 44
196 149
49 111
155 83
51 140
73 196
84 107
143 76
148 62
152 25
163 34
141 191
2 8
182 200
151 61
58 193
89 133
56 66
116 172
177 127
54 20
7 186
120 151
115 87
59 68
85 34
18 59
128 9
11 200
86 89
80 200
104 90
170 199
14 44
194 182
191 65
189 20
38 33
199 4
93 109
88 126
1 40
59 156
162 13
117 43
155 8
58 38
10 76
55 71
195 43
182 28
157 29
68 171
116 105
165 26
24 84
74 18
161 4
142 150
3 34
183 9
131 34
149 168
20 98
172 10
164 162
