# source: JorikJooken
# original path: jj_extract\knapsackProblemInstances-master\problemInstances\n_600_c_100000000_g_14_f_0.2_eps_0.001_s_100\test.in
# optimal value: 100006662
# format: n capacity, then weight value
600 100000000
50100031 50100051
50100050 50100043
50100041 50100021
50100021 50100068
50100080 50100023
50100002 50100018
50100026 50100007
50100048 50100046
50100081 50100068
50100002 50100048
50100060 50100031
50100011 50100014
50100021 50100024
50100010 50100081
50100031 50100008
50100085 50100046
50100051 50100080
50100082 50100037
50100012 50100072
50100022 50100004
50100076 50100049
50100074 50100073
50100059 50100018
50100012 50100083
50100032 50100041
50100086 50100034
50100002 50100036
50100057 50100096
50100096 50100071
50100013 50100014
50100012 50100012
50100024 50100063
50100063 50100035
50100003 50100073
50100090 50100087
50100038 50100078
25100020 25100089
25100092 25100099
25100046 25100034
25100013 25100042
25100100 25100066
25100098 25100094
25100030 25100041
25100048 25100089
25100058 25100024
25100089 25100045
25100028 25100063
25100032 25100020
25100037 25100016
25100009 25100076
25100065 25100047
25100080 25100069
25100076 25100042
25100070 25100074
25100021 25100006
25100057 25100068
25100030 25100059
25100035 25100030
25100019 25100084
25100022 25100057
25100047 25100093
25100094 25100042
25100029 25100092
25100008 25100023
25100007 25100076
25100003 25100063
25100046 25100008
25100028 25100072
25100050 25100044
25100028 25100036
25100046 25100020
25100016 25100029
12600092 12600018
12600043 12600024
12600045 12600017
12600008 12600011
12600006 12600060
12600080 12600007
12600004 12600022
12600070 12600031
12600087 12600005
12600099 12600026
12600047 12600074
12600065 12600008
12600054 12600037
12600087 12600028
12600097 12600093
12600036 12600065
12600089 12600082
12600081 12600014
12600071 12600024
12600028 12600033
12600089 12600099
12600014 12600090
12600027 12600098
12600079 12600060
12600056 12600048
12600052 12600084
12600018 12600001
12600042 12600010
12600009 12600057
12600077 12600012
12600032 12600042
12600057 12600045
12600011 12600090
12600078 12600068
12600065 12600083
12600076 12600048
6350071 6350082
6350050 6350066
6350027 6350001
6350009 6350082
6350096 6350032
6350095 6350058
6350100 6350051
6350060 6350068
6350044 6350062
6350006 6350059
6350031 6350093
6350070 6350087
6350040 6350056
6350013 6350021
6350029 6350006
6350005 6350094
6350014 6350073
6350066 6350001
6350006 6350035
6350089 6350020
6350056 6350077
6350094 6350002
6350006 6350070
6350062 6350073
6350087 6350052
6350051 6350088
6350087 6350084
6350086 6350037
6350088 6350013
6350093 6350020
6350051 6350081
6350025 6350015
6350005 6350012
6350083 6350024
6350070 6350069
6350036 6350081
3225084 3225069
3225076 3225034
3225015 3225066
3225027 3225036
3225077 3225025
3225095 3225027
3225053 3225010
3225089 3225090
3225100 3225065
3225092 3225058
3225100 3225063
3225087 3225052
3225072 3225040
3225004 3225033
3225029 3225051
3225061 3225036
3225001 3225051
3225029 3225096
3225065 3225032
3225049 3225098
3225065 3225028
3225078 3225027
3225044 3225029
3225034 3225069
3225018 3225029
3225001 3225057
3225029 3225061
3225082 3225098
3225093 3225053
3225002 3225038
3225085 3225048
3225012 3225044
3225096 3225066
3225063 3225020
3225018 3225073
3225033 3225062
1662587 1662547
1662584 1662585
1662538 1662573
1662556 1662576
1662555 1662551
1662592 1662577
1662571 1662507
1662579 1662506
1662596 1662526
1662559 1662570
1662545 1662526
1662507 1662572
1662514 1662522
1662557 1662594
1662533 1662504
1662595 1662597
1662523 1662547
1662581 1662540
1662532 1662537
1662594 1662577
1662511 1662502
1662546 1662541
1662541 1662510
1662591 1662596
1662591 1662505
1662558 1662574
1662517 1662516
1662546 1662590
1662545 1662547
1662597 1662559
1662540 1662572
1662502 1662529
1662580 1662531
1662532 1662535
1662584 1662532
1662583 1662553
881316 881343
881259 881259
881317 881319
881295 881286
881330 881328
881251 881334
881335 881342
881322 881320
881303 881302
881257 881287
881336 881314
881267 881257
881307 881276
881267 881326
881253 881320
881291 881318
881251 881259
881327 881284
881262 881288
881314 881283
881300 881291
881343 881319
881332 881314
881325 881286
881279 881297
881304 881350
881298 881342
881293 881289
881257 881308
881301 881307
881318 881275
881313 881344
881322 881286
881269 881303
881324 881293
881270 881299
490710 490631
490703 490634
490684 490697
490633 490681
490641 490634
490696 490674
490719 490711
490635 490678
490630 490659
490679 490717
490669 490699
490633 490645
490724 490655
490722 490717
490639 490660
490699 490655
490678 490713
490713 490632
490705 490644
490634 490669
490634 490720
490639 490701
490648 490657
490627 490663
490689 490652
490701 490627
490649 490661
490644 490669
490701 490637
490705 490637
490703 490646
490718 490657
490686 490639
490712 490657
490653 490698
490697 490645
295383 295331
295348 295332
295358 295400
295324 295339
295391 295395
295350 295405
295381 295367
295410 295385
295383 295356
295396 295331
295394 295347
295327 295394
295341 295395
295398 295352
295386 295344
295328 295333
295410 295401
295346 295402
295336 295383
295343 295367
295352 295407
295376 295334
295409 295314
295389 295372
295380 295394
295348 295315
295351 295334
295399 295316
295373 295365
295370 295398
295372 295399
295338 295332
295383 295314
295400 295318
295371 295323
295382 295388
197672 197738
197702 197743
197681 197750
197673 197663
197693 197747
197754 197665
197705 197668
197694 197688
197698 197670
197676 197755
197687 197660
197728 197708
197688 197724
197729 197669
197740 197689
197679 197707
197685 197680
197735 197681
197746 197687
197726 197725
197708 197668
197737 197743
197724 197667
197662 197750
197676 197750
197666 197711
197732 197719
197740 197681
197659 197715
197734 197722
197700 197711
197704 197664
197699 197690
197689 197709
197677 197716
197751 197749
148869 148882
148870 148910
148922 148848
148905 148888
148890 148906
148899 148876
148884 148910
148877 148838
148874 148927
148857 148830
148848 148842
148909 148861
148907 148890
148886 148841
148882 148884
148897 148840
148879 148922
148922 148886
148870 148906
148881 148841
148892 148876
148854 148920
148876 148885
148924 148873
148889 148845
148903 148864
148900 148909
148915 148866
148891 148900
148879 148869
148917 148892
148911 148905
148918 148833
148915 148832
148928 148832
148852 148872
124508 124480
124491 124513
124494 124458
124445 124501
124462 124473
124431 124499
124507 124478
124455 124490
124435 124429
124441 124418
124456 124511
124452 124472
124469 124488
124514 124423
124464 124458
124444 124433
124461 124443
124472 124427
124506 124459
124420 124449
124511 124422
124452 124447
124490 124445
124437 124490
124460 124429
124478 124494
124491 124505
124445 124488
124460 124467
124456 124499
124462 124488
124473 124446
124495 124465
124442 124453
124418 124460
124418 124507
112213 112260
112248 112285
112214 112228
112299 112283
112284 112237
112289 112222
112220 112289
112280 112252
112266 112289
112250 112248
112223 112229
112260 112270
112211 112239
112291 112229
112270 112271
112284 112217
112280 112270
112260 112294
112296 112293
112246 112235
112291 112262
112254 112296
112299 112284
112280 112282
112305 112264
112223 112214
112256 112279
112216 112295
112239 112233
112252 112214
112249 112293
112285 112291
112246 112295
112261 112266
112300 112298
112294 112246
67 72
88 43
64 68
38 29
80 54
61 100
52 24
13 68
94 63
85 61
84 71
67 97
28 29
84 93
19 85
41 67
53 16
91 29
28 53
93 95
95 46
39 75
42 80
31 2
7 1
82 87
47 97
91 20
81 75
29 12
86 50
21 31
68 27
69 43
61 9
46 47
51 65
20 12
51 73
69 47
77 2
67 37
95 31
33 58
17 90
91 89
68 30
55 16
65 71
80 37
73 58
100 95
67 86
82 24
16 80
100 94
31 4
96 26
74 24
63 23
49 73
20 99
78 53
48 86
80 54
58 43
15 97
97 57
40 82
7 10
61 40
54 8
43 56
16 17
9 85
59 80
99 55
46 34
90 54
66 54
28 94
84 62
76 6
100 60
52 64
97 38
22 2
57 61
74 5
99 48
5 93
25 95
29 100
70 5
52 48
79 65
78 29
91 34
85 100
45 35
28 37
95 4
49 80
70 47
61 78
20 94
60 50
84 31
91 70
19 39
93 28
43 28
73 96
8 29
54 86
87 88
40 96
74 59
89 75
73 68
79 3
57 7
20 46
8 62
40 67
4 20
7 35
22 57
19 88
84 89
87 14
83 55
