# source: JorikJooken
# original path: jj_extract\knapsackProblemInstances-master\problemInstances\n_1000_c_100000000_g_14_f_0.3_eps_0.001_s_100\test.in
# optimal value: 100011040
# format: n capacity, then weight value
1000 100000000
50100095 50100100
50100030 50100064
50100072 50100051
50100095 50100092
50100085 50100037
50100040 50100012
50100061 50100044
50100039 50100092
50100084 50100093
50100019 50100032
50100090 50100089
50100056 50100050
50100098 50100064
50100033 50100058
50100067 50100005
50100057 50100072
50100049 50100032
50100024 50100008
50100081 50100026
50100092 50100009
50100073 50100083
50100083 50100049
50100003 50100009
50100037 50100062
50100058 50100033
50100006 50100040
50100069 50100038
50100019 50100074
50100100 50100091
50100031 50100028
50100068 50100073
50100066 50100011
50100050 50100011
50100040 50100029
50100015 50100022
50100057 50100062
50100058 50100094
50100012 50100092
50100052 50100017
50100047 50100018
50100044 50100005
50100072 50100043
50100025 50100057
50100016 50100073
50100075 50100055
50100069 50100067
50100039 50100001
50100031 50100025
50100017 50100085
50100025 50100005
50100075 50100068
50100014 50100042
50100005 50100058
25100019 25100088
25100082 25100066
25100044 25100030
25100070 25100095
25100016 25100022
25100054 25100096
25100086 25100044
25100068 25100067
25100017 25100030
25100070 25100058
25100027 25100045
25100011 25100090
25100086 25100023
25100016 25100058
25100002 25100018
25100089 25100099
25100086 25100043
25100056 25100067
25100031 25100045
25100048 25100047
25100047 25100008
25100035 25100050
25100066 25100006
25100085 25100099
25100071 25100041
25100061 25100051
25100088 25100044
25100004 25100030
25100048 25100005
25100019 25100048
25100098 25100053
25100043 25100074
25100077 25100028
25100018 25100011
25100013 25100040
25100027 25100095
25100054 25100093
25100098 25100093
25100080 25100037
25100057 25100053
25100095 25100030
25100002 25100017
25100033 25100095
25100079 25100099
25100024 25100036
25100062 25100027
25100003 25100005
25100060 25100030
25100100 25100096
25100064 25100080
25100026 25100085
25100012 25100055
25100078 25100078
12600089 12600002
12600016 12600092
12600011 12600041
12600100 12600036
12600058 12600049
12600074 12600047
12600026 12600065
12600049 12600030
12600095 12600016
12600094 12600085
12600039 12600098
12600019 12600010
12600028 12600027
12600095 12600098
12600051 12600054
12600047 12600032
12600038 12600071
12600061 12600017
12600067 12600013
12600032 12600049
12600056 12600063
12600085 12600075
12600055 12600098
12600079 12600078
12600060 12600061
12600017 12600092
12600026 12600095
12600054 12600050
12600096 12600040
12600013 12600096
12600002 12600042
12600097 12600009
12600021 12600095
12600093 12600062
12600068 12600072
12600021 12600078
12600090 12600019
12600018 12600063
12600049 12600024
12600090 12600064
12600050 12600089
12600049 12600088
12600064 12600027
12600061 12600011
12600087 12600085
12600005 12600095
12600065 12600099
12600036 12600040
12600042 12600061
12600063 12600085
12600025 12600054
12600055 12600018
12600003 12600084
6350058 6350085
6350099 6350080
6350071 6350007
6350091 6350013
6350076 6350066
6350088 6350034
6350024 6350062
6350043 6350025
6350017 6350096
6350093 6350019
6350097 6350096
6350074 6350019
6350022 6350083
6350083 6350058
6350063 6350008
6350068 6350051
6350005 6350009
6350040 6350013
6350060 6350038
6350007 6350054
6350047 6350059
6350007 6350029
6350056 6350082
6350041 6350009
6350035 6350068
6350077 6350046
6350034 6350056
6350096 6350081
6350085 6350028
6350017 6350001
6350038 6350017
6350023 6350028
6350076 6350077
6350016 6350043
6350070 6350062
6350005 6350011
6350100 6350013
6350003 6350085
6350099 6350078
6350066 6350051
6350050 6350027
6350076 6350054
6350053 6350088
6350057 6350080
6350083 6350082
6350052 6350090
6350078 6350013
6350038 6350050
6350058 6350095
6350046 6350093
6350066 6350099
6350083 6350069
6350012 6350056
3225071 3225039
3225014 3225087
3225048 3225028
3225016 3225053
3225009 3225075
3225072 3225098
3225038 3225005
3225018 3225022
3225070 3225046
3225022 3225082
3225043 3225080
3225091 3225003
3225095 3225083
3225030 3225045
3225069 3225023
3225004 3225084
3225002 3225008
3225001 3225011
3225035 3225060
3225087 3225080
3225095 3225061
3225039 3225075
3225026 3225020
3225048 3225055
3225030 3225009
3225055 3225027
3225002 3225016
3225050 3225046
3225069 3225032
3225036 3225009
3225001 3225001
3225059 3225031
3225064 3225013
3225003 3225066
3225041 3225012
3225034 3225068
3225031 3225062
3225045 3225068
3225003 3225042
3225055 3225038
3225043 3225050
3225078 3225039
3225048 3225092
3225001 3225049
3225055 3225097
3225084 3225014
3225021 3225083
3225027 3225086
3225056 3225037
3225015 3225010
3225053 3225082
3225027 3225050
3225007 3225031
1662569 1662541
1662588 1662562
1662581 1662558
1662540 1662538
1662565 1662595
1662595 1662599
1662531 1662574
1662538 1662513
1662528 1662530
1662509 1662568
1662544 1662566
1662585 1662539
1662549 1662507
1662574 1662549
1662546 1662552
1662528 1662532
1662559 1662552
1662573 1662501
1662589 1662504
1662591 1662546
1662515 1662599
1662577 1662517
1662575 1662582
1662525 1662519
1662508 1662559
1662546 1662558
1662506 1662526
1662515 1662536
1662526 1662552
1662565 1662595
1662589 1662520
1662589 1662526
1662503 1662555
1662530 1662561
1662542 1662589
1662579 1662588
1662531 1662587
1662572 1662542
1662562 1662528
1662598 1662551
1662549 1662590
1662501 1662557
1662590 1662562
1662541 1662548
1662521 1662504
1662512 1662554
1662576 1662514
1662533 1662556
1662562 1662545
1662589 1662575
1662576 1662514
1662502 1662542
1662575 1662557
881293 881296
881277 881348
881287 881319
881251 881252
881306 881297
881350 881270
881322 881275
881324 881334
881305 881342
881304 881318
881271 881337
881268 881262
881316 881254
881344 881306
881296 881273
881345 881292
881311 881348
881269 881340
881322 881274
881324 881293
881291 881276
881319 881310
881327 881264
881329 881334
881341 881332
881293 881346
881350 881288
881255 881260
881300 881284
881350 881328
881296 881339
881255 881333
881264 881323
881329 881262
881276 881313
881348 881280
881329 881346
881307 881275
881286 881311
881341 881295
881346 881346
881289 881345
881286 881345
881345 881349
881309 881273
881317 881343
881330 881293
881337 881288
881273 881251
881303 881286
881312 881346
881276 881303
881273 881278
490715 490704
490687 490690
490672 490715
490688 490700
490670 490663
490672 490627
490701 490645
490659 490700
490644 490648
490717 490635
490630 490670
490686 490663
490675 490656
490695 490699
490642 490720
490695 490676
490699 490655
490630 490667
490659 490702
490716 490695
490658 490674
490670 490636
490678 490709
490629 490642
490666 490638
490701 490692
490677 490678
490638 490647
490650 490713
490661 490716
490673 490708
490654 490656
490721 490639
490638 490631
490657 490697
490661 490679
490708 490665
490671 490698
490633 490656
490654 490647
490720 490653
490717 490662
490724 490710
490647 490719
490640 490652
490695 490721
490695 490693
490633 490714
490677 490679
490690 490725
490714 490653
490628 490696
490689 490653
295333 295314
295353 295355
295372 295355
295372 295340
295399 295391
295399 295332
295322 295341
295408 295391
295348 295412
295389 295323
295393 295318
295402 295361
295313 295365
295332 295343
295372 295314
295397 295354
295410 295315
295393 295333
295407 295388
295384 295340
295391 295336
295352 295355
295379 295361
295392 295388
295371 295377
295315 295380
295403 295337
295374 295403
295327 295327
295364 295405
295316 295362
295360 295396
295385 295352
295327 295396
295345 295380
295407 295371
295359 295353
295349 295325
295341 295361
295327 295368
295371 295379
295410 295356
295314 295390
295388 295355
295371 295381
295383 295373
295367 295389
295405 295368
295396 295364
295411 295378
295329 295325
295401 295359
295351 295397
197671 197752
197752 197747
197727 197661
197688 197740
197675 197732
197741 197725
197736 197709
197694 197666
197745 197751
197686 197681
197658 197669
197707 197685
197750 197662
197752 197756
197741 197695
197750 197712
197724 197735
197725 197737
197743 197677
197731 197732
197706 197710
197697 197688
197682 197732
197688 197690
197722 197675
197741 197661
197730 197739
197740 197738
197756 197747
197699 197740
197669 197675
197740 197667
197743 197672
197711 197658
197730 197728
197713 197728
197667 197685
197718 197663
197662 197724
197664 197695
197742 197752
197659 197739
197737 197722
197751 197678
197682 197683
197706 197688
197685 197665
197756 197669
197740 197690
197682 197718
197756 197745
197664 197755
197670 197717
148880 148857
148887 148867
148884 148832
148909 148836
148898 148900
148926 148886
148837 148910
148873 148902
148900 148898
148844 148894
148859 148861
148839 148830
148857 148895
148833 148879
148922 148895
148855 148889
148880 148881
148920 148856
148837 148833
148913 148870
148868 148874
148887 148830
148905 148901
148911 148906
148895 148831
148912 148899
148853 148885
148894 148843
148836 148848
148866 148908
148837 148857
148904 148868
148901 148833
148881 148838
148925 148867
148921 148919
148916 148864
148850 148850
148856 148859
148856 148928
148875 148880
148866 148915
148855 148839
148870 148889
148879 148833
148885 148851
148926 148902
148905 148838
148896 148867
148878 148880
148862 148835
148842 148902
148904 148927
124454 124501
124449 124417
124485 124482
124455 124423
124499 124423
124461 124500
124425 124421
124485 124419
124461 124512
124459 124431
124491 124415
124475 124415
124422 124432
124502 124493
124468 124493
124484 124443
124440 124455
124501 124432
124487 124457
124460 124472
124452 124440
124447 124436
124498 124427
124480 124483
124507 124455
124454 124497
124478 124416
124463 124473
124468 124483
124447 124490
124494 124491
124425 124495
124492 124506
124428 124492
124473 124435
124429 124446
124458 124433
124419 124440
124505 124506
124514 124471
124418 124487
124479 124476
124498 124449
124505 124460
124492 124425
124502 124494
124495 124433
124460 124451
124428 124458
124429 124468
124423 124477
124475 124470
124471 124468
112301 112254
112234 112302
112243 112278
112305 112294
112248 112233
112233 112253
112239 112267
112224 112277
112303 112211
112304 112285
112264 112279
112251 112277
112223 112259
112248 112246
112264 112234
112215 112303
112210 112216
112272 112252
112291 112260
112235 112272
112304 112305
112258 112301
112223 112212
112246 112249
112288 112223
112279 112243
112241 112275
112286 112248
112263 112268
112229 112233
112287 112208
112221 112296
112289 112243
112285 112229
112272 112274
112280 112240
112216 112284
112277 112236
112217 112254
112247 112294
112278 112228
112229 112223
112307 112223
112248 112271
112212 112271
112302 112235
112296 112263
112246 112221
112257 112289
112277 112286
112264 112294
112264 112262
112275 112218
8 68
64 17
30 86
27 45
70 14
33 83
39 64
27 42
67 51
66 25
81 41
14 90
43 76
85 96
18 33
5 78
76 46
98 89
95 26
5 85
95 43
49 76
12 38
53 91
72 51
10 69
19 89
71 82
16 4
43 41
97 1
74 58
54 49
11 42
63 55
85 23
16 91
72 43
4 78
54 61
50 81
36 42
61 59
23 48
1 34
42 10
34 73
73 12
69 67
38 51
81 63
15 80
36 73
59 3
95 41
27 69
87 68
59 99
82 22
1 83
60 42
7 61
11 89
47 13
74 96
31 49
47 98
53 30
44 15
9 4
3 44
37 98
33 21
41 59
74 16
76 85
65 81
84 4
89 51
63 67
26 76
63 86
66 15
67 13
55 57
93 6
7 86
58 41
61 45
63 1
61 41
76 8
74 90
9 68
70 54
97 38
70 3
91 3
20 68
78 41
86 8
15 38
77 88
50 92
70 19
88 50
78 100
94 46
26 35
91 16
18 51
68 99
47 38
27 18
67 62
13 54
88 21
24 21
48 64
81 17
93 38
61 36
38 37
11 98
66 68
44 36
48 37
67 38
11 76
60 35
89 14
70 9
51 80
23 43
21 41
34 80
97 76
51 94
46 4
20 4
64 98
43 1
5 98
52 25
75 5
85 10
47 46
26 66
3 86
96 20
66 14
58 11
74 16
92 39
83 19
90 56
68 34
15 33
70 66
75 3
11 6
86 38
66 66
67 61
74 42
84 36
33 11
99 33
36 7
91 86
57 56
89 61
76 78
23 36
97 92
32 82
81 7
12 10
69 97
72 5
7 44
92 92
21 63
65 56
82 76
37 94
99 84
37 13
34 52
24 53
97 100
71 58
71 48
23 41
55 25
99 30
32 4
92 30
70 96
93 44
76 88
47 46
21 88
40 33
8 21
24 48
46 46
64 82
64 76
11 32
36 81
67 83
50 6
79 73
22 21
8 31
38 17
60 21
70 43
18 62
64 35
14 21
32 18
37 80
21 62
72 91
35 9
31 84
5 25
91 81
23 96
27 26
16 35
85 100
64 97
5 5
98 48
91 20
84 15
75 7
54 84
49 89
75 15
49 77
44 64
62 11
3 32
45 11
61 34
96 95
81 54
38 27
81 27
61 16
88 85
93 1
29 79
51 26
16 9
97 51
15 37
77 91
58 58
25 44
89 40
80 40
37 62
76 27
35 56
30 21
14 41
64 3
73 57
88 43
38 80
9 66
2 22
100 11
84 72
8 35
67 62
98 68
26 32
28 88
98 33
82 29
87 71
80 53
49 50
49 9
71 30
46 4
92 75
68 57
59 79
71 95
47 44
34 23
4 8
81 49
46 76
14 29
47 58
96 77
59 47
2 46
76 89
66 39
63 57
42 6
95 46
