# source: JorikJooken
# original path: jj_extract\knapsackProblemInstances-master\problemInstances\n_600_c_1000000_g_2_f_0.1_eps_0.1_s_200\test.in
# optimal value: 606631
# format: n capacity, then weight value
600 1000000
600034 600199
600169 600057
600053 600013
600009 600113
600098 600048
600188 600181
600115 600004
600139 600026
600133 600048
600129 600179
600051 600128
600102 600177
600080 600107
600144 600174
600090 600176
600135 600060
600130 600160
600034 600165
600168 600125
600033 600017
600016 600030
600092 600066
600028 600027
600179 600123
600073 600175
600026 600005
600089 600166
600053 600101
600002 600198
600094 600126
600091 600111
600057 600114
600183 600122
600090 600110
600197 600127
600005 600084
600035 600121
600025 600001
600035 600006
600186 600068
600112 600011
600174 600169
600146 600111
600083 600036
600107 600101
600069 600045
600081 600114
600185 600019
600169 600002
600047 600192
600083 600197
600044 600061
600189 600198
600147 600182
600065 600178
600154 600066
600160 600167
600089 600162
600052 600007
600110 600140
600020 600188
600142 600162
600002 600172
600154 600049
600086 600065
600076 600006
600160 600099
600169 600049
600154 600040
600108 600197
600024 600036
600137 600012
600126 600132
600162 600019
600152 600011
600036 600156
600105 600150
600077 600003
600176 600010
600144 600066
600033 600023
600139 600111
600019 600015
600016 600057
600057 600104
600115 600089
600081 600179
600157 600107
600195 600018
600054 600026
600015 600064
600153 600200
600131 600030
600102 600169
600181 600115
600089 600059
600022 600155
600188 600096
600085 600050
600108 600195
600076 600112
600124 600077
600050 600118
600050 600036
600113 600104
600160 600185
600041 600145
600112 600044
600113 600175
600074 600055
600056 600056
600019 600036
600112 600043
600174 600040
600169 600082
600195 600162
600062 600186
600004 600109
600118 600108
600031 600094
600029 600184
600177 600107
600072 600103
600152 600075
600049 600081
600198 600054
600140 600138
600162 600128
600024 600006
600112 600001
600089 600119
600077 600121
600115 600035
600167 600126
600071 600061
600172 600019
600197 600147
600104 600079
600196 600055
600073 600068
600195 600186
600099 600066
600183 600140
600165 600186
600145 600053
600070 600167
600105 600161
600031 600068
600090 600144
600077 600133
600098 600034
600050 600111
600059 600036
600092 600009
600026 600025
600031 600079
600149 600170
600044 600028
600022 600062
600136 600150
600172 600022
600006 600048
600145 600052
600067 600068
600182 600109
600190 600069
600088 600088
600033 600157
600039 600163
600143 600200
600195 600108
600184 600034
600057 600116
600072 600152
600112 600146
600115 600103
600164 600015
600040 600061
600190 600025
600023 600067
600028 600134
600054 600198
600004 600160
600047 600076
600123 600046
600044 600097
600049 600034
600087 600037
600060 600036
600178 600032
600018 600097
600200 600191
600050 600088
600128 600053
600022 600101
600010 600145
600132 600120
600192 600042
600023 600044
600145 600056
600154 600071
600199 600095
600182 600048
600081 600023
600051 600089
600120 600120
600161 600146
600019 600184
600169 600165
600124 600016
600148 600178
600044 600052
600119 600152
600059 600015
600063 600103
600145 600121
600197 600011
600080 600111
600158 600009
600026 600196
600161 600100
600003 600027
600104 600142
600194 600132
600059 600078
600185 600014
600120 600092
600006 600119
600116 600167
600053 600031
600183 600005
600114 600087
600101 600009
600140 600054
600031 600154
600053 600178
600173 600008
600192 600176
600167 600178
600180 600118
600075 600003
600112 600146
600045 600159
600039 600026
600103 600092
600104 600030
600066 600036
600128 600086
600096 600128
600031 600003
600077 600021
600064 600103
600119 600193
600073 600193
600084 600163
600012 600004
600114 600074
600144 600061
600111 600023
600074 600045
600090 600019
600149 600191
600180 600129
600149 600024
600109 600042
600091 600154
600018 600003
600191 600116
600084 600102
600023 600107
600077 600010
600032 600133
600100 600167
600104 600075
600157 600106
600026 600121
600054 600066
600073 600036
600100 600091
600083 600036
600061 600104
600191 600182
600043 600173
600170 600131
600184 600029
600003 600159
600005 600065
600063 600107
600083 600007
600130 600144
600074 600009
600123 600004
600066 600196
600150 600122
600159 600193
600036 600113
600164 600163
600169 600149
600067 600057
600159 600065
600025 600193
600121 600106
600099 600060
600161 600159
600041 600171
600111 600102
600112 600105
600003 600101
600100 600095
600130 600038
600103 600029
600144 600035
600152 600125
600189 600092
600002 600167
600075 600060
600167 600142
600127 600184
600108 600109
600072 600098
600088 600015
600019 600157
600069 600146
600067 600039
600034 600073
600098 600104
600130 600024
600020 600002
600180 600157
600087 600031
600089 600061
600066 600026
600061 600007
600169 600060
600049 600061
600061 600074
600032 600178
600054 600007
600192 600002
600189 600018
600197 600035
600174 600130
600159 600191
600094 600115
600024 600161
600179 600152
600177 600191
600105 600153
600137 600112
600046 600013
600175 600013
600065 600142
600136 600120
600092 600052
600167 600197
600199 600076
600065 600152
600128 600048
600192 600020
600188 600190
600032 600097
600027 600162
600015 600131
600185 600130
600142 600097
600003 600043
600002 600139
600154 600057
600190 600166
600054 600184
600028 600177
600181 600084
600075 600123
600191 600009
600155 600181
600053 600119
600058 600132
600109 600197
600032 600146
600068 600153
600008 600172
600129 600077
600190 600168
600171 600165
600019 600174
600096 600058
600058 600070
600192 600042
600074 600130
600112 600005
600026 600189
600062 600176
600117 600184
600055 600071
600124 600164
600168 600124
600013 600028
600113 600130
600109 600143
600170 600087
600073 600103
600065 600187
600178 600044
600170 600163
600174 600128
600019 600012
600002 600175
600023 600080
600046 600112
600100 600159
600145 600049
600126 600114
600022 600194
600133 600150
600168 600054
600078 600149
600176 600137
600184 600012
600180 600177
600008 600073
600127 600181
600037 600025
600175 600034
600007 600126
600091 600124
600065 600049
600163 600045
600112 600114
600023 600178
600082 600058
600039 600145
600033 600084
600004 600078
600115 600002
600096 600156
600105 600120
600184 600101
600100 600124
600020 600085
600191 600161
600160 600164
600011 600041
600047 600153
600043 600093
600136 600060
600098 600119
600149 600099
600157 600177
600171 600169
600111 600178
600161 600021
600169 600113
600046 600065
600195 600145
600195 600056
600132 600161
600067 600156
600142 600094
600178 600073
600169 600146
600073 600006
600163 600045
600095 600084
600107 600169
600183 600127
600099 600163
600179 600185
600056 600076
600091 600139
600170 600194
600014 600131
600103 600103
600191 600150
600082 600071
600120 600038
600008 600116
600009 600116
600076 600090
600111 600121
600068 600113
600171 600053
600149 600078
600195 600027
600154 600122
600004 600154
600127 600030
600129 600115
600077 600048
600046 600046
600175 600195
600077 600072
600175 600191
600151 600144
600116 600018
600149 600194
600129 600148
600074 600193
600129 600126
600122 600061
600031 600002
600005 600046
600198 600007
600163 600073
600016 600098
600038 600150
600064 600074
600175 600071
600057 600115
600190 600047
600059 600007
600037 600038
600068 600006
600044 600078
600057 600121
600019 600029
600089 600093
600089 600083
600097 600014
600169 600188
600086 600045
600163 600200
600059 600010
600056 600168
600019 600175
600088 600029
600193 600105
600131 600062
600062 600147
600040 600134
600159 600094
600130 600115
600027 600034
600001 600016
600083 600194
600185 600149
600145 600064
600179 600150
600035 600072
600170 600162
600090 600187
1 29
43 5
73 70
159 194
34 152
68 81
81 133
147 112
176 102
106 102
4 132
14 58
136 176
65 148
199 189
69 76
35 87
119 144
10 35
45 69
176 161
116 163
120 178
47 174
71 148
192 148
166 35
51 134
72 179
28 184
26 176
81 49
135 118
74 34
105 107
157 101
11 13
137 77
122 1
127 196
28 1
179 167
109 173
179 3
44 121
2 16
168 45
72 92
51 162
61 21
178 163
70 90
87 75
163 170
157 37
138 108
110 127
180 137
8 108
196 145
