# source: JorikJooken
# original path: jj_extract\knapsackProblemInstances-master\problemInstances\n_1200_c_100000000_g_14_f_0.3_eps_0.001_s_100\test.in
# optimal value: 100013317
# format: n capacity, then weight value
1200 100000000
50100003 50100011
50100055 50100013
50100020 50100100
50100068 50100042
50100009 50100029
50100094 50100086
50100020 50100078
50100065 50100088
50100076 50100008
50100071 50100083
50100031 50100072
50100095 50100025
50100055 50100042
50100058 50100066
50100084 50100006
50100090 50100100
50100030 50100032
50100030 50100060
50100035 50100093
50100043 50100087
50100095 50100005
50100094 50100067
50100092 50100010
50100046 50100009
50100099 50100064
50100076 50100037
50100047 50100070
50100011 50100029
50100007 50100053
50100010 50100082
50100021 50100071
50100067 50100062
50100073 50100053
50100026 50100038
50100040 50100013
50100038 50100058
50100021 50100015
50100020 50100056
50100071 50100055
50100025 50100051
50100077 50100097
50100012 50100007
50100061 50100050
50100024 50100092
50100094 50100093
50100042 50100029
50100098 50100038
50100024 50100050
50100045 50100031
50100009 50100086
50100074 50100070
50100064 50100053
50100077 50100024
50100001 50100051
50100047 50100055
50100039 50100065
50100098 50100083
50100014 50100014
50100039 50100079
50100055 50100007
50100009 50100041
50100052 50100040
50100002 50100016
50100037 50100038
25100085 25100061
25100018 25100023
25100064 25100060
25100061 25100023
25100009 25100091
25100034 25100091
25100092 25100069
25100040 25100064
25100085 25100002
25100090 25100098
25100017 25100016
25100057 25100025
25100020 25100045
25100028 25100035
25100065 25100027
25100041 25100086
25100055 25100078
25100004 25100047
25100014 25100003
25100094 25100088
25100045 25100070
25100054 25100097
25100012 25100069
25100046 25100073
25100041 25100079
25100075 25100042
25100025 25100092
25100079 25100026
25100076 25100032
25100035 25100012
25100077 25100093
25100068 25100031
25100066 25100090
25100038 25100059
25100084 25100066
25100010 25100028
25100051 25100053
25100074 25100042
25100007 25100020
25100089 25100056
25100073 25100096
25100089 25100033
25100041 25100089
25100096 25100058
25100039 25100065
25100046 25100076
25100004 25100056
25100064 25100042
25100002 25100036
25100063 25100012
25100016 25100064
25100048 25100040
25100044 25100076
25100021 25100098
25100096 25100025
25100098 25100033
25100094 25100043
25100039 25100062
25100016 25100059
25100032 25100096
25100099 25100087
25100091 25100077
25100034 25100025
25100081 25100042
12600097 12600046
12600046 12600025
12600064 12600094
12600041 12600096
12600021 12600008
12600056 12600058
12600076 12600024
12600084 12600090
12600010 12600087
12600049 12600042
12600078 12600099
12600026 12600004
12600098 12600003
12600084 12600094
12600028 12600060
12600042 12600048
12600080 12600091
12600095 12600007
12600047 12600021
12600062 12600092
12600096 12600081
12600030 12600055
12600031 12600088
12600066 12600089
12600043 12600039
12600076 12600084
12600078 12600077
12600088 12600028
12600095 12600003
12600064 12600089
12600051 12600029
12600096 12600081
12600073 12600078
12600013 12600097
12600086 12600006
12600060 12600005
12600020 12600031
12600033 12600017
12600073 12600047
12600077 12600045
12600037 12600079
12600073 12600015
12600100 12600029
12600008 12600056
12600089 12600010
12600048 12600037
12600059 12600064
12600050 12600009
12600020 12600075
12600061 12600097
12600087 12600051
12600030 12600098
12600039 12600021
12600085 12600062
12600087 12600033
12600044 12600083
12600099 12600012
12600033 12600044
12600001 12600036
12600038 12600060
12600065 12600059
12600003 12600033
12600022 12600084
12600018 12600070
6350022 6350004
6350063 6350047
6350011 6350088
6350089 6350081
6350015 6350057
6350058 6350011
6350059 6350049
6350084 6350072
6350097 6350043
6350073 6350059
6350067 6350066
6350025 6350056
6350074 6350074
6350031 6350095
6350036 6350015
6350006 6350031
6350015 6350040
6350068 6350078
6350097 6350061
6350004 6350004
6350029 6350073
6350085 6350041
6350093 6350084
6350039 6350018
6350082 6350037
6350096 6350070
6350024 6350039
6350045 6350022
6350087 6350047
6350050 6350039
6350080 6350038
6350014 6350039
6350032 6350062
6350076 6350043
6350069 6350033
6350052 6350079
6350042 6350017
6350081 6350003
6350078 6350032
6350074 6350005
6350091 6350015
6350048 6350014
6350039 6350041
6350022 6350038
6350007 6350044
6350080 6350041
6350064 6350095
6350007 6350002
6350064 6350053
6350070 6350017
6350047 6350066
6350018 6350019
6350021 6350071
6350063 6350040
6350088 6350054
6350059 6350079
6350071 6350098
6350096 6350079
6350098 6350064
6350099 6350018
6350066 6350071
6350034 6350089
6350084 6350010
6350041 6350072
3225064 3225036
3225069 3225021
3225047 3225010
3225040 3225042
3225010 3225066
3225046 3225009
3225096 3225100
3225015 3225052
3225086 3225100
3225069 3225064
3225064 3225033
3225017 3225009
3225017 3225084
3225080 3225013
3225100 3225031
3225017 3225051
3225069 3225006
3225066 3225049
3225024 3225016
3225081 3225055
3225054 3225071
3225083 3225055
3225077 3225033
3225091 3225027
3225041 3225074
3225009 3225047
3225059 3225097
3225026 3225033
3225052 3225024
3225044 3225007
3225098 3225030
3225086 3225072
3225062 3225005
3225040 3225042
3225071 3225007
3225076 3225048
3225031 3225022
3225001 3225085
3225080 3225039
3225100 3225099
3225006 3225095
3225062 3225086
3225098 3225074
3225065 3225056
3225005 3225021
3225069 3225097
3225019 3225005
3225098 3225093
3225019 3225023
3225001 3225055
3225026 3225067
3225029 3225038
3225089 3225013
3225054 3225069
3225072 3225087
3225003 3225077
3225088 3225078
3225016 3225060
3225014 3225082
3225098 3225095
3225077 3225085
3225011 3225011
3225013 3225023
3225006 3225014
1662591 1662504
1662504 1662584
1662547 1662580
1662562 1662598
1662569 1662517
1662600 1662593
1662510 1662571
1662561 1662556
1662574 1662559
1662597 1662515
1662514 1662504
1662543 1662562
1662521 1662553
1662574 1662562
1662522 1662509
1662591 1662553
1662516 1662550
1662568 1662529
1662568 1662528
1662516 1662600
1662588 1662543
1662587 1662587
1662592 1662595
1662581 1662529
1662512 1662536
1662540 1662524
1662524 1662507
1662551 1662588
1662505 1662515
1662512 1662518
1662585 1662534
1662535 1662574
1662538 1662519
1662536 1662578
1662552 1662597
1662502 1662514
1662537 1662501
1662546 1662553
1662540 1662575
1662552 1662563
1662534 1662558
1662561 1662505
1662585 1662519
1662524 1662509
1662599 1662537
1662562 1662599
1662567 1662533
1662552 1662576
1662504 1662586
1662572 1662523
1662580 1662516
1662501 1662507
1662508 1662531
1662535 1662546
1662531 1662541
1662595 1662501
1662518 1662584
1662541 1662578
1662506 1662556
1662528 1662564
1662556 1662510
1662520 1662549
1662522 1662517
1662559 1662560
881341 881302
881259 881291
881324 881268
881320 881336
881332 881347
881325 881281
881317 881275
881294 881326
881293 881263
881263 881317
881258 881302
881320 881319
881307 881312
881311 881319
881314 881258
881293 881253
881341 881256
881283 881262
881261 881268
881287 881273
881325 881298
881331 881290
881278 881339
881319 881325
881259 881271
881264 881262
881347 881303
881326 881253
881267 881285
881338 881298
881299 881340
881315 881282
881304 881251
881325 881336
881343 881265
881289 881253
881298 881325
881322 881283
881330 881315
881329 881307
881278 881299
881267 881275
881265 881328
881256 881325
881299 881332
881272 881289
881294 881279
881318 881262
881291 881283
881287 881336
881309 881271
881309 881348
881293 881301
881310 881332
881312 881288
881259 881317
881337 881345
881318 881348
881324 881312
881312 881272
881322 881291
881295 881340
881261 881311
881325 881263
490700 490699
490707 490708
490664 490675
490650 490657
490711 490725
490659 490645
490719 490635
490724 490652
490626 490673
490669 490629
490687 490685
490666 490699
490714 490699
490706 490714
490664 490635
490719 490699
490667 490703
490705 490705
490704 490721
490703 490662
490692 490698
490654 490712
490668 490691
490698 490725
490679 490681
490721 490685
490672 490688
490707 490661
490649 490630
490644 490652
490629 490705
490724 490714
490686 490658
490683 490683
490716 490667
490676 490712
490705 490652
490694 490668
490686 490639
490671 490654
490690 490664
490697 490684
490637 490705
490662 490653
490634 490691
490699 490716
490687 490725
490697 490725
490717 490722
490628 490688
490651 490658
490689 490712
490722 490692
490661 490679
490657 490709
490712 490712
490649 490651
490697 490684
490713 490667
490678 490673
490718 490660
490661 490719
490655 490656
490712 490686
295361 295373
295407 295391
295392 295356
295322 295363
295358 295404
295386 295365
295368 295356
295370 295390
295338 295323
295409 295373
295347 295322
295368 295360
295353 295320
295377 295376
295384 295388
295362 295408
295412 295390
295337 295394
295324 295412
295359 295405
295360 295319
295331 295383
295365 295367
295362 295337
295322 295373
295329 295412
295342 295331
295353 295385
295412 295334
295382 295323
295325 295385
295382 295354
295370 295398
295376 295319
295365 295360
295410 295336
295332 295359
295329 295376
295313 295317
295409 295342
295321 295368
295328 295407
295363 295313
295383 295317
295345 295341
295375 295382
295349 295337
295405 295402
295362 295349
295359 295391
295334 295333
295351 295394
295360 295353
295369 295391
295345 295332
295391 295334
295323 295402
295314 295378
295333 295394
295378 295400
295380 295384
295396 295383
295327 295323
295325 295319
197693 197726
197681 197696
197676 197745
197668 197685
197684 197678
197742 197660
197735 197685
197684 197674
197681 197716
197682 197735
197681 197735
197729 197672
197670 197712
197754 197737
197745 197713
197749 197753
197677 197665
197714 197701
197711 197732
197664 197731
197666 197743
197682 197674
197683 197711
197756 197702
197708 197695
197674 197678
197703 197741
197664 197691
197662 197715
197657 197666
197719 197670
197729 197723
197693 197740
197732 197737
197705 197744
197696 197680
197701 197668
197683 197736
197710 197657
197705 197698
197664 197703
197723 197725
197733 197699
197722 197714
197702 197721
197662 197668
197702 197672
197748 197724
197742 197681
197701 197741
197662 197681
197724 197723
197707 197734
197699 197685
197678 197750
197693 197705
197673 197693
197736 197705
197666 197689
197662 197696
197750 197667
197734 197754
197692 197708
197668 197672
148901 148894
148843 148908
148897 148881
148891 148870
148850 148843
148927 148866
148893 148903
148835 148921
148848 148917
148886 148896
148874 148889
148897 148914
148899 148840
148877 148885
148900 148884
148833 148846
148897 148851
148889 148894
148857 148925
148915 148850
148870 148835
148866 148846
148916 148922
148863 148884
148839 148837
148905 148847
148881 148917
148878 148917
148891 148873
148854 148832
148877 148871
148919 148909
148856 148913
148917 148913
148881 148895
148881 148891
148849 148842
148854 148836
148928 148829
148858 148833
148846 148832
148874 148833
148890 148919
148882 148854
148924 148926
148910 148882
148834 148923
148885 148888
148882 148849
148850 148914
148863 148872
148855 148911
148926 148854
148900 148873
148844 148896
148853 148850
148886 148845
148884 148922
148866 148858
148842 148891
148912 148875
148831 148835
148918 148857
148858 148862
124490 124424
124434 124425
124495 124495
124498 124462
124485 124421
124499 124422
124481 124441
124462 124510
124416 124477
124431 124436
124507 124430
124485 124484
124498 124415
124438 124429
124491 124419
124514 124489
124492 124504
124470 124454
124456 124500
124431 124442
124509 124482
124514 124467
124480 124509
124430 124444
124442 124467
124474 124480
124502 124448
124433 124495
124416 124488
124438 124462
124485 124466
124434 124470
124495 124450
124500 124472
124490 124462
124479 124480
124512 124461
124442 124453
124469 124448
124489 124424
124459 124443
124442 124470
124482 124469
124455 124452
124490 124492
124481 124445
124483 124426
124465 124436
124433 124487
124443 124464
124477 124477
124472 124469
124504 124510
124497 124461
124465 124506
124497 124478
124503 124454
124457 124446
124442 124510
124451 124445
124491 124422
124439 124454
124426 124442
124415 124464
112265 112256
112268 112210
112234 112258
112304 112286
112282 112286
112226 112305
112268 112217
112215 112303
112290 112259
112221 112236
112239 112215
112299 112258
112214 112283
112226 112268
112223 112224
112284 112297
112240 112219
112252 112271
112300 112273
112294 112277
112220 112211
112301 112247
112245 112283
112243 112265
112272 112259
112275 112238
112262 112290
112305 112272
112271 112244
112291 112262
112299 112293
112250 112234
112256 112219
112247 112299
112258 112256
112280 112231
112297 112249
112305 112220
112298 112244
112304 112279
112274 112273
112249 112274
112294 112286
112224 112221
112246 112247
112256 112265
112302 112300
112280 112220
112216 112256
112241 112252
112305 112274
112294 112276
112295 112244
112208 112258
112305 112302
112219 112236
112259 112231
112223 112218
112247 112214
112292 112228
112212 112299
112267 112244
112285 112286
112229 112235
24 17
26 19
47 35
26 93
76 42
45 87
44 15
36 38
94 37
100 82
49 42
55 29
68 99
51 92
2 64
75 32
36 46
45 47
79 75
67 15
9 22
22 54
35 15
8 24
96 14
78 98
96 91
64 13
69 90
62 40
84 1
61 55
72 86
61 97
76 68
65 37
43 76
59 97
29 76
78 68
34 71
56 24
82 10
37 93
67 62
22 41
73 51
31 57
62 63
94 5
8 81
22 27
19 61
97 14
27 16
86 69
2 58
54 73
55 77
100 55
74 67
92 52
66 51
52 85
84 78
24 43
31 16
69 56
70 68
3 92
15 89
45 78
94 60
37 40
100 76
7 86
60 37
57 78
22 49
32 86
4 68
84 75
85 12
21 44
90 92
60 20
87 90
48 64
21 3
98 31
91 57
42 63
30 32
93 52
57 26
85 61
8 4
61 47
60 8
69 16
2 39
65 80
34 97
61 5
14 96
34 26
50 63
20 42
80 99
23 19
100 9
56 98
64 26
77 57
85 50
44 98
5 12
100 100
49 43
54 91
27 17
51 64
45 32
45 33
36 64
76 57
96 94
26 76
54 71
26 91
81 49
99 62
36 40
12 79
1 34
88 85
89 6
42 6
44 60
100 96
24 3
47 55
90 18
71 84
66 26
37 42
95 71
5 91
15 51
15 82
9 3
37 57
54 96
40 21
34 6
37 8
65 72
32 87
37 82
46 92
21 6
41 65
28 3
88 92
61 62
30 85
44 37
26 14
65 96
77 55
17 34
97 30
72 74
89 75
4 91
19 41
90 24
61 32
27 15
44 98
50 69
43 58
28 26
78 58
63 33
40 47
66 65
10 41
77 81
45 15
92 98
2 34
10 3
88 12
62 73
46 66
52 79
65 19
80 18
88 1
11 53
90 36
41 89
80 27
29 81
35 30
82 12
80 63
45 18
96 44
18 17
83 59
20 42
78 94
45 82
11 13
55 73
64 51
17 83
88 10
48 11
50 90
86 43
52 67
93 34
61 37
76 45
81 63
37 1
92 52
91 86
60 14
77 95
23 39
28 90
52 32
92 38
13 77
58 43
100 69
82 51
3 60
68 38
26 44
3 61
5 71
35 81
49 89
98 24
20 5
28 84
99 85
75 45
92 15
90 44
55 17
45 56
97 97
94 20
92 32
36 10
26 30
72 98
9 69
81 48
99 47
31 32
92 82
15 36
14 46
91 29
93 52
44 48
2 42
14 63
9 35
32 38
71 21
64 43
52 89
30 66
96 50
29 94
38 19
74 90
95 94
4 5
89 91
75 77
4 7
6 64
71 100
21 32
23 72
57 46
1 26
28 59
55 52
19 14
89 36
37 1
20 81
69 9
32 94
14 64
26 63
21 53
9 85
35 21
37 45
84 91
80 87
56 98
6 84
96 75
66 37
97 56
56 50
93 57
24 47
40 91
80 81
58 31
94 82
58 97
32 96
35 3
70 78
54 23
98 33
21 79
90 52
86 93
46 9
3 90
80 70
42 42
50 83
82 44
13 29
4 23
39 31
65 15
32 17
52 38
76 13
51 65
14 11
73 73
76 43
75 15
100 98
68 47
54 25
19 99
86 84
29 39
34 62
76 9
15 59
69 18
58 87
8 12
43 49
94 77
65 15
17 68
19 24
