# source: JorikJooken
# original path: jj_extract\knapsackProblemInstances-master\problemInstances\n_1200_c_1000000_g_6_f_0.1_eps_0.01_s_300\test.in
# optimal value: 1010218
# format: n capacity, then weight value
1200 1000000
510034 510089
510298 510260
510035 510298
510049 510133
510213 510070
510251 510154
510247 510173
510040 510289
510097 510195
510299 510284
510284 510057
510218 510299
510047 510031
510172 510229
510269 510041
510224 510133
510111 510220
510015 510176
510125 510151
510250 510165
510035 510131
510126 510112
510274 510255
510185 510209
510034 510129
510261 510238
510119 510265
510247 510022
510278 510202
510178 510076
510292 510146
510013 510295
510261 510038
510030 510044
510261 510253
510298 510230
510198 510178
510272 510051
510209 510214
510072 510164
510170 510024
510010 510203
510075 510254
510264 510253
510224 510148
510128 510228
510157 510294
510274 510066
510122 510045
510225 510246
510116 510196
510071 510161
510076 510161
510054 510258
510101 510014
510279 510022
510090 510164
510200 510219
510232 510275
510298 510039
510068 510042
510211 510184
510208 510256
510259 510170
510190 510133
510063 510275
510055 510068
510169 510231
510094 510208
510248 510003
510043 510242
510027 510182
510155 510182
510088 510221
510246 510210
510219 510041
510156 510272
510043 510060
510152 510140
510082 510240
510157 510051
510263 510086
510127 510045
510185 510053
510213 510087
510294 510156
510080 510205
510227 510134
510086 510137
510121 510032
510118 510169
510187 510291
510292 510264
510072 510027
510254 510137
510102 510139
510131 510241
510276 510047
510039 510162
510006 510172
510244 510207
510159 510145
510160 510282
510172 510034
510183 510095
510293 510023
510239 510202
510154 510223
510250 510007
510044 510147
510193 510104
510127 510264
510230 510055
510040 510110
510018 510204
510097 510242
510004 510006
510005 510270
510024 510055
510160 510186
510273 510139
510163 510025
510027 510176
510106 510240
510244 510193
510146 510132
510158 510136
510023 510215
510229 510127
510029 510082
510119 510132
510285 510220
510272 510286
510121 510015
510058 510141
510296 510013
510248 510093
510256 510202
510191 510016
510148 510028
510122 510122
510215 510124
510206 510038
510165 510118
510278 510071
510114 510107
510196 510224
510179 510124
510022 510257
510174 510135
510089 510165
510191 510013
510104 510254
510057 510263
510157 510085
510289 510132
510218 510021
510258 510088
510023 510190
510258 510022
510064 510203
510198 510204
510020 510001
510298 510173
510183 510025
510133 510259
510200 510134
510008 510116
510233 510060
510091 510036
510031 510138
510122 510238
510281 510029
510116 510293
510024 510272
510245 510153
510155 510022
510205 510109
510236 510270
510142 510097
510255 510010
510068 510042
510088 510049
510102 510181
510051 510222
510139 510230
510102 510041
510271 510005
510190 510237
510210 510201
510291 510179
510111 510002
510211 510297
510159 510251
510139 510262
510248 510226
510274 510124
510048 510137
510215 510047
510026 510004
510205 510008
510185 510192
510158 510014
510192 510091
510043 510134
510227 510130
510178 510016
510020 510023
510161 510051
510196 510143
510125 510040
510221 510063
510174 510294
510059 510140
510184 510105
510084 510090
260154 260250
260195 260037
260026 260274
260169 260276
260197 260277
260041 260071
260250 260201
260280 260061
260276 260231
260204 260241
260265 260260
260107 260124
260267 260064
260079 260024
260086 260294
260172 260094
260257 260001
260168 260131
260008 260130
260091 260111
260106 260043
260246 260044
260157 260055
260136 260106
260229 260146
260120 260014
260005 260009
260158 260213
260121 260112
260222 260041
260272 260293
260259 260245
260285 260079
260218 260200
260285 260296
260199 260168
260270 260148
260066 260099
260053 260281
260227 260067
260264 260024
260147 260083
260224 260109
260123 260298
260128 260173
260031 260055
260269 260218
260192 260245
260027 260260
260262 260271
260212 260114
260287 260224
260032 260120
260098 260189
260165 260040
260022 260084
260198 260072
260270 260041
260050 260178
260132 260029
260065 260298
260175 260258
260065 260023
260049 260248
260055 260172
260136 260155
260149 260299
260008 260235
260196 260121
260129 260205
260162 260096
260004 260105
260219 260074
260061 260027
260001 260029
260192 260175
260032 260152
260105 260240
260117 260231
260044 260041
260049 260049
260089 260203
260296 260271
260272 260029
260028 260216
260205 260163
260064 260050
260007 260262
260147 260226
260105 260244
260273 260051
260184 260069
260105 260228
260061 260080
260122 260240
260087 260267
260192 260186
260128 260132
260064 260084
260259 260267
260243 260134
260031 260250
260124 260275
260089 260119
260207 260156
260297 260208
260011 260144
260143 260009
260189 260044
260063 260115
260176 260250
260011 260065
260055 260190
260300 260246
260266 260068
260115 260120
260262 260148
260164 260068
260279 260173
260271 260204
260249 260152
260187 260091
260003 260164
260051 260242
260217 260293
260231 260230
260249 260050
260119 260140
260156 260171
260108 260263
260024 260148
260004 260247
260075 260033
260146 260030
260263 260266
260122 260043
260289 260234
260224 260206
260263 260201
260150 260001
260208 260298
260144 260254
260036 260037
260054 260106
260276 260045
260164 260064
260223 260214
260187 260100
260209 260295
260165 260230
260053 260262
260053 260057
260162 260095
260153 260035
260220 260157
260097 260291
260003 260229
260034 260092
260007 260160
260156 260152
260196 260095
260112 260162
260178 260141
260066 260191
260014 260223
260075 260159
260104 260249
260030 260225
260058 260287
260292 260098
260257 260172
260245 260118
260047 260294
260300 260298
260296 260126
260119 260030
260086 260102
260128 260165
260108 260003
260135 260079
260299 260123
260034 260182
260099 260278
260123 260001
260008 260208
260128 260056
260165 260203
260298 260026
260094 260070
260204 260052
260135 260155
260045 260092
260118 260234
260034 260226
260259 260084
260258 260258
260086 260087
260050 260101
260096 260072
260233 260116
260027 260004
260286 260268
260191 260031
260221 260133
260029 260027
260086 260068
260049 260094
260094 260269
260275 260260
260189 260017
260137 260210
260146 260092
260001 260022
260236 260095
260228 260130
260141 260186
135077 135100
135244 135279
135079 135059
135082 135078
135224 135276
135127 135242
135267 135089
135111 135265
135267 135108
135053 135062
135038 135002
135069 135187
135083 135265
135071 135087
135214 135139
135099 135176
135292 135076
135198 135156
135137 135180
135294 135220
135231 135036
135218 135276
135083 135163
135020 135071
135160 135259
135203 135170
135227 135248
135198 135284
135019 135206
135214 135112
135111 135220
135045 135154
135060 135259
135128 135109
135127 135237
135109 135300
135013 135004
135243 135150
135117 135044
135114 135007
135006 135096
135028 135260
135089 135099
135220 135290
135101 135111
135254 135209
135114 135053
135224 135258
135055 135298
135200 135292
135113 135266
135206 135048
135170 135017
135205 135058
135132 135275
135128 135207
135215 135021
135074 135069
135067 135190
135052 135214
135192 135255
135040 135129
135240 135151
135106 135215
135268 135063
135124 135019
135239 135295
135104 135089
135298 135012
135033 135023
135105 135254
135164 135207
135223 135232
135118 135055
135169 135242
135272 135213
135081 135185
135139 135049
135012 135234
135014 135064
135279 135190
135068 135293
135083 135182
135002 135064
135170 135102
135087 135106
135294 135075
135093 135121
135171 135269
135068 135122
135205 135014
135183 135270
135152 135038
135165 135251
135150 135158
135099 135158
135114 135283
135256 135031
135029 135277
135258 135044
135014 135199
135006 135218
135055 135007
135226 135047
135222 135010
135035 135156
135026 135079
135158 135103
135199 135182
135086 135232
135144 135199
135204 135281
135118 135227
135142 135063
135168 135103
135011 135212
135193 135249
135277 135277
135280 135238
135014 135205
135006 135190
135048 135203
135011 135175
135156 135204
135095 135097
135275 135257
135299 135285
135178 135090
135161 135294
135215 135115
135222 135011
135273 135234
135187 135189
135210 135113
135038 135212
135288 135246
135278 135050
135142 135124
135145 135284
135278 135285
135275 135087
135186 135093
135139 135123
135173 135109
135172 135246
135090 135049
135042 135185
135068 135242
135131 135082
135170 135118
135117 135260
135219 135109
135256 135255
135136 135162
135234 135162
135112 135151
135040 135209
135077 135093
135193 135171
135012 135285
135113 135056
135207 135033
135276 135102
135021 135048
135049 135006
135017 135087
135019 135286
135277 135218
135254 135169
135219 135267
135093 135051
135143 135289
135141 135201
135138 135145
135131 135103
135146 135247
135051 135068
135039 135168
135206 135280
135232 135204
135279 135092
135104 135279
135217 135189
135072 135159
135022 135253
135061 135130
135118 135041
135174 135240
135236 135230
135290 135110
135166 135158
135205 135122
135175 135179
135133 135216
135223 135208
135169 135042
135154 135229
135200 135134
135185 135050
135294 135250
135163 135050
135176 135117
135019 135185
135143 135049
135070 135156
135233 135136
135080 135073
135047 135097
135248 135281
135180 135179
135122 135114
135243 135237
135168 135021
135126 135278
135174 135281
135206 135020
72680 72759
72798 72757
72534 72529
72753 72513
72618 72636
72746 72625
72719 72704
72558 72510
72616 72720
72705 72564
72525 72612
72510 72621
72512 72623
72720 72509
72604 72792
72607 72527
72570 72570
72528 72517
72672 72601
72733 72731
72785 72708
72599 72724
72669 72564
72763 72622
72556 72590
72546 72796
72592 72770
72528 72628
72682 72539
72605 72758
72504 72720
72738 72655
72513 72694
72513 72770
72687 72727
72589 72516
72767 72752
72769 72513
72789 72717
72642 72635
72565 72566
72678 72604
72560 72670
72648 72576
72618 72534
72756 72529
72757 72611
72560 72725
72542 72518
72754 72556
72516 72560
72609 72743
72659 72554
72657 72715
72680 72760
72779 72782
72755 72755
72796 72527
72755 72560
72732 72582
72548 72618
72514 72616
72513 72773
72623 72770
72766 72614
72659 72629
72757 72711
72540 72596
72505 72747
72715 72747
72529 72705
72510 72758
72688 72568
72683 72620
72727 72714
72560 72686
72791 72576
72594 72591
72596 72598
72795 72572
72582 72563
72589 72698
72506 72800
72516 72769
72541 72594
72693 72630
72606 72569
72583 72767
72706 72572
72572 72650
72508 72735
72634 72787
72712 72740
72512 72768
72604 72633
72720 72603
72557 72730
72502 72751
72606 72565
72639 72509
72595 72684
72546 72567
72713 72761
72508 72659
72561 72762
72746 72618
72722 72637
72564 72794
72630 72763
72631 72546
72569 72675
72578 72667
72676 72717
72676 72733
72571 72626
72787 72615
72720 72745
72620 72669
72749 72713
72761 72650
72744 72683
72509 72522
72529 72642
72607 72704
72524 72797
72693 72757
72779 72778
72678 72743
72682 72610
72532 72623
72549 72775
72726 72738
72719 72787
72572 72614
72611 72723
72641 72678
72659 72633
72523 72618
72673 72565
72691 72660
72620 72550
72786 72597
72643 72741
72645 72661
72584 72608
72706 72531
72791 72599
72706 72784
72771 72690
72640 72777
72547 72779
72771 72630
72775 72517
72793 72662
72581 72797
72634 72702
72520 72602
72576 72635
72616 72567
72766 72770
72797 72638
72517 72677
72733 72688
72665 72757
72574 72525
72687 72633
72525 72551
72672 72614
72633 72526
72588 72778
72613 72746
72661 72577
72570 72706
72648 72601
72576 72582
72511 72648
72699 72516
72682 72753
72797 72685
72510 72680
72536 72635
72730 72575
72648 72740
72510 72634
72696 72653
72569 72688
72695 72629
72691 72649
72713 72610
72776 72605
72768 72769
72716 72704
72624 72511
72538 72507
72624 72661
72532 72539
72513 72635
72628 72669
72644 72668
72790 72516
72601 72735
72596 72521
72576 72504
72740 72632
72691 72551
72681 72532
72537 72614
72563 72660
72552 72534
72661 72768
72794 72569
72585 72604
72589 72790
72702 72515
72588 72542
72759 72670
41373 41350
41514 41271
41479 41497
41400 41419
41514 41265
41387 41426
41271 41368
41492 41383
41289 41313
41322 41328
41466 41274
41404 41472
41479 41334
41257 41536
41414 41370
41372 41348
41325 41341
41420 41535
41537 41362
41439 41430
41381 41511
41308 41282
41418 41524
41384 41461
41479 41427
41400 41293
41455 41322
41383 41322
41531 41305
41333 41314
41257 41266
41431 41549
41517 41273
41499 41399
41391 41432
41448 41254
41286 41370
41346 41355
41397 41355
41499 41335
41471 41546
41467 41257
41420 41436
41444 41461
41482 41256
41396 41333
41354 41386
41280 41533
41393 41390
41435 41439
41441 41332
41258 41272
41251 41353
41278 41360
41274 41426
41373 41397
41327 41276
41330 41409
41273 41471
41419 41431
41501 41534
41326 41483
41314 41298
41331 41291
41281 41274
41264 41504
41254 41432
41385 41399
41486 41433
41321 41417
41287 41485
41337 41548
41502 41373
41527 41397
41329 41270
41424 41546
41487 41338
41362 41535
41348 41504
41532 41261
41490 41482
41537 41545
41292 41480
41311 41457
41452 41424
41321 41252
41433 41414
41350 41332
41452 41474
41493 41445
41499 41292
41436 41319
41255 41260
41347 41414
41323 41472
41260 41332
41389 41301
41404 41471
41344 41421
41401 41447
41499 41387
41525 41366
41399 41416
41422 41339
41464 41410
41379 41479
41423 41458
41406 41423
41329 41326
41267 41299
41490 41523
41360 41276
41338 41466
41343 41468
41512 41517
41535 41515
41361 41328
41547 41358
41372 41374
41257 41348
41407 41403
41267 41512
41288 41499
41384 41340
41500 41266
41419 41406
41376 41355
41486 41314
41515 41295
41355 41313
41353 41510
41468 41295
41467 41341
41281 41422
41481 41495
41505 41385
41485 41322
41290 41282
41411 41347
41339 41299
41352 41310
41486 41385
41500 41345
41479 41352
41417 41318
41534 41540
41483 41418
41340 41398
41425 41428
41306 41260
41268 41498
41271 41379
41412 41536
41509 41458
41514 41464
41545 41415
41269 41273
41322 41338
41511 41498
41373 41328
41501 41478
41416 41333
41530 41316
41303 41420
41306 41384
41386 41424
41332 41265
41389 41378
41416 41257
41367 41544
41262 41464
41506 41271
41512 41351
41272 41431
41432 41295
41331 41490
41483 41376
41368 41476
41333 41490
41477 41355
41258 41282
41327 41287
41319 41277
41388 41521
41525 41336
41474 41544
41309 41415
41362 41302
41498 41519
41255 41517
41487 41280
41398 41470
41472 41261
41352 41251
41318 41253
41382 41541
41433 41494
41507 41539
41411 41311
41477 41257
41501 41418
41541 41310
41392 41346
41251 41454
41515 41530
41421 41306
41329 41390
41493 41503
41389 41404
41317 41525
41412 41392
41404 41291
41438 41406
41533 41386
41345 41342
41490 41425
177 152
179 295
52 189
143 92
44 271
300 220
84 93
286 18
207 241
88 109
87 31
185 298
76 123
279 271
253 212
115 294
218 259
153 283
23 11
258 257
135 31
80 266
241 154
274 93
21 199
46 89
130 43
213 158
19 36
289 58
261 196
145 284
168 187
28 72
249 231
93 123
34 235
125 262
99 174
145 46
264 183
55 51
170 233
89 216
190 96
32 191
176 226
74 155
269 261
294 246
55 226
187 64
35 294
32 48
97 121
24 155
288 234
257 206
183 135
70 228
94 113
50 51
178 4
180 22
127 46
31 175
14 260
129 81
28 16
132 110
260 84
98 217
251 270
241 78
211 216
130 239
94 89
189 142
280 277
19 40
204 6
228 24
236 119
242 180
261 54
295 40
2 298
258 165
64 103
55 274
242 238
79 29
107 106
126 66
275 222
163 218
186 293
218 220
256 147
28 72
228 235
101 246
172 148
187 137
289 139
18 21
160 215
201 130
2 86
257 100
187 189
27 22
274 265
151 276
189 207
118 161
230 84
22 272
280 255
160 159
