# source: JorikJooken
# original path: jj_extract\knapsackProblemInstances-master\problemInstances\n_1200_c_1000000_g_6_f_0.3_eps_0_s_300\test.in
# optimal value: 1020873
# format: n capacity, then weight value
1200 1000000
500062 500192
500235 500274
500230 500153
500069 500111
500081 500212
500207 500199
500027 500162
500241 500018
500034 500257
500108 500023
500263 500062
500166 500066
500236 500138
500282 500066
500148 500186
500086 500266
500130 500187
500145 500265
500038 500265
500257 500289
500010 500194
500044 500263
500082 500220
500281 500068
500134 500195
500066 500169
500026 500070
500068 500228
500259 500087
500105 500038
500024 500213
500034 500192
500002 500239
500015 500244
500263 500046
500018 500120
500081 500045
500265 500059
500240 500126
500260 500228
500095 500192
500280 500198
500295 500071
500105 500166
500248 500284
500187 500294
500172 500041
500161 500061
500298 500151
500180 500022
500184 500082
500196 500176
500294 500139
500248 500017
500175 500239
500158 500016
500196 500097
500114 500187
500300 500178
500225 500055
500138 500218
500217 500202
500003 500068
500015 500200
500287 500207
500023 500028
500111 500214
500018 500182
500191 500050
500293 500221
500062 500253
500211 500265
500109 500124
500004 500134
500137 500003
500057 500285
500225 500296
500183 500175
500088 500267
500281 500296
500084 500097
500100 500238
500135 500185
500212 500034
500157 500253
500095 500011
500088 500016
500234 500118
500256 500073
500243 500206
500091 500278
500300 500089
500178 500163
500208 500124
500065 500261
500296 500095
500019 500188
500070 500106
500296 500254
500265 500140
500121 500137
500230 500060
500092 500124
500134 500151
500203 500212
500230 500029
500029 500003
500015 500066
500219 500142
500061 500062
500216 500060
500151 500229
500124 500192
500235 500299
500147 500025
500163 500018
500076 500090
500063 500147
500294 500283
500233 500018
500049 500172
500115 500242
500129 500300
500111 500186
500052 500219
500246 500258
500279 500092
500103 500108
500133 500213
500173 500195
500061 500140
500263 500216
500251 500156
500008 500269
500027 500061
500271 500216
500032 500179
500286 500047
500289 500164
500078 500081
500134 500120
500209 500206
500220 500132
500144 500256
500044 500079
500248 500025
500018 500120
500019 500066
500231 500038
500222 500279
500200 500149
500092 500220
500019 500184
500076 500163
500237 500032
500229 500172
500034 500239
500268 500133
500224 500181
500126 500011
500051 500211
500146 500248
500043 500125
500280 500191
500173 500100
500201 500117
500267 500013
500294 500272
250151 250143
250274 250218
250126 250136
250259 250180
250260 250206
250266 250127
250096 250073
250268 250158
250004 250180
250138 250158
250042 250278
250061 250084
250088 250214
250088 250077
250011 250150
250281 250018
250300 250214
250031 250121
250040 250195
250081 250135
250281 250074
250051 250151
250246 250166
250009 250024
250127 250213
250091 250138
250148 250050
250008 250202
250005 250237
250166 250188
250236 250095
250174 250142
250146 250080
250186 250034
250296 250255
250131 250286
250072 250209
250018 250010
250219 250210
250240 250093
250172 250128
250115 250024
250244 250046
250275 250043
250273 250234
250177 250263
250141 250195
250101 250224
250137 250213
250165 250259
250249 250255
250292 250131
250024 250284
250008 250111
250188 250049
250261 250052
250133 250180
250145 250138
250143 250198
250171 250201
250109 250099
250053 250035
250209 250051
250256 250290
250111 250048
250283 250268
250033 250251
250127 250186
250250 250070
250024 250202
250283 250059
250215 250275
250249 250042
250140 250187
250114 250055
250080 250144
250257 250246
250094 250027
250185 250236
250122 250015
250102 250018
250176 250009
250049 250017
250105 250063
250131 250229
250086 250021
250017 250269
250212 250013
250028 250104
250255 250255
250219 250040
250295 250051
250082 250207
250064 250080
250260 250036
250042 250234
250098 250254
250056 250191
250033 250245
250029 250294
250018 250216
250107 250176
250096 250231
250022 250244
250074 250191
250134 250205
250159 250132
250203 250190
250219 250106
250296 250147
250177 250159
250022 250174
250136 250249
250203 250003
250272 250038
250157 250129
250171 250013
250080 250294
250194 250251
250048 250182
250056 250017
250072 250243
250087 250038
250055 250226
250072 250129
250224 250203
250069 250289
250290 250219
250241 250298
250137 250048
250265 250216
250240 250015
250058 250272
250227 250118
250108 250062
250071 250199
250258 250089
250238 250003
250007 250253
250042 250297
250210 250230
250257 250064
250032 250027
250115 250003
250221 250193
250061 250176
250034 250146
250269 250298
250202 250120
250042 250232
250048 250181
250183 250167
250026 250278
250053 250121
250095 250089
250245 250073
250232 250106
250012 250212
250292 250294
250018 250214
250054 250291
250081 250263
250092 250121
250022 250170
250111 250105
250081 250278
250050 250268
250026 250109
125182 125013
125195 125061
125042 125255
125136 125108
125056 125254
125076 125267
125258 125271
125231 125061
125022 125015
125107 125119
125075 125191
125021 125254
125088 125235
125115 125059
125175 125088
125044 125120
125207 125144
125100 125162
125108 125202
125064 125242
125077 125247
125058 125293
125265 125031
125113 125146
125072 125214
125213 125177
125123 125204
125185 125173
125141 125239
125043 125186
125039 125285
125238 125187
125229 125056
125091 125279
125008 125048
125275 125226
125078 125253
125265 125220
125269 125030
125070 125046
125131 125192
125026 125088
125272 125034
125079 125099
125257 125008
125281 125040
125104 125250
125296 125172
125041 125067
125051 125194
125298 125114
125105 125292
125110 125169
125300 125101
125265 125069
125065 125290
125083 125099
125166 125037
125289 125001
125206 125134
125284 125047
125187 125185
125263 125272
125216 125205
125243 125293
125009 125142
125121 125251
125029 125250
125092 125015
125092 125082
125147 125194
125167 125253
125081 125276
125155 125191
125202 125092
125276 125230
125260 125105
125137 125061
125294 125063
125076 125088
125066 125196
125197 125204
125193 125029
125247 125154
125007 125084
125262 125241
125173 125136
125157 125046
125018 125269
125095 125058
125028 125210
125214 125061
125185 125127
125195 125054
125169 125036
125245 125021
125297 125291
125169 125124
125286 125189
125059 125135
125073 125284
125295 125090
125171 125195
125062 125260
125118 125229
125125 125179
125156 125193
125274 125275
125027 125266
125102 125019
125039 125069
125241 125023
125209 125178
125016 125018
125282 125130
125185 125274
125243 125131
125009 125170
125048 125261
125192 125163
125084 125202
125059 125208
125124 125253
125189 125206
125027 125256
125093 125267
125017 125032
125120 125240
125119 125240
125181 125230
125172 125292
125295 125072
125110 125289
125123 125278
125116 125271
125219 125073
125149 125182
125215 125004
125128 125221
125247 125105
125143 125142
125206 125059
125272 125160
125114 125215
125241 125212
125288 125249
125261 125289
125162 125111
125121 125020
125044 125149
125189 125137
125101 125099
125008 125204
125066 125267
125007 125271
125254 125234
125068 125252
125004 125029
125171 125271
125141 125069
125094 125120
125031 125254
125157 125224
125189 125130
125061 125225
125208 125141
125073 125271
125202 125064
62738 62632
62609 62625
62508 62514
62774 62630
62682 62652
62574 62587
62793 62673
62763 62686
62501 62609
62774 62505
62672 62636
62531 62742
62768 62678
62590 62581
62632 62645
62777 62733
62599 62623
62601 62576
62698 62643
62721 62608
62640 62701
62697 62522
62666 62606
62645 62602
62654 62517
62713 62582
62703 62717
62549 62778
62553 62619
62597 62646
62761 62626
62720 62785
62647 62591
62762 62663
62718 62617
62559 62571
62727 62710
62690 62642
62534 62645
62611 62668
62751 62548
62541 62589
62718 62613
62716 62539
62526 62720
62653 62687
62675 62606
62745 62538
62738 62725
62693 62567
62597 62536
62709 62514
62667 62735
62646 62683
62678 62723
62660 62701
62624 62749
62681 62727
62800 62609
62690 62750
62776 62706
62519 62702
62790 62631
62606 62787
62691 62539
62691 62552
62589 62744
62598 62575
62597 62687
62643 62770
62767 62734
62612 62778
62659 62764
62646 62699
62617 62570
62660 62503
62644 62783
62675 62594
62727 62681
62644 62569
62598 62619
62646 62564
62756 62786
62580 62539
62775 62736
62550 62645
62758 62712
62628 62673
62547 62658
62795 62680
62735 62693
62631 62705
62620 62673
62715 62745
62538 62734
62651 62610
62713 62713
62777 62669
62521 62653
62726 62527
62508 62580
62627 62503
62619 62602
62596 62667
62673 62683
62768 62652
62611 62523
62536 62632
62771 62515
62549 62529
62690 62715
62739 62750
62641 62644
62694 62767
62607 62538
62630 62552
62751 62749
62776 62538
62787 62617
62730 62617
62634 62641
62504 62611
62763 62541
62648 62577
62518 62695
62675 62525
62692 62720
62706 62564
62708 62509
62693 62523
62573 62508
62762 62669
62626 62684
62543 62563
62582 62517
62632 62524
62731 62706
62556 62618
62669 62519
62782 62554
62791 62604
62563 62740
62743 62790
62708 62781
62517 62587
62606 62655
62657 62736
62564 62568
62515 62541
62786 62641
62574 62654
62614 62660
62615 62536
62589 62721
62779 62771
62622 62672
62603 62794
62763 62737
62620 62613
62728 62622
62574 62562
62616 62745
62678 62708
62675 62690
62692 62649
62770 62799
62533 62735
62660 62578
31432 31288
31497 31411
31371 31418
31503 31293
31345 31431
31536 31471
31412 31433
31381 31342
31446 31476
31418 31258
31425 31544
31509 31350
31420 31497
31349 31251
31259 31266
31282 31388
31546 31514
31526 31381
31337 31534
31295 31416
31352 31483
31379 31467
31289 31329
31417 31359
31364 31405
31506 31336
31260 31394
31505 31483
31307 31325
31357 31308
31545 31438
31535 31439
31476 31412
31288 31453
31429 31449
31421 31468
31476 31489
31414 31366
31341 31354
31528 31252
31406 31456
31363 31345
31530 31476
31486 31493
31372 31505
31314 31373
31443 31334
31425 31543
31406 31486
31310 31392
31460 31449
31255 31409
31501 31361
31529 31274
31412 31344
31517 31455
31342 31539
31265 31282
31357 31412
31465 31294
31338 31296
31516 31309
31528 31322
31325 31367
31534 31406
31527 31259
31320 31326
31466 31550
31513 31490
31468 31463
31327 31438
31421 31534
31316 31413
31285 31349
31435 31372
31408 31391
31281 31335
31263 31353
31493 31419
31308 31466
31327 31462
31338 31430
31285 31344
31294 31364
31385 31542
31462 31371
31533 31502
31427 31453
31507 31443
31524 31393
31269 31505
31539 31261
31473 31333
31374 31352
31389 31397
31435 31377
31509 31308
31460 31369
31380 31299
31424 31448
31266 31316
31295 31310
31481 31483
31360 31391
31512 31501
31343 31454
31338 31252
31433 31466
31472 31270
31443 31464
31456 31283
31399 31323
31412 31508
31280 31498
31329 31550
31469 31353
31286 31342
31475 31425
31352 31424
31509 31545
31301 31257
31416 31468
31303 31502
31327 31394
31509 31492
31543 31401
31269 31487
31419 31523
31447 31487
31261 31333
31456 31370
31303 31256
31382 31457
31350 31408
31254 31350
31452 31367
31386 31549
31333 31505
31527 31338
31527 31280
31477 31508
31372 31507
31324 31359
31538 31475
31398 31467
31300 31388
31406 31297
31498 31334
31268 31288
31496 31508
31346 31452
31253 31425
31444 31436
31305 31475
31269 31313
31503 31438
31357 31351
31547 31388
31435 31438
31252 31356
31310 31346
31483 31385
31271 31307
31521 31464
31466 31313
31390 31361
31481 31450
31439 31433
108 39
208 7
93 209
222 248
284 170
88 137
17 249
44 42
75 32
119 245
138 48
99 280
202 295
107 138
292 199
50 202
136 98
83 271
180 71
24 220
103 18
259 84
2 20
51 47
201 290
249 13
97 3
9 273
255 175
92 138
288 99
55 133
92 8
38 289
91 53
61 92
294 94
149 23
112 205
46 196
213 59
197 8
228 112
186 183
258 11
32 41
161 263
134 73
191 20
146 7
40 66
5 151
292 100
141 241
143 228
34 282
117 106
221 96
105 31
292 145
143 232
55 3
201 45
49 30
239 242
176 264
298 209
291 240
101 252
156 110
122 190
193 88
107 256
251 297
94 10
293 99
214 136
251 84
286 213
295 295
74 187
17 285
242 216
160 54
157 46
204 141
297 30
37 65
30 55
74 148
48 217
32 123
94 37
170 90
244 146
117 123
212 200
63 132
189 11
89 256
116 263
143 114
219 241
250 88
130 214
106 166
121 66
183 30
224 137
161 76
139 262
222 216
284 58
171 135
98 194
203 297
282 150
140 56
246 101
184 134
13 103
276 241
165 239
141 269
159 267
171 2
38 101
76 189
222 100
294 284
55 51
21 133
30 33
16 203
159 15
80 289
72 258
117 244
46 214
254 164
44 263
182 46
99 111
77 242
152 254
249 16
123 269
300 122
204 266
130 28
136 172
104 182
142 242
26 95
275 134
246 71
27 284
99 168
2 15
70 223
94 1
193 272
148 70
78 210
181 149
250 32
163 131
203 8
123 153
78 239
133 53
297 58
188 1
219 126
162 154
224 123
234 259
80 39
224 135
41 251
4 25
128 62
244 14
5 78
92 262
130 281
257 128
168 23
281 93
279 280
90 163
209 199
179 135
35 83
20 275
25 229
202 91
87 8
18 145
59 83
33 244
35 13
40 67
42 274
117 288
72 111
91 147
34 137
25 115
83 287
142 231
32 77
298 118
5 289
242 240
16 277
88 84
57 221
86 85
103 213
203 217
93 66
283 133
292 117
114 222
198 276
144 39
156 107
172 40
176 229
176 205
62 189
41 221
148 92
80 144
295 9
157 233
242 74
159 126
291 214
158 26
59 9
95 39
96 193
68 5
260 136
142 116
49 243
56 226
243 45
88 32
158 110
165 100
113 124
290 206
268 155
9 14
217 250
36 34
63 11
293 33
291 163
17 172
66 295
169 278
235 296
183 172
92 57
92 255
66 235
32 215
38 216
72 17
124 49
144 148
137 295
242 240
273 288
135 266
153 18
263 292
38 67
101 291
36 59
74 41
3 5
145 37
153 54
247 166
294 200
65 295
157 171
100 124
70 94
168 143
91 65
173 153
147 139
48 81
141 7
16 259
278 155
29 29
297 9
179 289
253 162
117 223
112 11
222 160
194 232
56 18
121 229
25 265
40 200
135 47
66 4
229 170
123 101
202 270
120 159
63 216
172 251
212 183
31 204
259 272
177 86
123 82
200 270
241 89
98 54
267 138
121 14
285 128
47 198
24 143
231 231
191 173
169 271
199 213
236 159
92 139
41 224
180 65
5 216
77 256
51 73
152 22
283 17
2 24
83 71
86 83
112 134
77 144
77 95
238 279
251 271
285 124
294 31
99 34
286 53
