# source: JorikJooken
# original path: jj_extract\knapsackProblemInstances-master\problemInstances\n_1200_c_1000000_g_14_f_0.3_eps_0.0001_s_300\test.in
# optimal value: 1043901
# format: n capacity, then weight value
1200 1000000
500217 500373
500190 500288
500236 500160
500342 500168
500145 500316
500360 500367
500399 500258
500312 500145
500152 500118
500314 500222
500146 500135
500245 500116
500310 500237
500347 500175
500233 500353
500330 500341
500192 500136
500281 500133
500391 500279
500183 500264
500127 500321
500285 500194
500372 500169
500356 500138
500265 500131
500240 500188
500246 500348
500364 500220
500223 500257
500392 500271
500262 500174
500267 500270
500336 500314
500268 500375
500392 500314
500360 500183
500269 500365
500362 500205
500318 500127
500340 500102
500391 500221
500137 500152
500192 500221
500230 500187
500267 500212
500105 500362
500194 500377
500115 500170
500329 500238
500187 500147
500153 500276
500242 500180
500155 500360
500139 500187
500211 500134
500214 500383
500133 500300
500347 500136
500395 500243
500131 500391
500307 500348
500285 500359
500147 500393
500392 500308
250328 250386
250148 250232
250136 250286
250129 250335
250142 250333
250185 250110
250214 250241
250153 250321
250219 250325
250326 250391
250243 250235
250390 250221
250297 250278
250382 250111
250280 250152
250182 250203
250360 250280
250303 250393
250186 250214
250354 250341
250142 250121
250329 250332
250270 250393
250271 250210
250328 250359
250193 250271
250128 250347
250311 250316
250318 250361
250360 250356
250338 250340
250318 250320
250394 250292
250161 250241
250122 250143
250168 250379
250252 250164
250165 250362
250278 250310
250308 250176
250200 250371
250259 250395
250253 250210
250243 250377
250153 250362
250112 250384
250323 250119
250388 250190
250194 250205
250287 250112
250122 250184
250232 250362
250181 250239
250186 250305
250122 250249
250224 250190
250165 250125
250373 250222
250141 250241
250350 250268
250124 250194
250296 250376
250175 250275
250134 250269
125388 125362
125215 125307
125252 125201
125298 125339
125311 125201
125207 125210
125332 125293
125161 125283
125289 125289
125116 125303
125107 125139
125277 125353
125307 125273
125295 125279
125108 125217
125251 125220
125182 125327
125171 125283
125230 125181
125341 125180
125396 125262
125361 125290
125316 125298
125269 125379
125397 125204
125395 125373
125261 125164
125312 125334
125184 125153
125282 125286
125332 125324
125262 125290
125330 125140
125294 125122
125316 125122
125211 125210
125225 125293
125364 125268
125226 125316
125342 125147
125272 125119
125377 125311
125396 125144
125306 125346
125260 125368
125337 125320
125336 125233
125204 125355
125156 125312
125337 125142
125357 125357
125168 125185
125386 125308
125179 125215
125339 125304
125181 125176
125159 125290
125386 125202
125313 125259
125235 125300
125170 125334
125149 125371
125291 125195
125121 125211
62647 62875
62731 62869
62650 62611
62893 62698
62674 62847
62739 62729
62604 62829
62807 62696
62695 62702
62792 62602
62793 62779
62604 62604
62654 62610
62696 62708
62869 62696
62864 62852
62696 62829
62620 62762
62852 62669
62773 62667
62654 62748
62790 62799
62603 62838
62830 62730
62680 62734
62719 62706
62655 62641
62635 62820
62692 62747
62757 62769
62861 62624
62777 62762
62645 62633
62842 62639
62878 62696
62709 62705
62602 62870
62764 62624
62771 62700
62779 62703
62887 62797
62619 62647
62893 62871
62679 62754
62821 62865
62729 62871
62766 62738
62827 62627
62645 62636
62888 62648
62857 62821
62813 62688
62838 62676
62712 62873
62784 62897
62709 62782
62623 62808
62623 62848
62743 62662
62866 62725
62879 62836
62734 62763
62809 62655
62722 62738
31397 31574
31482 31484
31579 31448
31431 31525
31498 31598
31548 31548
31535 31433
31535 31369
31588 31612
31471 31395
31509 31636
31390 31354
31358 31596
31385 31392
31641 31531
31392 31359
31437 31537
31379 31384
31521 31410
31492 31626
31536 31633
31361 31366
31458 31462
31566 31636
31482 31429
31474 31487
31486 31457
31381 31625
31480 31536
31416 31403
31486 31617
31561 31489
31637 31430
31568 31591
31357 31487
31627 31530
31557 31474
31564 31432
31424 31619
31644 31473
31439 31359
31363 31361
31385 31649
31470 31532
31591 31597
31362 31637
31600 31594
31632 31638
31380 31530
31401 31389
31443 31359
31420 31384
31509 31575
31464 31368
31421 31501
31457 31564
31373 31595
31603 31570
31372 31531
31398 31497
31467 31510
31488 31501
31420 31650
31431 31520
15819 15894
15905 15871
15906 16015
15858 15944
15956 15912
15962 15996
15838 16009
15945 15745
15726 15816
15943 15937
15890 15993
15911 15912
15948 15812
15799 15878
15777 15847
15897 16004
15991 15795
15855 15777
15891 15975
15795 16022
15775 15904
15932 15735
15875 15784
15918 15823
15838 15831
15916 15879
15882 15816
15793 15915
15819 15865
15947 15827
16006 15826
15910 15913
15891 15994
15934 15889
15983 15888
16018 15917
15886 16001
15786 15848
15794 15838
15890 15923
15878 15987
15784 15900
15757 15995
16001 16004
15902 15756
15866 15953
15891 16000
15811 15991
15993 15866
15766 15952
16006 15796
15820 15901
15735 15771
15728 15903
15969 15813
15811 15931
15962 15821
15926 15733
16010 15956
15855 16025
15835 15789
15806 15993
15944 15821
15904 15947
8168 8210
7933 8019
8064 7979
8005 8191
8177 8166
8036 7932
8063 8032
7982 8068
8007 8187
8002 8065
7996 8076
8116 8145
8184 8161
8039 8187
7945 7932
7966 7922
8050 8140
8048 7960
8080 7974
7997 7915
8009 8068
8095 8153
8021 8017
8210 7986
8162 8070
7926 8205
7981 7975
8009 7942
8099 8083
8157 8169
7918 8137
7978 7918
8035 8156
8166 7992
8088 8003
8212 7967
8067 8068
7956 8103
8156 7976
8076 8075
8186 8195
7981 8111
7924 8037
8102 8022
8153 7956
8194 8129
8132 8176
8038 8134
8176 8112
8163 8199
8200 8140
7943 8094
8092 7950
8020 7914
7996 8110
8003 8143
8143 7992
8063 8112
7914 7994
8133 8014
7966 8029
7984 7933
8066 7973
8084 8121
4018 4088
4140 4074
4085 4167
4023 4008
4252 4296
4258 4064
4175 4236
4202 4007
4044 4224
4213 4166
4222 4196
4223 4249
4181 4009
4132 4240
4150 4072
4072 4021
4010 4248
4149 4166
4300 4118
4048 4134
4099 4123
4092 4257
4270 4269
4097 4257
4239 4187
4265 4223
4306 4017
4191 4084
4012 4105
4091 4300
4201 4186
4123 4087
4240 4073
4206 4094
4276 4227
4303 4173
4102 4082
4281 4267
4050 4281
4015 4061
4225 4237
4279 4288
4113 4012
4167 4031
4078 4134
4137 4146
4234 4285
4129 4291
4072 4147
4143 4062
4171 4009
4290 4260
4079 4296
4050 4021
4175 4188
4015 4221
4161 4047
4125 4171
4017 4181
4290 4236
4072 4108
4275 4161
4090 4076
4262 4212
2277 2265
2333 2075
2175 2181
2334 2137
2343 2123
2342 2288
2099 2264
2236 2233
2131 2138
2089 2125
2288 2237
2130 2322
2195 2204
2300 2096
2065 2156
2080 2054
2197 2235
2143 2331
2257 2119
2089 2141
2153 2081
2285 2158
2106 2156
2067 2319
2302 2067
2202 2245
2351 2301
2114 2346
2344 2309
2343 2231
2337 2181
2121 2072
2281 2079
2122 2097
2203 2293
2336 2340
2178 2213
2105 2117
2328 2065
2181 2227
2212 2062
2343 2083
2091 2248
2230 2257
2161 2311
2071 2135
2257 2255
2285 2311
2350 2078
2077 2292
2249 2324
2100 2255
2350 2292
2323 2314
2134 2157
2098 2312
2198 2305
2162 2086
2056 2283
2315 2228
2326 2097
2180 2171
2321 2157
2069 2129
1116 1224
1127 1253
1281 1305
1236 1139
1107 1181
1112 1191
1205 1172
1210 1248
1375 1128
1320 1376
1295 1356
1269 1300
1218 1360
1159 1369
1259 1332
1317 1167
1248 1105
1090 1339
1133 1259
1267 1244
1323 1330
1134 1348
1213 1233
1213 1205
1211 1096
1102 1208
1200 1175
1086 1264
1252 1336
1241 1203
1083 1111
1279 1246
1096 1219
1253 1198
1264 1086
1276 1324
1372 1126
1364 1249
1087 1140
1320 1256
1116 1103
1145 1263
1133 1363
1310 1279
1344 1236
1141 1205
1322 1168
1172 1307
1214 1129
1210 1356
1271 1262
1343 1358
1143 1195
1356 1127
1112 1373
1270 1081
1095 1176
1077 1250
1148 1277
1159 1152
1337 1116
1090 1139
1353 1249
1119 1194
811 787
870 851
594 838
725 723
783 873
741 714
858 593
609 730
840 596
880 801
770 664
770 853
825 643
653 862
838 871
707 827
778 676
599 743
653 679
816 819
736 795
815 738
730 761
750 709
741 862
791 882
774 834
826 860
663 800
800 621
647 690
666 876
878 885
881 620
853 818
711 691
642 632
682 836
713 612
662 828
688 615
638 829
640 677
596 685
624 779
842 768
854 607
629 821
766 762
884 635
613 741
700 883
616 764
681 785
793 608
659 640
622 736
743 619
677 811
676 731
827 619
614 756
687 724
751 862
640 637
484 561
367 568
410 529
546 541
633 360
479 459
493 575
413 434
567 491
354 535
480 577
471 620
547 464
596 498
520 608
454 568
510 376
559 475
637 433
382 384
478 570
556 592
406 506
636 355
538 477
545 450
622 427
473 476
395 511
627 545
587 473
618 448
599 350
635 477
640 631
548 644
570 543
353 349
391 409
401 599
551 584
414 457
367 451
627 459
588 377
527 422
507 472
578 418
378 408
609 357
361 381
591 370
627 563
549 458
622 493
370 468
613 370
384 347
516 381
414 561
579 505
585 405
346 464
361 430
416 415
249 360
408 294
499 369
447 303
491 475
474 279
382 444
265 499
461 257
262 292
334 465
403 328
270 382
506 434
338 448
513 230
376 457
275 390
438 378
261 464
258 403
521 437
257 377
243 470
327 359
328 424
239 346
352 347
461 312
370 522
312 308
443 264
278 505
478 444
480 257
255 389
443 437
514 492
471 442
235 299
362 508
264 428
367 408
291 273
323 460
398 308
435 336
514 426
426 420
260 227
522 369
460 470
322 435
502 372
275 339
427 436
352 373
476 313
521 408
460 522
359 249
263 306
201 86
113 166
154 81
280 50
270 271
225 117
94 98
114 181
169 4
188 207
18 259
185 61
86 219
227 211
24 24
122 168
128 296
177 224
70 276
141 21
285 19
170 21
298 138
186 144
189 277
226 244
213 107
66 84
193 50
138 202
206 125
35 55
6 116
148 227
162 139
280 48
19 1
114 267
197 117
111 159
189 207
261 97
199 225
178 277
215 183
5 270
162 149
213 290
125 266
84 209
52 149
40 65
239 278
56 193
246 4
289 231
70 88
222 125
153 278
213 109
79 3
63 163
122 115
243 175
12 181
271 88
104 157
143 92
64 28
164 252
103 186
4 199
86 298
232 202
67 136
288 133
183 146
62 183
204 164
133 241
89 16
119 172
146 60
125 115
225 62
205 269
38 276
274 37
160 59
130 44
229 285
104 139
166 137
268 164
220 193
135 245
221 300
47 276
134 143
61 36
138 284
275 49
79 21
153 54
277 18
125 220
187 236
92 164
149 220
239 88
183 276
6 200
135 241
59 239
131 229
216 287
96 3
299 187
204 201
89 179
41 14
43 174
91 235
246 21
154 213
5 126
14 37
16 117
212 253
288 212
92 196
283 61
68 199
294 136
237 121
233 220
197 202
92 102
44 25
201 31
220 273
281 196
124 161
128 196
179 28
63 14
266 262
298 235
217 61
229 9
3 298
50 26
42 198
291 113
180 216
193 45
117 151
225 20
96 30
147 186
174 294
34 154
183 182
234 17
202 298
278 283
138 274
99 209
177 183
293 12
164 58
195 130
31 254
191 170
255 63
67 12
269 175
31 171
178 113
8 119
1 107
129 36
9 172
222 56
192 50
96 214
6 65
41 152
151 275
181 91
118 75
157 261
111 104
47 207
226 289
45 242
212 57
285 14
296 182
121 204
17 210
153 87
186 287
277 168
236 204
72 259
216 195
7 13
282 246
266 196
231 173
146 105
291 156
80 65
52 57
124 141
121 77
86 103
129 176
216 214
181 107
103 49
56 7
263 70
131 132
189 15
38 50
126 167
25 169
121 166
256 85
51 18
122 250
142 247
23 260
227 62
207 155
212 280
288 89
101 157
45 187
259 87
172 211
176 132
206 115
209 233
297 88
239 142
216 252
113 64
148 111
4 51
180 47
185 271
206 269
76 222
202 43
186 105
66 15
51 78
156 167
228 97
71 280
34 148
216 96
123 105
7 58
238 143
139 86
15 254
21 173
120 197
198 89
17 38
13 62
251 60
97 66
255 56
38 107
72 156
85 62
223 220
246 145
275 249
56 293
113 233
194 33
14 287
80 209
237 260
268 251
139 122
278 152
23 270
246 50
48 207
175 85
160 41
25 46
160 168
200 69
287 183
164 111
218 120
202 84
177 127
118 265
140 247
83 281
90 116
259 287
291 119
282 230
54 97
25 13
14 211
228 77
16 88
257 205
150 144
62 163
9 59
91 61
88 170
36 282
227 261
246 65
96 212
283 172
179 283
270 1
145 22
289 32
266 243
262 8
114 219
280 242
77 90
59 166
122 291
263 73
91 171
218 230
54 136
171 46
180 147
87 273
138 82
23 260
256 66
234 191
110 11
272 184
184 214
253 56
273 281
295 47
235 178
187 60
241 31
289 201
218 121
224 154
97 3
203 245
77 77
287 20
54 265
