# source: JorikJooken
# original path: jj_extract\knapsackProblemInstances-master\problemInstances\n_800_c_1000000_g_10_f_0.1_eps_1e-05_s_200\test.in
# optimal value: 1013036
# format: n capacity, then weight value
800 1000000
500015 500017
500043 500111
500090 500033
500114 500016
500128 500113
500195 500148
500041 500029
500203 500150
500207 500062
500070 500173
500123 500162
500043 500081
500208 500124
500122 500125
500151 500037
500135 500041
500170 500090
500173 500097
500166 500105
500103 500013
500024 500024
500063 500019
500156 500059
500201 500200
500103 500046
500071 500189
500076 500164
500099 500027
500167 500039
500030 500072
500192 500101
500171 500062
500069 500030
500143 500055
500119 500169
500042 500019
500019 500137
500156 500075
500053 500193
500085 500121
500189 500043
500130 500078
500097 500189
500165 500067
500102 500089
500138 500160
500066 500078
500066 500179
500061 500201
500024 500183
500168 500189
500179 500067
500140 500160
500124 500143
500020 500051
500046 500150
500060 500057
500172 500019
500180 500142
500050 500087
500182 500119
500030 500178
500065 500177
500083 500209
500042 500112
500066 500017
500169 500183
500052 500161
500142 500160
500188 500026
500158 500095
500168 500175
500173 500133
500112 500043
500176 500166
500049 500060
500179 500084
500184 500163
500076 500037
500052 500173
250161 250097
250172 250023
250156 250028
250046 250198
250053 250138
250200 250050
250170 250128
250129 250188
250115 250167
250034 250196
250092 250081
250195 250067
250117 250103
250156 250181
250194 250105
250098 250159
250156 250186
250144 250063
250150 250160
250066 250076
250141 250204
250065 250184
250085 250157
250169 250065
250075 250206
250193 250048
250168 250171
250013 250051
250065 250083
250076 250060
250035 250131
250153 250093
250115 250205
250024 250175
250093 250134
250144 250180
250176 250116
250087 250148
250087 250152
250107 250039
250149 250070
250044 250018
250115 250082
250121 250171
250174 250149
250083 250134
250021 250157
250078 250020
250209 250021
250194 250050
250174 250035
250104 250140
250013 250193
250148 250205
250094 250092
250032 250091
250078 250076
250065 250140
250067 250172
250177 250108
250138 250182
250181 250083
250126 250078
250037 250097
250098 250159
250155 250125
250125 250067
250018 250155
250034 250090
250146 250063
250111 250152
250074 250028
250145 250041
250078 250201
250087 250140
250127 250070
250118 250176
250086 250190
250091 250078
250099 250098
125149 125196
125204 125186
125156 125018
125054 125085
125208 125127
125174 125188
125021 125156
125175 125052
125178 125166
125137 125097
125103 125043
125039 125142
125151 125209
125133 125153
125075 125036
125095 125170
125201 125172
125149 125052
125021 125199
125027 125018
125167 125086
125016 125060
125056 125050
125150 125087
125101 125033
125118 125079
125077 125027
125183 125128
125088 125151
125061 125176
125196 125154
125026 125152
125013 125095
125177 125041
125166 125166
125101 125108
125124 125030
125043 125107
125038 125035
125155 125116
125016 125084
125064 125032
125038 125092
125020 125191
125205 125030
125201 125186
125060 125041
125046 125012
125158 125081
125099 125090
125130 125038
125025 125125
125210 125175
125114 125166
125028 125176
125151 125123
125095 125075
125036 125132
125182 125121
125165 125043
125138 125087
125019 125118
125071 125118
125045 125011
125033 125097
125082 125158
125170 125168
125124 125194
125134 125080
125026 125104
125155 125062
125048 125182
125019 125015
125196 125190
125116 125180
125141 125163
125170 125081
125145 125015
125071 125127
125070 125018
62540 62598
62679 62659
62682 62625
62538 62700
62574 62676
62695 62580
62681 62529
62673 62527
62607 62632
62674 62521
62678 62568
62667 62574
62624 62569
62614 62606
62666 62694
62534 62576
62667 62522
62593 62559
62542 62699
62675 62635
62636 62572
62625 62538
62611 62544
62559 62622
62684 62696
62618 62657
62523 62622
62561 62685
62555 62633
62578 62607
62568 62580
62618 62698
62543 62531
62658 62685
62577 62531
62517 62682
62663 62628
62529 62618
62646 62514
62677 62692
62619 62702
62516 62609
62555 62544
62675 62689
62519 62571
62551 62672
62664 62589
62556 62521
62523 62588
62631 62666
62573 62517
62515 62659
62521 62555
62576 62570
62616 62518
62579 62519
62564 62695
62660 62549
62539 62630
62570 62697
62673 62552
62645 62603
62557 62575
62555 62704
62692 62630
62593 62561
62518 62636
62525 62514
62678 62527
62651 62551
62541 62600
62576 62692
62515 62627
62563 62675
62561 62656
62527 62623
62523 62696
62513 62553
62563 62703
62605 62546
31309 31417
31388 31262
31360 31441
31389 31452
31304 31368
31343 31456
31362 31312
31429 31274
31370 31295
31447 31271
31441 31273
31312 31322
31322 31459
31400 31380
31448 31271
31267 31390
31425 31396
31439 31361
31359 31334
31336 31351
31366 31442
31445 31417
31410 31390
31383 31336
31423 31267
31386 31405
31334 31264
31385 31311
31403 31356
31339 31415
31446 31449
31432 31306
31291 31365
31367 31460
31315 31419
31392 31344
31273 31364
31261 31383
31377 31265
31362 31366
31289 31443
31276 31342
31415 31321
31409 31295
31295 31297
31291 31402
31367 31357
31377 31444
31346 31425
31305 31430
31421 31433
31292 31409
31357 31368
31308 31395
31311 31262
31446 31452
31302 31353
31384 31460
31443 31302
31411 31356
31401 31319
31371 31293
31273 31428
31346 31266
31355 31311
31391 31379
31324 31402
31436 31358
31317 31283
31455 31287
31395 31383
31316 31300
31357 31273
31323 31323
31459 31349
31362 31282
31444 31284
31325 31394
31361 31352
31378 31423
15760 15771
15653 15812
15700 15778
15825 15751
15651 15719
15698 15750
15815 15748
15711 15710
15790 15652
15809 15678
15783 15829
15645 15750
15712 15659
15791 15828
15650 15705
15792 15739
15773 15834
15743 15736
15652 15670
15674 15824
15762 15819
15783 15803
15706 15783
15764 15661
15804 15825
15749 15680
15834 15643
15657 15650
15693 15662
15781 15713
15682 15675
15834 15802
15830 15810
15720 15738
15642 15666
15785 15819
15734 15800
15706 15730
15790 15832
15744 15676
15827 15782
15641 15805
15675 15677
15706 15825
15752 15693
15822 15728
15681 15653
15777 15766
15668 15831
15798 15759
15775 15803
15787 15739
15764 15684
15684 15663
15831 15695
15821 15771
15636 15733
15636 15639
15739 15773
15673 15653
15751 15799
15642 15693
15769 15832
15795 15694
15834 15808
15662 15670
15771 15751
15776 15739
15709 15733
15808 15727
15810 15806
15652 15704
15648 15722
15693 15649
15793 15655
15678 15756
15697 15814
15767 15785
15673 15640
15647 15726
7865 7828
7860 7833
7988 7855
7979 7936
7987 7959
7921 7965
7978 7974
7934 7949
7865 7887
7859 7991
7902 7907
7904 7836
7837 7851
7827 7959
7908 7976
8004 7901
7830 7923
7901 7916
8011 7976
8004 7904
7992 7895
7847 8013
7940 7913
8005 7837
7977 7836
7882 7972
7976 7839
7877 7899
7912 8016
7848 7928
7927 7874
7947 7902
8006 7865
7875 7898
8008 7923
7999 7995
8014 7914
7963 7905
8005 7846
7950 7849
7894 7964
7971 8011
7871 7841
7922 7913
8021 7875
7978 7981
8015 7897
8001 7942
7994 7885
7996 7950
7881 7856
7866 7864
7895 7851
7944 7840
7991 7997
7844 7989
7828 7995
7988 7984
7828 7960
8003 7840
7878 7844
7969 7952
7828 7984
7994 7928
7852 7904
8020 7831
7836 7890
7968 7883
7836 7898
8008 7916
7880 7968
7938 7894
7831 7852
7861 7895
8009 7921
7849 7990
7941 7916
7992 7852
7826 7946
7969 7836
3965 4025
3980 3926
4111 3933
3952 3919
4095 4003
4000 3953
4115 4092
3964 4076
3944 4057
4054 4046
4066 3918
4019 3937
3973 4053
3938 4007
3993 4017
3971 4019
3963 3975
4003 4003
4044 4085
4115 3973
3951 4070
3924 3920
3934 4104
4088 4042
4062 3921
3937 3929
4105 4109
3936 3989
3963 4091
4064 3945
3941 3937
4036 4042
3994 4090
3977 3997
4015 4055
4024 4065
3919 3994
4099 3941
3951 3920
4019 4049
4060 4111
3963 3960
4087 4089
4035 4093
4090 4114
3983 4008
4018 3946
4062 3962
4113 4047
3946 3939
3989 3976
4081 4054
3940 3930
4037 4107
4082 3944
3931 3948
3988 3978
3923 4024
3981 3925
4115 4070
3977 4047
4016 3924
4114 3970
4072 3968
3931 4090
3940 4085
3942 3958
4115 3983
3931 4076
3919 4003
4005 4115
4018 3964
3992 3948
3986 4058
4097 3972
4023 3999
3970 3936
3992 3968
3965 4053
4084 4068
2042 2150
2094 2065
2027 1996
2144 1964
2111 2113
2016 2079
2088 1990
2002 2051
2157 2127
2028 2115
2112 2011
2081 2067
2113 2016
1989 2078
1994 2033
1967 2027
2025 1992
2040 2009
2066 2070
1990 2089
2030 2125
2105 2111
1983 2063
2049 2082
2010 2010
1966 2113
1977 2092
1986 2061
2002 1989
1965 2009
1971 2118
1970 2024
1993 2002
2059 2034
2106 1966
2119 2005
2018 2022
2128 2004
2103 2110
2093 2009
2140 2148
2029 2121
2108 2135
2039 1985
2144 1979
2008 2075
2126 1966
2153 2110
1983 2155
2007 2020
2043 2047
2030 2080
2053 2159
2088 1997
2120 2160
2069 2002
2076 2045
2097 2102
2064 2072
1999 2043
1969 1996
2087 2156
2057 1984
2004 2072
1972 2037
1977 1998
2021 2138
2128 2093
2145 2135
2054 2116
2002 2122
1980 2067
2003 1964
2080 2120
1979 2038
1966 2071
2146 2121
2108 2096
2128 2127
2106 1985
98 13
184 25
48 4
112 100
72 148
10 167
176 16
42 153
22 64
74 151
143 174
54 148
57 94
28 37
54 108
173 141
58 25
100 84
146 146
172 20
123 29
94 162
188 89
77 112
89 90
187 51
31 149
87 30
164 115
195 101
142 130
125 122
17 5
64 97
95 43
151 82
169 141
46 193
35 96
136 53
76 58
138 127
68 93
98 20
123 78
120 142
144 79
34 199
180 13
83 27
57 89
153 152
195 136
8 100
23 99
67 140
78 24
158 30
127 45
41 34
22 110
171 170
70 188
156 103
100 10
41 70
145 187
53 154
174 177
39 71
113 82
142 200
52 169
40 11
120 185
7 94
93 43
161 51
194 56
168 54
