# source: JorikJooken
# original path: jj_extract\knapsackProblemInstances-master\problemInstances\n_800_c_100000000_g_6_f_0.3_eps_0_s_100\test.in
# optimal value: 96889606
# format: n capacity, then weight value
800 100000000
50000045 50000048
50000016 50000019
50000023 50000026
50000028 50000094
50000075 50000067
50000071 50000038
50000038 50000098
50000054 50000026
50000035 50000018
50000018 50000009
50000018 50000087
50000098 50000077
50000062 50000012
50000080 50000032
50000093 50000002
50000076 50000038
50000011 50000028
50000097 50000080
50000009 50000069
50000051 50000061
50000071 50000001
50000059 50000086
50000042 50000072
50000082 50000060
50000076 50000013
50000079 50000025
50000078 50000072
50000013 50000078
50000072 50000030
50000058 50000028
50000056 50000001
50000029 50000037
50000066 50000055
50000041 50000019
50000058 50000016
50000085 50000057
50000075 50000003
50000004 50000019
50000034 50000051
50000044 50000024
50000004 50000069
50000087 50000020
50000059 50000029
50000063 50000090
50000086 50000091
50000065 50000071
50000015 50000087
50000088 50000021
50000039 50000097
50000082 50000063
50000093 50000062
50000041 50000016
50000007 50000084
50000039 50000018
50000046 50000067
50000007 50000065
50000097 50000005
50000007 50000093
50000031 50000082
50000022 50000052
50000056 50000016
50000094 50000026
50000055 50000084
50000030 50000062
50000059 50000032
50000002 50000057
50000013 50000090
50000015 50000056
50000006 50000042
50000012 50000001
50000091 50000051
50000064 50000077
50000056 50000087
50000075 50000070
50000019 50000009
50000060 50000009
50000037 50000005
50000038 50000082
50000097 50000091
50000005 50000032
50000055 50000002
50000071 50000098
50000043 50000082
50000055 50000092
50000083 50000029
50000020 50000041
50000057 50000035
50000052 50000091
50000008 50000061
50000020 50000040
50000054 50000068
50000051 50000045
50000021 50000047
50000050 50000076
50000039 50000052
50000066 50000035
50000001 50000065
50000042 50000022
50000006 50000027
50000045 50000013
50000096 50000010
50000040 50000067
50000016 50000076
50000050 50000093
50000081 50000021
50000022 50000051
50000077 50000022
50000003 50000075
50000085 50000007
50000007 50000058
50000080 50000055
50000071 50000001
25000094 25000009
25000026 25000035
25000041 25000092
25000025 25000054
25000100 25000037
25000028 25000047
25000015 25000045
25000052 25000087
25000054 25000042
25000027 25000035
25000073 25000041
25000072 25000044
25000055 25000035
25000019 25000079
25000041 25000029
25000008 25000022
25000008 25000080
25000090 25000044
25000086 25000023
25000045 25000006
25000032 25000037
25000044 25000076
25000005 25000089
25000082 25000099
25000074 25000052
25000092 25000086
25000046 25000020
25000022 25000060
25000069 25000028
25000008 25000008
25000023 25000093
25000090 25000020
25000091 25000080
25000066 25000066
25000035 25000086
25000078 25000094
25000078 25000030
25000089 25000083
25000022 25000063
25000063 25000045
25000017 25000041
25000019 25000067
25000035 25000048
25000030 25000060
25000096 25000062
25000088 25000025
25000031 25000033
25000092 25000019
25000096 25000010
25000024 25000024
25000031 25000075
25000059 25000059
25000019 25000039
25000048 25000089
25000059 25000002
25000041 25000009
25000010 25000024
25000006 25000092
25000047 25000050
25000099 25000068
25000015 25000038
25000085 25000097
25000038 25000053
25000031 25000083
25000034 25000003
25000036 25000065
25000024 25000017
25000011 25000040
25000070 25000062
25000075 25000064
25000036 25000037
25000020 25000087
25000095 25000087
25000094 25000012
25000048 25000057
25000039 25000035
25000055 25000098
25000083 25000021
25000053 25000065
25000042 25000009
25000090 25000085
25000001 25000027
25000061 25000022
25000064 25000083
25000027 25000024
25000053 25000061
25000039 25000058
25000064 25000062
25000023 25000047
25000041 25000098
25000012 25000040
25000058 25000077
25000061 25000029
25000067 25000027
25000049 25000031
25000008 25000076
25000039 25000030
25000009 25000092
25000049 25000030
25000074 25000044
25000073 25000013
25000012 25000060
25000063 25000008
25000065 25000079
25000046 25000074
25000090 25000097
25000013 25000030
25000014 25000076
25000006 25000062
25000003 25000096
25000053 25000031
25000001 25000074
12500030 12500045
12500049 12500026
12500038 12500080
12500072 12500045
12500031 12500093
12500087 12500089
12500048 12500099
12500045 12500089
12500095 12500006
12500092 12500039
12500007 12500057
12500041 12500023
12500074 12500061
12500093 12500057
12500053 12500087
12500009 12500058
12500080 12500018
12500099 12500046
12500092 12500025
12500099 12500018
12500039 12500065
12500059 12500097
12500043 12500028
12500011 12500081
12500016 12500061
12500051 12500091
12500016 12500027
12500100 12500055
12500024 12500018
12500039 12500003
12500064 12500099
12500074 12500011
12500084 12500054
12500030 12500098
12500081 12500075
12500025 12500006
12500051 12500062
12500055 12500017
12500027 12500014
12500047 12500002
12500094 12500040
12500085 12500077
12500036 12500015
12500011 12500020
12500030 12500053
12500081 12500062
12500052 12500056
12500074 12500042
12500087 12500078
12500024 12500004
12500025 12500048
12500017 12500052
12500085 12500067
12500020 12500060
12500065 12500059
12500098 12500010
12500076 12500034
12500099 12500002
12500058 12500089
12500085 12500097
12500016 12500064
12500031 12500044
12500055 12500043
12500002 12500086
12500026 12500070
12500097 12500033
12500032 12500090
12500060 12500067
12500032 12500081
12500022 12500023
12500054 12500019
12500051 12500016
12500062 12500034
12500098 12500076
12500032 12500053
12500049 12500071
12500046 12500037
12500039 12500044
12500090 12500079
12500098 12500019
12500063 12500035
12500094 12500043
12500049 12500036
12500038 12500013
12500009 12500034
12500047 12500059
12500088 12500074
12500009 12500007
12500068 12500048
12500067 12500051
12500004 12500088
12500048 12500050
12500085 12500091
12500100 12500003
12500040 12500029
12500071 12500089
12500038 12500054
12500029 12500048
12500010 12500026
12500092 12500037
12500025 12500087
12500032 12500080
12500047 12500067
12500082 12500083
12500051 12500007
12500085 12500009
12500014 12500087
12500043 12500068
12500038 12500001
12500003 12500083
12500044 12500014
12500085 12500077
6250028 6250049
6250046 6250085
6250057 6250064
6250013 6250089
6250089 6250031
6250067 6250055
6250034 6250078
6250031 6250084
6250043 6250022
6250097 6250040
6250096 6250087
6250014 6250099
6250036 6250018
6250055 6250099
6250038 6250002
6250077 6250054
6250094 6250064
6250066 6250063
6250040 6250080
6250030 6250027
6250072 6250006
6250040 6250029
6250067 6250071
6250026 6250092
6250005 6250038
6250040 6250025
6250053 6250039
6250019 6250094
6250062 6250060
6250039 6250010
6250039 6250001
6250066 6250083
6250003 6250090
6250019 6250081
6250051 6250001
6250066 6250091
6250089 6250033
6250079 6250096
6250062 6250025
6250050 6250046
6250078 6250071
6250068 6250031
6250096 6250015
6250028 6250069
6250081 6250081
6250063 6250054
6250095 6250065
6250009 6250073
6250074 6250051
6250056 6250034
6250087 6250029
6250017 6250054
6250002 6250061
6250034 6250091
6250086 6250072
6250030 6250063
6250082 6250091
6250092 6250078
6250093 6250013
6250076 6250038
6250099 6250087
6250078 6250087
6250015 6250071
6250096 6250020
6250031 6250036
6250006 6250085
6250001 6250026
6250003 6250067
6250017 6250017
6250002 6250034
6250044 6250027
6250095 6250052
6250087 6250029
6250044 6250016
6250085 6250017
6250074 6250043
6250062 6250086
6250099 6250042
6250040 6250063
6250054 6250038
6250054 6250055
6250076 6250054
6250029 6250018
6250095 6250067
6250036 6250080
6250081 6250082
6250070 6250013
6250075 6250097
6250051 6250050
6250031 6250062
6250067 6250067
6250065 6250094
6250036 6250090
6250053 6250051
6250031 6250078
6250007 6250088
6250080 6250093
6250089 6250086
6250012 6250005
6250036 6250047
6250074 6250086
6250031 6250022
6250072 6250092
6250092 6250009
6250047 6250088
6250015 6250021
6250033 6250048
6250040 6250022
6250016 6250021
6250035 6250026
6250042 6250026
6250096 6250001
3125027 3125089
3125044 3125092
3125084 3125093
3125022 3125031
3125015 3125074
3125076 3125093
3125010 3125069
3125051 3125004
3125068 3125067
3125034 3125052
3125012 3125030
3125061 3125078
3125078 3125023
3125087 3125057
3125011 3125088
3125072 3125025
3125057 3125093
3125091 3125040
3125030 3125050
3125023 3125055
3125019 3125020
3125031 3125087
3125052 3125039
3125048 3125062
3125013 3125020
3125063 3125072
3125093 3125063
3125043 3125087
3125047 3125089
3125014 3125034
3125006 3125026
3125040 3125093
3125054 3125016
3125013 3125061
3125064 3125094
3125030 3125022
3125034 3125025
3125089 3125074
3125030 3125065
3125051 3125051
3125002 3125078
3125028 3125092
3125020 3125046
3125054 3125033
3125082 3125013
3125069 3125078
3125043 3125091
3125041 3125020
3125071 3125046
3125094 3125062
3125049 3125033
3125053 3125009
3125045 3125035
3125095 3125020
3125025 3125055
3125031 3125068
3125085 3125084
3125030 3125063
3125065 3125064
3125024 3125051
3125085 3125049
3125013 3125049
3125090 3125064
3125024 3125029
3125021 3125095
3125032 3125016
3125056 3125097
3125052 3125047
3125005 3125099
3125029 3125023
3125098 3125044
3125001 3125077
3125076 3125048
3125080 3125078
3125031 3125080
3125077 3125006
3125012 3125087
3125047 3125073
3125027 3125012
3125009 3125045
3125057 3125052
3125048 3125095
3125013 3125079
3125085 3125002
3125086 3125089
3125100 3125043
3125092 3125003
3125028 3125009
3125018 3125032
3125012 3125057
3125006 3125062
3125005 3125029
3125024 3125025
3125100 3125005
3125076 3125073
3125048 3125003
3125011 3125076
3125089 3125063
3125068 3125051
3125027 3125081
3125035 3125049
3125023 3125099
3125046 3125073
3125030 3125089
3125077 3125064
3125017 3125037
3125077 3125091
3125100 3125002
3125010 3125035
3125019 3125083
3125014 3125047
3125080 3125042
11 17
87 33
28 48
18 13
67 53
7 78
95 75
38 8
53 54
69 49
27 12
86 8
54 44
30 31
14 92
55 20
85 48
89 60
10 57
47 76
34 21
33 78
61 12
84 79
19 3
50 78
94 12
87 70
39 23
89 66
67 88
2 37
48 75
56 21
39 83
47 48
23 60
33 35
58 52
92 94
100 27
62 35
10 43
33 28
43 64
49 91
12 18
2 100
69 17
47 17
100 62
80 66
64 5
86 45
70 51
13 38
24 28
9 91
87 94
89 41
43 51
8 82
27 39
8 80
45 62
89 75
62 45
90 44
82 16
33 5
53 66
78 38
79 43
17 69
12 8
2 72
26 25
47 5
88 47
67 40
8 16
65 56
78 21
8 60
17 6
3 65
27 32
58 18
45 67
30 79
23 55
29 46
52 24
65 56
20 66
35 39
17 26
42 93
96 4
23 27
20 76
50 45
90 74
16 84
38 93
48 19
95 14
5 55
20 59
91 12
11 65
13 85
16 69
61 73
25 52
37 45
71 67
100 66
85 42
20 86
95 41
98 38
21 16
40 53
9 6
38 68
34 89
16 48
18 26
49 77
57 82
57 61
84 3
26 31
10 84
59 22
62 92
89 42
25 18
69 89
63 44
24 71
42 26
89 48
85 31
41 70
57 27
21 19
2 50
57 92
11 23
74 86
38 69
85 44
91 55
20 63
46 43
86 97
75 69
8 72
15 76
97 22
75 31
55 62
59 79
71 57
86 39
19 54
13 43
59 63
34 45
5 12
48 77
9 1
41 19
24 79
25 32
49 15
16 83
2 3
23 32
24 17
82 67
32 47
58 51
90 77
45 7
24 5
23 87
31 43
24 92
30 47
66 48
100 46
86 30
17 76
81 30
50 5
19 66
20 36
66 34
87 40
95 77
97 59
1 46
81 95
26 71
39 37
63 33
49 52
77 6
61 24
58 8
4 91
81 89
16 94
44 83
80 56
14 58
95 39
53 3
46 46
52 33
23 88
12 5
96 17
1 90
68 92
13 54
91 16
21 87
22 63
89 94
5 84
88 27
89 82
57 51
39 67
17 56
76 11
