# source: JorikJooken
# original path: jj_extract\knapsackProblemInstances-master\problemInstances\n_1000_c_1000000_g_10_f_0.1_eps_0.01_s_200\test.in
# optimal value: 1011837
# format: n capacity, then weight value
1000 1000000
510004 510053
510091 510123
510196 510049
510146 510077
510085 510117
510167 510106
510141 510120
510175 510125
510197 510118
510089 510121
510072 510059
510100 510187
510162 510165
510154 510074
510125 510168
510119 510063
510127 510019
510199 510113
510040 510152
510005 510150
510010 510104
510067 510009
510170 510024
510185 510054
510018 510148
510107 510167
510114 510007
510123 510173
510079 510044
510078 510135
510106 510099
510040 510198
510163 510100
510166 510056
510111 510172
510073 510114
510186 510187
510058 510108
510076 510119
510153 510052
510061 510159
510151 510129
510147 510034
510080 510118
510153 510112
510061 510171
510142 510061
510012 510049
510011 510012
510164 510121
510103 510070
510191 510148
510007 510121
510169 510036
510116 510086
510109 510080
510024 510159
510030 510130
510094 510037
510041 510109
510074 510022
510150 510123
510086 510121
510036 510114
510193 510127
510002 510015
510003 510098
510011 510055
510191 510159
510136 510090
510143 510129
510085 510004
510032 510039
510089 510097
510086 510082
510060 510183
510186 510101
510088 510123
510063 510012
510113 510135
510178 510073
510184 510094
510175 510090
510066 510120
510022 510149
510157 510094
510122 510039
510178 510172
510178 510058
510132 510146
510086 510169
510066 510100
510124 510089
510165 510034
510037 510099
510087 510026
510172 510123
510031 510160
510052 510092
510151 510127
260194 260117
260005 260122
260159 260058
260126 260033
260057 260197
260064 260010
260095 260073
260049 260031
260178 260199
260103 260089
260200 260069
260063 260121
260159 260057
260031 260091
260197 260019
260033 260120
260188 260078
260103 260027
260004 260001
260073 260108
260104 260177
260076 260074
260070 260145
260184 260122
260131 260063
260042 260128
260110 260015
260002 260132
260199 260111
260103 260110
260162 260176
260026 260029
260069 260070
260090 260117
260046 260046
260052 260188
260183 260017
260137 260131
260195 260009
260193 260176
260119 260026
260060 260176
260031 260086
260060 260195
260110 260002
260075 260021
260198 260025
260116 260190
260110 260040
260194 260172
260047 260127
260197 260112
260021 260192
260127 260130
260011 260172
260129 260015
260050 260160
260147 260176
260129 260177
260075 260174
260042 260052
260016 260117
260135 260151
260095 260159
260130 260168
260045 260088
260149 260138
260032 260043
260200 260117
260166 260165
260089 260141
260102 260194
260194 260159
260158 260119
260124 260101
260010 260157
260023 260081
260055 260167
260158 260029
260061 260075
260019 260043
260018 260102
260046 260095
260117 260075
260125 260015
260130 260034
260114 260118
260092 260008
260158 260070
260115 260066
260015 260050
260159 260158
260070 260029
260019 260078
260044 260094
260150 260191
260161 260197
260071 260159
260056 260192
260030 260152
135077 135053
135050 135095
135164 135019
135103 135091
135159 135156
135106 135191
135066 135185
135091 135073
135029 135106
135180 135142
135090 135023
135166 135144
135113 135027
135189 135187
135180 135108
135161 135194
135053 135153
135173 135065
135136 135069
135127 135114
135109 135069
135098 135139
135068 135180
135068 135028
135134 135197
135065 135072
135103 135126
135092 135041
135033 135143
135171 135047
135046 135157
135103 135125
135020 135116
135170 135181
135162 135007
135163 135011
135021 135139
135111 135152
135049 135149
135187 135026
135143 135181
135062 135189
135161 135007
135014 135117
135175 135026
135167 135061
135067 135022
135174 135098
135172 135135
135093 135059
135041 135019
135161 135134
135008 135092
135033 135056
135192 135010
135033 135039
135099 135193
135119 135199
135158 135165
135047 135153
135070 135183
135102 135080
135081 135111
135138 135029
135163 135177
135170 135146
135032 135198
135136 135031
135174 135072
135049 135119
135037 135111
135129 135121
135127 135115
135012 135156
135186 135145
135200 135057
135031 135160
135052 135036
135022 135138
135113 135086
135092 135093
135074 135022
135177 135065
135103 135199
135083 135051
135041 135137
135011 135067
135142 135028
135197 135084
135049 135002
135195 135069
135031 135090
135199 135117
135191 135139
135015 135173
135006 135110
135190 135188
135060 135128
135120 135017
135097 135078
72545 72545
72624 72546
72559 72700
72529 72600
72586 72570
72506 72678
72591 72699
72645 72640
72546 72617
72700 72651
72555 72620
72545 72540
72595 72578
72578 72621
72541 72658
72529 72515
72586 72601
72605 72583
72677 72686
72626 72575
72549 72610
72627 72600
72530 72672
72650 72506
72654 72527
72550 72661
72517 72602
72559 72694
72668 72507
72693 72675
72553 72538
72528 72557
72526 72614
72600 72657
72638 72696
72528 72574
72508 72660
72684 72686
72514 72592
72600 72502
72674 72700
72545 72502
72558 72544
72509 72688
72678 72501
72592 72687
72567 72651
72617 72626
72670 72563
72655 72690
72684 72671
72577 72573
72692 72700
72598 72689
72533 72570
72636 72512
72567 72528
72507 72638
72648 72636
72639 72574
72604 72644
72524 72587
72673 72539
72521 72548
72626 72601
72515 72564
72522 72522
72634 72645
72600 72657
72617 72524
72650 72626
72642 72561
72612 72676
72576 72697
72570 72684
72572 72556
72613 72627
72551 72545
72607 72557
72517 72670
72683 72637
72528 72602
72694 72558
72681 72691
72590 72542
72596 72665
72501 72579
72699 72524
72584 72675
72501 72695
72673 72562
72674 72513
72579 72627
72538 72628
72565 72695
72674 72666
72593 72523
72528 72648
72596 72507
72688 72620
41342 41360
41433 41285
41385 41253
41374 41378
41383 41382
41417 41279
41432 41332
41253 41371
41422 41367
41444 41338
41311 41415
41438 41396
41379 41256
41318 41391
41256 41262
41300 41327
41347 41294
41383 41278
41265 41373
41251 41404
41360 41399
41312 41338
41253 41407
41303 41376
41366 41379
41256 41296
41374 41449
41361 41399
41396 41400
41339 41356
41325 41283
41402 41433
41253 41383
41413 41373
41331 41342
41256 41428
41417 41253
41419 41284
41286 41292
41396 41332
41401 41331
41374 41407
41252 41442
41263 41306
41399 41283
41428 41253
41394 41350
41378 41436
41315 41449
41386 41424
41418 41276
41276 41324
41271 41418
41417 41378
41303 41286
41412 41443
41278 41291
41435 41402
41320 41262
41406 41321
41255 41419
41431 41354
41256 41334
41345 41346
41279 41362
41450 41384
41341 41364
41304 41389
41358 41294
41264 41267
41311 41303
41372 41266
41275 41375
41362 41389
41305 41444
41366 41271
41335 41423
41312 41437
41433 41423
41433 41377
41394 41310
41395 41289
41343 41277
41404 41270
41359 41337
41381 41424
41428 41361
41443 41408
41307 41334
41384 41320
41407 41257
41412 41302
41361 41367
41277 41311
41355 41333
41296 41345
41280 41385
41337 41314
41302 41369
41393 41425
25700 25714
25658 25752
25793 25724
25764 25667
25793 25692
25700 25688
25700 25630
25825 25810
25664 25711
25681 25821
25684 25643
25736 25682
25798 25822
25712 25632
25700 25637
25824 25760
25813 25626
25636 25761
25714 25678
25675 25785
25662 25821
25636 25744
25703 25703
25681 25787
25758 25820
25770 25813
25809 25815
25789 25774
25695 25651
25822 25660
25664 25717
25718 25701
25736 25741
25691 25734
25704 25800
25687 25671
25772 25780
25771 25717
25653 25807
25688 25812
25816 25794
25814 25734
25760 25822
25719 25815
25798 25704
25753 25718
25672 25766
25775 25659
25677 25728
25727 25781
25780 25752
25675 25794
25626 25689
25773 25673
25722 25714
25683 25693
25666 25751
25764 25776
25687 25671
25792 25648
25649 25668
25725 25679
25677 25771
25752 25648
25642 25716
25777 25686
25824 25693
25633 25690
25720 25635
25662 25630
25779 25639
25627 25756
25759 25679
25775 25721
25639 25639
25825 25647
25800 25683
25774 25819
25796 25771
25809 25816
25794 25735
25818 25663
25769 25731
25795 25721
25637 25630
25773 25675
25790 25779
25766 25785
25684 25813
25680 25816
25720 25719
25687 25824
25723 25715
25715 25673
25673 25801
25810 25637
25749 25784
25798 25772
25821 25813
25656 25771
17868 17921
17872 17901
17819 17938
18003 17820
18008 17922
17970 17922
17890 17853
17931 17931
17987 17815
17986 17857
17863 17867
17861 17990
17813 17912
17869 18009
17894 17844
17974 17994
17987 17874
17965 17824
17871 17968
17854 17853
17961 17988
17982 17895
17843 17858
17826 17986
17925 17938
17859 17909
17932 17833
17861 17923
17932 17987
17963 17895
17837 17927
17903 18000
17994 17940
17924 17955
17849 17836
17998 17876
17857 17843
17945 17986
17820 17964
17970 18001
17876 17869
17962 17982
17860 17837
17860 17965
17913 17916
17947 17842
17887 17841
17910 17950
17861 17863
17825 17902
17943 17957
17880 17897
17860 18003
17894 17960
17990 17931
17951 17851
17945 17833
17962 17913
17906 17828
17948 17964
17976 17878
18012 17911
17850 17978
17942 17817
17841 17971
17941 17935
17890 17880
17852 17931
17900 17906
17844 17908
17950 17916
17969 17984
17897 17972
17946 17819
17853 17856
17945 17907
17833 18012
17890 17978
17841 17940
17882 17896
18007 17818
17846 17840
17961 17933
17953 17937
18001 17842
17872 17883
17944 17843
17949 17925
17892 17862
17951 18006
17889 17847
17991 17965
18010 17940
17974 17954
17976 18008
17880 17889
17883 17857
17863 17918
17954 17968
17944 17842
14060 13998
14071 13943
14037 13945
14033 14032
13946 14078
14082 14103
13978 13966
13972 14078
14023 13927
13986 14083
14001 14084
13942 14083
13960 14029
13975 13927
14072 14092
13959 14026
13958 13916
14089 13950
13914 14041
14014 14020
14097 13944
13939 14049
13960 14069
14035 14034
13956 14041
14037 14044
13934 14035
13985 14076
14103 13908
14086 13943
14058 14086
13980 14015
13931 13995
13917 14099
13958 13911
14093 13907
14055 14066
14098 13962
14026 14085
13924 14073
14069 13969
13963 13929
14095 14003
13914 14062
14098 14003
14023 14030
13942 14003
13937 14106
14070 13909
14063 14075
14005 14028
13979 14082
14081 13986
14062 14046
14066 13989
14070 13997
14040 14027
14028 14032
14061 14102
14022 14055
14061 13923
13965 14093
14090 14067
14040 13929
14076 14018
14089 14019
13941 14102
13963 13931
13929 14023
14030 14084
13955 13962
14054 13990
13926 13964
14017 13984
13932 14024
13984 14035
13944 14040
13994 14020
14040 13988
14026 14015
14079 13931
14017 14054
14034 14084
14017 13932
14100 14009
13961 13944
14077 13981
13946 14101
14039 14075
14103 14072
14019 13977
13966 14052
13970 14071
13992 14003
14070 14064
14018 14102
13952 14101
14099 14105
13911 13994
14009 13964
12068 12057
12096 11960
12006 12149
12145 12073
12134 11996
12092 12114
11980 11990
12067 11976
12083 11984
12038 12001
12098 11996
12057 12084
11958 12083
11972 12122
11977 12135
12053 12082
12063 12119
12003 12014
11993 12068
11997 11997
12120 11973
11961 12145
12127 12137
11976 12112
12042 11970
11964 12105
12116 12031
12134 12020
11977 11958
12098 11966
12015 12069
11992 11969
12075 12153
12118 12004
12056 12026
12049 12145
12016 12119
12122 11997
12114 11992
11994 12027
12098 12129
12130 12025
11989 12060
11985 12053
12001 11980
12055 12045
12145 12012
12033 12083
12145 12056
12030 12030
12067 11967
11986 11996
12124 12098
12145 12152
12056 12080
12050 12091
12012 11960
12010 12124
12098 11985
12046 12007
12089 11984
12146 12044
12018 12010
12119 12124
12150 12041
11990 12010
12101 12120
12047 11960
12042 12074
12057 12145
11954 12066
12034 12081
12135 11972
11972 12030
12069 12151
12058 12088
12136 12037
11966 11973
11957 12114
12145 11997
11975 12048
12069 11964
12081 11993
11976 11962
12114 12092
12147 11997
11980 12083
11994 11961
11966 12037
12105 12051
11965 11976
12002 12024
12114 11973
12114 12047
11962 12017
12067 12066
11958 12095
12093 12137
12021 12049
11985 12117
111 37
94 124
56 92
122 166
100 10
71 2
87 7
12 174
53 97
127 128
110 174
159 93
50 109
189 71
26 181
136 128
27 183
36 194
62 187
9 91
70 139
98 87
110 93
158 7
37 93
8 26
159 76
71 189
182 172
110 186
89 125
92 12
110 172
80 104
16 38
135 13
74 158
65 28
7 138
107 154
46 170
20 148
188 79
88 185
104 139
166 69
49 40
71 32
22 31
131 84
182 130
107 141
120 146
81 7
47 11
157 21
75 56
120 130
117 9
161 74
169 158
95 140
66 122
190 34
42 88
13 197
10 113
156 26
106 6
41 81
115 150
123 158
81 179
139 98
188 64
67 152
169 128
32 62
157 183
80 10
17 177
140 99
129 80
157 149
98 86
119 163
91 19
145 104
174 39
154 124
159 183
2 96
17 2
130 159
71 165
173 26
48 13
105 190
92 141
54 190
