# source: JorikJooken
# original path: jj_extract\knapsackProblemInstances-master\problemInstances\n_800_c_100000000_g_6_f_0.1_eps_0.0001_s_200\test.in
# optimal value: 97198776
# format: n capacity, then weight value
800 100000000
50010092 50010048
50010054 50010003
50010071 50010069
50010085 50010049
50010200 50010016
50010198 50010165
50010038 50010064
50010200 50010108
50010108 50010190
50010183 50010162
50010083 50010090
50010006 50010053
50010177 50010082
50010097 50010154
50010070 50010140
50010032 50010183
50010058 50010200
50010137 50010035
50010196 50010062
50010027 50010100
50010140 50010110
50010056 50010159
50010090 50010103
50010151 50010038
50010037 50010185
50010082 50010043
50010069 50010165
50010029 50010010
50010161 50010043
50010154 50010050
50010001 50010087
50010182 50010066
50010071 50010173
50010097 50010088
50010069 50010099
50010088 50010090
50010180 50010040
50010198 50010060
50010186 50010122
50010105 50010122
50010059 50010189
50010200 50010024
50010118 50010129
50010053 50010189
50010054 50010071
50010070 50010171
50010143 50010163
50010134 50010045
50010023 50010057
50010039 50010118
50010100 50010032
50010091 50010061
50010068 50010169
50010126 50010030
50010193 50010060
50010098 50010028
50010121 50010012
50010042 50010194
50010090 50010052
50010056 50010050
50010094 50010183
50010003 50010009
50010141 50010069
50010181 50010171
50010186 50010159
50010003 50010002
50010024 50010053
50010064 50010109
50010185 50010200
50010184 50010037
50010089 50010116
50010053 50010023
50010094 50010179
50010034 50010129
50010190 50010191
50010192 50010030
50010078 50010027
50010038 50010035
50010179 50010066
50010057 50010098
50010069 50010104
50010042 50010009
50010192 50010043
50010060 50010033
50010154 50010048
50010025 50010041
50010015 50010011
50010077 50010022
50010100 50010181
50010161 50010176
50010079 50010165
50010043 50010066
50010016 50010053
50010004 50010184
50010181 50010197
50010187 50010122
50010121 50010002
50010185 50010019
50010029 50010041
50010187 50010082
50010053 50010166
50010171 50010186
50010185 50010171
50010108 50010092
50010158 50010031
50010068 50010039
50010029 50010009
50010085 50010060
50010068 50010117
50010173 50010150
50010080 50010012
50010038 50010069
50010123 50010124
50010155 50010182
50010003 50010059
50010091 50010181
50010041 50010142
50010193 50010096
50010055 50010109
50010026 50010157
50010002 50010034
50010001 50010069
50010020 50010147
50010096 50010198
50010137 50010109
50010122 50010018
50010182 50010132
50010156 50010152
50010035 50010197
50010154 50010106
50010099 50010176
50010118 50010064
50010164 50010134
50010085 50010069
50010177 50010045
50010109 50010083
50010027 50010081
50010018 50010030
50010144 50010175
50010112 50010102
50010085 50010175
50010095 50010166
50010131 50010029
50010028 50010179
25010113 25010101
25010008 25010123
25010200 25010186
25010121 25010141
25010055 25010171
25010013 25010164
25010031 25010109
25010157 25010068
25010164 25010176
25010182 25010119
25010076 25010012
25010021 25010123
25010200 25010067
25010027 25010184
25010184 25010170
25010019 25010181
25010051 25010124
25010168 25010098
25010148 25010081
25010019 25010097
25010189 25010121
25010027 25010128
25010073 25010011
25010028 25010085
25010123 25010008
25010141 25010127
25010111 25010076
25010055 25010069
25010007 25010173
25010040 25010014
25010044 25010097
25010099 25010157
25010023 25010090
25010070 25010082
25010184 25010120
25010032 25010036
25010041 25010045
25010029 25010179
25010171 25010111
25010175 25010094
25010195 25010155
25010146 25010110
25010050 25010088
25010023 25010084
25010094 25010196
25010147 25010109
25010063 25010184
25010199 25010165
25010038 25010074
25010158 25010145
25010090 25010145
25010160 25010031
25010005 25010143
25010028 25010057
25010116 25010109
25010184 25010056
25010178 25010055
25010016 25010064
25010089 25010064
25010185 25010070
25010099 25010161
25010134 25010130
25010160 25010100
25010185 25010096
25010110 25010147
25010061 25010065
25010065 25010170
25010099 25010130
25010030 25010138
25010067 25010173
25010124 25010115
25010198 25010078
25010114 25010054
25010042 25010056
25010154 25010117
25010060 25010037
25010146 25010138
25010003 25010188
25010190 25010039
25010071 25010051
25010140 25010071
25010104 25010123
25010035 25010186
25010103 25010077
25010062 25010024
25010129 25010176
25010097 25010008
25010179 25010082
25010077 25010140
25010114 25010086
25010162 25010157
25010055 25010159
25010114 25010159
25010013 25010025
25010194 25010035
25010128 25010131
25010157 25010051
25010180 25010065
25010047 25010158
25010073 25010107
25010181 25010087
25010166 25010068
25010033 25010149
25010016 25010066
25010184 25010125
25010157 25010084
25010116 25010089
25010090 25010177
25010052 25010007
25010149 25010152
25010189 25010004
25010043 25010183
25010186 25010080
25010129 25010156
25010096 25010051
25010126 25010169
25010162 25010065
25010174 25010173
25010010 25010087
25010090 25010070
25010115 25010014
25010098 25010009
25010083 25010126
25010021 25010159
25010159 25010096
25010123 25010170
25010024 25010007
25010066 25010010
25010113 25010039
25010192 25010035
25010030 25010012
25010106 25010071
25010194 25010070
25010106 25010105
25010147 25010122
25010158 25010185
25010046 25010186
25010108 25010144
25010078 25010091
25010045 25010021
25010116 25010199
25010088 25010177
25010112 25010063
25010015 25010078
12510024 12510100
12510116 12510012
12510005 12510126
12510052 12510099
12510006 12510030
12510030 12510110
12510131 12510196
12510031 12510040
12510176 12510175
12510139 12510100
12510005 12510018
12510131 12510031
12510106 12510093
12510037 12510039
12510035 12510103
12510014 12510043
12510002 12510077
12510166 12510081
12510085 12510097
12510112 12510171
12510088 12510068
12510150 12510035
12510192 12510007
12510106 12510059
12510128 12510112
12510178 12510019
12510121 12510010
12510014 12510074
12510068 12510120
12510062 12510072
12510013 12510189
12510102 12510121
12510044 12510042
12510160 12510172
12510153 12510007
12510189 12510156
12510027 12510067
12510086 12510025
12510110 12510168
12510048 12510134
12510102 12510125
12510192 12510171
12510197 12510044
12510098 12510145
12510086 12510197
12510104 12510125
12510080 12510099
12510169 12510138
12510136 12510104
12510079 12510010
12510127 12510035
12510161 12510097
12510009 12510023
12510055 12510007
12510013 12510107
12510078 12510016
12510154 12510141
12510167 12510080
12510106 12510073
12510024 12510091
12510005 12510106
12510094 12510109
12510004 12510048
12510129 12510182
12510053 12510175
12510176 12510194
12510008 12510141
12510015 12510194
12510102 12510036
12510168 12510037
12510058 12510053
12510073 12510156
12510121 12510032
12510194 12510174
12510071 12510181
12510129 12510130
12510076 12510064
12510062 12510160
12510140 12510057
12510042 12510127
12510050 12510011
12510041 12510022
12510078 12510146
12510064 12510062
12510015 12510005
12510161 12510011
12510196 12510116
12510011 12510180
12510105 12510010
12510088 12510186
12510027 12510026
12510116 12510023
12510119 12510157
12510082 12510077
12510143 12510007
12510071 12510186
12510135 12510145
12510103 12510149
12510139 12510123
12510193 12510069
12510138 12510197
12510081 12510174
12510006 12510088
12510080 12510080
12510088 12510094
12510136 12510140
12510024 12510173
12510036 12510054
12510109 12510195
12510045 12510125
12510104 12510058
12510122 12510086
12510170 12510013
12510050 12510026
12510089 12510092
12510125 12510077
12510164 12510175
12510062 12510016
12510163 12510097
12510189 12510038
12510035 12510137
12510185 12510103
12510194 12510138
12510036 12510027
12510106 12510177
12510067 12510035
12510176 12510133
12510162 12510155
12510118 12510194
12510107 12510167
12510138 12510162
12510126 12510106
12510099 12510003
12510059 12510030
12510008 12510122
12510158 12510106
12510069 12510183
12510005 12510031
12510079 12510164
12510026 12510105
12510118 12510026
12510042 12510055
12510152 12510124
12510071 12510084
6260131 6260001
6260173 6260070
6260176 6260016
6260062 6260014
6260078 6260145
6260144 6260026
6260145 6260126
6260080 6260190
6260109 6260123
6260121 6260134
6260143 6260198
6260030 6260010
6260112 6260107
6260098 6260147
6260116 6260041
6260097 6260156
6260007 6260107
6260176 6260111
6260088 6260156
6260108 6260089
6260146 6260152
6260005 6260151
6260143 6260172
6260165 6260048
6260001 6260110
6260157 6260028
6260158 6260078
6260168 6260127
6260040 6260119
6260033 6260156
6260027 6260034
6260089 6260158
6260058 6260025
6260154 6260127
6260117 6260077
6260072 6260117
6260049 6260140
6260083 6260082
6260076 6260181
6260116 6260109
6260171 6260049
6260075 6260036
6260196 6260019
6260081 6260197
6260180 6260009
6260119 6260173
6260019 6260061
6260025 6260015
6260040 6260067
6260163 6260028
6260049 6260071
6260140 6260109
6260162 6260022
6260012 6260150
6260199 6260097
6260136 6260185
6260134 6260073
6260112 6260008
6260064 6260105
6260196 6260117
6260005 6260043
6260021 6260012
6260120 6260155
6260044 6260172
6260171 6260137
6260062 6260189
6260058 6260072
6260002 6260039
6260176 6260047
6260164 6260076
6260015 6260117
6260112 6260043
6260153 6260092
6260015 6260051
6260149 6260025
6260009 6260074
6260077 6260130
6260061 6260153
6260038 6260180
6260136 6260072
6260062 6260065
6260145 6260063
6260190 6260025
6260147 6260031
6260014 6260171
6260081 6260173
6260104 6260053
6260196 6260035
6260176 6260010
6260016 6260129
6260130 6260171
6260032 6260107
6260144 6260106
6260178 6260113
6260021 6260097
6260112 6260178
6260085 6260175
6260053 6260063
6260128 6260190
6260101 6260161
6260029 6260103
6260146 6260133
6260160 6260135
6260053 6260052
6260126 6260158
6260090 6260183
6260112 6260167
6260003 6260149
6260182 6260061
6260095 6260156
6260116 6260057
6260071 6260052
6260173 6260113
6260096 6260139
6260065 6260171
6260177 6260043
6260088 6260196
6260182 6260024
6260113 6260101
6260180 6260183
6260120 6260120
6260054 6260158
6260017 6260025
6260144 6260034
6260162 6260069
6260166 6260024
6260064 6260182
6260130 6260117
6260130 6260036
6260048 6260199
6260102 6260102
6260043 6260187
6260170 6260107
6260116 6260198
6260071 6260126
6260153 6260023
6260156 6260167
6260092 6260167
6260066 6260120
6260067 6260177
6260028 6260063
6260144 6260084
6260137 6260149
6260132 6260115
3135147 3135052
3135092 3135191
3135195 3135095
3135199 3135074
3135095 3135022
3135019 3135040
3135011 3135025
3135178 3135008
3135124 3135167
3135051 3135029
3135087 3135064
3135024 3135173
3135018 3135003
3135166 3135167
3135197 3135089
3135113 3135104
3135131 3135185
3135045 3135028
3135115 3135178
3135067 3135196
3135029 3135194
3135091 3135072
3135187 3135159
3135159 3135012
3135010 3135188
3135018 3135038
3135159 3135151
3135090 3135168
3135029 3135088
3135057 3135060
3135125 3135025
3135019 3135102
3135145 3135054
3135143 3135094
3135104 3135152
3135076 3135005
3135065 3135166
3135135 3135136
3135038 3135059
3135022 3135102
3135173 3135176
3135161 3135050
3135154 3135017
3135150 3135092
3135191 3135040
3135195 3135110
3135031 3135129
3135199 3135125
3135187 3135017
3135094 3135035
3135083 3135063
3135144 3135196
3135176 3135066
3135066 3135135
3135163 3135024
3135132 3135192
3135067 3135053
3135105 3135144
3135057 3135127
3135017 3135121
3135039 3135113
3135134 3135051
3135154 3135117
3135089 3135089
3135045 3135042
3135137 3135199
3135182 3135157
3135107 3135043
3135102 3135199
3135054 3135154
3135183 3135012
3135130 3135137
3135012 3135015
3135126 3135154
3135198 3135170
3135016 3135112
3135120 3135137
3135118 3135180
3135156 3135107
3135120 3135080
3135009 3135131
3135123 3135154
3135025 3135161
3135162 3135135
3135196 3135028
3135107 3135018
3135059 3135131
3135056 3135182
3135200 3135192
3135163 3135060
3135042 3135012
3135192 3135025
3135186 3135107
3135047 3135172
3135197 3135028
3135119 3135009
3135075 3135119
3135024 3135169
3135036 3135099
3135105 3135041
3135009 3135028
3135093 3135106
3135048 3135065
3135077 3135002
3135106 3135112
3135088 3135031
3135061 3135131
3135095 3135085
3135072 3135115
3135167 3135127
3135129 3135045
3135001 3135003
3135033 3135166
3135161 3135027
3135132 3135064
3135104 3135069
3135172 3135085
3135150 3135086
3135033 3135197
3135050 3135035
3135197 3135157
3135166 3135165
3135195 3135010
3135161 3135085
3135145 3135172
3135038 3135114
3135199 3135132
3135011 3135111
3135064 3135170
3135025 3135110
3135153 3135006
3135078 3135144
3135074 3135148
3135196 3135079
3135143 3135004
3135098 3135112
3135039 3135062
3135159 3135146
3135015 3135160
3135074 3135174
3135122 3135157
3135132 3135134
3135079 3135170
3135075 3135169
21 82
172 2
161 74
121 56
27 3
155 158
78 175
174 192
86 157
41 109
17 153
195 172
54 52
141 42
126 15
111 144
113 36
19 194
39 146
142 193
139 49
29 169
50 184
8 7
160 198
195 197
132 53
111 89
192 31
54 20
149 183
9 120
113 192
71 186
55 150
47 151
51 44
104 23
29 26
171 83
120 120
154 74
61 12
145 148
65 151
189 99
15 151
108 191
55 119
15 187
175 101
88 163
62 160
143 24
46 149
152 114
178 136
43 117
43 8
174 145
34 136
48 5
158 14
80 185
39 67
79 131
169 161
134 141
184 166
135 14
38 148
78 85
144 101
178 12
200 12
184 21
68 9
198 81
14 6
105 58
