# source: JorikJooken
# original path: jj_extract\knapsackProblemInstances-master\problemInstances\n_400_c_1000000_g_14_f_0.3_eps_0.001_s_300\test.in
# optimal value: 1016894
# format: n capacity, then weight value
400 1000000
501186 501164
501143 501100
501163 501085
501239 501045
501144 501193
501197 501134
501279 501280
501192 501134
501277 501145
501269 501027
501145 501028
501098 501242
501046 501052
501127 501297
501174 501238
501232 501257
501253 501096
501027 501216
501200 501202
501019 501190
501193 501069
251289 251177
251079 251161
251126 251143
251034 251020
251161 251081
251039 251225
251021 251188
251008 251178
251183 251099
251266 251129
251149 251023
251068 251207
251023 251004
251082 251197
251082 251276
251139 251128
251010 251152
251089 251287
251049 251235
251175 251018
251076 251131
126287 126061
126160 126069
126227 126007
126165 126177
126143 126172
126179 126223
126064 126277
126177 126113
126287 126025
126267 126206
126208 126055
126091 126144
126007 126205
126186 126107
126148 126191
126274 126078
126036 126060
126285 126156
126068 126058
126022 126246
126162 126045
63516 63627
63623 63741
63666 63677
63627 63641
63742 63601
63758 63731
63514 63622
63795 63623
63571 63767
63621 63796
63682 63584
63747 63785
63613 63602
63760 63700
63698 63685
63557 63516
63719 63616
63613 63774
63548 63777
63756 63696
63745 63765
32442 32533
32313 32287
32404 32522
32321 32266
32350 32272
32333 32304
32489 32453
32302 32494
32482 32285
32490 32313
32404 32256
32349 32271
32376 32427
32303 32348
32483 32254
32514 32287
32403 32279
32495 32298
32379 32298
32499 32532
32477 32349
16680 16780
16673 16777
16895 16680
16722 16911
16734 16864
16855 16915
16744 16839
16730 16783
16691 16795
16681 16815
16644 16686
16792 16715
16816 16761
16630 16774
16717 16740
16704 16818
16759 16672
16724 16746
16709 16761
16831 16796
16722 16684
8821 9082
8974 8974
8912 9100
8885 9023
8875 8844
9003 9001
8873 8944
9108 9093
8827 9011
9031 8938
8845 8827
8969 8955
8952 8982
8905 8939
8908 8984
9016 8826
9005 9034
8989 8929
9105 8951
8888 9109
9075 8961
5174 4974
5078 5076
5057 5158
5093 5002
5180 4992
4926 5186
5004 5161
5113 5131
5067 4968
5031 5142
4962 5180
4953 5139
5157 4995
4966 5176
4956 4977
5042 5144
5109 5043
5011 5030
5061 5010
4953 5000
5123 5121
3119 3221
3154 3005
2990 3100
3136 3205
3028 3106
3087 3203
2984 3144
3197 3001
3124 3237
3099 3129
3117 2954
3150 3094
3251 3055
3007 3169
3104 3241
3231 3130
3179 2997
3039 3235
3208 3120
3075 3062
3138 3230
2115 2076
2070 2172
2075 2126
2250 2267
2267 2163
2205 2113
2148 2003
2071 2064
2134 2096
2169 2196
2095 2207
2246 2207
2195 2084
2163 2081
2199 2051
2130 2273
2199 1994
2274 2259
2269 2240
2027 2226
2205 2000
1579 1733
1565 1493
1655 1780
1710 1517
1720 1493
1565 1619
1524 1711
1653 1596
1783 1696
1733 1733
1772 1641
1704 1686
1584 1783
1585 1681
1584 1569
1741 1724
1524 1771
1603 1763
1712 1677
1596 1634
1505 1733
1444 1391
1264 1262
1293 1396
1521 1420
1366 1348
1514 1372
1350 1420
1319 1260
1332 1425
1417 1331
1328 1264
1396 1285
1486 1527
1439 1543
1340 1259
1529 1533
1500 1505
1356 1293
1352 1289
1267 1251
1303 1525
1140 1376
1256 1238
1188 1126
1288 1164
1359 1124
1146 1363
1128 1384
1135 1350
1331 1387
1376 1139
1138 1265
1261 1420
1206 1345
1225 1319
1334 1420
1362 1310
1401 1376
1253 1200
1221 1285
1332 1326
1148 1276
282 211
249 292
175 78
266 14
62 122
223 19
50 185
245 45
266 299
298 140
277 261
155 87
287 103
242 75
51 229
129 278
134 130
269 22
225 34
65 69
55 292
60 185
27 124
255 212
150 212
97 80
106 67
196 136
85 172
179 73
38 122
221 201
32 112
290 78
239 295
97 283
192 262
258 283
67 119
242 171
251 189
191 68
15 26
285 201
60 68
155 32
250 278
83 44
62 211
166 287
24 78
103 124
8 198
288 52
294 200
269 221
122 92
275 132
283 64
212 169
175 28
243 101
148 112
19 74
109 238
112 121
195 22
259 175
6 189
269 160
291 299
170 11
130 76
219 201
50 296
25 293
100 105
193 269
79 237
112 13
87 168
239 83
92 95
166 8
178 92
285 165
215 253
94 288
111 182
218 10
7 216
264 206
206 52
55 132
240 186
12 300
55 5
171 138
245 160
235 61
135 125
126 53
66 161
3 249
200 28
35 263
88 38
285 83
267 127
2 41
89 25
7 166
226 75
162 201
69 72
251 248
271 251
99 46
52 260
223 16
200 19
254 287
292 81
181 130
289 56
185 117
268 82
