# source: JorikJooken
# original path: jj_extract\knapsackProblemInstances-master\problemInstances\n_1200_c_1000000_g_10_f_0.2_eps_0.0001_s_300\test.in
# optimal value: 1031180
# format: n capacity, then weight value
1200 1000000
500241 500229
500142 500323
500306 500294
500103 500309
500317 500250
500314 500393
500147 500283
500285 500360
500367 500341
500252 500390
500256 500237
500152 500327
500226 500341
500338 500248
500165 500139
500151 500328
500241 500244
500220 500117
500321 500101
500309 500284
500136 500221
500374 500145
500358 500136
500148 500270
500226 500177
500167 500385
500192 500198
500293 500178
500290 500312
500221 500175
500245 500109
500204 500290
500367 500299
500394 500294
500271 500303
500312 500102
500368 500329
500374 500360
500194 500276
500346 500342
500288 500251
500238 500110
500311 500367
500264 500347
500332 500102
500298 500339
500261 500272
500165 500177
500397 500223
500388 500279
500216 500149
500392 500303
500384 500223
500229 500242
500130 500254
500320 500142
500215 500124
500143 500365
500291 500143
500151 500136
500152 500292
500204 500373
500194 500140
500392 500208
500183 500400
500150 500274
500270 500185
500149 500303
500220 500195
500323 500165
500203 500340
500277 500116
500321 500211
500304 500185
500175 500362
500158 500239
500282 500348
500232 500388
500320 500279
500301 500397
500368 500105
500240 500321
500174 500134
500196 500263
500154 500372
500171 500194
500340 500112
500124 500202
500109 500157
500205 500346
500272 500378
500400 500194
500226 500392
500390 500394
500380 500288
500309 500208
500383 500395
500386 500349
500325 500398
500206 500226
500319 500249
500391 500111
500308 500148
500261 500379
500176 500242
500142 500347
250269 250294
250111 250111
250123 250357
250221 250233
250159 250297
250254 250318
250232 250151
250192 250235
250236 250357
250104 250183
250138 250148
250147 250392
250217 250288
250301 250379
250275 250172
250290 250216
250290 250237
250370 250387
250229 250175
250135 250124
250111 250201
250199 250115
250372 250200
250315 250156
250349 250392
250234 250315
250244 250278
250181 250123
250295 250224
250212 250200
250161 250243
250264 250313
250363 250308
250263 250329
250211 250114
250386 250133
250120 250323
250224 250207
250211 250326
250329 250237
250391 250115
250126 250158
250190 250189
250193 250173
250354 250224
250377 250126
250223 250391
250339 250400
250107 250323
250241 250111
250185 250169
250383 250271
250135 250151
250181 250369
250305 250277
250400 250109
250212 250244
250116 250364
250105 250246
250350 250285
250315 250199
250271 250371
250205 250399
250395 250318
250310 250195
250218 250110
250372 250186
250146 250336
250395 250266
250196 250277
250333 250343
250308 250391
250155 250143
250373 250120
250142 250130
250299 250373
250338 250215
250383 250385
250343 250258
250354 250310
250119 250373
250220 250387
250365 250318
250327 250394
250196 250280
250283 250231
250270 250128
250292 250240
250207 250306
250311 250124
250119 250331
250297 250262
250114 250103
250352 250202
250189 250194
250382 250178
250173 250129
250303 250369
250387 250320
250228 250196
250242 250211
250334 250328
250379 250148
250284 250230
250260 250121
250195 250397
125299 125217
125114 125175
125238 125311
125260 125243
125140 125393
125317 125321
125314 125365
125382 125218
125164 125118
125141 125252
125297 125160
125107 125346
125301 125171
125257 125106
125349 125341
125123 125221
125299 125106
125200 125295
125377 125367
125340 125302
125129 125153
125214 125121
125160 125260
125109 125296
125372 125217
125305 125373
125140 125197
125229 125217
125337 125174
125307 125172
125399 125287
125116 125278
125140 125341
125312 125352
125174 125322
125331 125303
125332 125285
125173 125342
125322 125182
125265 125207
125332 125214
125285 125265
125367 125293
125122 125120
125270 125386
125348 125363
125174 125280
125189 125243
125314 125319
125121 125143
125290 125186
125151 125319
125236 125250
125222 125117
125150 125294
125293 125158
125152 125173
125131 125315
125301 125381
125188 125365
125265 125381
125374 125252
125213 125309
125129 125168
125107 125169
125165 125378
125209 125269
125356 125156
125120 125276
125142 125217
125308 125198
125221 125338
125399 125237
125185 125221
125143 125358
125154 125267
125220 125213
125250 125394
125332 125172
125109 125216
125332 125381
125178 125290
125281 125331
125311 125162
125178 125244
125319 125300
125109 125300
125146 125233
125319 125359
125248 125141
125348 125312
125297 125281
125394 125351
125212 125252
125358 125223
125233 125345
125282 125235
125305 125322
125362 125106
125228 125156
125143 125212
125302 125240
125346 125120
125347 125284
125242 125165
125280 125266
62849 62830
62665 62605
62790 62836
62882 62688
62893 62878
62746 62825
62648 62741
62715 62747
62747 62673
62798 62660
62735 62644
62667 62724
62893 62809
62746 62660
62732 62760
62777 62805
62841 62746
62804 62783
62764 62731
62698 62792
62861 62848
62855 62640
62740 62796
62742 62682
62745 62829
62883 62755
62623 62719
62700 62624
62794 62615
62756 62634
62855 62641
62885 62713
62844 62774
62643 62866
62641 62635
62872 62833
62784 62836
62746 62779
62839 62776
62864 62742
62879 62886
62745 62679
62632 62666
62790 62755
62692 62699
62691 62822
62798 62821
62777 62615
62859 62663
62877 62715
62660 62715
62634 62660
62725 62605
62827 62663
62747 62673
62727 62705
62604 62887
62620 62833
62837 62703
62715 62761
62728 62863
62736 62797
62770 62821
62611 62819
62621 62672
62794 62626
62826 62727
62673 62789
62658 62860
62766 62675
62814 62737
62804 62872
62883 62836
62845 62756
62739 62769
62604 62857
62747 62809
62766 62713
62787 62817
62888 62723
62702 62751
62602 62660
62832 62854
62617 62726
62749 62674
62826 62603
62734 62713
62757 62738
62858 62834
62837 62766
62667 62710
62893 62737
62731 62778
62790 62662
62725 62726
62741 62831
62604 62830
62768 62631
62689 62693
62768 62634
62712 62825
62814 62886
62876 62685
62862 62677
62813 62745
62836 62783
31351 31638
31572 31580
31369 31428
31513 31444
31432 31517
31644 31583
31505 31612
31410 31510
31629 31420
31623 31616
31532 31569
31412 31520
31476 31635
31357 31639
31393 31425
31359 31419
31606 31356
31361 31495
31522 31396
31629 31535
31640 31532
31584 31514
31385 31405
31376 31640
31505 31425
31518 31630
31588 31610
31613 31558
31584 31644
31433 31522
31395 31552
31553 31588
31448 31626
31357 31454
31371 31505
31390 31588
31520 31410
31435 31603
31465 31648
31638 31589
31572 31636
31632 31639
31395 31620
31616 31629
31421 31612
31574 31576
31630 31609
31414 31450
31396 31639
31467 31597
31518 31646
31452 31385
31480 31524
31634 31577
31600 31526
31475 31573
31619 31633
31642 31626
31562 31433
31395 31577
31434 31420
31516 31549
31531 31424
31638 31568
31475 31641
31556 31379
31610 31512
31482 31480
31573 31544
31637 31437
31404 31603
31593 31621
31635 31512
31427 31596
31433 31415
31571 31357
31606 31522
31630 31359
31401 31632
31449 31577
31555 31629
31425 31440
31479 31459
31481 31421
31597 31624
31546 31540
31579 31566
31560 31617
31459 31428
31559 31538
31632 31414
31448 31511
31496 31400
31366 31603
31425 31489
31464 31355
31376 31551
31612 31583
31635 31424
31570 31394
31378 31506
31548 31477
31378 31544
31402 31453
31580 31524
31426 31450
15925 15804
15923 15783
15790 15764
15985 15841
15782 15727
15812 16009
15897 15995
15759 15928
15760 15959
15954 15794
15838 15922
15744 15806
15983 15818
15855 15816
15759 15957
15801 15993
15797 15933
15839 15818
15796 15919
15931 15811
15822 16002
15750 16013
15994 15906
16012 15796
15757 15879
15767 15745
15748 15755
15788 15991
15972 16018
15835 15763
15818 15772
16025 15870
15746 15767
15924 15759
15896 15958
15782 15772
15817 15773
15813 15946
15798 15934
15835 15879
15937 15907
15958 16023
15910 15919
15746 15881
15826 15958
15937 15795
15941 15856
16021 15808
15786 15858
15923 15789
15742 15825
15894 15981
15909 15824
15753 16013
15753 15826
15783 15938
15766 15878
15824 15797
15861 15877
15946 16023
15946 15895
16014 15788
15918 15944
15728 15805
15788 16018
15904 15735
16013 15884
15887 15754
15855 15784
15945 15770
15756 15845
16008 15904
15772 15866
15924 15776
15987 15764
15732 15753
15833 15929
15839 15973
15780 16012
15872 15928
15792 15972
15981 15797
15970 15779
15999 15769
15899 15764
15981 15916
15955 15938
15913 15774
16019 15845
15931 15894
15949 15994
15847 15735
15815 15931
16001 15893
15914 15924
15784 15898
15941 15935
16018 15970
15993 15869
15738 15880
15753 15971
15848 15989
15846 15772
15741 15902
15753 15945
15845 15975
8189 8174
7970 8167
7929 8177
8094 8201
8144 8002
8014 8076
8162 7960
7991 8127
7915 8201
7971 7958
8014 8199
7925 8121
8023 8071
8160 8003
8114 7929
8182 7979
7946 8051
8125 7961
8153 8083
8204 8141
8194 7962
8212 8059
7986 7939
8129 8056
8032 8017
7913 8060
8159 8120
8093 7955
7965 8158
7945 8096
7994 8108
8084 7942
8170 8182
7946 8154
8175 8130
8104 8115
8071 8194
8206 8097
8194 8151
8200 8136
8044 8098
7992 8098
8024 8192
7977 8127
8211 7948
8007 7962
8042 8171
7931 7962
8110 8102
8210 8067
8023 8015
8197 7920
8014 7935
8194 8079
8134 7964
8065 7952
7992 8143
7975 8210
8091 8038
8168 7924
8072 8198
7955 8186
7974 8113
8096 7979
7984 8021
8130 8155
8091 7995
8073 8163
8175 8032
8048 8134
8102 8024
8201 8194
7959 7954
8062 8100
8092 8094
8119 8002
8000 7975
8209 8051
7944 8199
8177 8074
7919 8164
8084 8160
7964 7941
8169 8175
7993 8084
7981 8104
8140 8150
8125 8188
7949 7973
8037 7956
8174 8113
7947 7953
8029 8169
8139 8182
8075 7959
8175 8194
8190 7916
8149 8061
8091 8081
7931 8200
8146 8194
8022 8059
8180 8065
7915 7916
7961 7995
7916 7981
4224 4246
4230 4066
4158 4239
4221 4257
4291 4091
4303 4223
4136 4201
4023 4107
4022 4302
4125 4077
4112 4063
4118 4126
4057 4293
4165 4087
4207 4208
4145 4304
4306 4100
4051 4286
4031 4149
4269 4205
4264 4260
4182 4025
4239 4119
4141 4037
4252 4054
4152 4278
4176 4012
4217 4027
4051 4114
4155 4306
4124 4092
4094 4258
4275 4298
4248 4102
4207 4282
4095 4290
4287 4172
4298 4158
4100 4258
4110 4055
4101 4114
4265 4185
4022 4085
4234 4297
4246 4244
4251 4142
4260 4199
4286 4156
4032 4007
4031 4228
4278 4045
4198 4190
4149 4059
4231 4105
4095 4138
4142 4053
4057 4042
4192 4122
4130 4139
4073 4205
4144 4190
4130 4086
4068 4145
4236 4096
4113 4275
4049 4070
4191 4281
4072 4206
4056 4014
4008 4279
4248 4187
4078 4190
4014 4043
4151 4107
4253 4148
4240 4294
4161 4149
4090 4035
4093 4116
4226 4192
4085 4019
4210 4123
4155 4253
4203 4112
4231 4047
4299 4061
4092 4101
4184 4306
4052 4122
4090 4181
4188 4280
4252 4206
4168 4009
4250 4149
4139 4186
4121 4167
4057 4128
4199 4197
4176 4074
4029 4130
4141 4049
4213 4252
4034 4161
4129 4285
4226 4182
4018 4112
2352 2070
2188 2114
2203 2116
2185 2096
2170 2156
2238 2219
2323 2309
2345 2253
2085 2083
2097 2133
2250 2088
2082 2148
2054 2330
2170 2266
2218 2112
2290 2068
2339 2327
2281 2106
2226 2239
2277 2204
2348 2253
2119 2206
2225 2100
2285 2133
2139 2215
2159 2134
2163 2135
2341 2317
2193 2303
2261 2152
2154 2129
2186 2184
2240 2185
2296 2148
2221 2235
2069 2260
2320 2275
2082 2140
2070 2071
2289 2312
2316 2181
2146 2274
2082 2341
2214 2177
2221 2080
2257 2342
2123 2268
2082 2162
2129 2187
2199 2074
2179 2108
2155 2350
2192 2278
2304 2101
2255 2171
2240 2080
2247 2158
2059 2097
2061 2109
2244 2306
2165 2154
2158 2262
2066 2113
2266 2128
2293 2133
2346 2057
2284 2221
2243 2197
2244 2182
2082 2304
2329 2305
2305 2346
2177 2134
2295 2132
2205 2247
2142 2064
2287 2192
2061 2215
2181 2249
2347 2098
2169 2213
2273 2065
2316 2257
2303 2218
2248 2295
2100 2137
2298 2341
2314 2313
2141 2198
2277 2128
2198 2263
2172 2286
2299 2163
2113 2236
2266 2288
2135 2205
2145 2155
2078 2066
2058 2191
2138 2093
2194 2163
2274 2104
2293 2181
2342 2115
2196 2193
2098 2174
246 89
115 288
117 150
206 66
180 289
184 16
147 90
33 7
69 26
73 155
285 124
12 281
276 237
116 56
238 18
43 220
271 284
282 163
164 50
14 255
255 33
66 203
76 148
197 46
158 43
183 185
91 243
13 117
151 130
97 22
197 75
181 265
84 215
4 205
10 258
9 140
14 161
179 19
181 78
91 102
210 268
233 74
269 76
31 143
208 112
65 169
142 250
104 135
42 45
197 204
112 37
41 29
26 142
58 40
102 122
276 117
3 179
35 210
2 70
278 178
293 209
246 211
5 132
268 122
206 90
55 280
9 152
280 253
56 108
50 134
160 189
89 165
233 207
94 118
182 80
179 60
268 250
150 203
211 232
31 198
180 133
36 83
233 110
160 215
61 300
199 8
57 71
290 213
299 156
98 164
228 121
214 243
265 164
118 185
134 121
263 94
82 196
206 157
252 193
115 103
238 200
29 72
71 274
18 192
48 298
191 257
262 95
94 20
73 122
186 56
217 219
125 204
249 222
186 237
200 97
164 243
215 83
102 269
234 288
145 293
253 199
182 266
282 151
181 251
248 154
192 43
292 289
168 133
242 217
190 72
254 98
138 78
137 257
230 169
294 178
80 243
32 47
132 111
261 16
248 218
1 230
187 121
213 15
79 26
124 102
177 150
40 223
85 55
293 20
25 160
31 158
156 113
103 154
37 176
83 253
197 133
293 87
221 40
117 269
299 101
137 37
91 185
254 45
63 251
273 48
18 65
233 77
166 92
130 56
259 60
66 233
62 14
286 19
6 206
120 132
267 117
256 96
95 222
141 211
3 166
51 118
112 62
146 135
261 30
174 100
97 141
263 122
76 94
82 96
261 188
299 101
250 144
263 69
145 182
251 298
228 252
159 93
197 145
208 198
116 101
125 158
106 166
295 57
211 31
136 251
217 248
236 287
121 148
288 211
22 208
8 212
202 258
215 126
92 4
236 258
27 218
15 147
119 39
243 85
219 35
96 224
92 201
116 9
213 151
82 295
202 201
175 113
178 13
247 33
270 2
143 189
64 194
281 280
229 159
82 238
211 100
81 241
231 251
198 173
105 231
9 189
212 290
182 199
145 9
70 274
96 257
