# source: JorikJooken
# original path: jj_extract\knapsackProblemInstances-master\problemInstances\n_1200_c_100000000_g_2_f_0.3_eps_1e-05_s_300\test.in
# optimal value: 50053612
# format: n capacity, then weight value
1200 100000000
50001286 50001256
50001130 50001111
50001020 50001128
50001132 50001272
50001093 50001240
50001111 50001230
50001238 50001097
50001062 50001069
50001027 50001244
50001120 50001065
50001144 50001147
50001060 50001100
50001161 50001014
50001129 50001124
50001159 50001278
50001103 50001269
50001029 50001144
50001053 50001251
50001066 50001086
50001077 50001015
50001152 50001288
50001205 50001075
50001245 50001018
50001040 50001283
50001045 50001061
50001146 50001152
50001267 50001113
50001004 50001067
50001289 50001226
50001257 50001061
50001018 50001110
50001262 50001007
50001141 50001150
50001194 50001283
50001091 50001190
50001053 50001064
50001119 50001219
50001191 50001197
50001062 50001116
50001049 50001093
50001217 50001224
50001028 50001288
50001119 50001090
50001037 50001122
50001104 50001235
50001129 50001097
50001277 50001132
50001167 50001141
50001068 50001077
50001250 50001295
50001089 50001149
50001198 50001184
50001255 50001201
50001039 50001150
50001239 50001037
50001006 50001022
50001153 50001047
50001277 50001206
50001005 50001255
50001140 50001095
50001191 50001120
50001106 50001164
50001020 50001291
50001123 50001095
50001246 50001218
50001193 50001105
50001221 50001293
50001069 50001074
50001094 50001058
50001018 50001033
50001006 50001123
50001156 50001263
50001111 50001091
50001260 50001119
50001001 50001270
50001296 50001255
50001287 50001080
50001264 50001108
50001142 50001038
50001128 50001187
50001169 50001231
50001295 50001023
50001115 50001009
50001287 50001118
50001290 50001246
50001229 50001174
50001065 50001095
50001228 50001109
50001123 50001175
50001221 50001218
50001038 50001199
50001119 50001148
50001014 50001016
50001293 50001107
50001016 50001290
50001163 50001093
50001050 50001264
50001167 50001174
50001138 50001220
50001096 50001080
50001229 50001298
50001110 50001016
50001290 50001103
50001278 50001091
50001105 50001109
50001227 50001165
50001250 50001206
50001286 50001084
50001181 50001124
50001129 50001031
50001000 50001025
50001047 50001086
50001163 50001207
50001010 50001239
50001140 50001141
50001229 50001097
50001201 50001212
50001262 50001062
50001051 50001232
50001106 50001009
50001023 50001185
50001178 50001092
50001091 50001167
50001165 50001197
50001137 50001195
50001281 50001245
50001150 50001216
50001075 50001291
50001152 50001294
50001265 50001039
50001035 50001228
50001256 50001139
50001072 50001029
50001082 50001297
50001261 50001066
50001230 50001242
50001184 50001020
50001097 50001249
50001231 50001214
50001070 50001175
50001193 50001020
50001218 50001209
50001119 50001263
50001023 50001137
50001166 50001030
50001175 50001042
50001117 50001217
50001282 50001131
50001202 50001078
50001177 50001278
50001266 50001067
50001237 50001212
50001185 50001037
50001103 50001075
50001002 50001049
50001165 50001159
50001056 50001019
50001147 50001149
50001117 50001161
50001269 50001201
50001055 50001051
50001103 50001068
50001085 50001284
50001296 50001196
50001115 50001009
50001064 50001172
50001132 50001192
50001242 50001231
50001256 50001209
50001298 50001021
50001249 50001118
50001167 50001187
50001123 50001287
50001220 50001060
50001129 50001014
50001132 50001186
50001281 50001273
50001204 50001144
50001224 50001281
50001135 50001134
50001016 50001021
50001159 50001214
50001169 50001172
50001189 50001175
50001259 50001275
50001151 50001010
50001164 50001052
50001225 50001207
50001287 50001041
50001160 50001105
50001167 50001238
50001298 50001003
50001207 50001021
50001112 50001073
50001161 50001198
50001278 50001260
50001228 50001221
50001214 50001071
50001206 50001073
50001101 50001221
50001060 50001218
50001281 50001161
50001097 50001212
50001071 50001124
50001219 50001267
50001103 50001039
50001017 50001268
50001168 50001073
50001210 50001146
50001091 50001244
50001054 50001169
50001299 50001235
50001096 50001293
50001280 50001242
50001059 50001008
50001135 50001240
50001246 50001127
50001070 50001178
50001104 50001266
50001211 50001187
50001015 50001273
50001218 50001233
50001213 50001045
50001049 50001012
50001181 50001182
50001287 50001116
50001092 50001210
50001250 50001037
50001227 50001073
50001273 50001207
50001253 50001103
50001053 50001196
50001256 50001196
50001172 50001139
50001073 50001226
50001188 50001018
50001005 50001228
50001090 50001083
50001133 50001158
50001281 50001050
50001152 50001067
50001228 50001252
50001289 50001215
50001011 50001135
50001190 50001032
50001080 50001009
50001142 50001276
50001154 50001212
50001219 50001092
50001257 50001044
50001253 50001030
50001282 50001071
50001019 50001296
50001216 50001157
50001104 50001186
50001190 50001017
50001100 50001155
50001271 50001275
50001132 50001257
50001179 50001232
50001052 50001045
50001203 50001056
50001068 50001096
50001238 50001230
50001299 50001163
50001014 50001128
50001033 50001000
50001074 50001092
50001190 50001160
50001005 50001234
50001289 50001250
50001041 50001031
50001079 50001078
50001223 50001154
50001097 50001066
50001099 50001263
50001002 50001014
50001127 50001190
50001236 50001154
50001110 50001163
50001153 50001005
50001148 50001052
50001134 50001085
50001098 50001099
50001181 50001204
50001083 50001203
50001189 50001072
50001041 50001115
50001059 50001231
50001044 50001148
50001014 50001089
50001159 50001110
50001255 50001249
50001100 50001197
50001256 50001188
50001092 50001225
50001091 50001021
50001215 50001140
50001051 50001081
50001277 50001002
50001210 50001034
50001123 50001062
50001095 50001173
50001223 50001004
50001145 50001050
50001208 50001143
50001134 50001145
50001168 50001102
50001051 50001084
50001199 50001205
50001104 50001105
50001166 50001035
50001097 50001125
50001139 50001065
50001103 50001225
50001222 50001276
50001141 50001168
50001047 50001292
50001006 50001059
50001060 50001122
50001061 50001120
50001087 50001191
50001272 50001041
50001136 50001124
50001112 50001064
50001127 50001176
50001069 50001061
50001267 50001178
50001044 50001025
50001000 50001109
50001064 50001205
50001257 50001011
50001049 50001051
50001060 50001155
50001220 50001016
50001063 50001074
50001047 50001120
50001069 50001245
50001109 50001249
50001121 50001128
50001176 50001168
50001010 50001105
50001160 50001216
50001293 50001143
50001178 50001212
50001130 50001026
50001108 50001044
50001163 50001290
50001157 50001179
50001125 50001173
50001230 50001228
50001026 50001020
50001190 50001289
50001114 50001065
50001207 50001055
50001199 50001191
50001190 50001035
50001138 50001135
50001030 50001143
50001050 50001174
50001206 50001011
50001278 50001121
50001003 50001104
50001248 50001123
50001289 50001288
50001139 50001194
50001041 50001168
50001216 50001139
50001288 50001141
50001232 50001065
50001089 50001123
50001263 50001258
50001134 50001072
50001298 50001107
50001124 50001260
50001040 50001035
50001122 50001231
50001207 50001232
50001154 50001205
50001113 50001052
50001164 50001130
50001262 50001140
50001135 50001051
50001259 50001197
50001170 50001248
50001065 50001013
50001122 50001200
50001119 50001284
50001229 50001093
50001141 50001016
50001092 50001270
50001108 50001057
50001204 50001085
50001244 50001093
50001172 50001291
50001268 50001037
50001150 50001201
50001132 50001076
50001297 50001220
50001285 50001284
50001104 50001121
50001228 50001255
50001181 50001250
50001135 50001250
50001064 50001126
50001103 50001078
50001204 50001089
50001069 50001223
50001053 50001014
50001013 50001232
50001216 50001179
50001154 50001104
50001108 50001129
50001259 50001229
50001256 50001195
50001239 50001146
50001156 50001044
50001025 50001246
50001123 50001135
50001026 50001276
50001288 50001029
50001153 50001228
50001198 50001201
50001022 50001187
50001050 50001076
50001198 50001018
50001067 50001026
50001262 50001254
50001050 50001289
50001067 50001276
50001214 50001100
50001226 50001067
50001170 50001033
50001249 50001218
50001186 50001170
50001106 50001193
50001149 50001262
50001186 50001277
50001279 50001124
50001102 50001063
50001208 50001231
50001049 50001238
50001098 50001001
50001079 50001046
50001222 50001238
50001254 50001217
50001260 50001042
50001026 50001048
50001163 50001055
50001241 50001284
50001172 50001041
50001288 50001127
50001043 50001039
50001232 50001171
50001283 50001035
50001004 50001076
50001070 50001193
50001121 50001071
50001133 50001276
50001250 50001238
50001198 50001259
50001174 50001260
50001097 50001142
50001009 50001048
50001183 50001035
50001107 50001050
50001185 50001183
50001167 50001235
50001228 50001006
50001038 50001109
50001161 50001043
50001001 50001223
50001210 50001132
50001178 50001213
50001038 50001086
50001016 50001293
50001249 50001156
50001194 50001086
50001283 50001277
50001000 50001163
50001126 50001021
50001148 50001113
50001276 50001158
50001001 50001005
50001282 50001145
50001080 50001184
50001097 50001069
50001010 50001236
50001281 50001157
50001246 50001178
50001071 50001043
50001018 50001010
50001013 50001151
50001069 50001158
50001173 50001267
50001125 50001139
50001241 50001125
50001142 50001251
50001193 50001022
50001268 50001014
50001113 50001019
50001233 50001257
50001084 50001022
50001277 50001103
50001187 50001270
50001103 50001249
50001236 50001133
50001029 50001203
50001256 50001177
50001057 50001171
50001208 50001128
50001020 50001004
50001156 50001289
50001059 50001149
50001089 50001114
50001094 50001122
50001219 50001104
50001080 50001111
50001045 50001023
50001148 50001215
50001218 50001131
50001124 50001141
50001089 50001256
50001114 50001056
50001182 50001291
50001260 50001114
50001259 50001141
50001221 50001198
50001084 50001157
50001188 50001293
50001221 50001202
50001266 50001286
50001021 50001023
50001038 50001280
50001192 50001098
50001196 50001259
50001264 50001113
50001237 50001184
50001243 50001145
50001060 50001115
50001052 50001052
50001285 50001043
50001264 50001036
50001250 50001251
50001071 50001035
50001081 50001161
50001070 50001240
50001144 50001184
50001048 50001092
50001221 50001147
50001111 50001018
50001201 50001028
50001138 50001022
50001168 50001177
50001141 50001185
50001098 50001246
50001044 50001107
50001229 50001195
50001138 50001277
50001168 50001082
50001207 50001294
50001036 50001290
50001258 50001234
50001136 50001222
50001037 50001008
50001191 50001033
50001140 50001051
50001180 50001129
50001219 50001141
50001195 50001189
50001299 50001200
50001066 50001112
50001146 50001185
50001066 50001288
50001067 50001182
50001028 50001018
50001199 50001071
50001200 50001219
50001239 50001031
50001124 50001171
50001073 50001089
50001010 50001182
50001155 50001259
50001120 50001047
50001236 50001245
50001142 50001141
50001262 50001147
50001049 50001046
50001077 50001054
50001069 50001235
50001153 50001092
50001248 50001263
50001105 50001214
50001170 50001180
50001244 50001074
50001206 50001242
50001016 50001259
50001099 50001289
50001286 50001207
50001013 50001231
50001227 50001281
50001274 50001239
50001106 50001288
50001128 50001084
50001239 50001110
50001292 50001208
50001237 50001045
50001182 50001014
50001049 50001025
50001265 50001018
50001174 50001108
50001187 50001212
50001279 50001192
50001270 50001246
50001218 50001033
50001197 50001198
50001016 50001046
50001218 50001119
50001119 50001058
50001056 50001204
50001198 50001105
50001164 50001155
50001042 50001240
50001209 50001029
50001125 50001052
50001249 50001283
50001246 50001209
50001062 50001279
50001011 50001110
50001021 50001038
50001103 50001275
50001245 50001258
50001147 50001026
50001266 50001102
50001253 50001220
50001062 50001125
50001111 50001215
50001245 50001199
50001151 50001226
50001065 50001025
50001273 50001064
50001090 50001235
50001063 50001118
50001234 50001125
50001260 50001050
50001087 50001201
50001194 50001127
50001094 50001086
50001182 50001207
50001070 50001065
50001142 50001116
50001246 50001093
50001132 50001019
50001229 50001126
50001242 50001086
50001280 50001297
50001257 50001057
50001253 50001243
50001117 50001179
50001146 50001158
50001114 50001053
50001138 50001243
50001191 50001242
50001134 50001099
50001162 50001010
50001086 50001095
50001236 50001205
50001130 50001125
50001185 50001039
50001275 50001181
50001286 50001020
50001218 50001175
50001000 50001283
50001035 50001136
50001269 50001153
50001053 50001184
50001106 50001269
50001053 50001240
50001216 50001223
50001092 50001207
50001159 50001196
50001047 50001278
50001147 50001123
50001200 50001214
50001294 50001148
50001086 50001145
50001138 50001263
50001075 50001120
50001031 50001298
50001042 50001034
50001263 50001047
50001209 50001294
50001050 50001155
50001222 50001107
50001096 50001076
50001115 50001039
50001110 50001150
50001166 50001229
50001045 50001082
50001139 50001169
50001197 50001178
50001102 50001205
50001207 50001212
50001172 50001197
50001007 50001139
50001078 50001172
50001140 50001202
50001222 50001056
50001112 50001264
50001294 50001075
50001196 50001235
50001105 50001028
50001220 50001102
50001047 50001140
50001136 50001204
50001099 50001293
50001247 50001184
50001187 50001008
50001227 50001284
50001254 50001287
50001248 50001123
50001181 50001030
50001297 50001285
50001242 50001113
50001205 50001188
50001173 50001263
50001018 50001085
50001053 50001033
50001227 50001141
50001240 50001131
50001167 50001077
50001002 50001088
50001130 50001040
50001233 50001156
50001113 50001151
50001083 50001228
50001027 50001130
50001147 50001276
50001174 50001058
50001172 50001039
50001239 50001275
50001257 50001164
50001173 50001280
50001067 50001194
50001201 50001035
50001017 50001150
50001168 50001234
50001277 50001065
50001233 50001025
50001248 50001210
50001188 50001049
50001093 50001162
50001083 50001147
50001151 50001070
50001098 50001245
50001041 50001187
50001212 50001017
50001032 50001141
50001278 50001190
50001117 50001262
50001178 50001133
50001165 50001000
50001142 50001047
50001246 50001147
50001093 50001090
50001050 50001119
50001214 50001145
50001285 50001038
50001183 50001235
50001264 50001157
50001261 50001280
50001207 50001293
50001009 50001271
50001173 50001153
50001057 50001258
50001237 50001285
50001163 50001231
50001097 50001146
50001005 50001173
50001151 50001040
50001101 50001102
50001167 50001028
50001296 50001071
50001133 50001020
50001113 50001015
50001298 50001100
50001253 50001277
50001180 50001007
50001070 50001020
50001178 50001082
50001263 50001149
50001293 50001276
50001186 50001055
50001209 50001183
50001017 50001218
50001264 50001200
50001132 50001060
50001127 50001298
50001105 50001018
50001288 50001018
50001025 50001272
50001158 50001272
50001023 50001039
50001095 50001216
50001241 50001132
50001211 50001253
50001201 50001101
50001030 50001126
50001169 50001158
50001056 50001121
50001122 50001040
50001075 50001246
50001090 50001089
50001190 50001089
50001187 50001296
50001088 50001141
50001114 50001185
50001244 50001021
50001034 50001232
50001084 50001219
50001104 50001134
50001209 50001195
50001213 50001073
50001270 50001065
50001068 50001038
50001074 50001292
50001079 50001257
50001089 50001285
50001023 50001255
50001230 50001083
50001240 50001019
50001052 50001044
50001069 50001227
50001196 50001047
50001152 50001171
50001150 50001155
50001123 50001134
50001095 50001104
50001138 50001272
50001122 50001086
46 287
52 19
112 264
299 197
95 98
192 96
173 239
48 75
208 40
210 110
3 123
148 81
51 218
115 41
102 299
65 207
261 155
169 88
166 19
214 75
15 182
292 108
246 124
2 217
83 220
57 99
105 111
176 57
239 268
266 4
34 101
123 182
165 108
279 135
154 96
260 256
30 218
267 220
5 62
109 241
42 193
245 203
272 179
206 177
91 116
274 54
233 33
181 92
132 268
115 125
177 272
296 270
269 222
80 170
35 94
26 86
173 142
12 152
106 219
212 219
149 42
113 17
291 143
216 244
116 197
278 102
94 33
218 243
269 30
277 55
81 279
238 2
172 252
49 202
279 218
192 45
31 171
199 131
237 249
190 232
216 262
32 285
65 88
58 232
52 27
70 211
42 39
135 208
232 265
247 295
7 267
166 75
245 109
285 228
175 77
74 276
112 191
117 166
62 101
161 255
84 231
229 217
272 251
150 130
240 253
125 1
4 125
187 229
251 52
114 66
187 174
221 121
46 58
15 143
254 66
169 266
124 120
19 122
239 285
258 170
92 140
84 14
279 72
106 204
203 191
68 277
237 239
66 48
226 183
294 32
221 12
292 57
299 79
150 267
182 243
200 293
132 110
15 200
201 176
165 82
166 103
82 269
263 40
253 25
270 258
46 13
169 253
260 256
157 173
141 134
264 178
5 141
219 286
265 139
226 186
272 201
185 110
279 88
201 28
221 55
230 130
256 93
22 70
206 141
90 82
236 18
153 193
107 51
171 169
118 285
44 29
134 243
86 215
61 78
95 193
121 249
22 21
63 200
71 119
201 156
236 262
15 44
224 59
153 111
222 108
48 287
43 250
156 24
194 167
134 250
95 23
171 76
226 257
295 179
199 48
105 89
106 171
161 227
28 234
131 206
109 20
47 9
50 199
2 145
117 87
75 226
250 98
33 128
171 64
270 89
207 163
26 10
10 63
120 161
228 219
237 81
239 284
224 105
248 236
135 102
222 293
128 206
12 27
121 199
208 138
146 83
2 121
21 195
259 122
23 274
209 91
162 263
262 263
33 227
217 63
272 31
114 30
89 41
121 18
155 171
61 172
283 290
210 174
278 209
218 158
138 14
50 230
234 110
224 240
149 21
215 6
22 269
30 249
212 234
186 10
111 28
17 255
207 54
39 48
89 162
56 90
185 276
226 100
7 86
170 43
23 166
292 5
40 39
202 254
223 132
182 172
187 191
248 215
292 166
207 57
272 70
296 247
113 119
31 210
167 130
291 183
224 91
85 137
221 7
184 34
151 173
269 57
30 75
264 80
173 249
164 154
58 133
61 77
194 123
97 12
29 286
285 174
156 83
280 290
210 200
88 258
22 37
258 79
177 173
238 20
213 212
110 12
103 12
87 50
191 46
219 61
230 199
77 196
255 260
131 6
179 249
93 63
125 194
111 152
27 7
47 186
244 57
147 83
38 78
212 237
126 251
166 203
158 238
214 93
237 99
291 192
117 91
246 28
112 102
192 279
66 236
67 147
183 99
101 153
251 145
38 212
32 51
116 79
38 262
9 23
252 130
153 211
83 70
22 134
228 215
113 209
211 155
123 206
248 3
75 266
61 298
84 193
177 96
79 30
138 212
