# source: JorikJooken
# original path: jj_extract\knapsackProblemInstances-master\problemInstances\n_1000_c_1000000_g_6_f_0.1_eps_0.1_s_100\test.in
# optimal value: 999521
# format: n capacity, then weight value
1000 1000000
600047 600047
600015 600091
600055 600055
600080 600093
600040 600049
600012 600069
600019 600041
600043 600027
600026 600035
600069 600061
600091 600054
600075 600042
600097 600093
600075 600012
600043 600040
600034 600059
600034 600070
600040 600044
600036 600041
600038 600040
600045 600006
600029 600021
600028 600048
600035 600072
600075 600030
600008 600062
600057 600014
600040 600013
600023 600049
600080 600054
600025 600031
600090 600078
600057 600057
600001 600078
600024 600074
600096 600096
600083 600070
600013 600094
600023 600018
600001 600036
600021 600081
600090 600092
600048 600051
600012 600028
600015 600017
600037 600005
600015 600058
600043 600008
600048 600063
600030 600058
600027 600045
600089 600035
600074 600038
600070 600057
600071 600049
600038 600018
600040 600056
600071 600091
600098 600010
600018 600048
600075 600092
600049 600064
600031 600054
600038 600099
600069 600027
600036 600057
600002 600094
600071 600046
600017 600060
600074 600088
600071 600039
600097 600048
600091 600045
600054 600036
600036 600062
600088 600042
600097 600089
600099 600027
600018 600087
600007 600010
600037 600080
600038 600061
600074 600031
600066 600076
600016 600070
600081 600024
600079 600057
600050 600071
600094 600009
600083 600042
600058 600020
600093 600014
600027 600060
600084 600067
600002 600036
600035 600091
600085 600003
600030 600079
600097 600015
600074 600019
600048 600020
600005 600011
600069 600064
600011 600030
600037 600034
600020 600009
600050 600016
600067 600005
600025 600061
600002 600038
600073 600037
600006 600034
600024 600042
600019 600041
600007 600085
600023 600049
600005 600051
600099 600071
600030 600005
600005 600073
600027 600023
600084 600091
600036 600029
600022 600018
600085 600086
600055 600008
600023 600075
600058 600100
600031 600078
600025 600086
600007 600055
600033 600064
600049 600038
600025 600081
600100 600067
600038 600084
600076 600059
600080 600033
600002 600033
600027 600019
600025 600014
600013 600069
600007 600086
600036 600066
600070 600042
600018 600068
600040 600098
600083 600099
600009 600029
600011 600059
600097 600076
600004 600058
600075 600008
600056 600030
600078 600045
600057 600014
600100 600085
600003 600039
600078 600009
600044 600018
600019 600040
600043 600027
600040 600011
600011 600088
600095 600068
600085 600067
600048 600015
600100 600060
600025 600007
600081 600099
600023 600001
600081 600005
600024 600050
600041 600089
600056 600003
600047 600098
600047 600095
600013 600073
600099 600024
600090 600043
350014 350048
350007 350088
350015 350082
350027 350028
350077 350057
350012 350078
350086 350028
350083 350094
350058 350061
350084 350093
350031 350044
350052 350099
350063 350082
350009 350050
350002 350055
350015 350024
350042 350019
350039 350012
350049 350044
350004 350095
350067 350076
350014 350040
350052 350064
350038 350053
350084 350014
350034 350089
350083 350099
350059 350075
350013 350039
350075 350011
350096 350040
350080 350079
350081 350093
350079 350020
350055 350072
350098 350018
350098 350050
350083 350100
350019 350038
350099 350030
350047 350072
350085 350020
350023 350022
350060 350059
350007 350084
350003 350041
350067 350021
350006 350045
350030 350042
350025 350090
350008 350093
350016 350017
350063 350003
350072 350097
350052 350006
350079 350037
350013 350008
350066 350075
350020 350090
350094 350099
350070 350051
350065 350088
350074 350081
350080 350093
350039 350061
350039 350004
350046 350052
350090 350078
350099 350100
350053 350071
350013 350005
350034 350035
350048 350082
350023 350079
350012 350039
350009 350052
350098 350086
350018 350032
350049 350017
350097 350094
350016 350009
350064 350052
350099 350058
350071 350005
350036 350085
350057 350029
350065 350012
350025 350089
350018 350044
350049 350002
350003 350016
350069 350082
350047 350041
350072 350043
350098 350086
350094 350041
350005 350086
350092 350064
350047 350053
350003 350096
350008 350039
350086 350086
350023 350079
350072 350083
350100 350095
350013 350076
350059 350072
350039 350013
350025 350049
350051 350022
350029 350005
350092 350031
350067 350057
350081 350071
350045 350038
350087 350056
350005 350100
350054 350002
350033 350085
350064 350047
350094 350052
350063 350023
350045 350072
350025 350021
350031 350013
350026 350088
350030 350099
350047 350066
350074 350058
350099 350070
350039 350090
350082 350034
350076 350052
350047 350068
350016 350078
350056 350029
350082 350008
350009 350032
350010 350078
350004 350087
350002 350004
350057 350015
350096 350070
350047 350020
350006 350040
350050 350021
350012 350014
350010 350071
350054 350061
350029 350082
350038 350033
350008 350079
350057 350023
350079 350100
350015 350094
350096 350078
350064 350052
350021 350082
350063 350063
350064 350059
350026 350048
350002 350034
350081 350011
350032 350062
350099 350054
350028 350058
350094 350026
350023 350006
350076 350044
350082 350036
350044 350069
350033 350045
350036 350010
350070 350002
350034 350008
350057 350060
350055 350085
350033 350051
350022 350083
350008 350015
225082 225094
225042 225032
225057 225038
225007 225068
225099 225100
225059 225064
225058 225076
225031 225036
225062 225056
225080 225012
225037 225014
225065 225079
225024 225027
225024 225075
225026 225016
225003 225049
225036 225080
225026 225071
225073 225018
225056 225085
225011 225058
225076 225010
225011 225073
225040 225059
225034 225011
225020 225052
225037 225069
225099 225011
225073 225043
225025 225100
225022 225019
225054 225072
225055 225078
225097 225011
225087 225054
225039 225069
225035 225031
225038 225082
225099 225055
225047 225053
225082 225049
225017 225098
225040 225078
225060 225069
225045 225070
225031 225076
225047 225002
225073 225054
225006 225032
225100 225068
225091 225009
225060 225083
225042 225056
225017 225011
225035 225060
225011 225067
225054 225059
225051 225054
225060 225009
225096 225098
225047 225023
225072 225099
225055 225010
225048 225010
225049 225092
225047 225079
225001 225088
225041 225017
225035 225049
225099 225030
225030 225012
225047 225020
225010 225007
225053 225077
225087 225048
225028 225052
225056 225021
225084 225074
225013 225005
225029 225085
225011 225006
225029 225032
225076 225027
225049 225034
225035 225014
225039 225059
225077 225013
225043 225030
225049 225074
225050 225097
225081 225094
225058 225033
225089 225050
225068 225049
225012 225082
225024 225005
225016 225085
225042 225025
225038 225092
225009 225096
225011 225057
225040 225061
225099 225043
225021 225041
225092 225050
225056 225004
225090 225048
225023 225079
225081 225022
225021 225055
225004 225009
225001 225064
225051 225039
225089 225069
225061 225023
225012 225098
225001 225055
225024 225088
225038 225041
225089 225021
225082 225075
225006 225083
225012 225073
225096 225004
225001 225071
225076 225029
225033 225061
225087 225099
225083 225074
225042 225067
225078 225063
225066 225014
225081 225047
225059 225016
225072 225012
225056 225052
225076 225001
225029 225016
225074 225053
225069 225066
225077 225038
225094 225024
225071 225029
225083 225076
225046 225096
225082 225016
225048 225017
225059 225038
225065 225075
225076 225055
225059 225051
225006 225093
225085 225029
225080 225095
225043 225076
225067 225093
225092 225005
225084 225052
225029 225040
225027 225027
225056 225058
225032 225088
225003 225070
225098 225058
225030 225088
225074 225100
225073 225046
225048 225032
225019 225053
225069 225022
225028 225006
225086 225080
225058 225035
225032 225083
225069 225054
225012 225022
225094 225033
225072 225048
225003 225072
225021 225078
162545 162505
162536 162573
162594 162543
162587 162557
162591 162570
162533 162522
162551 162511
162570 162517
162586 162542
162565 162586
162515 162549
162552 162538
162591 162569
162510 162523
162525 162573
162524 162590
162543 162579
162586 162517
162525 162520
162573 162502
162526 162553
162559 162539
162518 162513
162526 162526
162580 162557
162584 162538
162520 162515
162563 162514
162561 162546
162533 162599
162595 162598
162506 162569
162537 162525
162559 162578
162533 162577
162547 162538
162529 162504
162593 162570
162559 162568
162509 162514
162599 162561
162580 162527
162580 162567
162570 162516
162528 162553
162507 162559
162567 162593
162540 162536
162525 162566
162579 162529
162506 162573
162553 162557
162580 162594
162554 162558
162511 162572
162581 162531
162531 162519
162542 162512
162567 162527
162600 162550
162594 162506
162526 162521
162519 162572
162553 162595
162547 162524
162518 162564
162530 162551
162513 162502
162587 162544
162566 162535
162505 162597
162536 162574
162559 162599
162528 162547
162589 162538
162504 162527
162507 162589
162514 162522
162577 162559
162547 162542
162582 162541
162599 162536
162503 162598
162550 162573
162597 162598
162583 162593
162584 162524
162506 162563
162531 162538
162551 162590
162523 162579
162537 162588
162553 162592
162520 162553
162508 162519
162570 162571
162585 162551
162517 162550
162563 162568
162523 162580
162563 162587
162558 162504
162589 162519
162576 162580
162574 162587
162508 162545
162580 162530
162528 162535
162593 162581
162510 162569
162536 162531
162569 162563
162568 162517
162502 162528
162589 162506
162554 162564
162546 162585
162528 162565
162515 162501
162547 162587
162566 162530
162519 162578
162568 162574
162568 162539
162559 162541
162571 162516
162591 162594
162581 162542
162592 162514
162573 162544
162519 162563
162593 162588
162553 162597
162535 162572
162543 162578
162574 162556
162507 162590
162595 162540
162514 162578
162595 162532
162508 162511
162579 162507
162600 162538
162557 162567
162507 162567
162560 162586
162516 162532
162568 162523
162578 162524
162532 162589
162533 162524
162525 162543
162581 162536
162535 162562
162575 162508
162575 162536
162570 162521
162517 162585
162564 162516
162575 162539
162515 162583
162571 162510
162567 162551
162546 162512
162584 162566
162575 162598
162552 162525
162553 162526
162536 162508
162582 162536
162560 162503
162553 162546
162556 162576
162558 162523
162599 162597
162517 162508
162503 162567
162535 162563
162567 162589
162598 162569
131301 131266
131328 131300
131325 131304
131256 131306
131320 131345
131306 131255
131297 131256
131265 131325
131337 131325
131300 131294
131278 131346
131318 131347
131320 131349
131281 131280
131284 131262
131280 131302
131278 131306
131324 131256
131296 131285
131264 131322
131288 131315
131253 131316
131323 131272
131323 131314
131269 131277
131271 131276
131291 131258
131338 131345
131260 131256
131261 131324
131333 131339
131289 131335
131333 131266
131301 131272
131301 131340
131348 131308
131275 131317
131339 131255
131308 131260
131345 131331
131291 131323
131310 131276
131329 131271
131291 131313
131265 131339
131299 131256
131314 131344
131331 131297
131347 131304
131257 131347
131330 131328
131304 131329
131257 131315
131325 131278
131336 131280
131307 131306
131270 131277
131343 131316
131292 131255
131281 131342
131300 131283
131336 131339
131256 131319
131325 131347
131326 131307
131337 131294
131346 131318
131323 131335
131330 131311
131255 131316
131302 131271
131254 131348
131281 131254
131310 131320
131303 131327
131339 131330
131341 131304
131343 131267
131290 131342
131318 131251
131285 131276
131302 131251
131293 131274
131280 131264
131290 131295
131293 131264
131277 131337
131269 131283
131284 131272
131314 131264
131348 131307
131333 131345
131252 131299
131334 131327
131288 131298
131274 131305
131328 131261
131304 131322
131321 131305
131350 131325
131348 131293
131331 131259
131310 131251
131343 131338
131251 131258
131317 131253
131340 131270
131276 131274
131272 131331
131288 131324
131265 131328
131329 131300
131331 131272
131296 131295
131327 131350
131340 131350
131268 131254
131336 131273
131302 131305
131258 131262
131338 131305
131324 131299
131343 131339
131251 131297
131251 131319
131261 131264
131334 131314
131340 131271
131299 131269
131319 131322
131313 131295
131270 131283
131256 131335
131327 131308
131258 131316
131332 131303
131263 131331
131279 131282
131279 131330
131312 131287
131292 131345
131277 131301
131337 131298
131331 131284
131311 131311
131279 131251
131340 131261
131347 131298
131289 131330
131281 131306
131312 131339
131328 131306
131260 131332
131324 131312
131349 131312
131288 131257
131297 131321
131304 131315
131310 131325
131332 131306
131295 131293
131296 131286
131266 131309
131336 131278
131267 131253
131264 131290
131260 131269
131255 131309
131306 131328
131343 131323
131324 131317
131258 131257
131310 131328
131336 131295
131297 131258
131252 131313
131332 131323
131315 131317
131349 131319
131301 131253
38 61
3 72
37 67
63 85
23 62
81 11
6 70
67 96
45 26
37 100
51 65
80 92
81 24
79 14
54 62
33 2
11 62
91 47
79 92
34 8
92 71
60 38
13 41
63 27
58 62
100 13
86 75
80 85
57 100
59 83
1 75
80 62
12 56
68 48
17 12
34 50
54 27
27 96
9 67
62 7
73 55
79 10
52 79
54 22
91 70
39 73
65 66
30 78
47 90
65 74
70 64
86 14
76 25
70 95
61 32
90 95
98 68
66 37
55 54
95 85
64 23
10 73
100 90
61 43
18 94
68 19
18 2
23 91
41 35
25 52
24 74
50 92
12 33
62 59
78 83
48 96
70 27
77 51
18 80
39 54
99 99
38 9
3 47
91 21
57 52
51 26
45 24
89 10
65 17
58 59
98 57
10 33
56 73
82 14
68 95
97 2
57 68
61 30
77 23
98 43
