# source: JorikJooken
# original path: jj_extract\knapsackProblemInstances-master\problemInstances\n_400_c_1000000_g_6_f_0.3_eps_0.0001_s_100\test.in
# optimal value: 979425
# format: n capacity, then weight value
400 1000000
500197 500138
500154 500189
500173 500184
500152 500192
500115 500184
500170 500129
500187 500109
500150 500180
500171 500155
500162 500183
500101 500163
500188 500196
500179 500140
500200 500169
500101 500119
500129 500109
500105 500154
500170 500169
500165 500183
500147 500125
500142 500145
500178 500196
500188 500162
500103 500154
500147 500107
500176 500181
500110 500180
500191 500120
500116 500200
500160 500131
500196 500200
500124 500180
500181 500113
500200 500148
500109 500102
500149 500155
500172 500125
500106 500142
500177 500155
500179 500167
500173 500148
500147 500153
500105 500199
500181 500154
500161 500161
500103 500136
500145 500114
500182 500145
500172 500114
500128 500177
500135 500178
500105 500140
500189 500168
500175 500103
500117 500138
500113 500121
250117 250178
250145 250139
250106 250118
250122 250122
250197 250198
250114 250103
250143 250102
250176 250190
250140 250189
250140 250114
250135 250165
250126 250169
250138 250175
250153 250102
250126 250198
250107 250168
250152 250125
250156 250136
250106 250177
250145 250184
250172 250187
250133 250177
250113 250168
250110 250170
250158 250117
250169 250124
250135 250120
250195 250119
250184 250179
250200 250177
250157 250149
250109 250117
250105 250136
250131 250156
250140 250127
250165 250171
250157 250177
250161 250149
250193 250129
250160 250106
250139 250130
250122 250135
250119 250122
250125 250188
250112 250170
250133 250190
250109 250169
250122 250198
250135 250153
250171 250170
250113 250186
250122 250171
250192 250128
250109 250148
250194 250104
250156 250157
125104 125112
125167 125170
125173 125138
125145 125106
125111 125140
125123 125133
125167 125197
125145 125123
125183 125163
125127 125169
125111 125128
125193 125128
125141 125141
125187 125146
125152 125175
125147 125190
125137 125116
125131 125105
125100 125107
125157 125102
125173 125115
125149 125118
125186 125122
125159 125145
125122 125109
125133 125149
125139 125136
125132 125184
125160 125148
125174 125169
125190 125169
125190 125157
125130 125176
125100 125166
125190 125133
125168 125124
125121 125146
125101 125189
125134 125114
125170 125113
125104 125103
125194 125155
125146 125125
125184 125121
125150 125169
125120 125183
125194 125194
125135 125183
125138 125148
125172 125140
125161 125135
125184 125173
125179 125103
125195 125143
125101 125119
125188 125172
62680 62691
62691 62641
62608 62689
62605 62681
62627 62605
62668 62696
62671 62651
62608 62623
62612 62620
62653 62687
62632 62610
62642 62606
62694 62636
62634 62690
62601 62690
62680 62678
62657 62623
62689 62700
62676 62695
62648 62639
62642 62663
62679 62690
62650 62652
62639 62698
62607 62666
62648 62625
62627 62674
62627 62622
62666 62661
62647 62622
62606 62669
62629 62697
62690 62621
62656 62617
62672 62699
62604 62693
62654 62640
62657 62656
62619 62617
62622 62670
62656 62683
62610 62647
62666 62693
62606 62601
62610 62670
62649 62698
62645 62640
62653 62641
62672 62645
62677 62607
62661 62642
62669 62691
62636 62626
62653 62635
62603 62694
62661 62667
31429 31389
31399 31427
31418 31381
31381 31441
31366 31428
31384 31421
31443 31392
31381 31361
31418 31414
31418 31400
31437 31363
31355 31407
31403 31364
31378 31377
31386 31448
31441 31430
31397 31450
31384 31393
31380 31367
31434 31441
31415 31367
31404 31352
31419 31385
31437 31400
31352 31353
31422 31394
31425 31415
31442 31387
31383 31352
31357 31395
31450 31381
31397 31365
31366 31410
31447 31375
31449 31397
31398 31383
31408 31446
31390 31421
31424 31363
31427 31393
31415 31355
31443 31390
31388 31448
31353 31381
31435 31378
31421 31371
31437 31408
31402 31437
31356 31353
31438 31388
31425 31358
31401 31363
31442 31444
31375 31400
31410 31353
31375 31410
30 45
91 53
70 1
7 69
4 46
17 50
92 35
33 27
57 72
45 68
14 19
16 63
20 63
37 37
29 15
73 65
23 87
85 57
93 50
80 59
81 56
45 11
78 75
22 77
17 73
62 31
38 37
5 16
60 66
69 29
73 7
65 43
60 38
29 39
88 58
79 76
37 88
86 13
66 73
13 60
27 44
6 71
2 100
84 28
93 47
40 32
51 19
89 37
99 45
50 50
83 5
90 8
99 70
36 78
2 74
69 90
93 95
56 40
21 27
14 38
61 44
97 49
69 19
88 25
76 57
70 50
9 5
77 72
44 19
78 4
60 40
81 98
40 20
31 35
53 55
39 64
14 97
72 33
30 2
98 52
90 86
76 44
44 30
51 71
14 24
12 46
76 37
90 35
68 87
3 33
22 14
15 66
89 74
20 96
81 42
69 22
5 58
83 4
30 57
12 17
15 21
79 64
56 13
57 56
94 2
85 27
10 44
36 14
62 64
28 17
59 50
66 62
77 92
59 19
51 80
51 9
64 96
74 24
66 17
76 49
