# source: JorikJooken
# original path: jj_extract\knapsackProblemInstances-master\problemInstances\n_1000_c_10000000000_g_2_f_0.3_eps_0.0001_s_300\test.in
# optimal value: 5001044129
# format: n capacity, then weight value
1000 10000000000
5001000098 5001000212
5001000092 5001000010
5001000011 5001000151
5001000141 5001000126
5001000030 5001000120
5001000042 5001000070
5001000044 5001000169
5001000286 5001000149
5001000118 5001000207
5001000182 5001000270
5001000145 5001000059
5001000290 5001000124
5001000276 5001000070
5001000258 5001000228
5001000055 5001000292
5001000038 5001000128
5001000264 5001000231
5001000141 5001000256
5001000119 5001000276
5001000012 5001000131
5001000195 5001000208
5001000037 5001000008
5001000035 5001000198
5001000142 5001000029
5001000176 5001000115
5001000136 5001000075
5001000169 5001000212
5001000068 5001000254
5001000245 5001000256
5001000235 5001000267
5001000232 5001000021
5001000121 5001000252
5001000266 5001000024
5001000137 5001000113
5001000186 5001000159
5001000215 5001000147
5001000204 5001000220
5001000194 5001000135
5001000259 5001000288
5001000268 5001000046
5001000098 5001000286
5001000249 5001000026
5001000242 5001000254
5001000268 5001000051
5001000116 5001000201
5001000230 5001000051
5001000047 5001000292
5001000226 5001000032
5001000119 5001000261
5001000293 5001000239
5001000019 5001000085
5001000298 5001000170
5001000084 5001000249
5001000285 5001000062
5001000144 5001000275
5001000199 5001000125
5001000149 5001000282
5001000016 5001000033
5001000096 5001000050
5001000269 5001000148
5001000220 5001000273
5001000130 5001000232
5001000124 5001000214
5001000244 5001000118
5001000005 5001000111
5001000278 5001000147
5001000274 5001000291
5001000141 5001000257
5001000135 5001000254
5001000059 5001000021
5001000225 5001000106
5001000270 5001000209
5001000230 5001000130
5001000157 5001000286
5001000229 5001000019
5001000269 5001000016
5001000139 5001000171
5001000060 5001000246
5001000243 5001000031
5001000229 5001000244
5001000293 5001000063
5001000033 5001000140
5001000295 5001000200
5001000298 5001000299
5001000006 5001000113
5001000213 5001000096
5001000044 5001000109
5001000080 5001000219
5001000262 5001000120
5001000102 5001000293
5001000292 5001000087
5001000123 5001000070
5001000031 5001000080
5001000290 5001000167
5001000125 5001000148
5001000244 5001000020
5001000209 5001000016
5001000081 5001000293
5001000113 5001000048
5001000001 5001000019
5001000046 5001000157
5001000237 5001000035
5001000064 5001000270
5001000297 5001000100
5001000215 5001000095
5001000235 5001000008
5001000230 5001000290
5001000113 5001000228
5001000173 5001000168
5001000255 5001000281
5001000175 5001000133
5001000257 5001000018
5001000258 5001000118
5001000034 5001000016
5001000265 5001000175
5001000122 5001000038
5001000173 5001000055
5001000078 5001000194
5001000134 5001000180
5001000093 5001000158
5001000278 5001000035
5001000203 5001000037
5001000267 5001000099
5001000195 5001000079
5001000204 5001000082
5001000288 5001000296
5001000136 5001000206
5001000151 5001000185
5001000088 5001000083
5001000027 5001000035
5001000096 5001000182
5001000083 5001000286
5001000072 5001000294
5001000188 5001000096
5001000161 5001000151
5001000116 5001000243
5001000181 5001000274
5001000192 5001000078
5001000180 5001000166
5001000177 5001000026
5001000035 5001000122
5001000007 5001000164
5001000054 5001000289
5001000065 5001000144
5001000198 5001000125
5001000003 5001000257
5001000029 5001000279
5001000135 5001000251
5001000268 5001000079
5001000083 5001000266
5001000053 5001000089
5001000243 5001000072
5001000239 5001000264
5001000127 5001000013
5001000066 5001000164
5001000023 5001000109
5001000228 5001000130
5001000234 5001000148
5001000288 5001000016
5001000219 5001000284
5001000096 5001000073
5001000225 5001000034
5001000256 5001000200
5001000192 5001000248
5001000227 5001000174
5001000247 5001000178
5001000106 5001000063
5001000034 5001000190
5001000027 5001000063
5001000276 5001000003
5001000140 5001000261
5001000091 5001000195
5001000260 5001000272
5001000024 5001000144
5001000107 5001000237
5001000285 5001000229
5001000145 5001000085
5001000248 5001000278
5001000024 5001000149
5001000239 5001000133
5001000130 5001000255
5001000116 5001000275
5001000100 5001000191
5001000294 5001000043
5001000248 5001000020
5001000171 5001000241
5001000288 5001000097
5001000278 5001000238
5001000299 5001000112
5001000033 5001000039
5001000241 5001000250
5001000114 5001000210
5001000191 5001000212
5001000210 5001000206
5001000187 5001000202
5001000051 5001000072
5001000212 5001000269
5001000223 5001000072
5001000116 5001000291
5001000262 5001000139
5001000035 5001000152
5001000235 5001000156
5001000218 5001000090
5001000114 5001000127
5001000271 5001000157
5001000033 5001000011
5001000046 5001000055
5001000220 5001000084
5001000225 5001000181
5001000260 5001000211
5001000216 5001000287
5001000183 5001000264
5001000013 5001000181
5001000207 5001000223
5001000264 5001000079
5001000164 5001000203
5001000113 5001000292
5001000139 5001000039
5001000030 5001000116
5001000234 5001000188
5001000279 5001000164
5001000262 5001000018
5001000223 5001000103
5001000117 5001000211
5001000224 5001000278
5001000177 5001000153
5001000150 5001000216
5001000003 5001000002
5001000234 5001000033
5001000059 5001000163
5001000147 5001000080
5001000240 5001000084
5001000160 5001000298
5001000161 5001000020
5001000272 5001000080
5001000064 5001000014
5001000185 5001000116
5001000052 5001000075
5001000139 5001000274
5001000025 5001000049
5001000014 5001000107
5001000098 5001000222
5001000038 5001000058
5001000154 5001000006
5001000136 5001000011
5001000292 5001000090
5001000166 5001000134
5001000033 5001000209
5001000289 5001000118
5001000024 5001000218
5001000021 5001000099
5001000272 5001000191
5001000091 5001000158
5001000003 5001000083
5001000092 5001000007
5001000108 5001000163
5001000016 5001000043
5001000143 5001000254
5001000233 5001000127
5001000225 5001000103
5001000001 5001000178
5001000147 5001000252
5001000216 5001000062
5001000188 5001000065
5001000212 5001000211
5001000116 5001000040
5001000177 5001000235
5001000064 5001000078
5001000164 5001000023
5001000239 5001000243
5001000250 5001000063
5001000088 5001000214
5001000047 5001000062
5001000067 5001000254
5001000166 5001000251
5001000269 5001000273
5001000117 5001000182
5001000109 5001000098
5001000118 5001000282
5001000037 5001000290
5001000165 5001000197
5001000190 5001000275
5001000288 5001000061
5001000104 5001000262
5001000284 5001000180
5001000208 5001000169
5001000243 5001000286
5001000072 5001000190
5001000285 5001000284
5001000236 5001000259
5001000001 5001000152
5001000120 5001000010
5001000042 5001000213
5001000092 5001000146
5001000011 5001000040
5001000255 5001000138
5001000261 5001000155
5001000257 5001000033
5001000212 5001000249
5001000097 5001000032
5001000034 5001000048
5001000234 5001000080
5001000036 5001000247
5001000007 5001000004
5001000104 5001000261
5001000225 5001000090
5001000128 5001000282
5001000142 5001000005
5001000132 5001000296
5001000145 5001000226
5001000110 5001000164
5001000093 5001000206
5001000028 5001000226
5001000072 5001000272
5001000098 5001000066
5001000233 5001000069
5001000037 5001000111
5001000243 5001000100
5001000187 5001000192
5001000002 5001000018
5001000266 5001000213
5001000277 5001000239
5001000109 5001000290
5001000019 5001000153
5001000188 5001000176
5001000179 5001000042
5001000027 5001000071
5001000094 5001000031
5001000104 5001000254
5001000022 5001000231
5001000117 5001000035
5001000203 5001000181
5001000011 5001000239
5001000116 5001000090
5001000204 5001000291
5001000187 5001000055
5001000101 5001000205
5001000055 5001000178
5001000100 5001000064
5001000270 5001000243
5001000034 5001000149
5001000091 5001000029
5001000123 5001000288
5001000205 5001000140
5001000255 5001000077
5001000264 5001000147
5001000086 5001000082
5001000072 5001000225
5001000128 5001000208
5001000287 5001000177
5001000225 5001000126
5001000077 5001000208
5001000078 5001000166
5001000158 5001000241
5001000091 5001000113
5001000086 5001000058
5001000229 5001000230
5001000034 5001000192
5001000120 5001000276
5001000236 5001000129
5001000282 5001000078
5001000192 5001000249
5001000103 5001000033
5001000176 5001000006
5001000117 5001000031
5001000191 5001000183
5001000018 5001000215
5001000233 5001000136
5001000233 5001000014
5001000116 5001000005
5001000229 5001000119
5001000003 5001000110
5001000025 5001000297
5001000134 5001000167
5001000230 5001000054
5001000113 5001000095
5001000186 5001000051
5001000129 5001000208
5001000056 5001000117
5001000188 5001000166
5001000149 5001000242
5001000024 5001000052
5001000265 5001000239
5001000087 5001000134
5001000063 5001000149
5001000112 5001000247
5001000103 5001000004
5001000115 5001000139
5001000050 5001000120
5001000190 5001000225
5001000180 5001000129
5001000299 5001000111
5001000124 5001000128
5001000213 5001000168
5001000229 5001000049
5001000194 5001000268
5001000125 5001000093
5001000124 5001000172
5001000204 5001000078
5001000123 5001000279
5001000274 5001000243
5001000065 5001000162
5001000092 5001000129
5001000163 5001000279
5001000074 5001000221
5001000063 5001000005
5001000213 5001000108
5001000142 5001000034
5001000010 5001000129
5001000053 5001000129
5001000043 5001000001
5001000273 5001000004
5001000252 5001000116
5001000015 5001000135
5001000241 5001000084
5001000202 5001000029
5001000038 5001000048
5001000002 5001000015
5001000170 5001000203
5001000137 5001000012
5001000140 5001000205
5001000173 5001000010
5001000018 5001000075
5001000180 5001000176
5001000142 5001000055
5001000041 5001000232
5001000251 5001000280
5001000046 5001000047
5001000186 5001000197
5001000291 5001000294
5001000256 5001000101
5001000050 5001000283
5001000100 5001000174
5001000032 5001000126
5001000072 5001000257
5001000256 5001000299
5001000101 5001000114
5001000255 5001000125
5001000037 5001000262
5001000233 5001000148
5001000247 5001000064
5001000131 5001000136
5001000242 5001000063
5001000280 5001000065
5001000067 5001000127
5001000277 5001000287
5001000072 5001000278
5001000001 5001000286
5001000149 5001000246
5001000255 5001000254
5001000244 5001000229
5001000074 5001000088
5001000218 5001000007
5001000260 5001000147
5001000192 5001000131
5001000083 5001000118
5001000035 5001000047
5001000252 5001000104
5001000268 5001000008
5001000226 5001000070
5001000031 5001000038
5001000008 5001000085
5001000242 5001000136
5001000272 5001000087
5001000121 5001000200
5001000092 5001000062
5001000280 5001000231
5001000084 5001000299
5001000255 5001000205
5001000143 5001000077
5001000244 5001000087
5001000145 5001000031
5001000152 5001000257
5001000238 5001000144
5001000263 5001000112
5001000013 5001000120
5001000241 5001000225
5001000259 5001000105
5001000234 5001000165
5001000175 5001000116
5001000004 5001000233
5001000066 5001000045
5001000109 5001000290
5001000192 5001000178
5001000094 5001000212
5001000092 5001000279
5001000024 5001000081
5001000033 5001000218
5001000088 5001000252
5001000038 5001000191
5001000090 5001000180
5001000198 5001000292
5001000159 5001000015
5001000227 5001000027
5001000239 5001000185
5001000297 5001000241
5001000236 5001000171
5001000031 5001000152
5001000082 5001000246
5001000001 5001000062
5001000131 5001000287
5001000044 5001000281
5001000176 5001000289
5001000211 5001000170
5001000127 5001000221
5001000078 5001000043
5001000227 5001000297
5001000051 5001000221
5001000251 5001000165
5001000105 5001000100
5001000197 5001000132
5001000050 5001000283
5001000008 5001000279
5001000203 5001000019
5001000103 5001000218
5001000134 5001000169
5001000267 5001000293
5001000172 5001000165
5001000194 5001000126
5001000089 5001000178
5001000215 5001000234
5001000184 5001000167
5001000017 5001000052
5001000039 5001000184
5001000241 5001000200
5001000240 5001000268
5001000071 5001000171
5001000193 5001000084
5001000182 5001000254
5001000190 5001000258
5001000094 5001000191
5001000263 5001000097
5001000068 5001000178
5001000275 5001000229
5001000161 5001000282
5001000114 5001000090
5001000217 5001000285
5001000149 5001000158
5001000096 5001000007
5001000241 5001000144
5001000224 5001000188
5001000220 5001000098
5001000026 5001000032
5001000251 5001000056
5001000266 5001000215
5001000172 5001000214
5001000036 5001000233
5001000076 5001000090
5001000224 5001000300
5001000247 5001000045
5001000035 5001000198
5001000274 5001000251
5001000214 5001000135
5001000263 5001000007
5001000272 5001000122
5001000114 5001000097
5001000094 5001000002
5001000269 5001000133
5001000131 5001000098
5001000054 5001000169
5001000258 5001000186
5001000300 5001000154
5001000180 5001000178
5001000214 5001000193
5001000031 5001000206
5001000248 5001000099
5001000092 5001000117
5001000089 5001000066
5001000119 5001000134
5001000028 5001000138
5001000039 5001000088
5001000293 5001000059
5001000085 5001000291
5001000166 5001000139
5001000104 5001000266
5001000179 5001000172
5001000077 5001000118
5001000039 5001000178
5001000175 5001000152
5001000238 5001000165
5001000232 5001000228
5001000295 5001000289
5001000018 5001000050
5001000283 5001000221
5001000159 5001000189
5001000194 5001000279
5001000128 5001000232
5001000035 5001000221
5001000283 5001000120
5001000042 5001000100
5001000135 5001000014
5001000279 5001000271
5001000266 5001000248
5001000178 5001000140
5001000120 5001000258
5001000130 5001000142
5001000298 5001000191
5001000275 5001000009
5001000083 5001000135
5001000201 5001000270
5001000031 5001000097
5001000164 5001000291
5001000131 5001000181
5001000194 5001000207
5001000071 5001000027
5001000244 5001000187
5001000007 5001000269
5001000032 5001000260
5001000228 5001000161
5001000243 5001000299
5001000214 5001000168
5001000237 5001000220
5001000249 5001000152
5001000015 5001000202
5001000096 5001000298
5001000039 5001000290
5001000255 5001000174
5001000236 5001000199
5001000022 5001000255
5001000176 5001000234
5001000143 5001000280
5001000076 5001000110
5001000286 5001000179
5001000232 5001000186
5001000291 5001000034
5001000205 5001000123
5001000083 5001000120
5001000144 5001000156
5001000214 5001000256
5001000068 5001000225
5001000005 5001000172
5001000280 5001000148
5001000108 5001000089
5001000007 5001000129
5001000255 5001000278
5001000114 5001000249
5001000239 5001000101
5001000225 5001000285
5001000230 5001000283
5001000144 5001000222
5001000208 5001000069
5001000044 5001000298
5001000151 5001000066
5001000191 5001000168
5001000286 5001000187
5001000011 5001000026
5001000241 5001000150
5001000004 5001000229
5001000098 5001000280
5001000187 5001000271
5001000214 5001000057
5001000015 5001000240
5001000252 5001000227
5001000240 5001000250
5001000138 5001000068
5001000125 5001000100
5001000246 5001000107
5001000153 5001000094
5001000036 5001000251
5001000235 5001000199
5001000174 5001000188
5001000046 5001000036
5001000054 5001000024
5001000085 5001000133
5001000201 5001000240
5001000093 5001000097
5001000086 5001000126
5001000244 5001000049
5001000059 5001000235
5001000270 5001000130
5001000077 5001000216
5001000130 5001000212
5001000175 5001000278
5001000275 5001000198
5001000112 5001000191
5001000251 5001000193
5001000232 5001000085
5001000008 5001000165
5001000216 5001000294
5001000258 5001000150
5001000045 5001000263
5001000249 5001000208
5001000001 5001000139
5001000024 5001000165
5001000070 5001000198
5001000258 5001000105
5001000056 5001000143
5001000098 5001000141
5001000019 5001000061
5001000006 5001000282
5001000169 5001000069
5001000094 5001000025
5001000257 5001000237
5001000299 5001000153
5001000283 5001000009
5001000117 5001000251
5001000129 5001000287
5001000153 5001000092
5001000216 5001000048
5001000030 5001000029
289 96
165 58
89 19
4 32
119 112
278 201
104 3
287 164
290 49
175 193
293 279
226 98
103 92
284 185
205 86
243 61
280 94
155 288
253 181
164 261
288 226
191 272
1 212
44 217
86 8
210 171
42 86
60 212
12 19
126 262
160 255
137 168
57 180
287 283
94 185
109 29
99 22
194 73
246 119
229 9
167 4
259 180
291 101
276 201
119 15
157 52
169 258
111 79
78 285
134 75
58 148
193 32
248 80
131 162
152 28
92 185
25 130
58 102
67 155
110 259
199 54
46 126
298 262
153 77
137 117
85 156
196 115
86 213
13 175
99 57
257 256
248 162
50 165
28 155
178 12
4 14
118 286
191 236
104 84
287 39
4 109
8 174
93 16
200 138
33 141
26 175
93 244
85 131
92 278
23 258
274 17
156 195
280 280
101 214
88 297
141 27
117 223
27 164
295 28
239 251
205 151
209 84
2 199
163 2
261 101
126 244
210 281
28 157
172 156
128 70
56 151
174 204
221 112
160 287
266 62
196 53
20 275
4 119
285 61
180 38
170 158
11 135
281 272
270 196
103 165
295 253
297 242
26 123
168 267
255 42
141 9
235 129
29 269
22 206
279 60
172 76
109 60
183 62
91 209
135 250
100 53
39 136
47 46
229 161
114 81
153 250
219 264
194 251
183 139
76 287
245 217
181 153
132 98
17 32
162 1
185 149
39 85
55 120
205 267
157 186
19 270
118 67
9 140
283 194
11 288
50 233
201 240
243 150
249 2
113 14
262 142
68 261
213 136
125 102
263 138
39 80
237 50
226 45
79 15
160 88
21 280
113 197
214 164
112 120
99 151
171 242
292 228
244 270
243 41
100 196
177 154
161 266
173 258
14 143
94 47
155 167
79 96
18 44
127 209
53 169
273 143
267 87
148 60
91 167
12 76
145 127
113 204
223 124
205 11
214 233
259 232
152 160
144 85
27 126
270 21
162 4
205 293
224 183
92 258
181 27
51 37
78 41
256 273
234 11
200 130
263 152
20 237
95 146
14 176
216 293
221 170
67 6
17 142
141 15
200 211
203 163
125 50
179 32
83 191
36 28
29 115
33 262
186 85
257 123
293 102
31 46
165 68
44 231
144 113
241 165
177 119
246 294
234 249
260 133
136 93
177 2
149 186
100 223
153 273
145 218
36 275
84 2
49 141
142 121
31 127
284 28
165 283
247 191
122 128
55 145
40 210
8 283
125 292
33 24
77 8
140 194
62 4
89 74
243 8
144 86
110 58
287 38
282 284
250 172
24 284
13 48
25 122
270 261
203 50
149 186
210 30
179 253
104 205
239 279
27 293
94 263
14 132
56 286
112 278
65 183
