# source: JorikJooken
# original path: jj_extract\knapsackProblemInstances-master\problemInstances\n_1200_c_1000000_g_14_f_0.3_eps_0.01_s_300\test.in
# optimal value: 1032645
# format: n capacity, then weight value
1200 1000000
510203 510114
510032 510261
510060 510151
510190 510209
510118 510090
510201 510079
510053 510003
510111 510225
510049 510226
510165 510224
510232 510046
510234 510293
510085 510097
510121 510272
510277 510129
510300 510082
510153 510178
510294 510212
510202 510055
510076 510236
510232 510158
510132 510213
510157 510262
510186 510234
510127 510227
510113 510105
510045 510291
510155 510187
510162 510213
510002 510276
510296 510100
510078 510147
510294 510217
510237 510160
510079 510226
510092 510232
510285 510053
510262 510007
510279 510222
510065 510060
510291 510087
510043 510248
510180 510028
510058 510044
510084 510298
510284 510121
510008 510145
510216 510179
510152 510281
510235 510030
510179 510146
510015 510116
510097 510163
510095 510296
510242 510230
510122 510113
510030 510237
510036 510280
510007 510261
510290 510283
510020 510013
510075 510289
510082 510242
510045 510096
260145 260258
260063 260184
260210 260088
260042 260265
260033 260055
260225 260214
260178 260138
260250 260240
260263 260161
260059 260029
260087 260022
260005 260157
260276 260125
260096 260289
260037 260279
260267 260074
260173 260190
260017 260261
260172 260059
260021 260060
260054 260134
260202 260129
260203 260119
260241 260239
260167 260009
260192 260133
260228 260210
260086 260134
260145 260156
260068 260128
260133 260011
260182 260209
260157 260248
260126 260278
260263 260153
260279 260128
260055 260058
260199 260019
260043 260033
260101 260030
260045 260265
260184 260144
260151 260199
260063 260077
260067 260091
260208 260258
260024 260254
260267 260017
260101 260127
260174 260156
260143 260259
260251 260042
260007 260227
260104 260025
260276 260259
260173 260025
260066 260265
260218 260029
260186 260075
260171 260045
260270 260085
260137 260053
260125 260114
260211 260029
135247 135186
135110 135099
135236 135183
135120 135191
135120 135049
135298 135146
135259 135284
135038 135027
135164 135094
135005 135221
135152 135271
135248 135131
135071 135144
135015 135021
135005 135151
135072 135177
135180 135293
135255 135125
135014 135132
135283 135216
135041 135269
135147 135033
135230 135095
135287 135145
135285 135161
135079 135238
135133 135053
135226 135286
135164 135234
135296 135165
135129 135003
135064 135151
135055 135075
135189 135298
135034 135213
135067 135245
135007 135094
135263 135249
135151 135222
135097 135114
135035 135084
135268 135211
135294 135285
135297 135207
135261 135239
135231 135003
135111 135092
135240 135224
135252 135126
135192 135104
135267 135148
135296 135248
135013 135016
135053 135082
135041 135131
135206 135175
135234 135255
135082 135100
135008 135206
135087 135015
135018 135238
135275 135168
135292 135088
135242 135061
72603 72687
72530 72605
72659 72622
72755 72659
72720 72579
72782 72614
72749 72535
72533 72615
72557 72533
72724 72761
72718 72511
72569 72696
72534 72603
72666 72620
72676 72695
72538 72630
72667 72787
72792 72684
72779 72757
72631 72524
72510 72754
72705 72649
72648 72514
72678 72612
72694 72640
72620 72720
72641 72658
72714 72553
72607 72707
72692 72637
72680 72518
72615 72634
72642 72736
72776 72603
72706 72757
72754 72638
72780 72632
72716 72518
72508 72608
72575 72643
72630 72760
72587 72529
72656 72531
72508 72748
72594 72647
72689 72767
72534 72799
72746 72600
72652 72502
72671 72687
72648 72641
72537 72787
72647 72665
72744 72760
72758 72553
72669 72648
72543 72567
72790 72690
72514 72764
72503 72638
72612 72745
72541 72563
72516 72588
72623 72614
41263 41425
41502 41428
41276 41438
41543 41397
41334 41375
41355 41424
41262 41424
41363 41549
41517 41279
41275 41362
41400 41403
41503 41324
41438 41299
41482 41262
41369 41499
41506 41447
41375 41412
41400 41484
41514 41421
41389 41328
41514 41259
41486 41479
41394 41510
41549 41280
41349 41398
41436 41254
41383 41287
41372 41332
41531 41362
41427 41330
41359 41437
41527 41309
41272 41414
41450 41536
41275 41426
41288 41398
41288 41464
41388 41530
41300 41465
41439 41477
41450 41499
41302 41519
41368 41522
41548 41298
41425 41277
41450 41546
41261 41498
41254 41541
41320 41280
41300 41488
41550 41409
41410 41304
41374 41369
41357 41302
41363 41321
41457 41486
41420 41324
41533 41423
41409 41392
41307 41421
41423 41281
41391 41296
41444 41319
41512 41424
25741 25628
25642 25835
25792 25913
25769 25873
25841 25809
25700 25646
25741 25702
25843 25801
25731 25651
25832 25861
25697 25632
25629 25898
25677 25639
25835 25922
25920 25662
25754 25812
25888 25741
25663 25860
25735 25858
25905 25722
25632 25674
25786 25875
25857 25886
25829 25701
25644 25893
25653 25904
25630 25661
25822 25742
25853 25749
25733 25885
25640 25669
25862 25632
25876 25818
25694 25746
25700 25691
25721 25899
25816 25758
25887 25666
25640 25770
25669 25919
25910 25640
25700 25744
25723 25668
25744 25707
25858 25911
25735 25763
25656 25905
25898 25749
25811 25786
25796 25799
25868 25852
25648 25795
25884 25859
25802 25746
25708 25654
25799 25729
25740 25650
25781 25794
25702 25802
25661 25710
25923 25664
25722 25736
25751 25782
25780 25699
18037 17830
18030 17917
17827 17943
18029 17826
17930 17960
17873 17871
18108 17962
17835 17989
17849 18082
17994 18010
17876 17883
17963 17862
18095 18044
18018 18056
17855 18061
17822 18103
17825 17981
17875 18042
17854 17979
17941 17991
17900 18046
17865 17870
18104 17943
17817 17853
17888 17922
18095 17868
17960 17851
17945 17954
18017 17931
18083 17990
18001 18082
17876 17975
18007 17935
17862 17819
18100 17901
17974 18004
17893 17850
17860 17955
17903 18011
18036 17836
18089 17991
17954 18076
17838 17884
17972 17963
17841 17840
18109 17874
17927 17855
18015 17955
17838 17913
17986 18061
17985 18011
18064 17918
18076 17856
18067 18031
18111 17978
17986 17838
17919 17878
17934 17924
17824 17936
17990 17936
18013 17938
18020 18046
17877 18002
17978 18096
14091 14188
13911 13993
13940 14110
14090 14061
14022 14184
13961 14166
14012 14059
14043 13943
14074 14069
14014 14161
14182 13970
14205 14138
13972 14135
14096 14160
14091 14126
13907 14028
13993 14182
14012 14064
14105 13991
13935 14164
13980 14085
14165 14097
13921 14037
14015 13913
13964 14147
13913 14131
14121 14047
14121 14131
13935 13950
14138 13919
13977 13971
14188 14098
13931 13927
14027 13946
14023 13923
14160 14134
14125 14003
14101 13977
14149 14180
14094 14045
14047 14077
14075 14074
14084 14000
14008 14199
13919 14014
14119 14134
14141 14182
14105 14063
13965 13939
14167 14132
14015 14188
14190 14120
14134 14176
13987 14022
14181 14194
14136 14064
14050 14148
14086 14069
14075 14029
14058 14039
14071 14009
14131 14071
13976 13983
14125 14012
12220 12202
12248 12198
11986 11964
12091 11971
12088 12190
12027 12011
12138 12078
12009 12160
12042 12028
12091 12201
11960 12189
12100 12142
12189 12193
12115 12229
12027 11989
12153 12114
12155 12185
12253 12020
12110 12105
12247 12252
12131 12163
11964 12147
12020 12188
12078 12108
12235 12107
12004 12189
12078 12212
12249 11997
11969 12073
12232 12080
12047 12207
12056 12219
12130 12106
11973 12018
12208 12133
12154 12252
12175 12056
12240 12193
12147 12077
12085 12100
12046 12237
11990 11972
12117 12226
12013 11970
12224 12251
12191 12188
12027 11966
12093 11958
12228 11956
12248 12122
12228 12073
12172 12006
12040 12014
12234 11988
12013 12075
12211 11979
12239 12199
11963 12044
12245 12170
12020 12173
12075 12106
12069 12233
12060 12244
12056 12006
11132 11247
11194 11039
11079 10984
11145 11159
11183 11177
11184 11123
11234 11203
11260 10980
11214 11241
11209 11218
10986 11270
11027 11144
11064 11073
11178 11099
11245 11199
11202 11135
11245 11140
11008 11060
11032 11053
11119 11054
11162 11150
10982 11221
11054 11172
11242 11079
11216 11169
11071 11036
11071 11134
11005 11270
11220 11052
10978 11059
11084 11182
11029 11087
11138 11120
11088 11104
11034 11039
11157 11143
10984 11014
11258 11257
11248 11177
11007 11107
10984 11162
11240 11011
11139 11029
11021 11154
11083 11109
11113 11056
11035 11243
11116 10982
11232 10981
11179 10990
11049 10983
11136 11015
11023 11210
11045 11033
11075 11064
11251 11200
11034 11228
11107 11225
11013 11024
11067 11075
11269 11106
11157 11022
11142 11015
11150 11253
10700 10640
10516 10520
10705 10760
10613 10767
10508 10676
10631 10626
10587 10612
10767 10627
10752 10719
10640 10508
10747 10602
10636 10762
10661 10735
10706 10775
10661 10497
10548 10491
10623 10729
10592 10578
10632 10633
10681 10619
10655 10636
10614 10555
10684 10584
10621 10689
10676 10747
10677 10551
10687 10614
10637 10630
10601 10622
10621 10535
10756 10511
10736 10550
10608 10576
10578 10619
10707 10592
10775 10550
10657 10512
10541 10574
10516 10683
10741 10676
10761 10678
10761 10716
10577 10691
10675 10629
10534 10734
10554 10640
10665 10644
10504 10750
10666 10780
10666 10741
10738 10784
10599 10558
10637 10758
10603 10646
10637 10661
10570 10497
10627 10498
10773 10677
10528 10545
10714 10679
10722 10498
10596 10758
10725 10740
10547 10561
10540 10418
10326 10460
10346 10426
10367 10265
10464 10337
10338 10404
10291 10469
10357 10436
10290 10255
10366 10246
10369 10506
10527 10442
10247 10429
10307 10293
10320 10348
10305 10360
10430 10399
10323 10522
10304 10411
10471 10280
10271 10432
10410 10489
10523 10502
10346 10279
10404 10290
10503 10432
10272 10433
10513 10473
10335 10413
10435 10449
10378 10282
10537 10349
10357 10497
10507 10500
10251 10467
10351 10447
10434 10310
10450 10344
10342 10507
10395 10280
10370 10499
10274 10356
10403 10356
10254 10278
10436 10379
10286 10309
10314 10318
10535 10396
10318 10418
10506 10283
10400 10544
10266 10321
10348 10335
10460 10518
10273 10363
10393 10349
10478 10424
10494 10520
10293 10470
10523 10303
10446 10369
10283 10388
10308 10323
10299 10468
10408 10211
10179 10269
10258 10167
10303 10238
10153 10175
10159 10408
10323 10381
10270 10235
10228 10198
10177 10125
10314 10339
10128 10133
10341 10191
10325 10395
10347 10132
10222 10186
10360 10137
10333 10265
10261 10128
10265 10272
10301 10360
10411 10136
10382 10242
10131 10351
10316 10320
10141 10372
10140 10276
10163 10127
10124 10223
10368 10344
10155 10294
10175 10299
10182 10238
10374 10350
10127 10395
10127 10349
10285 10131
10393 10324
10269 10229
10278 10267
10162 10176
10241 10243
10150 10171
10220 10196
10128 10319
10372 10234
10301 10247
10174 10368
10223 10124
10329 10293
10164 10180
10310 10366
10408 10229
10214 10151
10233 10153
10298 10194
10338 10380
10164 10346
10282 10260
10160 10135
10355 10323
10351 10283
10381 10387
10376 10388
228 33
142 167
243 266
292 230
286 235
289 60
290 296
238 264
170 168
276 9
192 33
75 241
183 136
72 52
8 271
170 174
271 263
236 49
183 23
286 119
54 71
72 165
89 118
239 112
254 282
44 263
157 246
173 148
256 49
225 136
249 143
25 153
241 115
115 205
144 168
24 198
43 3
91 240
135 22
247 174
283 117
198 214
210 49
27 127
209 234
10 252
191 99
223 12
202 88
124 134
240 177
192 97
163 55
116 61
80 159
128 21
70 277
211 90
231 118
60 13
271 132
278 167
95 271
221 72
238 25
295 279
198 84
185 269
4 234
208 153
71 92
80 14
187 179
152 296
283 50
288 222
81 83
179 166
106 264
253 174
52 216
280 266
205 117
259 36
116 43
250 95
228 213
281 51
232 102
159 20
238 168
237 268
86 226
54 74
15 186
200 264
24 223
53 88
32 133
82 286
134 187
125 222
275 175
200 267
212 35
157 127
300 75
217 37
201 192
146 84
36 125
122 138
290 29
184 48
87 238
106 235
56 210
253 197
180 158
159 11
198 170
27 247
37 58
11 255
56 245
197 105
260 35
122 131
172 190
27 93
12 145
4 102
238 290
33 266
235 138
75 242
102 3
172 139
52 60
292 135
170 226
23 198
189 69
252 20
295 182
274 251
279 48
150 202
247 154
99 94
161 37
126 23
22 137
49 226
75 37
159 165
144 220
10 65
232 32
99 43
202 283
191 96
55 200
228 232
47 214
191 262
86 285
156 268
15 136
218 77
28 222
46 91
287 10
227 40
152 43
252 77
127 4
276 197
73 15
64 62
110 126
252 252
262 12
188 266
168 45
104 126
262 82
10 157
193 78
8 243
258 226
44 246
288 163
156 171
65 231
108 103
81 130
213 18
239 66
220 231
40 279
221 68
30 251
296 73
75 206
65 165
162 32
175 16
114 154
139 192
168 136
291 235
205 172
126 293
67 27
137 45
205 258
6 208
254 202
41 114
240 203
291 32
280 96
91 32
188 220
147 25
206 196
112 176
71 241
123 69
181 213
39 143
5 194
33 68
234 133
218 209
156 168
257 232
183 155
14 270
68 10
101 60
255 176
160 167
127 165
245 205
81 199
54 138
176 287
63 123
257 171
229 273
169 278
272 252
57 244
76 172
27 137
178 159
237 71
193 278
87 94
87 161
255 55
82 173
168 101
139 276
160 149
124 98
10 66
248 140
120 205
75 221
134 272
183 96
284 192
109 2
148 235
293 127
138 154
260 115
118 212
13 58
233 48
143 162
216 123
30 209
234 91
256 195
253 300
157 270
228 195
232 115
178 166
15 227
108 82
46 154
291 54
54 246
129 209
207 193
120 283
276 187
140 92
275 131
237 32
41 153
281 269
125 62
225 82
215 159
298 294
53 82
8 79
10 152
238 177
75 266
198 214
286 193
140 156
268 120
176 249
196 101
107 23
293 189
200 160
59 280
181 167
217 33
212 229
83 218
20 52
38 53
138 5
262 272
245 221
40 248
251 63
145 16
67 259
211 173
263 102
64 244
272 109
24 197
192 294
81 179
59 146
190 281
74 213
121 157
173 2
75 253
24 178
84 221
108 129
39 103
14 213
72 115
274 189
42 126
152 11
64 242
228 15
291 104
204 99
18 105
5 196
78 168
