# source: JorikJooken
# original path: jj_extract\knapsackProblemInstances-master\problemInstances\n_800_c_100000000_g_6_f_0.2_eps_1e-05_s_300\test.in
# optimal value: 96937801
# format: n capacity, then weight value
800 100000000
50001166 50001181
50001196 50001130
50001016 50001259
50001286 50001261
50001123 50001122
50001074 50001072
50001279 50001112
50001011 50001174
50001105 50001274
50001240 50001152
50001038 50001240
50001146 50001290
50001248 50001073
50001240 50001110
50001008 50001057
50001137 50001045
50001107 50001191
50001067 50001028
50001043 50001251
50001012 50001189
50001181 50001035
50001176 50001187
50001092 50001114
50001099 50001177
50001196 50001244
50001208 50001276
50001287 50001235
50001265 50001098
50001091 50001224
50001166 50001235
50001269 50001134
50001095 50001272
50001014 50001105
50001066 50001053
50001026 50001116
50001002 50001288
50001147 50001056
50001074 50001247
50001288 50001109
50001295 50001290
50001005 50001259
50001263 50001168
50001077 50001182
50001225 50001242
50001171 50001279
50001186 50001236
50001068 50001252
50001292 50001033
50001033 50001021
50001238 50001180
50001125 50001179
50001056 50001245
50001117 50001235
50001249 50001114
50001271 50001116
50001099 50001208
50001137 50001202
50001210 50001188
50001074 50001001
50001133 50001135
50001223 50001225
50001222 50001044
50001225 50001061
50001064 50001009
50001293 50001254
50001203 50001017
50001096 50001210
50001238 50001015
50001179 50001114
50001148 50001143
50001058 50001155
50001032 50001259
50001181 50001092
50001014 50001044
50001190 50001279
50001056 50001167
50001210 50001092
50001209 50001172
50001239 50001114
50001153 50001134
50001292 50001231
50001094 50001083
50001109 50001169
50001121 50001133
50001147 50001151
50001003 50001030
50001076 50001273
50001210 50001105
50001112 50001086
50001124 50001220
50001255 50001270
50001261 50001039
50001262 50001070
50001120 50001028
50001014 50001166
50001265 50001053
50001116 50001018
50001007 50001262
50001171 50001008
50001052 50001207
50001184 50001071
50001115 50001293
50001028 50001087
50001103 50001087
50001267 50001020
50001030 50001298
50001014 50001041
50001018 50001163
50001042 50001106
50001223 50001058
50001185 50001211
50001257 50001213
50001296 50001265
50001178 50001211
50001188 50001110
50001096 50001057
50001133 50001087
50001043 50001056
50001268 50001207
50001291 50001293
50001045 50001007
50001185 50001005
50001207 50001217
50001003 50001095
50001110 50001132
50001207 50001097
50001143 50001026
50001279 50001251
25001030 25001120
25001013 25001019
25001162 25001142
25001165 25001213
25001051 25001292
25001195 25001094
25001032 25001040
25001027 25001175
25001122 25001250
25001227 25001107
25001283 25001249
25001261 25001094
25001180 25001057
25001282 25001192
25001227 25001179
25001019 25001129
25001170 25001124
25001289 25001002
25001120 25001235
25001054 25001060
25001264 25001030
25001079 25001169
25001201 25001138
25001269 25001188
25001205 25001047
25001171 25001174
25001073 25001220
25001108 25001087
25001251 25001137
25001168 25001139
25001097 25001197
25001015 25001186
25001114 25001221
25001123 25001005
25001123 25001287
25001267 25001004
25001256 25001278
25001083 25001060
25001267 25001234
25001215 25001133
25001112 25001026
25001006 25001276
25001104 25001108
25001071 25001077
25001117 25001121
25001078 25001182
25001185 25001002
25001203 25001003
25001275 25001153
25001153 25001018
25001087 25001204
25001290 25001204
25001300 25001138
25001191 25001173
25001125 25001082
25001057 25001049
25001275 25001245
25001124 25001127
25001057 25001086
25001087 25001064
25001128 25001146
25001113 25001209
25001254 25001017
25001257 25001041
25001028 25001196
25001126 25001144
25001066 25001221
25001174 25001022
25001252 25001152
25001061 25001070
25001146 25001079
25001036 25001144
25001044 25001053
25001257 25001282
25001142 25001106
25001125 25001263
25001203 25001016
25001242 25001025
25001014 25001191
25001073 25001212
25001014 25001144
25001047 25001030
25001270 25001261
25001179 25001144
25001239 25001241
25001181 25001141
25001208 25001178
25001029 25001282
25001048 25001077
25001135 25001205
25001245 25001244
25001236 25001047
25001196 25001185
25001201 25001105
25001073 25001079
25001085 25001041
25001054 25001184
25001021 25001026
25001123 25001151
25001020 25001161
25001005 25001172
25001196 25001041
25001081 25001067
25001241 25001283
25001048 25001162
25001194 25001222
25001055 25001280
25001021 25001081
25001114 25001263
25001259 25001154
25001158 25001247
25001196 25001057
25001135 25001148
25001212 25001168
25001079 25001262
25001283 25001280
25001110 25001232
25001250 25001029
25001205 25001125
25001076 25001182
25001042 25001103
25001111 25001106
25001027 25001040
25001197 25001046
25001081 25001099
25001261 25001139
25001020 25001066
25001049 25001045
12501050 12501211
12501179 12501245
12501024 12501212
12501066 12501088
12501213 12501279
12501070 12501241
12501132 12501032
12501147 12501020
12501019 12501103
12501274 12501292
12501274 12501207
12501238 12501259
12501069 12501104
12501059 12501090
12501066 12501165
12501076 12501029
12501065 12501066
12501101 12501187
12501215 12501192
12501264 12501060
12501023 12501172
12501228 12501199
12501225 12501021
12501253 12501185
12501275 12501177
12501199 12501214
12501056 12501059
12501196 12501260
12501019 12501038
12501275 12501210
12501123 12501295
12501240 12501037
12501114 12501196
12501064 12501198
12501112 12501157
12501088 12501086
12501232 12501167
12501035 12501207
12501175 12501172
12501242 12501038
12501150 12501271
12501197 12501166
12501151 12501219
12501298 12501168
12501250 12501267
12501143 12501221
12501123 12501102
12501206 12501220
12501259 12501114
12501217 12501270
12501065 12501075
12501292 12501080
12501152 12501241
12501024 12501132
12501117 12501257
12501270 12501186
12501245 12501267
12501041 12501171
12501152 12501129
12501049 12501294
12501064 12501003
12501295 12501005
12501300 12501052
12501095 12501008
12501143 12501054
12501227 12501114
12501069 12501218
12501188 12501094
12501225 12501081
12501208 12501104
12501050 12501082
12501272 12501066
12501244 12501083
12501259 12501257
12501263 12501021
12501033 12501090
12501210 12501264
12501197 12501035
12501043 12501014
12501294 12501218
12501149 12501099
12501172 12501054
12501154 12501242
12501241 12501095
12501040 12501097
12501013 12501256
12501265 12501165
12501296 12501010
12501238 12501215
12501043 12501006
12501288 12501159
12501272 12501196
12501226 12501063
12501012 12501049
12501090 12501097
12501095 12501178
12501089 12501067
12501054 12501259
12501261 12501289
12501238 12501159
12501220 12501151
12501065 12501270
12501153 12501045
12501058 12501300
12501054 12501263
12501092 12501289
12501029 12501202
12501241 12501155
12501051 12501254
12501250 12501187
12501112 12501188
12501022 12501119
12501150 12501298
12501147 12501282
12501109 12501018
12501039 12501298
12501232 12501096
12501271 12501106
12501274 12501043
12501296 12501200
12501040 12501137
12501034 12501279
12501076 12501073
12501118 12501186
12501005 12501051
12501238 12501216
12501286 12501110
12501120 12501127
6251120 6251140
6251075 6251048
6251212 6251193
6251082 6251110
6251123 6251215
6251069 6251290
6251044 6251163
6251074 6251296
6251107 6251226
6251019 6251237
6251244 6251230
6251038 6251290
6251172 6251148
6251021 6251163
6251271 6251177
6251151 6251119
6251029 6251299
6251277 6251041
6251014 6251180
6251089 6251244
6251067 6251008
6251088 6251257
6251066 6251024
6251064 6251216
6251199 6251204
6251161 6251118
6251216 6251266
6251024 6251127
6251224 6251292
6251075 6251298
6251158 6251013
6251029 6251244
6251278 6251244
6251140 6251069
6251129 6251119
6251066 6251198
6251087 6251109
6251226 6251007
6251091 6251070
6251286 6251100
6251087 6251066
6251245 6251276
6251009 6251026
6251262 6251146
6251221 6251096
6251089 6251275
6251183 6251070
6251090 6251278
6251267 6251041
6251056 6251268
6251184 6251191
6251228 6251065
6251104 6251297
6251277 6251128
6251121 6251280
6251040 6251078
6251194 6251295
6251016 6251198
6251126 6251280
6251289 6251236
6251199 6251150
6251135 6251010
6251204 6251070
6251090 6251034
6251193 6251227
6251127 6251263
6251115 6251035
6251253 6251203
6251285 6251219
6251259 6251075
6251122 6251164
6251238 6251150
6251145 6251151
6251016 6251205
6251033 6251165
6251126 6251028
6251155 6251072
6251019 6251213
6251210 6251297
6251046 6251045
6251161 6251182
6251269 6251134
6251294 6251198
6251041 6251264
6251285 6251086
6251221 6251036
6251178 6251017
6251048 6251178
6251098 6251034
6251082 6251057
6251118 6251105
6251300 6251050
6251285 6251022
6251119 6251163
6251079 6251230
6251119 6251034
6251020 6251230
6251104 6251285
6251262 6251282
6251152 6251181
6251010 6251273
6251100 6251277
6251259 6251077
6251075 6251244
6251045 6251050
6251148 6251253
6251086 6251092
6251254 6251299
6251138 6251006
6251182 6251201
6251160 6251285
6251246 6251256
6251178 6251017
6251143 6251032
6251107 6251008
6251024 6251287
6251288 6251252
6251060 6251273
6251190 6251100
6251239 6251128
6251049 6251011
6251012 6251241
6251291 6251230
6251176 6251269
6251149 6251070
6251088 6251161
6251216 6251105
6251011 6251079
3126173 3126292
3126032 3126256
3126090 3126266
3126164 3126117
3126237 3126153
3126007 3126015
3126206 3126172
3126232 3126284
3126171 3126099
3126101 3126063
3126026 3126204
3126204 3126072
3126250 3126014
3126299 3126071
3126175 3126290
3126213 3126065
3126147 3126052
3126104 3126284
3126123 3126189
3126011 3126084
3126056 3126257
3126101 3126078
3126228 3126175
3126138 3126165
3126243 3126108
3126297 3126116
3126154 3126219
3126054 3126178
3126150 3126040
3126237 3126275
3126075 3126205
3126065 3126098
3126270 3126242
3126124 3126024
3126284 3126025
3126211 3126123
3126263 3126117
3126226 3126218
3126079 3126160
3126237 3126172
3126076 3126147
3126243 3126240
3126096 3126174
3126149 3126202
3126200 3126221
3126254 3126026
3126178 3126052
3126094 3126201
3126207 3126232
3126241 3126170
3126126 3126171
3126283 3126103
3126021 3126220
3126296 3126272
3126224 3126180
3126265 3126278
3126011 3126061
3126061 3126196
3126146 3126016
3126160 3126204
3126078 3126131
3126091 3126022
3126044 3126220
3126196 3126089
3126279 3126079
3126049 3126097
3126067 3126178
3126100 3126118
3126183 3126016
3126120 3126107
3126015 3126267
3126272 3126279
3126223 3126151
3126236 3126050
3126122 3126165
3126145 3126142
3126024 3126013
3126081 3126187
3126094 3126104
3126165 3126085
3126265 3126261
3126198 3126122
3126262 3126016
3126161 3126158
3126244 3126027
3126022 3126053
3126158 3126038
3126116 3126274
3126102 3126265
3126093 3126191
3126163 3126171
3126282 3126153
3126121 3126284
3126015 3126112
3126161 3126022
3126232 3126275
3126219 3126271
3126244 3126119
3126267 3126052
3126198 3126151
3126160 3126300
3126144 3126141
3126015 3126013
3126100 3126255
3126234 3126058
3126060 3126071
3126256 3126108
3126031 3126142
3126092 3126003
3126187 3126052
3126086 3126094
3126215 3126119
3126023 3126012
3126069 3126038
3126008 3126289
3126264 3126249
3126103 3126216
3126061 3126153
3126061 3126056
3126100 3126062
3126282 3126180
3126013 3126137
3126239 3126289
3126061 3126132
3126073 3126257
3126103 3126171
3126270 3126114
3126185 3126160
195 290
281 119
78 79
293 49
269 13
161 86
213 90
28 224
93 17
287 113
212 60
126 94
257 295
177 11
285 137
298 8
264 65
260 262
109 158
13 37
143 232
71 224
38 12
31 7
255 135
241 198
237 175
187 201
52 232
266 212
79 21
22 261
83 274
207 111
148 195
14 128
58 141
202 239
98 236
27 19
114 279
144 257
193 182
140 140
125 201
84 110
171 13
166 243
19 226
179 153
44 278
196 207
225 55
180 137
47 197
297 84
168 63
290 105
145 71
1 26
130 133
154 133
244 3
271 241
269 190
31 149
128 59
68 181
101 5
221 193
41 206
127 270
278 248
188 137
120 113
172 230
26 69
213 267
260 205
80 266
283 40
188 208
142 174
131 209
296 107
90 191
202 276
51 120
26 10
155 23
248 135
193 130
192 133
299 62
170 123
26 152
296 203
259 1
55 101
140 132
29 12
105 101
65 200
145 239
23 6
56 148
247 263
149 81
277 119
6 294
117 154
29 148
167 228
163 102
299 249
69 210
71 258
208 107
187 98
116 275
137 266
214 153
14 97
231 3
230 193
254 263
284 11
45 214
144 83
211 150
146 214
200 78
296 81
257 248
255 147
63 171
190 68
271 283
20 87
279 78
242 33
29 85
159 210
60 94
136 86
93 264
6 136
138 97
237 11
247 264
110 237
240 294
195 126
85 146
88 275
291 177
187 131
91 55
253 205
217 217
