# source: JorikJooken
# original path: jj_extract\knapsackProblemInstances-master\problemInstances\n_1000_c_1000000_g_6_f_0.2_eps_0.001_s_300\test.in
# optimal value: 1015477
# format: n capacity, then weight value
1000 1000000
501024 501272
501228 501174
501239 501268
501045 501112
501194 501153
501288 501200
501195 501236
501096 501017
501159 501152
501206 501078
501059 501065
501149 501094
501041 501149
501224 501076
501108 501263
501128 501267
501216 501230
501287 501216
501277 501020
501160 501160
501090 501169
501118 501020
501147 501027
501091 501292
501049 501147
501215 501175
501170 501022
501232 501229
501178 501040
501145 501103
501146 501144
501128 501274
501220 501282
501010 501015
501270 501049
501231 501279
501176 501173
501187 501059
501161 501278
501241 501115
501115 501135
501180 501090
501268 501081
501293 501192
501206 501201
501222 501034
501070 501244
501249 501106
501259 501112
501187 501285
501134 501149
501081 501135
501137 501244
501271 501066
501178 501171
501292 501177
501105 501051
501224 501005
501098 501037
501113 501112
501151 501029
501268 501184
501199 501116
501028 501113
501033 501145
501212 501143
501036 501089
501250 501116
501291 501216
501189 501103
501048 501137
501221 501055
501082 501062
501141 501045
501228 501187
501156 501291
501214 501226
501080 501176
501034 501045
501248 501197
501022 501261
501253 501031
501232 501280
501253 501168
501235 501234
501067 501048
501089 501165
501249 501235
501059 501214
501252 501250
501296 501024
501124 501010
501158 501128
501288 501171
501219 501022
501184 501096
501008 501246
501271 501136
501093 501207
501025 501211
501254 501264
501214 501191
501101 501041
501192 501178
501061 501144
501122 501126
501085 501262
501067 501139
501042 501168
501208 501027
501186 501070
501114 501099
501042 501203
501076 501258
501159 501294
501165 501151
501195 501011
501137 501179
501022 501094
501272 501158
501287 501268
501009 501246
501096 501070
501264 501197
501263 501276
501009 501191
501120 501101
501176 501142
501184 501130
501186 501050
501270 501286
501123 501213
501017 501243
501116 501111
501236 501126
501298 501107
501119 501238
501047 501270
501193 501139
501120 501295
501035 501106
501292 501042
501071 501015
501067 501103
501188 501189
501281 501031
501136 501010
501094 501132
501179 501158
501279 501160
501012 501063
501109 501235
501137 501299
501199 501055
501082 501287
501013 501083
501088 501144
501271 501219
501236 501154
501165 501077
251225 251100
251026 251017
251093 251041
251098 251118
251092 251292
251128 251290
251162 251078
251029 251087
251023 251191
251242 251226
251253 251013
251247 251135
251023 251297
251229 251169
251285 251100
251248 251105
251089 251289
251182 251086
251279 251065
251128 251282
251172 251073
251164 251121
251002 251203
251002 251098
251006 251091
251073 251143
251216 251217
251279 251112
251293 251222
251067 251124
251167 251281
251013 251265
251002 251235
251237 251079
251038 251237
251006 251069
251253 251178
251030 251067
251012 251121
251181 251010
251043 251142
251043 251154
251259 251072
251223 251240
251112 251093
251123 251293
251070 251010
251066 251264
251291 251242
251034 251017
251244 251176
251239 251093
251148 251010
251106 251087
251212 251081
251030 251231
251151 251289
251261 251099
251112 251057
251028 251280
251155 251182
251273 251181
251038 251266
251198 251101
251013 251107
251008 251110
251214 251012
251133 251108
251297 251183
251001 251240
251156 251217
251148 251057
251024 251156
251251 251199
251155 251202
251161 251045
251067 251176
251005 251003
251266 251131
251105 251185
251169 251007
251260 251104
251088 251238
251093 251216
251086 251224
251100 251224
251261 251014
251273 251149
251233 251042
251006 251129
251028 251236
251136 251198
251043 251204
251120 251232
251032 251038
251192 251059
251208 251243
251287 251041
251253 251023
251282 251173
251045 251065
251177 251110
251256 251089
251214 251117
251263 251097
251183 251172
251183 251052
251150 251027
251158 251269
251110 251125
251009 251247
251248 251262
251298 251082
251051 251142
251118 251003
251166 251163
251060 251291
251112 251034
251181 251005
251166 251094
251164 251045
251260 251143
251176 251081
251065 251048
251088 251078
251008 251250
251246 251049
251096 251258
251151 251087
251042 251055
251232 251205
251180 251083
251286 251152
251260 251055
251141 251134
251143 251072
251130 251174
251258 251079
251271 251191
251199 251187
251084 251150
251010 251289
251087 251089
251279 251090
251094 251036
251084 251243
251229 251121
251188 251039
251097 251156
251095 251106
251191 251027
251050 251289
251009 251089
251089 251057
251152 251108
251070 251266
251246 251117
251246 251133
251156 251204
251274 251212
126275 126022
126242 126056
126065 126118
126196 126230
126277 126243
126065 126280
126089 126099
126271 126153
126232 126203
126119 126165
126224 126134
126029 126064
126022 126005
126258 126151
126086 126264
126228 126206
126201 126145
126189 126097
126269 126099
126237 126087
126004 126089
126253 126201
126093 126001
126094 126151
126297 126098
126274 126183
126277 126079
126041 126121
126208 126297
126155 126259
126048 126058
126273 126082
126162 126114
126171 126078
126066 126242
126115 126229
126053 126015
126271 126003
126197 126076
126199 126141
126298 126082
126162 126195
126032 126300
126122 126148
126128 126240
126220 126213
126036 126159
126053 126041
126140 126051
126122 126096
126062 126054
126225 126119
126012 126079
126268 126128
126041 126025
126161 126229
126176 126252
126198 126031
126113 126049
126016 126141
126054 126186
126049 126200
126247 126079
126241 126286
126062 126191
126106 126071
126208 126216
126257 126298
126175 126077
126079 126072
126048 126170
126244 126069
126026 126177
126019 126144
126030 126086
126046 126242
126005 126116
126128 126252
126073 126076
126006 126039
126197 126002
126170 126254
126176 126059
126047 126002
126105 126224
126055 126223
126027 126213
126293 126174
126005 126094
126214 126260
126098 126179
126047 126158
126139 126169
126251 126256
126016 126201
126025 126055
126051 126209
126297 126002
126117 126037
126001 126047
126167 126065
126019 126104
126097 126090
126222 126155
126289 126120
126170 126210
126033 126042
126085 126171
126007 126292
126195 126053
126274 126054
126167 126022
126188 126280
126091 126047
126040 126110
126277 126033
126056 126229
126152 126111
126117 126222
126045 126180
126080 126113
126186 126256
126155 126219
126290 126053
126132 126137
126195 126069
126178 126069
126201 126240
126179 126036
126024 126289
126286 126298
126263 126151
126165 126293
126204 126103
126088 126087
126094 126176
126054 126068
126054 126210
126007 126039
126247 126004
126204 126052
126035 126102
126055 126215
126221 126280
126180 126134
126198 126116
126072 126033
126256 126162
126181 126243
126130 126283
126278 126153
126299 126056
126014 126021
126196 126296
126278 126269
126212 126059
126295 126260
126029 126106
126188 126041
126248 126140
63598 63776
63752 63606
63569 63582
63748 63533
63777 63730
63666 63759
63734 63509
63625 63566
63618 63760
63550 63700
63537 63537
63652 63706
63715 63789
63699 63664
63597 63679
63598 63712
63778 63723
63725 63593
63652 63773
63581 63598
63570 63609
63683 63563
63606 63610
63555 63633
63533 63735
63770 63665
63520 63553
63682 63668
63591 63682
63745 63724
63661 63695
63514 63799
63756 63709
63698 63610
63633 63584
63769 63671
63714 63749
63779 63742
63606 63569
63786 63793
63695 63739
63691 63650
63695 63588
63682 63553
63518 63507
63778 63679
63727 63504
63506 63794
63793 63757
63641 63562
63531 63573
63746 63659
63681 63634
63576 63638
63561 63597
63516 63663
63678 63576
63784 63555
63728 63549
63717 63609
63553 63648
63546 63544
63537 63572
63629 63563
63771 63673
63581 63751
63789 63765
63506 63702
63718 63523
63510 63534
63575 63712
63660 63746
63542 63506
63532 63542
63668 63697
63508 63787
63644 63736
63614 63630
63703 63748
63511 63681
63699 63668
63613 63734
63518 63543
63746 63669
63777 63513
63720 63616
63551 63695
63729 63578
63756 63654
63672 63521
63643 63716
63637 63579
63571 63721
63552 63640
63753 63607
63699 63666
63709 63781
63653 63721
63598 63541
63552 63788
63678 63616
63787 63574
63542 63779
63765 63580
63757 63760
63714 63745
63612 63535
63754 63530
63745 63545
63548 63546
63696 63621
63674 63659
63738 63615
63769 63732
63794 63737
63597 63705
63799 63560
63520 63543
63529 63608
63687 63686
63760 63785
63676 63708
63724 63719
63693 63781
63717 63573
63576 63604
63686 63564
63720 63550
63650 63696
63522 63596
63794 63554
63684 63788
63779 63601
63724 63548
63793 63708
63637 63795
63682 63563
63740 63541
63575 63693
63693 63664
63798 63645
63687 63615
63520 63738
63517 63627
63789 63750
63728 63656
63763 63589
63579 63589
63624 63697
63568 63789
63758 63558
63759 63607
63558 63588
63744 63739
63624 63594
63538 63580
63710 63658
63728 63707
63798 63689
63576 63618
32514 32474
32442 32299
32490 32450
32440 32355
32547 32280
32327 32327
32389 32495
32450 32289
32451 32539
32345 32438
32385 32442
32262 32424
32496 32353
32395 32392
32345 32310
32421 32301
32455 32286
32426 32441
32439 32499
32252 32515
32264 32513
32386 32310
32385 32286
32332 32509
32298 32531
32394 32543
32288 32541
32418 32256
32320 32403
32544 32543
32294 32381
32364 32330
32326 32254
32347 32430
32415 32488
32313 32414
32305 32396
32526 32549
32475 32517
32364 32478
32417 32420
32285 32431
32270 32295
32258 32533
32349 32384
32289 32263
32340 32387
32368 32529
32278 32428
32510 32298
32430 32549
32438 32513
32407 32364
32458 32472
32535 32481
32318 32454
32429 32351
32457 32326
32538 32462
32516 32494
32489 32521
32349 32405
32408 32355
32423 32305
32332 32453
32291 32368
32349 32434
32259 32294
32461 32353
32442 32363
32355 32427
32322 32455
32485 32463
32406 32546
32342 32375
32389 32273
32271 32361
32381 32258
32274 32530
32382 32285
32251 32341
32319 32314
32472 32399
32544 32545
32526 32309
32455 32525
32491 32284
32549 32371
32502 32279
32502 32488
32493 32334
32504 32311
32291 32546
32312 32506
32522 32452
32423 32474
32505 32540
32380 32440
32440 32357
32339 32374
32489 32286
32382 32525
32397 32276
32339 32483
32322 32386
32541 32525
32361 32493
32412 32504
32406 32298
32292 32451
32336 32453
32390 32521
32381 32467
32416 32449
32292 32378
32463 32298
32305 32540
32480 32473
32280 32296
32305 32480
32519 32456
32432 32489
32431 32481
32413 32509
32531 32380
32345 32482
32531 32342
32343 32467
32351 32363
32415 32384
32326 32507
32442 32532
32408 32438
32346 32373
32267 32429
32311 32364
32367 32464
32409 32414
32299 32471
32469 32293
32401 32459
32336 32489
32528 32295
32269 32313
32467 32472
32433 32520
32488 32341
32262 32422
32343 32525
32440 32429
32482 32315
32348 32483
32546 32544
32286 32306
32472 32331
32414 32488
32413 32263
32511 32484
32505 32474
32408 32548
67 182
19 116
148 217
208 244
125 210
17 294
169 299
292 129
251 23
75 174
87 166
150 113
49 300
45 197
291 280
142 271
102 176
4 266
221 10
246 201
179 177
46 101
284 194
181 23
242 6
122 260
23 269
117 21
42 96
150 190
279 22
259 66
8 253
293 247
188 242
147 71
66 83
212 190
185 140
23 87
197 221
58 170
263 168
260 2
118 235
140 79
197 138
209 91
13 274
70 203
88 160
297 69
104 10
217 23
298 160
275 275
251 103
90 84
213 26
281 260
13 101
78 40
102 272
161 174
231 214
114 16
14 170
11 69
66 39
158 221
219 52
240 187
98 294
201 264
76 283
176 111
221 29
16 132
275 209
120 153
290 198
106 249
280 146
162 257
234 244
141 75
196 136
171 108
266 135
76 94
290 105
292 243
166 206
92 294
211 261
35 14
36 26
104 77
279 168
126 21
168 114
136 247
62 80
134 27
261 11
199 282
4 270
253 291
34 187
270 173
197 47
257 124
212 261
105 12
154 139
214 95
261 171
179 244
115 121
166 39
194 259
32 186
298 93
296 115
31 64
62 222
231 26
72 25
222 49
221 152
200 266
181 5
241 125
31 176
284 184
227 80
17 149
229 98
120 156
197 187
81 258
241 259
2 227
48 65
37 40
45 182
36 247
45 159
104 251
261 109
32 20
241 116
225 153
48 212
86 1
161 173
40 32
204 112
76 130
184 152
156 164
55 183
202 72
176 49
194 73
68 222
231 34
269 88
65 15
253 160
6 32
32 239
220 300
27 25
285 31
45 219
207 213
256 217
107 180
265 247
42 278
25 230
14 200
165 254
151 194
155 154
198 194
271 246
285 101
155 244
213 20
102 61
202 169
98 280
69 63
12 223
55 75
186 222
57 236
192 157
