# source: JorikJooken
# original path: jj_extract\knapsackProblemInstances-master\problemInstances\n_1200_c_100000000_g_10_f_0.1_eps_1e-05_s_200\test.in
# optimal value: 100019338
# format: n capacity, then weight value
1200 100000000
50001085 50001109
50001045 50001165
50001095 50001089
50001073 50001016
50001106 50001103
50001047 50001058
50001083 50001138
50001003 50001127
50001106 50001187
50001157 50001031
50001021 50001108
50001014 50001077
50001154 50001036
50001180 50001068
50001139 50001059
50001158 50001177
50001136 50001000
50001007 50001021
50001154 50001178
50001148 50001149
50001131 50001026
50001064 50001110
50001152 50001005
50001195 50001028
50001199 50001143
50001019 50001142
50001059 50001148
50001175 50001123
50001063 50001175
50001016 50001184
50001165 50001030
50001154 50001188
50001030 50001041
50001178 50001102
50001131 50001095
50001193 50001067
50001149 50001148
50001178 50001005
50001006 50001073
50001113 50001150
50001120 50001152
50001063 50001156
50001070 50001126
50001144 50001081
50001121 50001099
50001028 50001077
50001141 50001131
50001143 50001083
50001169 50001164
50001130 50001161
50001045 50001144
50001190 50001061
50001125 50001136
50001016 50001013
50001160 50001184
50001079 50001062
50001185 50001172
50001034 50001090
50001102 50001168
50001097 50001110
50001085 50001170
50001096 50001165
50001193 50001080
50001099 50001010
50001085 50001061
50001179 50001015
50001127 50001001
50001076 50001188
50001180 50001158
50001170 50001033
50001027 50001030
50001172 50001028
50001043 50001176
50001033 50001092
50001187 50001077
50001183 50001055
50001100 50001079
50001180 50001126
50001175 50001148
50001145 50001115
50001008 50001097
50001176 50001130
50001130 50001149
50001021 50001098
50001042 50001175
50001150 50001137
50001174 50001188
50001110 50001112
50001132 50001063
50001147 50001140
50001161 50001160
50001052 50001038
50001114 50001030
50001047 50001197
50001191 50001063
50001054 50001105
50001177 50001173
50001191 50001119
50001168 50001039
50001098 50001031
50001012 50001159
50001189 50001198
50001196 50001008
50001076 50001046
50001036 50001061
50001000 50001000
50001066 50001147
50001115 50001135
50001131 50001057
50001035 50001186
50001134 50001164
50001192 50001023
50001109 50001044
50001046 50001085
50001012 50001150
50001039 50001013
50001049 50001159
50001153 50001186
50001076 50001126
50001019 50001043
25001191 25001021
25001096 25001181
25001183 25001092
25001162 25001086
25001022 25001006
25001037 25001100
25001163 25001079
25001001 25001074
25001164 25001122
25001176 25001189
25001086 25001185
25001043 25001079
25001047 25001073
25001179 25001163
25001014 25001030
25001159 25001021
25001128 25001192
25001109 25001004
25001060 25001113
25001136 25001164
25001038 25001007
25001073 25001005
25001062 25001119
25001018 25001077
25001094 25001128
25001138 25001083
25001193 25001171
25001191 25001017
25001165 25001066
25001099 25001001
25001010 25001079
25001143 25001198
25001135 25001091
25001094 25001108
25001139 25001148
25001017 25001090
25001153 25001089
25001162 25001180
25001181 25001146
25001040 25001076
25001163 25001065
25001034 25001057
25001018 25001106
25001048 25001077
25001013 25001052
25001071 25001148
25001020 25001069
25001140 25001048
25001028 25001011
25001007 25001170
25001115 25001102
25001125 25001095
25001123 25001067
25001110 25001107
25001006 25001140
25001073 25001045
25001145 25001088
25001092 25001029
25001013 25001066
25001153 25001075
25001122 25001123
25001080 25001086
25001168 25001112
25001163 25001026
25001044 25001145
25001028 25001105
25001176 25001148
25001161 25001135
25001154 25001131
25001160 25001176
25001049 25001038
25001133 25001078
25001091 25001002
25001125 25001179
25001128 25001014
25001107 25001190
25001127 25001093
25001145 25001159
25001115 25001038
25001200 25001122
25001185 25001154
25001041 25001020
25001056 25001199
25001065 25001158
25001177 25001122
25001168 25001095
25001031 25001099
25001083 25001166
25001111 25001135
25001156 25001163
25001162 25001052
25001077 25001185
25001191 25001003
25001017 25001084
25001151 25001175
25001141 25001159
25001077 25001089
25001156 25001037
25001083 25001174
25001117 25001062
25001130 25001131
25001085 25001019
25001083 25001189
25001117 25001170
25001047 25001117
25001016 25001129
25001107 25001058
25001083 25001151
25001108 25001083
25001076 25001119
25001057 25001036
25001004 25001154
25001155 25001027
25001133 25001122
25001086 25001076
25001178 25001177
25001174 25001163
25001150 25001112
25001136 25001112
25001173 25001126
12501128 12501153
12501112 12501023
12501192 12501142
12501176 12501053
12501073 12501084
12501113 12501138
12501079 12501008
12501178 12501046
12501121 12501180
12501023 12501005
12501071 12501162
12501075 12501159
12501023 12501067
12501070 12501005
12501158 12501028
12501078 12501050
12501134 12501055
12501079 12501149
12501008 12501030
12501058 12501190
12501086 12501030
12501152 12501006
12501091 12501061
12501126 12501075
12501165 12501153
12501133 12501003
12501008 12501173
12501071 12501086
12501032 12501008
12501101 12501178
12501199 12501013
12501140 12501089
12501061 12501054
12501028 12501129
12501159 12501055
12501004 12501076
12501087 12501051
12501167 12501037
12501189 12501120
12501109 12501096
12501157 12501019
12501132 12501064
12501156 12501181
12501059 12501118
12501017 12501076
12501100 12501151
12501001 12501176
12501018 12501067
12501057 12501185
12501073 12501105
12501133 12501107
12501147 12501038
12501001 12501196
12501169 12501006
12501166 12501020
12501167 12501034
12501117 12501192
12501027 12501103
12501144 12501050
12501096 12501122
12501071 12501194
12501079 12501016
12501076 12501023
12501075 12501067
12501010 12501002
12501005 12501081
12501043 12501196
12501049 12501093
12501185 12501137
12501173 12501048
12501111 12501052
12501116 12501146
12501070 12501170
12501157 12501125
12501169 12501179
12501089 12501140
12501199 12501080
12501019 12501193
12501005 12501016
12501127 12501037
12501200 12501139
12501017 12501150
12501182 12501052
12501076 12501183
12501062 12501042
12501046 12501052
12501049 12501138
12501063 12501058
12501125 12501085
12501019 12501191
12501105 12501194
12501021 12501096
12501117 12501027
12501051 12501124
12501015 12501089
12501090 12501013
12501088 12501083
12501098 12501091
12501114 12501079
12501068 12501032
12501045 12501083
12501096 12501101
12501099 12501021
12501107 12501178
12501044 12501038
12501067 12501081
12501054 12501187
12501012 12501098
12501002 12501193
12501044 12501162
12501001 12501083
12501089 12501021
12501025 12501026
12501013 12501093
12501147 12501048
12501061 12501127
12501064 12501016
12501163 12501155
12501181 12501164
12501116 12501070
6251021 6251177
6251160 6251044
6251088 6251021
6251107 6251198
6251109 6251037
6251045 6251032
6251020 6251091
6251077 6251008
6251169 6251015
6251019 6251017
6251083 6251021
6251118 6251088
6251087 6251031
6251052 6251062
6251118 6251121
6251051 6251112
6251127 6251097
6251027 6251153
6251140 6251090
6251035 6251096
6251155 6251013
6251195 6251004
6251131 6251008
6251045 6251081
6251156 6251197
6251107 6251035
6251105 6251031
6251068 6251167
6251148 6251160
6251137 6251055
6251180 6251181
6251120 6251161
6251017 6251101
6251196 6251067
6251002 6251153
6251118 6251109
6251008 6251096
6251101 6251133
6251087 6251125
6251072 6251078
6251129 6251056
6251068 6251110
6251186 6251091
6251120 6251157
6251125 6251147
6251152 6251120
6251150 6251111
6251104 6251147
6251193 6251063
6251184 6251153
6251187 6251141
6251007 6251049
6251036 6251109
6251044 6251163
6251110 6251105
6251191 6251098
6251186 6251087
6251121 6251106
6251089 6251074
6251112 6251193
6251125 6251044
6251006 6251024
6251014 6251092
6251039 6251046
6251076 6251025
6251137 6251198
6251022 6251117
6251105 6251185
6251040 6251072
6251054 6251162
6251162 6251196
6251180 6251098
6251082 6251150
6251034 6251150
6251105 6251063
6251176 6251009
6251167 6251185
6251183 6251173
6251131 6251154
6251136 6251019
6251106 6251073
6251035 6251048
6251147 6251185
6251163 6251112
6251189 6251053
6251042 6251099
6251041 6251192
6251197 6251017
6251012 6251002
6251104 6251166
6251117 6251196
6251138 6251025
6251141 6251091
6251176 6251031
6251056 6251167
6251186 6251028
6251143 6251189
6251085 6251051
6251107 6251173
6251106 6251026
6251160 6251135
6251136 6251045
6251159 6251108
6251158 6251046
6251145 6251197
6251045 6251095
6251033 6251130
6251028 6251186
6251183 6251085
6251164 6251091
6251111 6251170
6251070 6251010
6251053 6251001
6251051 6251022
6251082 6251040
6251082 6251029
6251162 6251166
6251019 6251116
6251093 6251158
6251014 6251017
3126196 3126181
3126147 3126197
3126181 3126097
3126119 3126016
3126130 3126050
3126037 3126150
3126098 3126158
3126047 3126016
3126091 3126076
3126041 3126034
3126124 3126097
3126191 3126162
3126126 3126142
3126110 3126068
3126153 3126081
3126029 3126189
3126101 3126008
3126134 3126100
3126113 3126088
3126048 3126046
3126131 3126091
3126131 3126009
3126072 3126176
3126173 3126140
3126073 3126051
3126019 3126157
3126044 3126086
3126018 3126124
3126156 3126163
3126001 3126130
3126087 3126005
3126006 3126098
3126100 3126056
3126078 3126040
3126072 3126056
3126119 3126190
3126129 3126084
3126098 3126036
3126021 3126025
3126100 3126130
3126189 3126012
3126199 3126154
3126008 3126158
3126006 3126111
3126140 3126072
3126120 3126098
3126114 3126138
3126017 3126117
3126182 3126056
3126008 3126012
3126084 3126082
3126005 3126018
3126136 3126138
3126157 3126190
3126065 3126009
3126082 3126193
3126165 3126198
3126116 3126085
3126125 3126159
3126038 3126015
3126040 3126197
3126133 3126101
3126163 3126071
3126172 3126093
3126009 3126040
3126069 3126045
3126122 3126142
3126180 3126088
3126145 3126155
3126067 3126133
3126078 3126150
3126151 3126033
3126087 3126109
3126023 3126131
3126033 3126102
3126167 3126034
3126040 3126011
3126045 3126045
3126034 3126039
3126128 3126186
3126193 3126036
3126164 3126179
3126186 3126175
3126135 3126186
3126039 3126096
3126180 3126036
3126135 3126043
3126043 3126063
3126143 3126059
3126100 3126084
3126170 3126127
3126169 3126020
3126148 3126161
3126078 3126196
3126023 3126062
3126042 3126037
3126164 3126153
3126116 3126016
3126178 3126143
3126064 3126121
3126151 3126031
3126089 3126025
3126096 3126043
3126050 3126186
3126193 3126046
3126032 3126044
3126016 3126054
3126174 3126066
3126097 3126059
3126184 3126063
3126130 3126094
3126132 3126088
3126057 3126121
3126057 3126035
3126009 3126116
3126191 3126018
3126169 3126103
3126190 3126070
3126199 3126139
3126145 3126029
1563700 1563503
1563561 1563664
1563616 1563566
1563667 1563549
1563685 1563645
1563647 1563622
1563594 1563600
1563505 1563650
1563618 1563527
1563643 1563514
1563645 1563523
1563628 1563660
1563524 1563571
1563542 1563532
1563671 1563552
1563641 1563602
1563545 1563525
1563553 1563533
1563640 1563664
1563557 1563508
1563584 1563559
1563567 1563589
1563582 1563559
1563652 1563601
1563684 1563648
1563503 1563638
1563508 1563570
1563630 1563545
1563513 1563539
1563504 1563501
1563533 1563593
1563560 1563511
1563593 1563511
1563674 1563685
1563668 1563565
1563556 1563651
1563659 1563612
1563613 1563549
1563503 1563689
1563517 1563650
1563535 1563618
1563615 1563644
1563612 1563516
1563665 1563508
1563508 1563638
1563514 1563580
1563578 1563700
1563657 1563544
1563615 1563665
1563627 1563660
1563552 1563547
1563644 1563609
1563514 1563612
1563688 1563675
1563685 1563693
1563596 1563595
1563691 1563555
1563531 1563594
1563586 1563607
1563537 1563593
1563689 1563640
1563618 1563663
1563646 1563607
1563697 1563607
1563576 1563698
1563591 1563577
1563676 1563503
1563632 1563501
1563553 1563519
1563676 1563631
1563522 1563640
1563503 1563560
1563649 1563647
1563598 1563684
1563561 1563642
1563581 1563624
1563548 1563619
1563681 1563645
1563524 1563605
1563533 1563672
1563605 1563586
1563502 1563623
1563548 1563683
1563653 1563534
1563507 1563666
1563603 1563539
1563505 1563663
1563700 1563590
1563623 1563511
1563561 1563546
1563563 1563680
1563521 1563555
1563532 1563599
1563588 1563640
1563542 1563633
1563648 1563517
1563605 1563653
1563638 1563577
1563631 1563553
1563574 1563650
1563537 1563696
1563645 1563511
1563593 1563620
1563567 1563692
1563513 1563673
1563616 1563640
1563688 1563568
1563551 1563552
1563610 1563699
1563646 1563614
1563569 1563606
1563586 1563643
1563589 1563530
1563571 1563579
1563664 1563680
1563691 1563548
1563504 1563639
1563584 1563581
1563555 1563700
1563636 1563626
782288 782381
782381 782295
782403 782315
782369 782373
782380 782430
782345 782437
782338 782361
782294 782334
782341 782362
782404 782303
782339 782325
782393 782365
782385 782410
782270 782340
782439 782368
782408 782442
782397 782298
782305 782345
782301 782372
782410 782314
782274 782425
782346 782324
782320 782308
782431 782255
782366 782271
782372 782373
782437 782405
782394 782449
782322 782372
782403 782254
782420 782336
782357 782309
782397 782274
782268 782399
782364 782268
782365 782284
782253 782430
782445 782258
782286 782338
782429 782349
782419 782372
782381 782289
782326 782293
782257 782365
782279 782309
782327 782430
782385 782395
782324 782419
782333 782439
782276 782382
782426 782403
782273 782342
782256 782283
782382 782377
782440 782408
782434 782376
782274 782357
782338 782252
782443 782298
782332 782319
782302 782380
782401 782450
782402 782381
782364 782317
782396 782369
782352 782340
782364 782380
782383 782391
782312 782407
782348 782402
782283 782352
782449 782346
782333 782363
782271 782286
782317 782311
782308 782365
782301 782415
782357 782400
782361 782331
782416 782444
782253 782288
782398 782343
782332 782370
782361 782430
782409 782376
782402 782301
782327 782406
782316 782379
782262 782363
782259 782375
782294 782369
782362 782386
782354 782267
782331 782293
782280 782287
782375 782325
782371 782293
782381 782329
782304 782342
782447 782312
782439 782442
782416 782301
782348 782268
782288 782274
782330 782343
782334 782332
782419 782317
782417 782418
782252 782427
782387 782384
782295 782286
782431 782286
782402 782270
782280 782430
782276 782346
782344 782271
782251 782396
782439 782387
782387 782440
782434 782423
391669 391635
391737 391774
391684 391719
391823 391817
391671 391686
391768 391680
391774 391631
391711 391753
391626 391781
391662 391720
391633 391716
391630 391739
391776 391630
391687 391808
391662 391766
391812 391778
391674 391799
391797 391635
391675 391726
391774 391797
391644 391739
391678 391661
391703 391678
391766 391779
391801 391783
391658 391735
391644 391772
391677 391775
391810 391804
391796 391751
391786 391803
391703 391684
391779 391680
391732 391758
391693 391762
391794 391735
391666 391743
391787 391702
391793 391792
391681 391668
391636 391786
391690 391645
391790 391653
391703 391649
391734 391650
391702 391667
391800 391732
391695 391786
391669 391783
391804 391783
391754 391653
391801 391669
391698 391658
391776 391695
391638 391740
391685 391775
391656 391636
391649 391699
391669 391745
391794 391748
391808 391815
391799 391802
391625 391741
391645 391750
391644 391716
391702 391735
391743 391790
391783 391765
391727 391805
391773 391659
391761 391687
391671 391735
391794 391662
391695 391625
391674 391741
391824 391755
391720 391768
391700 391668
391678 391814
391733 391728
391693 391805
391792 391718
391701 391744
391728 391801
391661 391659
391685 391696
391739 391731
391641 391790
391636 391726
391641 391701
391679 391668
391766 391677
391747 391820
391686 391749
391725 391657
391723 391638
391726 391677
391733 391705
391804 391726
391701 391643
391634 391702
391761 391753
391688 391721
391772 391678
391689 391821
391718 391702
391781 391627
391625 391757
391642 391652
391702 391822
391720 391785
391745 391629
391756 391669
391628 391680
391808 391702
391683 391698
391742 391724
391692 391626
391694 391710
391789 391705
196464 196497
196366 196418
196363 196426
196447 196410
196471 196434
196393 196437
196512 196448
196388 196351
196471 196330
196459 196313
196452 196388
196402 196505
196470 196384
196359 196388
196477 196316
196422 196340
196381 196510
196327 196503
196423 196348
196345 196377
196412 196490
196380 196345
196423 196318
196394 196399
196478 196459
196445 196379
196383 196403
196382 196368
196484 196467
196432 196449
196394 196508
196352 196388
196368 196426
196479 196373
196354 196403
196400 196347
196354 196493
196382 196440
196492 196322
196407 196491
196481 196439
196334 196395
196366 196430
196501 196449
196365 196318
196401 196397
196394 196478
196498 196328
196479 196355
196340 196460
196458 196481
196377 196337
196393 196358
196412 196497
196408 196501
196500 196349
196499 196498
196315 196428
196366 196421
196391 196325
196420 196379
196419 196419
196396 196427
196324 196488
196406 196440
196398 196417
196472 196398
196449 196340
196327 196435
196326 196470
196350 196499
196413 196417
196432 196504
196456 196393
196468 196372
196328 196491
196416 196421
196347 196343
196322 196475
196331 196318
196429 196344
196482 196386
196377 196372
196418 196324
196328 196352
196340 196511
196372 196453
196326 196494
196385 196346
196504 196379
196498 196478
196487 196335
196486 196445
196378 196468
196411 196496
196454 196359
196364 196442
196505 196437
196493 196330
196477 196406
196352 196328
196404 196346
196356 196322
196497 196346
196364 196493
196490 196482
196323 196457
196374 196381
196489 196407
196360 196497
196499 196330
196500 196407
196328 196430
196400 196447
196424 196397
196336 196357
196366 196313
196374 196462
196355 196509
196441 196322
48 196
98 14
65 82
7 200
133 52
115 111
81 122
171 106
196 28
123 157
156 199
126 117
125 168
129 192
2 48
2 190
167 72
12 95
139 91
22 46
95 22
74 13
51 89
6 71
111 115
17 31
197 168
187 92
11 28
3 38
58 121
157 19
183 163
174 115
86 59
4 184
51 157
129 199
4 31
151 176
29 98
192 197
189 132
131 2
155 95
170 46
107 134
129 113
192 184
167 42
55 177
49 18
187 193
42 174
27 150
42 115
87 15
155 29
110 178
63 145
174 66
34 105
91 50
120 75
148 186
144 75
148 196
152 89
123 183
177 157
164 70
115 72
159 10
6 75
103 64
94 24
67 62
10 115
166 122
153 106
48 18
192 38
51 149
83 184
45 130
69 186
45 174
84 9
50 8
155 154
152 83
42 190
21 27
90 114
82 148
74 157
76 62
78 115
196 25
47 164
165 193
139 125
181 57
41 10
136 100
194 121
167 156
197 7
1 51
12 198
61 145
61 36
91 87
18 2
49 136
139 6
32 26
130 34
54 70
164 31
