# source: JorikJooken
# original path: jj_extract\knapsackProblemInstances-master\problemInstances\n_400_c_100000000_g_10_f_0.1_eps_0.1_s_100\test.in
# optimal value: 99964016
# format: n capacity, then weight value
400 100000000
60000013 60000088
60000095 60000072
60000022 60000079
60000026 60000038
60000070 60000045
60000049 60000058
60000066 60000042
60000035 60000051
60000051 60000043
60000035 60000051
60000026 60000089
60000090 60000004
60000077 60000098
60000072 60000022
60000060 60000060
60000034 60000017
60000072 60000048
60000007 60000088
60000090 60000053
60000018 60000051
60000060 60000091
60000076 60000077
60000059 60000001
60000054 60000024
60000086 60000071
60000025 60000085
60000077 60000019
60000076 60000051
60000056 60000084
60000034 60000094
60000065 60000091
60000079 60000015
60000063 60000046
60000048 60000005
60000037 60000090
60000051 60000065
60000078 60000066
60000047 60000004
60000089 60000008
60000084 60000054
35000047 35000096
35000001 35000066
35000012 35000091
35000065 35000008
35000032 35000087
35000093 35000063
35000049 35000050
35000082 35000056
35000028 35000055
35000062 35000044
35000042 35000007
35000093 35000010
35000036 35000069
35000048 35000056
35000020 35000052
35000007 35000036
35000042 35000027
35000018 35000064
35000051 35000033
35000096 35000091
35000062 35000009
35000037 35000086
35000058 35000052
35000081 35000049
35000014 35000063
35000021 35000095
35000051 35000060
35000011 35000010
35000094 35000021
35000038 35000031
35000081 35000010
35000057 35000031
35000058 35000056
35000064 35000047
35000036 35000037
35000008 35000015
35000033 35000020
35000014 35000005
35000011 35000085
35000025 35000004
22500070 22500090
22500043 22500087
22500044 22500029
22500020 22500040
22500037 22500089
22500016 22500091
22500082 22500075
22500018 22500011
22500032 22500016
22500028 22500087
22500084 22500027
22500050 22500048
22500092 22500046
22500020 22500078
22500087 22500078
22500060 22500073
22500091 22500067
22500055 22500033
22500093 22500017
22500090 22500020
22500099 22500021
22500019 22500011
22500093 22500004
22500045 22500042
22500021 22500091
22500052 22500004
22500034 22500018
22500064 22500092
22500033 22500044
22500052 22500054
22500015 22500007
22500019 22500098
22500006 22500077
22500085 22500018
22500055 22500014
22500042 22500045
22500067 22500065
22500009 22500047
22500059 22500012
22500078 22500095
16250043 16250095
16250025 16250068
16250021 16250066
16250081 16250057
16250090 16250078
16250076 16250016
16250043 16250027
16250078 16250014
16250093 16250082
16250037 16250016
16250020 16250084
16250059 16250008
16250020 16250010
16250043 16250099
16250041 16250003
16250026 16250016
16250009 16250073
16250004 16250077
16250078 16250022
16250052 16250024
16250073 16250029
16250012 16250092
16250055 16250044
16250092 16250057
16250096 16250038
16250090 16250015
16250039 16250096
16250065 16250037
16250090 16250081
16250065 16250019
16250080 16250017
16250085 16250024
16250010 16250099
16250030 16250054
16250093 16250097
16250041 16250082
16250088 16250036
16250032 16250090
16250093 16250015
16250074 16250089
13125084 13125026
13125099 13125034
13125048 13125093
13125039 13125069
13125064 13125037
13125051 13125047
13125088 13125004
13125054 13125079
13125077 13125042
13125007 13125048
13125095 13125015
13125081 13125063
13125036 13125027
13125053 13125032
13125060 13125028
13125055 13125096
13125053 13125015
13125075 13125035
13125027 13125051
13125046 13125065
13125041 13125038
13125064 13125015
13125027 13125061
13125002 13125007
13125002 13125020
13125052 13125039
13125044 13125049
13125065 13125057
13125020 13125046
13125033 13125083
13125062 13125098
13125078 13125068
13125085 13125009
13125018 13125007
13125097 13125054
13125094 13125079
13125002 13125068
13125087 13125051
13125040 13125002
13125083 13125077
11562541 11562535
11562581 11562501
11562515 11562549
11562508 11562532
11562513 11562597
11562523 11562580
11562595 11562527
11562593 11562580
11562578 11562544
11562505 11562536
11562560 11562588
11562515 11562584
11562590 11562529
11562552 11562532
11562582 11562515
11562531 11562534
11562578 11562578
11562514 11562560
11562510 11562595
11562575 11562519
11562556 11562563
11562542 11562586
11562588 11562528
11562517 11562509
11562521 11562517
11562532 11562563
11562518 11562531
11562503 11562512
11562566 11562582
11562583 11562530
11562529 11562568
11562510 11562531
11562521 11562541
11562529 11562575
11562539 11562585
11562597 11562549
11562529 11562508
11562572 11562518
11562576 11562540
11562550 11562585
10781271 10781298
10781324 10781257
10781335 10781313
10781282 10781274
10781288 10781315
10781345 10781310
10781317 10781343
10781318 10781253
10781271 10781318
10781330 10781254
10781295 10781330
10781344 10781271
10781301 10781253
10781331 10781327
10781349 10781264
10781265 10781272
10781272 10781306
10781327 10781325
10781325 10781331
10781299 10781284
10781289 10781305
10781252 10781268
10781318 10781271
10781254 10781325
10781311 10781349
10781263 10781268
10781276 10781350
10781340 10781339
10781276 10781345
10781253 10781331
10781256 10781348
10781280 10781295
10781281 10781253
10781304 10781340
10781296 10781321
10781258 10781295
10781267 10781303
10781297 10781339
10781307 10781254
10781302 10781325
10390716 10390637
10390717 10390657
10390640 10390664
10390715 10390678
10390657 10390633
10390670 10390656
10390722 10390697
10390678 10390724
10390654 10390684
10390709 10390637
10390691 10390663
10390703 10390708
10390678 10390652
10390671 10390627
10390640 10390640
10390719 10390674
10390653 10390628
10390702 10390652
10390628 10390725
10390717 10390632
10390687 10390635
10390680 10390719
10390657 10390663
10390637 10390637
10390658 10390707
10390720 10390707
10390672 10390664
10390644 10390629
10390672 10390662
10390687 10390704
10390665 10390653
10390675 10390650
10390722 10390674
10390644 10390694
10390656 10390649
10390672 10390673
10390709 10390689
10390654 10390650
10390713 10390716
10390652 10390669
10195334 10195377
10195380 10195363
10195365 10195344
10195385 10195371
10195399 10195355
10195375 10195395
10195411 10195347
10195369 10195405
10195367 10195396
10195351 10195345
10195364 10195313
10195383 10195398
10195334 10195390
10195389 10195346
10195376 10195364
10195341 10195385
10195401 10195331
10195346 10195394
10195359 10195401
10195401 10195371
10195352 10195386
10195392 10195340
10195322 10195333
10195338 10195326
10195355 10195345
10195365 10195394
10195402 10195390
10195406 10195333
10195410 10195327
10195343 10195332
10195359 10195404
10195354 10195412
10195408 10195332
10195360 10195375
10195327 10195409
10195323 10195327
10195320 10195410
10195321 10195363
10195324 10195377
10195367 10195352
28 61
96 12
78 4
47 99
53 41
25 82
53 49
90 15
16 59
58 31
84 35
43 63
54 73
95 53
48 92
12 50
1 84
49 16
26 88
37 3
58 44
83 10
49 73
7 51
55 44
29 75
48 47
92 39
46 99
87 54
46 68
67 82
29 59
9 44
34 49
52 82
38 39
16 93
48 51
34 77
