# source: JorikJooken
# original path: jj_extract\knapsackProblemInstances-master\problemInstances\n_600_c_100000000_g_6_f_0.1_eps_0.0001_s_300\test.in
# optimal value: 97202949
# format: n capacity, then weight value
600 100000000
50010280 50010260
50010174 50010160
50010204 50010059
50010033 50010190
50010026 50010223
50010119 50010188
50010040 50010060
50010041 50010282
50010244 50010134
50010216 50010240
50010028 50010287
50010281 50010013
50010192 50010038
50010269 50010175
50010006 50010244
50010202 50010261
50010288 50010069
50010026 50010001
50010070 50010069
50010135 50010107
50010209 50010206
50010224 50010062
50010051 50010044
50010190 50010277
50010119 50010209
50010289 50010061
50010059 50010122
50010232 50010274
50010291 50010029
50010001 50010100
50010143 50010300
50010193 50010226
50010162 50010030
50010170 50010134
50010226 50010164
50010141 50010024
50010071 50010016
50010266 50010237
50010167 50010182
50010072 50010257
50010036 50010080
50010017 50010041
50010076 50010263
50010031 50010096
50010051 50010031
50010092 50010167
50010084 50010062
50010070 50010113
50010055 50010029
50010244 50010087
50010058 50010268
50010243 50010085
50010227 50010237
50010240 50010107
50010280 50010270
50010218 50010237
50010038 50010290
50010124 50010171
50010153 50010155
50010248 50010142
50010179 50010103
50010111 50010154
50010154 50010156
50010189 50010107
50010050 50010153
50010068 50010054
50010152 50010060
50010125 50010067
50010207 50010117
50010205 50010206
50010272 50010281
50010096 50010225
50010058 50010265
50010206 50010164
50010215 50010253
50010077 50010097
50010256 50010282
50010239 50010032
50010264 50010238
50010216 50010297
50010231 50010255
50010241 50010286
50010082 50010065
50010165 50010041
50010224 50010077
50010113 50010048
50010228 50010217
50010097 50010227
50010074 50010250
50010079 50010013
50010098 50010185
50010010 50010150
50010025 50010190
50010222 50010058
50010141 50010211
50010148 50010094
50010022 50010044
50010213 50010114
50010219 50010217
50010290 50010042
50010245 50010243
50010218 50010089
50010154 50010180
50010047 50010041
50010294 50010093
50010245 50010008
50010140 50010297
50010239 50010187
25010216 25010056
25010043 25010256
25010188 25010148
25010098 25010135
25010105 25010135
25010131 25010029
25010061 25010119
25010088 25010064
25010063 25010276
25010072 25010069
25010191 25010062
25010049 25010161
25010029 25010171
25010096 25010138
25010122 25010270
25010137 25010295
25010004 25010003
25010036 25010067
25010071 25010145
25010162 25010137
25010068 25010260
25010281 25010271
25010239 25010236
25010036 25010121
25010010 25010090
25010106 25010042
25010264 25010298
25010066 25010179
25010099 25010159
25010098 25010020
25010129 25010235
25010300 25010049
25010140 25010160
25010008 25010238
25010052 25010261
25010057 25010136
25010107 25010064
25010254 25010068
25010115 25010035
25010265 25010103
25010007 25010012
25010155 25010211
25010094 25010061
25010179 25010286
25010179 25010127
25010138 25010141
25010024 25010240
25010293 25010153
25010093 25010204
25010129 25010143
25010131 25010062
25010106 25010280
25010259 25010275
25010009 25010219
25010041 25010134
25010219 25010114
25010147 25010081
25010119 25010008
25010044 25010001
25010103 25010216
25010038 25010048
25010189 25010037
25010146 25010108
25010185 25010232
25010053 25010298
25010107 25010065
25010283 25010123
25010075 25010239
25010148 25010015
25010166 25010291
25010224 25010274
25010152 25010233
25010037 25010291
25010128 25010256
25010053 25010108
25010006 25010056
25010145 25010190
25010228 25010182
25010118 25010043
25010065 25010205
25010031 25010076
25010090 25010215
25010225 25010209
25010219 25010221
25010240 25010088
25010264 25010291
25010278 25010144
25010285 25010095
25010137 25010068
25010293 25010038
25010081 25010143
25010107 25010009
25010266 25010075
25010116 25010107
25010128 25010131
25010188 25010261
25010110 25010169
25010028 25010091
25010121 25010040
25010005 25010052
25010209 25010123
25010002 25010117
25010037 25010218
25010078 25010185
25010108 25010239
25010063 25010169
25010182 25010130
25010259 25010206
12510096 12510129
12510242 12510189
12510106 12510262
12510028 12510196
12510258 12510286
12510263 12510064
12510211 12510292
12510101 12510276
12510299 12510254
12510232 12510012
12510120 12510063
12510290 12510259
12510163 12510180
12510205 12510057
12510272 12510191
12510157 12510050
12510283 12510062
12510075 12510260
12510264 12510040
12510277 12510015
12510141 12510235
12510219 12510138
12510091 12510281
12510282 12510290
12510144 12510091
12510014 12510187
12510127 12510134
12510179 12510021
12510222 12510199
12510039 12510111
12510044 12510182
12510205 12510291
12510202 12510010
12510149 12510259
12510261 12510063
12510122 12510040
12510297 12510264
12510276 12510197
12510145 12510089
12510193 12510216
12510159 12510003
12510199 12510220
12510134 12510195
12510178 12510001
12510125 12510196
12510172 12510249
12510067 12510271
12510258 12510105
12510124 12510210
12510074 12510159
12510267 12510213
12510158 12510005
12510064 12510070
12510256 12510261
12510107 12510044
12510006 12510225
12510210 12510000
12510000 12510236
12510157 12510127
12510044 12510119
12510219 12510123
12510169 12510101
12510140 12510221
12510032 12510176
12510221 12510116
12510011 12510270
12510134 12510046
12510190 12510018
12510035 12510255
12510036 12510050
12510205 12510032
12510279 12510038
12510086 12510194
12510079 12510220
12510066 12510065
12510292 12510039
12510183 12510259
12510107 12510213
12510276 12510271
12510296 12510183
12510034 12510103
12510011 12510071
12510124 12510226
12510213 12510256
12510155 12510024
12510212 12510143
12510071 12510163
12510010 12510060
12510261 12510035
12510136 12510047
12510254 12510063
12510031 12510020
12510009 12510044
12510140 12510082
12510056 12510286
12510284 12510068
12510134 12510068
12510010 12510142
12510235 12510122
12510063 12510215
12510156 12510254
12510192 12510203
12510171 12510108
12510087 12510021
12510221 12510210
12510100 12510258
12510029 12510270
12510076 12510280
6260007 6260134
6260187 6260071
6260025 6260033
6260075 6260026
6260013 6260159
6260115 6260263
6260213 6260282
6260194 6260026
6260110 6260042
6260078 6260249
6260092 6260111
6260231 6260104
6260096 6260115
6260072 6260231
6260103 6260177
6260134 6260149
6260155 6260143
6260006 6260176
6260180 6260017
6260127 6260115
6260294 6260203
6260199 6260125
6260094 6260104
6260161 6260088
6260255 6260114
6260002 6260076
6260225 6260239
6260167 6260273
6260127 6260274
6260193 6260043
6260152 6260169
6260294 6260100
6260176 6260176
6260154 6260288
6260051 6260006
6260072 6260154
6260110 6260155
6260299 6260280
6260163 6260039
6260236 6260082
6260147 6260107
6260242 6260232
6260215 6260257
6260191 6260219
6260072 6260054
6260163 6260299
6260048 6260233
6260029 6260046
6260210 6260199
6260087 6260085
6260042 6260084
6260174 6260220
6260294 6260235
6260202 6260113
6260052 6260274
6260189 6260181
6260260 6260085
6260068 6260042
6260208 6260058
6260231 6260234
6260074 6260186
6260090 6260276
6260007 6260285
6260068 6260258
6260013 6260192
6260154 6260141
6260259 6260047
6260213 6260277
6260177 6260125
6260094 6260271
6260179 6260277
6260048 6260271
6260141 6260124
6260019 6260296
6260095 6260096
6260134 6260187
6260254 6260152
6260229 6260299
6260178 6260197
6260256 6260155
6260171 6260124
6260253 6260223
6260017 6260182
6260052 6260282
6260059 6260129
6260217 6260280
6260080 6260278
6260143 6260146
6260269 6260284
6260273 6260018
6260294 6260077
6260197 6260161
6260011 6260167
6260148 6260145
6260013 6260059
6260028 6260185
6260251 6260073
6260043 6260242
6260182 6260266
6260057 6260014
6260185 6260232
6260149 6260098
6260248 6260261
6260160 6260299
6260223 6260124
6260245 6260089
6260026 6260061
6260298 6260089
3135152 3135269
3135012 3135244
3135237 3135053
3135237 3135240
3135064 3135115
3135052 3135027
3135187 3135113
3135171 3135178
3135079 3135176
3135060 3135261
3135085 3135165
3135174 3135111
3135117 3135092
3135025 3135213
3135182 3135156
3135014 3135279
3135281 3135294
3135260 3135284
3135111 3135076
3135091 3135172
3135096 3135129
3135173 3135289
3135118 3135261
3135057 3135122
3135122 3135031
3135109 3135090
3135299 3135018
3135080 3135224
3135094 3135066
3135154 3135043
3135004 3135279
3135071 3135194
3135162 3135066
3135027 3135121
3135157 3135189
3135295 3135049
3135040 3135196
3135102 3135106
3135035 3135108
3135223 3135243
3135001 3135156
3135082 3135088
3135032 3135210
3135244 3135256
3135099 3135239
3135266 3135185
3135220 3135225
3135147 3135163
3135067 3135256
3135070 3135106
3135026 3135189
3135143 3135242
3135076 3135089
3135248 3135215
3135059 3135300
3135251 3135232
3135203 3135287
3135148 3135074
3135254 3135259
3135230 3135208
3135138 3135236
3135133 3135184
3135086 3135153
3135113 3135084
3135113 3135097
3135298 3135039
3135264 3135135
3135138 3135190
3135104 3135140
3135214 3135167
3135117 3135036
3135268 3135182
3135072 3135154
3135160 3135199
3135155 3135040
3135057 3135263
3135163 3135203
3135196 3135082
3135201 3135137
3135037 3135170
3135142 3135236
3135201 3135243
3135161 3135154
3135016 3135197
3135092 3135295
3135185 3135143
3135156 3135070
3135141 3135173
3135232 3135281
3135239 3135150
3135058 3135102
3135253 3135192
3135180 3135072
3135153 3135145
3135025 3135042
3135211 3135286
3135296 3135068
3135236 3135193
3135269 3135270
3135230 3135040
3135176 3135199
3135111 3135282
3135117 3135221
3135182 3135170
3135097 3135299
3135048 3135149
3135060 3135212
3135283 3135187
60 85
108 139
121 276
177 133
13 227
9 263
81 298
117 142
241 263
141 238
30 174
50 70
44 277
160 262
70 29
213 145
82 175
119 208
247 181
249 291
81 114
119 195
216 178
86 87
69 196
96 132
60 45
124 61
149 199
22 237
82 118
64 53
123 294
187 240
92 201
255 264
248 212
258 128
204 14
77 135
130 56
87 2
288 224
266 178
255 151
114 33
39 68
32 29
82 276
289 78
22 246
34 188
113 207
257 122
233 40
293 87
230 289
161 288
153 155
227 99
