# source: JorikJooken
# original path: jj_extract\knapsackProblemInstances-master\problemInstances\n_400_c_10000000000_g_2_f_0.3_eps_0.001_s_300\test.in
# optimal value: 5010018062
# format: n capacity, then weight value
400 10000000000
5010000126 5010000042
5010000069 5010000064
5010000181 5010000121
5010000059 5010000140
5010000097 5010000292
5010000263 5010000155
5010000123 5010000039
5010000135 5010000148
5010000182 5010000157
5010000259 5010000038
5010000282 5010000285
5010000079 5010000054
5010000214 5010000280
5010000006 5010000056
5010000004 5010000224
5010000137 5010000051
5010000179 5010000170
5010000044 5010000020
5010000063 5010000272
5010000075 5010000235
5010000072 5010000197
5010000187 5010000202
5010000071 5010000242
5010000236 5010000261
5010000294 5010000213
5010000014 5010000201
5010000033 5010000277
5010000048 5010000230
5010000201 5010000156
5010000115 5010000247
5010000185 5010000184
5010000188 5010000087
5010000172 5010000079
5010000125 5010000300
5010000127 5010000026
5010000045 5010000172
5010000110 5010000258
5010000014 5010000251
5010000096 5010000233
5010000107 5010000146
5010000032 5010000287
5010000295 5010000144
5010000076 5010000188
5010000107 5010000095
5010000104 5010000222
5010000267 5010000185
5010000257 5010000243
5010000100 5010000061
5010000122 5010000294
5010000024 5010000244
5010000089 5010000267
5010000256 5010000031
5010000216 5010000184
5010000090 5010000153
5010000144 5010000158
5010000074 5010000053
5010000249 5010000283
5010000189 5010000096
5010000117 5010000136
5010000253 5010000217
5010000175 5010000145
5010000292 5010000204
5010000198 5010000087
5010000139 5010000115
5010000099 5010000285
5010000247 5010000287
5010000070 5010000181
5010000247 5010000273
5010000165 5010000212
5010000085 5010000047
5010000018 5010000091
5010000083 5010000080
5010000036 5010000095
5010000173 5010000118
5010000139 5010000032
5010000093 5010000040
5010000249 5010000036
5010000120 5010000054
5010000004 5010000035
5010000125 5010000283
5010000027 5010000097
5010000291 5010000259
5010000167 5010000098
5010000283 5010000166
5010000247 5010000055
5010000153 5010000191
5010000232 5010000118
5010000075 5010000230
5010000099 5010000096
5010000259 5010000061
5010000144 5010000175
5010000125 5010000039
5010000033 5010000281
5010000002 5010000075
5010000197 5010000297
5010000112 5010000037
5010000071 5010000188
5010000269 5010000148
5010000024 5010000047
5010000058 5010000252
5010000269 5010000265
5010000044 5010000213
5010000023 5010000257
5010000292 5010000232
5010000273 5010000138
5010000194 5010000051
5010000077 5010000123
5010000209 5010000198
5010000288 5010000178
5010000226 5010000281
5010000051 5010000008
5010000015 5010000004
5010000283 5010000103
5010000279 5010000228
5010000202 5010000154
5010000055 5010000158
5010000002 5010000283
5010000183 5010000066
5010000028 5010000196
5010000081 5010000057
5010000252 5010000063
5010000063 5010000147
5010000077 5010000138
5010000099 5010000146
5010000238 5010000152
5010000093 5010000128
5010000292 5010000282
5010000094 5010000064
5010000196 5010000287
5010000129 5010000163
5010000272 5010000248
5010000112 5010000081
5010000137 5010000167
5010000021 5010000197
5010000263 5010000260
5010000141 5010000119
5010000112 5010000240
5010000256 5010000254
5010000060 5010000042
5010000084 5010000001
5010000210 5010000129
5010000239 5010000249
5010000077 5010000147
5010000248 5010000269
5010000127 5010000283
5010000262 5010000110
5010000025 5010000287
5010000231 5010000254
5010000236 5010000263
5010000092 5010000220
5010000116 5010000098
5010000196 5010000217
5010000047 5010000141
5010000069 5010000134
5010000013 5010000204
5010000183 5010000015
5010000134 5010000029
5010000290 5010000137
5010000120 5010000183
5010000165 5010000191
5010000198 5010000100
5010000167 5010000042
5010000292 5010000295
5010000198 5010000149
5010000155 5010000215
5010000126 5010000152
5010000263 5010000285
5010000061 5010000122
5010000129 5010000207
5010000099 5010000283
5010000292 5010000295
5010000251 5010000040
5010000221 5010000040
5010000264 5010000143
5010000188 5010000255
5010000240 5010000156
5010000164 5010000184
5010000248 5010000204
5010000147 5010000235
5010000174 5010000264
5010000110 5010000098
5010000294 5010000203
5010000085 5010000248
5010000081 5010000041
5010000267 5010000282
5010000179 5010000159
5010000044 5010000221
5010000060 5010000038
5010000265 5010000091
5010000097 5010000271
5010000041 5010000227
5010000210 5010000068
5010000039 5010000220
5010000115 5010000246
5010000069 5010000104
5010000070 5010000049
5010000080 5010000180
5010000221 5010000113
5010000140 5010000145
5010000014 5010000149
5010000193 5010000030
5010000127 5010000046
5010000017 5010000086
5010000011 5010000054
5010000114 5010000244
5010000025 5010000276
5010000273 5010000221
5010000008 5010000175
5010000171 5010000198
5010000196 5010000178
5010000164 5010000262
5010000063 5010000002
5010000190 5010000245
5010000139 5010000163
5010000136 5010000148
5010000300 5010000273
5010000119 5010000125
5010000289 5010000113
5010000282 5010000248
5010000097 5010000286
5010000101 5010000167
5010000200 5010000229
5010000095 5010000204
5010000206 5010000165
5010000073 5010000076
5010000228 5010000061
5010000029 5010000110
5010000196 5010000111
5010000172 5010000068
5010000058 5010000144
5010000083 5010000081
5010000125 5010000069
5010000011 5010000277
5010000298 5010000196
5010000223 5010000206
5010000081 5010000255
5010000022 5010000142
5010000292 5010000236
5010000050 5010000280
5010000159 5010000027
5010000070 5010000143
5010000221 5010000267
5010000221 5010000063
5010000140 5010000218
5010000179 5010000272
5010000013 5010000146
5010000266 5010000171
5010000019 5010000300
5010000078 5010000236
5010000142 5010000009
5010000281 5010000188
5010000136 5010000261
5010000228 5010000143
5010000145 5010000036
5010000217 5010000030
5010000273 5010000227
5010000050 5010000277
5010000072 5010000172
5010000028 5010000194
5010000193 5010000173
5010000160 5010000231
5010000256 5010000226
5010000223 5010000212
5010000187 5010000196
5010000082 5010000064
5010000089 5010000038
5010000091 5010000290
5010000299 5010000254
5010000253 5010000233
5010000084 5010000239
5010000195 5010000090
5010000021 5010000262
5010000062 5010000219
5010000248 5010000146
5010000019 5010000164
5010000023 5010000211
5010000209 5010000088
5010000248 5010000113
5010000297 5010000292
5010000121 5010000079
176 41
295 82
204 227
159 221
283 94
245 264
203 240
174 134
164 178
40 234
296 137
217 180
207 8
164 23
294 169
161 268
134 44
112 292
95 158
283 275
69 41
75 29
117 206
247 125
206 148
166 91
176 298
268 162
128 273
235 266
151 111
131 257
291 57
86 245
181 3
11 163
253 3
285 27
236 67
174 210
131 2
190 66
183 63
153 149
57 241
73 86
137 206
276 93
237 279
274 186
109 196
180 7
2 238
134 102
270 186
229 36
216 188
41 141
130 147
116 300
250 245
263 7
42 252
49 238
27 232
18 34
177 196
137 211
187 94
8 188
253 218
230 278
94 94
247 206
277 176
41 150
297 160
105 111
217 174
115 66
174 65
51 293
271 39
256 182
47 280
247 1
32 105
137 82
172 128
63 218
276 69
183 22
168 127
23 195
231 97
149 248
89 244
270 175
211 38
277 121
158 282
4 57
299 97
223 5
290 153
243 270
32 292
171 130
260 75
100 34
173 31
230 195
5 273
280 206
236 72
228 34
235 3
88 190
270 250
269 91
