# source: JorikJooken
# original path: jj_extract\knapsackProblemInstances-master\problemInstances\n_1200_c_1000000_g_6_f_0.3_eps_0.001_s_100\test.in
# optimal value: 1006861
# format: n capacity, then weight value
1200 1000000
501003 501017
501052 501007
501087 501002
501073 501034
501072 501001
501070 501095
501069 501021
501100 501058
501091 501095
501006 501055
501044 501035
501010 501019
501019 501036
501041 501057
501058 501098
501071 501097
501043 501028
501016 501010
501051 501090
501083 501013
501046 501050
501080 501099
501015 501076
501098 501063
501011 501001
501079 501097
501051 501029
501024 501021
501086 501035
501068 501072
501035 501042
501051 501083
501087 501030
501036 501079
501095 501046
501077 501080
501099 501068
501047 501018
501007 501020
501089 501073
501070 501017
501011 501086
501007 501050
501071 501010
501045 501062
501013 501014
501049 501002
501057 501005
501064 501090
501061 501009
501082 501057
501039 501019
501053 501027
501001 501021
501071 501039
501005 501075
501050 501062
501070 501093
501053 501006
501069 501096
501071 501092
501074 501045
501047 501099
501060 501090
501057 501074
501027 501044
501048 501063
501096 501006
501081 501011
501005 501081
501042 501075
501044 501011
501035 501061
501033 501022
501055 501025
501058 501018
501078 501093
501014 501037
501005 501051
501042 501032
501064 501051
501055 501094
501065 501035
501045 501002
501024 501036
501082 501053
501081 501006
501043 501062
501017 501091
501032 501060
501081 501069
501096 501078
501045 501024
501014 501045
501052 501012
501057 501014
501083 501029
501043 501012
501020 501061
501086 501005
501058 501035
501034 501005
501049 501079
501016 501041
501078 501014
501084 501080
501075 501098
501089 501072
501063 501004
501086 501085
501048 501100
501065 501074
501032 501030
501001 501089
501093 501001
501089 501023
501100 501007
501068 501026
501014 501070
501054 501091
501093 501098
501079 501012
501051 501050
501007 501049
501032 501097
501076 501093
501059 501058
501100 501081
501046 501028
501005 501086
501036 501033
501012 501043
501069 501087
501093 501081
501094 501048
501068 501009
501048 501059
501010 501078
501002 501026
501024 501046
501028 501091
501042 501025
501082 501047
501054 501039
501015 501091
501092 501041
501020 501009
501016 501051
501026 501036
501045 501090
501036 501056
501036 501093
501084 501008
501013 501095
501098 501100
501066 501002
501031 501048
501057 501007
501039 501026
501044 501078
501033 501033
501007 501100
501005 501057
501094 501038
501029 501009
501035 501051
501087 501072
501072 501092
251039 251049
251084 251030
251088 251005
251016 251089
251055 251030
251010 251081
251084 251001
251035 251011
251023 251008
251056 251063
251030 251009
251051 251057
251021 251036
251054 251071
251004 251033
251069 251068
251062 251053
251087 251003
251033 251068
251082 251028
251025 251007
251045 251064
251025 251072
251017 251031
251020 251038
251085 251072
251090 251097
251090 251091
251099 251098
251051 251066
251023 251030
251072 251036
251021 251001
251024 251068
251031 251011
251093 251034
251090 251077
251034 251007
251099 251088
251060 251083
251065 251095
251072 251055
251068 251065
251081 251069
251056 251018
251018 251077
251033 251048
251032 251019
251091 251031
251065 251088
251061 251051
251029 251041
251048 251014
251092 251080
251028 251054
251092 251081
251024 251098
251001 251092
251069 251082
251022 251050
251004 251042
251055 251066
251097 251093
251053 251066
251097 251018
251063 251010
251059 251057
251066 251051
251097 251041
251019 251033
251010 251058
251067 251063
251028 251090
251093 251084
251058 251073
251010 251056
251071 251031
251044 251062
251041 251018
251034 251038
251061 251096
251007 251080
251044 251004
251049 251019
251095 251039
251069 251028
251013 251007
251036 251064
251084 251073
251019 251043
251042 251017
251039 251050
251059 251075
251008 251087
251079 251050
251098 251067
251008 251069
251088 251015
251026 251025
251041 251082
251057 251078
251032 251009
251095 251023
251019 251043
251029 251083
251008 251042
251020 251085
251075 251016
251082 251017
251046 251074
251013 251033
251076 251015
251060 251039
251041 251071
251028 251086
251058 251006
251017 251057
251084 251030
251020 251014
251079 251001
251003 251046
251036 251073
251093 251076
251070 251022
251011 251058
251046 251059
251032 251074
251055 251037
251044 251063
251100 251024
251008 251024
251013 251042
251040 251009
251014 251016
251025 251056
251001 251051
251016 251001
251072 251085
251008 251021
251018 251021
251041 251031
251039 251066
251075 251096
251092 251098
251048 251054
251043 251076
251060 251077
251083 251062
251022 251008
251070 251012
251065 251092
251011 251067
251059 251088
251006 251052
251017 251062
251094 251033
251043 251028
251024 251091
251031 251083
251070 251078
251093 251031
251007 251086
251081 251020
251029 251088
251045 251064
251036 251058
251019 251099
251025 251091
126095 126060
126027 126043
126078 126004
126072 126038
126024 126092
126090 126091
126092 126097
126092 126030
126090 126006
126036 126021
126058 126003
126100 126074
126057 126041
126056 126072
126029 126032
126070 126087
126064 126094
126084 126073
126089 126052
126016 126076
126060 126067
126080 126055
126019 126048
126095 126026
126071 126009
126052 126054
126052 126055
126074 126028
126038 126079
126089 126058
126005 126032
126027 126081
126042 126093
126073 126060
126095 126017
126049 126061
126068 126039
126031 126075
126010 126051
126018 126054
126008 126034
126090 126096
126091 126053
126058 126060
126012 126090
126042 126020
126078 126060
126069 126085
126083 126093
126044 126036
126091 126047
126050 126019
126083 126081
126033 126024
126072 126007
126030 126026
126031 126090
126078 126046
126004 126025
126051 126035
126041 126077
126001 126083
126001 126054
126015 126059
126021 126030
126030 126008
126006 126068
126055 126081
126051 126058
126047 126050
126012 126026
126011 126095
126070 126045
126007 126094
126059 126074
126015 126060
126099 126002
126048 126091
126013 126027
126094 126091
126066 126021
126067 126086
126023 126064
126011 126098
126074 126007
126019 126015
126070 126036
126065 126033
126089 126052
126064 126048
126045 126083
126040 126081
126006 126049
126089 126066
126035 126039
126053 126100
126033 126072
126057 126029
126007 126099
126033 126071
126082 126063
126040 126091
126056 126089
126045 126060
126048 126094
126097 126071
126029 126037
126079 126025
126074 126084
126046 126094
126036 126075
126002 126084
126038 126070
126004 126007
126089 126017
126059 126005
126019 126050
126006 126095
126074 126055
126087 126037
126052 126016
126084 126025
126064 126065
126001 126017
126088 126088
126071 126046
126013 126079
126046 126010
126005 126059
126062 126008
126032 126073
126058 126034
126039 126016
126098 126063
126010 126033
126031 126026
126077 126097
126002 126060
126054 126002
126046 126016
126100 126037
126093 126041
126006 126090
126068 126064
126074 126092
126092 126009
126100 126080
126075 126090
126062 126049
126040 126014
126012 126071
126001 126090
126095 126040
126082 126070
126005 126080
126079 126012
126009 126053
126071 126016
126017 126075
126080 126007
126085 126090
126069 126042
126057 126067
126046 126091
126008 126020
126016 126090
126030 126050
126013 126081
63534 63579
63521 63547
63598 63582
63526 63550
63583 63546
63569 63556
63585 63554
63547 63562
63524 63521
63503 63586
63510 63548
63522 63526
63536 63570
63571 63574
63555 63575
63578 63509
63570 63568
63544 63512
63595 63534
63538 63507
63513 63584
63554 63532
63564 63518
63529 63577
63514 63537
63513 63598
63559 63571
63521 63528
63551 63517
63589 63505
63547 63535
63503 63571
63545 63552
63573 63534
63578 63580
63568 63536
63523 63582
63509 63589
63593 63556
63520 63516
63566 63509
63543 63524
63515 63541
63518 63515
63555 63541
63590 63563
63583 63521
63562 63528
63522 63584
63540 63575
63519 63521
63581 63585
63561 63508
63519 63513
63563 63556
63591 63512
63531 63579
63508 63525
63594 63579
63505 63575
63550 63528
63525 63582
63538 63525
63576 63542
63519 63545
63579 63574
63570 63596
63542 63590
63566 63586
63579 63587
63586 63545
63546 63549
63575 63548
63555 63597
63580 63558
63505 63508
63532 63514
63584 63588
63547 63526
63547 63536
63599 63561
63516 63561
63535 63522
63584 63560
63514 63502
63517 63574
63594 63522
63528 63516
63517 63569
63514 63507
63524 63532
63534 63533
63502 63530
63505 63555
63578 63533
63527 63580
63572 63521
63577 63510
63525 63528
63508 63554
63526 63590
63558 63539
63544 63585
63515 63573
63501 63589
63501 63518
63521 63535
63574 63592
63593 63528
63569 63564
63522 63572
63519 63555
63522 63591
63598 63509
63515 63538
63586 63524
63559 63580
63579 63508
63533 63591
63502 63560
63597 63510
63546 63532
63584 63584
63533 63532
63599 63597
63573 63521
63586 63550
63508 63575
63561 63585
63596 63592
63526 63503
63546 63546
63578 63582
63512 63555
63574 63556
63538 63569
63582 63559
63540 63532
63580 63580
63578 63518
63589 63571
63507 63572
63595 63570
63508 63520
63585 63526
63536 63587
63566 63538
63575 63566
63557 63548
63560 63518
63564 63524
63583 63522
63544 63563
63598 63534
63564 63578
63573 63531
63566 63536
63502 63544
63572 63581
63590 63504
63539 63524
63539 63512
63587 63551
63522 63554
63558 63581
63538 63529
63555 63565
63507 63521
32297 32332
32256 32259
32299 32322
32333 32343
32319 32287
32272 32260
32318 32266
32272 32326
32347 32279
32270 32319
32298 32342
32294 32297
32304 32296
32282 32319
32251 32258
32342 32312
32286 32297
32252 32251
32295 32327
32321 32294
32291 32285
32292 32270
32282 32309
32261 32271
32295 32343
32289 32321
32337 32343
32270 32258
32345 32315
32343 32292
32278 32252
32347 32322
32306 32311
32343 32301
32254 32288
32336 32301
32342 32326
32291 32350
32288 32307
32296 32347
32256 32253
32267 32347
32285 32252
32338 32316
32341 32277
32303 32329
32259 32277
32336 32255
32274 32338
32280 32289
32278 32266
32277 32256
32344 32313
32310 32319
32289 32263
32292 32313
32309 32259
32295 32327
32268 32253
32326 32340
32318 32275
32259 32315
32273 32299
32298 32278
32272 32256
32304 32280
32334 32258
32329 32320
32328 32338
32311 32277
32331 32322
32340 32317
32261 32273
32315 32333
32340 32263
32251 32322
32346 32336
32281 32345
32342 32295
32292 32327
32264 32266
32304 32330
32284 32289
32325 32261
32318 32327
32293 32265
32283 32324
32293 32313
32283 32316
32254 32314
32253 32298
32302 32315
32266 32311
32291 32303
32290 32274
32328 32316
32309 32311
32295 32276
32273 32333
32256 32341
32311 32251
32263 32275
32265 32346
32349 32288
32347 32321
32284 32283
32282 32303
32295 32276
32340 32261
32303 32343
32326 32348
32318 32276
32305 32321
32311 32264
32327 32259
32274 32278
32315 32321
32261 32253
32319 32345
32345 32347
32264 32323
32264 32259
32336 32272
32260 32252
32338 32331
32304 32300
32347 32315
32349 32335
32267 32290
32282 32269
32283 32297
32300 32316
32299 32312
32294 32301
32290 32287
32341 32341
32312 32278
32294 32288
32338 32335
32291 32340
32294 32314
32278 32345
32312 32322
32314 32293
32289 32261
32346 32286
32336 32336
32279 32324
32282 32331
32336 32298
32255 32284
32341 32348
32305 32327
32328 32269
32336 32325
32265 32331
32315 32342
32293 32333
32287 32340
32272 32259
32323 32295
32340 32262
32310 32278
32323 32289
32271 32294
32306 32263
32346 32336
32296 32278
70 30
70 66
25 89
31 61
61 24
75 12
99 14
49 67
8 28
60 5
5 95
83 86
16 74
19 6
100 19
93 43
93 100
4 18
38 60
54 98
27 4
74 4
68 63
37 71
45 60
2 36
5 87
6 40
66 5
32 2
63 39
55 39
88 41
27 42
13 46
71 20
94 35
86 96
73 19
32 18
40 39
59 26
46 66
51 68
17 46
99 45
54 76
81 46
82 33
4 73
73 3
13 81
44 2
67 59
57 90
98 54
20 71
93 86
99 40
29 6
79 52
66 32
61 39
51 82
61 22
95 74
74 33
97 53
85 35
88 57
24 87
67 73
64 72
59 75
48 49
21 83
21 34
18 14
20 58
87 59
73 81
48 87
3 45
14 95
25 91
18 72
93 24
78 60
65 26
55 81
28 62
94 43
51 74
52 89
96 92
66 64
61 43
80 11
97 16
70 35
1 59
86 69
83 58
30 60
25 49
77 43
71 49
49 58
86 88
59 70
17 60
53 83
81 82
73 91
59 32
59 56
80 48
84 26
46 36
17 5
15 25
24 35
23 9
18 76
11 36
7 43
84 91
48 47
75 48
72 21
78 62
57 45
70 31
78 83
47 27
21 49
5 48
83 81
12 76
91 12
18 31
97 99
74 18
12 11
93 27
13 3
11 43
47 66
67 93
85 28
72 94
27 42
81 48
68 99
24 81
41 16
18 2
52 96
57 49
48 38
44 5
25 36
58 36
42 51
42 8
8 27
65 73
75 83
6 68
51 53
39 10
96 26
2 64
100 67
2 58
35 78
16 85
35 26
34 42
30 95
98 63
91 96
46 33
16 14
78 25
79 7
1 48
57 22
37 75
3 30
91 53
13 2
47 91
69 5
4 30
65 53
3 88
32 26
37 66
76 69
57 67
56 18
45 2
90 46
17 15
41 63
21 47
38 71
41 86
92 11
85 32
67 77
42 18
60 64
35 41
90 82
63 16
51 63
94 28
52 83
16 83
38 98
74 72
86 78
2 37
79 43
48 18
43 44
99 44
58 50
78 12
11 41
16 85
30 53
15 28
47 37
47 27
27 85
80 70
54 54
96 48
46 32
45 68
43 33
5 2
7 56
11 26
48 24
80 14
73 86
47 1
93 1
41 48
9 44
11 6
78 100
17 52
88 33
42 30
19 64
19 23
19 25
17 2
5 19
6 45
81 95
99 47
77 50
47 93
19 99
100 17
96 87
82 63
76 28
17 34
18 34
31 25
3 51
57 13
41 77
93 32
76 97
18 19
34 70
72 73
36 85
86 85
99 28
56 4
43 46
66 4
31 24
40 40
9 37
30 59
64 87
6 13
63 99
28 34
75 23
98 7
60 95
67 75
87 74
56 76
56 65
6 73
24 41
15 55
16 9
6 46
76 27
47 41
59 83
95 88
60 20
66 88
27 62
72 26
7 26
63 62
97 65
30 42
47 14
50 32
32 17
86 56
93 48
61 24
100 16
29 76
55 65
40 1
15 87
22 25
9 58
79 45
4 3
14 45
34 15
73 97
86 55
45 52
37 1
9 2
81 29
64 96
81 47
64 16
92 92
76 93
58 69
15 2
42 88
77 5
21 100
86 77
16 5
15 3
80 79
