# source: JorikJooken
# original path: jj_extract\knapsackProblemInstances-master\problemInstances\n_400_c_10000000000_g_10_f_0.1_eps_0_s_100\test.in
# optimal value: 9980478623
# format: n capacity, then weight value
400 10000000000
5000000094 5000000096
5000000060 5000000100
5000000038 5000000050
5000000004 5000000017
5000000058 5000000028
5000000081 5000000009
5000000094 5000000021
5000000002 5000000040
5000000074 5000000026
5000000021 5000000072
5000000036 5000000078
5000000005 5000000005
5000000042 5000000067
5000000066 5000000015
5000000008 5000000065
5000000096 5000000013
5000000046 5000000082
5000000056 5000000064
5000000033 5000000007
5000000078 5000000074
5000000020 5000000013
5000000045 5000000075
5000000005 5000000086
5000000094 5000000050
5000000059 5000000009
5000000044 5000000017
5000000047 5000000024
5000000053 5000000015
5000000009 5000000065
5000000019 5000000015
5000000084 5000000035
5000000015 5000000083
5000000093 5000000042
5000000032 5000000029
5000000032 5000000095
5000000073 5000000027
5000000067 5000000065
5000000062 5000000079
5000000034 5000000082
5000000033 5000000058
2500000031 2500000079
2500000034 2500000081
2500000053 2500000015
2500000070 2500000034
2500000034 2500000073
2500000011 2500000051
2500000049 2500000032
2500000085 2500000006
2500000061 2500000069
2500000089 2500000081
2500000040 2500000052
2500000053 2500000082
2500000054 2500000062
2500000001 2500000025
2500000014 2500000065
2500000024 2500000018
2500000002 2500000016
2500000099 2500000064
2500000053 2500000017
2500000076 2500000058
2500000043 2500000078
2500000089 2500000059
2500000001 2500000023
2500000054 2500000092
2500000014 2500000100
2500000097 2500000011
2500000070 2500000073
2500000020 2500000044
2500000036 2500000026
2500000049 2500000024
2500000046 2500000071
2500000023 2500000041
2500000041 2500000050
2500000095 2500000046
2500000079 2500000066
2500000011 2500000013
2500000007 2500000018
2500000007 2500000071
2500000046 2500000075
2500000031 2500000042
1250000015 1250000016
1250000060 1250000028
1250000055 1250000082
1250000049 1250000031
1250000027 1250000035
1250000056 1250000071
1250000037 1250000082
1250000055 1250000078
1250000010 1250000032
1250000038 1250000023
1250000024 1250000058
1250000097 1250000030
1250000090 1250000064
1250000050 1250000084
1250000040 1250000004
1250000075 1250000049
1250000058 1250000059
1250000076 1250000020
1250000014 1250000055
1250000068 1250000022
1250000081 1250000045
1250000006 1250000034
1250000062 1250000067
1250000017 1250000055
1250000064 1250000037
1250000087 1250000098
1250000014 1250000098
1250000090 1250000054
1250000035 1250000071
1250000075 1250000036
1250000006 1250000061
1250000070 1250000051
1250000010 1250000095
1250000021 1250000097
1250000037 1250000020
1250000098 1250000089
1250000097 1250000100
1250000028 1250000058
1250000058 1250000025
1250000032 1250000089
625000071 625000020
625000076 625000008
625000057 625000078
625000094 625000084
625000042 625000027
625000021 625000051
625000014 625000055
625000060 625000067
625000083 625000084
625000059 625000023
625000011 625000097
625000029 625000042
625000036 625000022
625000027 625000009
625000020 625000016
625000009 625000015
625000064 625000005
625000051 625000012
625000086 625000022
625000030 625000033
625000051 625000097
625000080 625000048
625000020 625000008
625000035 625000087
625000095 625000007
625000056 625000041
625000095 625000009
625000013 625000057
625000022 625000026
625000042 625000086
625000002 625000041
625000004 625000030
625000082 625000038
625000013 625000025
625000013 625000010
625000030 625000085
625000099 625000056
625000099 625000025
625000070 625000013
625000010 625000029
312500032 312500056
312500031 312500029
312500092 312500066
312500089 312500037
312500012 312500094
312500085 312500056
312500100 312500089
312500034 312500008
312500085 312500063
312500076 312500058
312500046 312500043
312500061 312500037
312500082 312500064
312500062 312500007
312500040 312500094
312500048 312500068
312500047 312500013
312500074 312500030
312500022 312500060
312500057 312500086
312500017 312500059
312500074 312500063
312500085 312500041
312500037 312500084
312500002 312500027
312500038 312500004
312500041 312500013
312500079 312500086
312500008 312500024
312500011 312500007
312500066 312500061
312500031 312500046
312500057 312500026
312500061 312500063
312500099 312500060
312500058 312500048
312500096 312500065
312500033 312500024
312500034 312500002
312500051 312500089
156250099 156250009
156250083 156250074
156250055 156250098
156250039 156250004
156250087 156250055
156250066 156250065
156250045 156250070
156250090 156250031
156250024 156250014
156250035 156250008
156250026 156250083
156250034 156250086
156250090 156250009
156250018 156250031
156250004 156250079
156250023 156250020
156250071 156250008
156250053 156250068
156250011 156250035
156250020 156250033
156250001 156250088
156250057 156250048
156250035 156250046
156250013 156250017
156250010 156250060
156250096 156250043
156250021 156250096
156250050 156250029
156250062 156250055
156250035 156250031
156250027 156250038
156250014 156250016
156250097 156250072
156250027 156250045
156250002 156250050
156250077 156250008
156250055 156250100
156250037 156250041
156250095 156250023
156250071 156250045
78125010 78125098
78125016 78125086
78125069 78125066
78125015 78125039
78125070 78125092
78125030 78125068
78125070 78125059
78125056 78125055
78125025 78125026
78125083 78125043
78125045 78125047
78125088 78125045
78125078 78125066
78125078 78125041
78125021 78125093
78125037 78125076
78125060 78125077
78125044 78125019
78125017 78125054
78125044 78125025
78125081 78125075
78125097 78125065
78125039 78125076
78125043 78125028
78125098 78125001
78125043 78125012
78125057 78125039
78125093 78125086
78125060 78125049
78125079 78125048
78125061 78125038
78125062 78125089
78125080 78125013
78125078 78125011
78125042 78125086
78125053 78125027
78125006 78125077
78125092 78125048
78125032 78125050
78125063 78125001
39062566 39062534
39062545 39062520
39062582 39062507
39062506 39062527
39062537 39062576
39062505 39062588
39062572 39062509
39062558 39062559
39062596 39062519
39062596 39062508
39062544 39062516
39062512 39062508
39062508 39062505
39062502 39062597
39062561 39062539
39062576 39062524
39062536 39062525
39062521 39062562
39062508 39062563
39062546 39062558
39062565 39062514
39062519 39062549
39062575 39062535
39062512 39062571
39062540 39062560
39062548 39062573
39062589 39062562
39062540 39062504
39062542 39062583
39062593 39062578
39062531 39062522
39062597 39062563
39062543 39062566
39062547 39062567
39062520 39062566
39062569 39062560
39062589 39062595
39062575 39062527
39062570 39062505
39062513 39062563
19531267 19531333
19531341 19531287
19531332 19531318
19531336 19531304
19531278 19531320
19531307 19531296
19531287 19531296
19531288 19531350
19531272 19531300
19531344 19531299
19531312 19531288
19531296 19531295
19531319 19531274
19531314 19531300
19531337 19531280
19531291 19531306
19531265 19531304
19531307 19531254
19531331 19531307
19531306 19531282
19531339 19531327
19531293 19531328
19531300 19531257
19531339 19531325
19531273 19531267
19531265 19531306
19531330 19531311
19531277 19531301
19531258 19531286
19531267 19531265
19531330 19531296
19531300 19531333
19531302 19531282
19531302 19531265
19531325 19531254
19531332 19531317
19531260 19531254
19531257 19531341
19531298 19531259
19531301 19531343
100 90
10 93
40 6
6 16
98 11
64 22
16 29
66 15
86 78
88 48
51 52
20 75
7 54
35 78
78 88
45 59
13 22
39 98
69 33
24 11
33 77
21 30
100 51
16 71
63 48
33 91
57 92
71 68
8 42
43 71
84 61
58 70
23 62
76 73
97 23
13 81
87 78
17 5
94 82
19 18
