# source: JorikJooken
# original path: jj_extract\knapsackProblemInstances-master\problemInstances\n_1000_c_10000000000_g_10_f_0.3_eps_0.01_s_200\test.in
# optimal value: 9999261399
# format: n capacity, then weight value
1000 10000000000
5100000179 5100000196
5100000073 5100000067
5100000010 5100000107
5100000058 5100000180
5100000192 5100000192
5100000068 5100000132
5100000062 5100000150
5100000059 5100000134
5100000112 5100000058
5100000162 5100000124
5100000163 5100000127
5100000087 5100000123
5100000149 5100000007
5100000035 5100000101
5100000020 5100000061
5100000137 5100000131
5100000031 5100000107
5100000043 5100000037
5100000145 5100000111
5100000134 5100000194
5100000011 5100000183
5100000053 5100000131
5100000077 5100000182
5100000032 5100000097
5100000101 5100000059
5100000057 5100000150
5100000129 5100000156
5100000115 5100000156
5100000028 5100000048
5100000037 5100000015
5100000197 5100000059
5100000018 5100000166
5100000095 5100000138
5100000026 5100000090
5100000043 5100000198
5100000044 5100000107
5100000127 5100000019
5100000125 5100000030
5100000102 5100000172
5100000047 5100000015
5100000059 5100000156
5100000114 5100000029
5100000096 5100000139
5100000161 5100000069
5100000195 5100000037
5100000090 5100000180
5100000112 5100000141
5100000174 5100000056
5100000126 5100000152
5100000022 5100000197
5100000067 5100000140
5100000032 5100000021
5100000033 5100000026
5100000128 5100000029
5100000070 5100000168
5100000200 5100000073
5100000081 5100000126
5100000153 5100000105
5100000049 5100000059
5100000043 5100000151
5100000022 5100000087
5100000029 5100000188
5100000039 5100000143
5100000055 5100000106
5100000143 5100000135
5100000150 5100000155
5100000124 5100000181
5100000105 5100000162
5100000146 5100000081
5100000169 5100000163
5100000010 5100000077
5100000003 5100000119
5100000078 5100000037
5100000023 5100000089
5100000101 5100000139
5100000177 5100000125
5100000151 5100000094
2600000044 2600000016
2600000163 2600000056
2600000083 2600000166
2600000155 2600000104
2600000192 2600000186
2600000002 2600000135
2600000051 2600000146
2600000010 2600000143
2600000072 2600000114
2600000113 2600000095
2600000099 2600000032
2600000100 2600000182
2600000040 2600000170
2600000072 2600000173
2600000075 2600000192
2600000199 2600000010
2600000087 2600000129
2600000200 2600000105
2600000195 2600000129
2600000088 2600000055
2600000136 2600000127
2600000044 2600000052
2600000188 2600000091
2600000141 2600000097
2600000016 2600000020
2600000011 2600000093
2600000195 2600000003
2600000084 2600000169
2600000118 2600000171
2600000143 2600000160
2600000042 2600000018
2600000151 2600000146
2600000173 2600000166
2600000121 2600000114
2600000179 2600000094
2600000157 2600000103
2600000078 2600000100
2600000100 2600000064
2600000114 2600000181
2600000119 2600000066
2600000022 2600000188
2600000097 2600000175
2600000179 2600000110
2600000041 2600000022
2600000078 2600000143
2600000085 2600000021
2600000105 2600000030
2600000164 2600000174
2600000184 2600000066
2600000003 2600000111
2600000060 2600000141
2600000152 2600000198
2600000001 2600000126
2600000071 2600000029
2600000053 2600000030
2600000190 2600000159
2600000065 2600000138
2600000102 2600000119
2600000042 2600000200
2600000075 2600000016
2600000200 2600000032
2600000184 2600000144
2600000085 2600000047
2600000057 2600000099
2600000097 2600000036
2600000166 2600000072
2600000194 2600000022
2600000176 2600000072
2600000024 2600000186
2600000052 2600000037
2600000138 2600000097
2600000071 2600000014
2600000142 2600000193
2600000163 2600000160
2600000025 2600000121
2600000047 2600000143
2600000056 2600000083
1350000013 1350000062
1350000103 1350000176
1350000043 1350000044
1350000103 1350000110
1350000167 1350000119
1350000028 1350000198
1350000142 1350000187
1350000052 1350000134
1350000198 1350000057
1350000032 1350000073
1350000160 1350000036
1350000131 1350000188
1350000128 1350000097
1350000160 1350000104
1350000080 1350000166
1350000141 1350000006
1350000156 1350000135
1350000069 1350000179
1350000109 1350000172
1350000183 1350000162
1350000189 1350000142
1350000025 1350000059
1350000114 1350000040
1350000009 1350000041
1350000020 1350000056
1350000081 1350000027
1350000025 1350000096
1350000026 1350000078
1350000093 1350000076
1350000026 1350000026
1350000176 1350000162
1350000082 1350000012
1350000148 1350000094
1350000073 1350000052
1350000028 1350000087
1350000156 1350000141
1350000124 1350000188
1350000063 1350000194
1350000031 1350000192
1350000107 1350000084
1350000050 1350000006
1350000137 1350000168
1350000066 1350000001
1350000030 1350000151
1350000115 1350000044
1350000114 1350000066
1350000117 1350000052
1350000062 1350000165
1350000005 1350000007
1350000080 1350000167
1350000004 1350000072
1350000197 1350000198
1350000180 1350000030
1350000195 1350000101
1350000076 1350000165
1350000065 1350000049
1350000095 1350000096
1350000168 1350000056
1350000135 1350000189
1350000116 1350000138
1350000074 1350000007
1350000089 1350000089
1350000148 1350000127
1350000001 1350000059
1350000019 1350000007
1350000124 1350000094
1350000028 1350000076
1350000028 1350000020
1350000158 1350000091
1350000194 1350000098
1350000124 1350000053
1350000199 1350000023
1350000021 1350000153
1350000138 1350000128
1350000033 1350000061
1350000035 1350000047
1350000012 1350000071
725000109 725000120
725000063 725000134
725000050 725000109
725000183 725000002
725000040 725000102
725000197 725000133
725000025 725000025
725000177 725000074
725000186 725000180
725000144 725000137
725000162 725000148
725000195 725000094
725000108 725000020
725000042 725000055
725000141 725000100
725000120 725000011
725000097 725000166
725000069 725000148
725000157 725000046
725000067 725000022
725000075 725000042
725000071 725000184
725000145 725000175
725000168 725000083
725000082 725000043
725000190 725000074
725000137 725000067
725000063 725000001
725000107 725000080
725000099 725000087
725000144 725000162
725000071 725000105
725000065 725000106
725000056 725000078
725000160 725000008
725000191 725000128
725000074 725000112
725000006 725000127
725000147 725000048
725000049 725000064
725000018 725000020
725000013 725000095
725000091 725000162
725000088 725000126
725000103 725000085
725000135 725000139
725000039 725000190
725000082 725000093
725000046 725000097
725000053 725000007
725000128 725000077
725000196 725000199
725000065 725000093
725000194 725000158
725000044 725000170
725000118 725000111
725000084 725000008
725000082 725000141
725000126 725000180
725000130 725000009
725000011 725000037
725000155 725000072
725000139 725000045
725000169 725000115
725000090 725000130
725000185 725000092
725000148 725000104
725000062 725000191
725000130 725000089
725000025 725000036
725000059 725000162
725000054 725000114
725000028 725000139
725000047 725000082
725000199 725000110
725000126 725000120
725000093 725000149
412500098 412500151
412500032 412500087
412500198 412500170
412500076 412500180
412500092 412500154
412500124 412500061
412500175 412500107
412500089 412500174
412500035 412500126
412500174 412500192
412500053 412500031
412500153 412500188
412500048 412500171
412500147 412500138
412500021 412500121
412500091 412500114
412500070 412500075
412500001 412500082
412500064 412500036
412500127 412500040
412500024 412500110
412500024 412500120
412500179 412500128
412500021 412500112
412500157 412500154
412500200 412500072
412500013 412500001
412500005 412500030
412500058 412500110
412500098 412500044
412500147 412500156
412500109 412500012
412500142 412500044
412500127 412500084
412500149 412500062
412500094 412500182
412500052 412500066
412500011 412500047
412500030 412500130
412500088 412500010
412500102 412500112
412500154 412500052
412500079 412500001
412500157 412500080
412500163 412500194
412500173 412500051
412500045 412500055
412500119 412500007
412500037 412500097
412500099 412500129
412500010 412500152
412500183 412500032
412500091 412500089
412500039 412500060
412500058 412500105
412500030 412500167
412500047 412500116
412500184 412500136
412500086 412500096
412500012 412500006
412500069 412500158
412500192 412500009
412500199 412500035
412500009 412500129
412500077 412500153
412500107 412500069
412500092 412500099
412500020 412500063
412500150 412500087
412500132 412500104
412500179 412500053
412500154 412500116
412500070 412500135
412500110 412500161
412500102 412500131
412500038 412500074
412500047 412500042
256250161 256250043
256250125 256250147
256250167 256250114
256250181 256250148
256250170 256250157
256250124 256250023
256250138 256250052
256250071 256250157
256250054 256250132
256250007 256250130
256250169 256250070
256250048 256250050
256250186 256250043
256250057 256250027
256250176 256250148
256250162 256250093
256250071 256250003
256250193 256250019
256250183 256250095
256250042 256250032
256250050 256250155
256250149 256250065
256250139 256250091
256250043 256250156
256250003 256250177
256250083 256250164
256250083 256250021
256250169 256250076
256250157 256250006
256250133 256250142
256250184 256250137
256250015 256250150
256250166 256250130
256250035 256250009
256250088 256250041
256250141 256250138
256250120 256250033
256250136 256250110
256250059 256250015
256250172 256250020
256250076 256250093
256250176 256250075
256250072 256250133
256250164 256250154
256250166 256250026
256250036 256250139
256250120 256250004
256250146 256250101
256250117 256250073
256250086 256250177
256250179 256250003
256250099 256250012
256250185 256250032
256250167 256250065
256250035 256250198
256250125 256250061
256250099 256250079
256250170 256250198
256250095 256250142
256250193 256250003
256250052 256250084
256250107 256250117
256250088 256250118
256250186 256250021
256250145 256250005
256250167 256250003
256250155 256250070
256250170 256250045
256250089 256250194
256250134 256250033
256250181 256250008
256250087 256250147
256250134 256250079
256250151 256250144
256250033 256250086
256250045 256250073
256250160 256250088
178125048 178125046
178125129 178125066
178125020 178125146
178125187 178125109
178125178 178125041
178125014 178125008
178125093 178125060
178125183 178125026
178125085 178125004
178125059 178125193
178125015 178125068
178125093 178125114
178125002 178125065
178125006 178125109
178125086 178125076
178125049 178125005
178125166 178125033
178125195 178125189
178125182 178125191
178125168 178125135
178125078 178125130
178125181 178125040
178125073 178125193
178125184 178125194
178125025 178125154
178125022 178125057
178125196 178125056
178125050 178125163
178125070 178125128
178125060 178125154
178125003 178125029
178125167 178125108
178125101 178125053
178125200 178125097
178125012 178125030
178125138 178125038
178125145 178125196
178125022 178125072
178125098 178125098
178125092 178125079
178125085 178125047
178125007 178125071
178125169 178125126
178125097 178125003
178125194 178125068
178125016 178125134
178125140 178125008
178125095 178125050
178125197 178125029
178125150 178125038
178125196 178125170
178125031 178125188
178125163 178125154
178125137 178125134
178125134 178125163
178125070 178125164
178125064 178125087
178125070 178125072
178125097 178125089
178125156 178125195
178125117 178125074
178125149 178125023
178125056 178125048
178125194 178125045
178125178 178125190
178125123 178125021
178125178 178125021
178125054 178125108
178125078 178125126
178125128 178125185
178125064 178125143
178125107 178125200
178125108 178125025
178125173 178125020
178125196 178125045
178125160 178125070
178125084 178125050
139062538 139062649
139062561 139062612
139062574 139062538
139062605 139062561
139062568 139062554
139062612 139062541
139062523 139062542
139062655 139062539
139062691 139062673
139062528 139062530
139062660 139062631
139062606 139062657
139062663 139062541
139062513 139062607
139062518 139062505
139062554 139062654
139062527 139062538
139062569 139062655
139062621 139062576
139062588 139062583
139062520 139062595
139062609 139062588
139062684 139062630
139062679 139062537
139062693 139062549
139062650 139062528
139062622 139062502
139062504 139062660
139062660 139062569
139062657 139062540
139062664 139062638
139062535 139062525
139062592 139062542
139062698 139062610
139062694 139062654
139062503 139062534
139062586 139062663
139062549 139062582
139062659 139062583
139062616 139062536
139062691 139062566
139062672 139062575
139062572 139062690
139062644 139062530
139062533 139062530
139062512 139062650
139062501 139062581
139062568 139062587
139062550 139062565
139062563 139062532
139062525 139062663
139062672 139062610
139062692 139062610
139062651 139062699
139062600 139062652
139062559 139062564
139062636 139062532
139062671 139062674
139062577 139062670
139062597 139062607
139062561 139062653
139062552 139062621
139062615 139062501
139062545 139062632
139062611 139062542
139062593 139062587
139062554 139062657
139062532 139062642
139062677 139062508
139062657 139062548
139062513 139062659
139062593 139062604
139062562 139062636
139062586 139062579
139062520 139062540
139062567 139062698
139062633 139062562
119531302 119531283
119531420 119531279
119531283 119531277
119531386 119531269
119531385 119531425
119531294 119531360
119531395 119531350
119531450 119531314
119531269 119531269
119531417 119531308
119531276 119531333
119531274 119531308
119531441 119531326
119531405 119531258
119531446 119531412
119531379 119531421
119531368 119531383
119531364 119531398
119531402 119531298
119531282 119531308
119531327 119531376
119531340 119531281
119531321 119531440
119531301 119531317
119531339 119531320
119531366 119531372
119531265 119531440
119531397 119531262
119531447 119531382
119531375 119531262
119531394 119531345
119531298 119531275
119531410 119531449
119531272 119531300
119531390 119531390
119531272 119531443
119531366 119531418
119531288 119531265
119531388 119531449
119531303 119531361
119531381 119531315
119531314 119531380
119531409 119531447
119531313 119531407
119531361 119531434
119531436 119531251
119531346 119531443
119531423 119531274
119531282 119531290
119531292 119531296
119531417 119531424
119531401 119531425
119531255 119531305
119531403 119531318
119531344 119531398
119531261 119531385
119531439 119531386
119531287 119531341
119531367 119531392
119531350 119531253
119531363 119531290
119531256 119531350
119531339 119531294
119531264 119531430
119531367 119531398
119531338 119531390
119531354 119531295
119531312 119531327
119531407 119531312
119531308 119531324
119531257 119531361
119531373 119531269
119531262 119531280
119531321 119531358
119531427 119531415
119531342 119531291
119531424 119531251
178 178
156 23
45 98
166 55
135 9
83 50
159 118
40 197
179 36
164 64
129 176
122 65
142 130
80 5
171 87
64 181
109 55
65 164
115 78
129 177
100 164
28 132
109 31
16 8
148 156
94 35
170 72
39 171
175 55
8 118
183 115
67 45
97 94
46 190
18 126
95 175
1 152
39 166
45 105
141 178
141 153
83 107
69 101
156 119
181 91
192 66
1 147
39 61
169 160
152 47
31 171
150 51
45 113
187 145
101 199
110 75
116 75
158 84
149 182
190 81
5 122
62 77
29 123
168 198
101 119
188 156
2 183
22 187
191 74
18 151
179 138
126 139
151 41
24 6
51 25
99 112
80 150
37 69
182 104
75 17
35 79
111 95
46 198
128 14
113 18
116 58
46 87
131 113
60 144
125 154
159 88
177 196
160 179
69 123
170 192
93 48
83 119
158 193
164 17
146 159
84 175
44 156
187 18
159 184
168 116
57 116
81 46
168 168
18 156
193 122
2 102
118 2
152 51
90 47
17 189
199 12
76 26
71 107
72 99
162 134
64 164
158 112
79 42
105 109
29 31
108 124
162 130
85 151
102 151
139 73
168 97
84 107
1 158
11 159
5 128
21 199
142 172
130 50
71 123
196 190
52 141
83 126
158 167
105 56
178 80
92 173
33 117
78 58
177 4
19 76
87 29
53 53
191 155
196 66
105 165
117 181
13 34
139 46
104 124
52 117
150 188
63 155
156 176
62 136
32 151
84 194
10 132
100 193
93 161
95 128
159 52
67 187
152 126
163 57
132 190
99 77
102 181
39 131
101 29
98 30
142 80
141 135
44 84
82 171
156 32
35 50
67 154
7 199
3 7
68 153
154 103
81 46
3 27
177 197
68 119
24 118
9 142
97 175
10 144
78 134
104 75
64 48
109 113
188 116
41 87
28 146
64 173
21 106
192 173
147 149
97 9
16 75
68 193
197 161
29 141
59 17
148 68
1 8
50 52
88 46
115 29
197 104
181 106
31 55
145 192
186 1
99 84
63 82
88 24
164 43
105 67
157 101
48 181
37 21
75 2
25 27
30 74
4 83
148 19
104 197
55 42
71 63
93 181
39 117
188 27
30 2
157 16
124 17
187 2
87 130
60 147
109 187
82 158
11 199
167 32
142 109
117 159
36 118
110 132
80 144
151 112
170 170
149 136
87 125
181 181
116 133
71 149
87 190
157 101
180 70
141 86
117 24
108 198
17 31
83 180
174 105
3 86
140 126
27 13
57 174
51 94
191 11
102 14
20 157
149 149
18 107
78 55
169 63
8 59
23 176
188 87
107 8
19 183
178 81
119 11
45 14
118 71
44 17
162 135
152 139
72 43
119 73
26 21
155 11
95 92
142 142
3 104
