# source: JorikJooken
# original path: jj_extract\knapsackProblemInstances-master\problemInstances\n_600_c_100000000_g_14_f_0.1_eps_0.0001_s_200\test.in
# optimal value: 100014793
# format: n capacity, then weight value
600 100000000
50010010 50010089
50010131 50010082
50010132 50010131
50010055 50010185
50010130 50010110
50010094 50010078
50010173 50010029
50010122 50010052
50010023 50010055
50010070 50010081
50010078 50010172
50010098 50010129
50010039 50010169
50010040 50010169
50010192 50010114
50010148 50010152
50010037 50010087
50010024 50010017
50010188 50010035
50010199 50010097
50010140 50010038
50010051 50010134
50010148 50010161
50010074 50010118
50010136 50010072
50010176 50010142
50010122 50010165
50010019 50010124
50010003 50010019
50010102 50010156
50010107 50010184
50010046 50010082
50010043 50010036
50010191 50010028
50010069 50010134
50010025 50010185
50010076 50010061
50010098 50010076
50010174 50010155
50010036 50010169
50010149 50010179
25010017 25010103
25010195 25010067
25010087 25010164
25010098 25010131
25010197 25010039
25010004 25010029
25010185 25010111
25010163 25010066
25010028 25010040
25010021 25010097
25010017 25010151
25010045 25010107
25010159 25010017
25010172 25010135
25010103 25010006
25010078 25010079
25010084 25010038
25010107 25010140
25010156 25010030
25010083 25010166
25010162 25010078
25010044 25010060
25010136 25010068
25010163 25010035
25010013 25010182
25010085 25010091
25010084 25010075
25010062 25010099
25010196 25010029
25010173 25010120
25010031 25010037
25010126 25010168
25010070 25010126
25010125 25010130
25010009 25010191
25010183 25010135
25010073 25010136
25010179 25010057
25010186 25010149
25010057 25010120
25010093 25010014
12510014 12510178
12510054 12510032
12510045 12510038
12510144 12510054
12510093 12510020
12510144 12510009
12510058 12510037
12510084 12510055
12510067 12510007
12510031 12510043
12510161 12510115
12510022 12510146
12510041 12510066
12510180 12510079
12510106 12510108
12510039 12510161
12510189 12510168
12510047 12510144
12510006 12510018
12510030 12510020
12510053 12510178
12510161 12510056
12510176 12510081
12510084 12510058
12510166 12510028
12510198 12510066
12510064 12510141
12510176 12510037
12510082 12510174
12510102 12510147
12510198 12510188
12510017 12510165
12510027 12510029
12510162 12510022
12510171 12510024
12510002 12510175
12510027 12510163
12510126 12510019
12510081 12510036
12510058 12510173
12510189 12510031
6260189 6260111
6260139 6260067
6260043 6260083
6260169 6260077
6260009 6260199
6260149 6260060
6260146 6260030
6260155 6260077
6260038 6260157
6260007 6260025
6260154 6260136
6260045 6260004
6260040 6260135
6260170 6260018
6260174 6260200
6260096 6260082
6260052 6260046
6260044 6260091
6260093 6260125
6260020 6260071
6260137 6260141
6260039 6260130
6260046 6260030
6260200 6260092
6260119 6260175
6260112 6260197
6260119 6260100
6260011 6260049
6260139 6260167
6260087 6260193
6260124 6260159
6260091 6260005
6260159 6260159
6260038 6260099
6260189 6260049
6260011 6260079
6260010 6260009
6260052 6260148
6260149 6260058
6260145 6260014
6260115 6260162
3135073 3135175
3135186 3135122
3135190 3135158
3135069 3135176
3135116 3135048
3135033 3135010
3135108 3135152
3135033 3135170
3135111 3135105
3135151 3135158
3135112 3135082
3135055 3135145
3135029 3135174
3135007 3135130
3135060 3135097
3135011 3135101
3135200 3135185
3135186 3135116
3135085 3135175
3135084 3135064
3135039 3135053
3135130 3135073
3135123 3135122
3135054 3135060
3135108 3135071
3135164 3135169
3135086 3135032
3135199 3135161
3135192 3135170
3135111 3135098
3135012 3135025
3135162 3135043
3135058 3135137
3135103 3135137
3135182 3135009
3135065 3135191
3135155 3135057
3135045 3135090
3135151 3135104
3135195 3135198
3135002 3135058
1572615 1572511
1572534 1572644
1572698 1572593
1572509 1572585
1572691 1572677
1572617 1572540
1572688 1572644
1572685 1572654
1572522 1572564
1572680 1572677
1572508 1572682
1572597 1572604
1572523 1572588
1572574 1572538
1572592 1572569
1572559 1572502
1572586 1572572
1572520 1572572
1572612 1572621
1572697 1572509
1572506 1572545
1572641 1572515
1572532 1572675
1572560 1572644
1572700 1572623
1572644 1572682
1572530 1572568
1572587 1572669
1572614 1572525
1572559 1572691
1572536 1572588
1572693 1572688
1572601 1572668
1572592 1572700
1572590 1572597
1572511 1572546
1572565 1572568
1572552 1572524
1572527 1572544
1572673 1572596
1572549 1572536
791309 791291
791424 791348
791411 791330
791292 791354
791305 791386
791388 791284
791311 791294
791263 791345
791319 791326
791288 791417
791322 791312
791301 791342
791376 791444
791252 791301
791282 791296
791356 791326
791343 791284
791396 791382
791442 791405
791428 791426
791392 791448
791382 791415
791430 791349
791348 791255
791272 791344
791409 791342
791312 791265
791267 791430
791256 791332
791390 791276
791431 791319
791374 791340
791320 791317
791372 791335
791277 791439
791302 791392
791253 791319
791326 791256
791370 791352
791445 791419
791272 791357
400789 400710
400665 400636
400665 400781
400805 400743
400785 400655
400710 400701
400754 400756
400648 400628
400638 400682
400678 400700
400719 400730
400652 400645
400803 400734
400765 400669
400653 400632
400783 400744
400713 400759
400670 400671
400780 400667
400629 400685
400667 400675
400629 400684
400778 400761
400746 400761
400735 400769
400799 400701
400667 400773
400822 400791
400721 400821
400721 400759
400677 400728
400711 400645
400700 400763
400638 400774
400695 400704
400676 400763
400734 400811
400727 400733
400643 400680
400808 400633
400797 400772
205395 205507
205332 205493
205414 205326
205326 205479
205441 205421
205318 205466
205341 205420
205479 205435
205415 205395
205369 205387
205476 205474
205415 205433
205424 205417
205384 205322
205483 205469
205492 205492
205324 205316
205450 205463
205460 205347
205468 205406
205502 205363
205473 205337
205352 205490
205397 205492
205509 205376
205409 205471
205318 205393
205442 205363
205364 205507
205316 205424
205492 205474
205447 205474
205433 205322
205488 205385
205355 205472
205436 205350
205495 205409
205425 205383
205430 205458
205424 205503
205495 205386
107744 107686
107752 107832
107856 107681
107698 107850
107772 107725
107778 107722
107745 107855
107808 107849
107749 107801
107814 107762
107736 107734
107659 107684
107771 107812
107792 107740
107674 107812
107730 107743
107706 107754
107681 107856
107786 107828
107779 107786
107670 107748
107783 107771
107703 107812
107754 107767
107667 107812
107761 107782
107734 107661
107843 107788
107769 107844
107730 107710
107754 107688
107720 107757
107844 107803
107711 107758
107826 107837
107687 107660
107723 107659
107757 107716
107761 107830
107688 107659
107660 107739
59026 58980
58949 58854
58972 58838
59000 58876
58901 58920
58862 58959
58981 58915
58916 58906
58871 58878
58887 59023
58898 58923
58837 58957
58904 58951
59027 58841
58847 58910
59021 58935
58859 58949
59019 59006
58978 58976
58897 58869
58842 58911
58858 58966
58883 58989
58878 58987
58831 58866
58834 58911
58834 58858
58901 58945
58907 58988
58956 58955
59009 58907
58888 58838
58965 58957
58925 59017
58941 58912
59025 58947
58898 58853
58870 58923
58842 58838
58876 58926
59011 59006
34469 34481
34607 34544
34476 34593
34488 34514
34495 34462
34437 34421
34603 34480
34583 34588
34580 34444
34496 34500
34520 34483
34415 34580
34533 34530
34516 34432
34442 34593
34509 34584
34581 34476
34589 34552
34493 34599
34589 34474
34578 34472
34487 34468
34498 34517
34467 34479
34522 34577
34509 34545
34565 34564
34471 34416
34471 34462
34459 34610
34579 34425
34521 34599
34461 34596
34497 34510
34431 34521
34440 34498
34475 34498
34588 34577
34467 34445
34536 34531
34545 34548
22266 22389
22403 22374
22253 22334
22232 22299
22357 22256
22294 22283
22278 22263
22297 22209
22381 22373
22330 22277
22344 22259
22286 22272
22230 22375
22243 22223
22293 22278
22259 22296
22209 22241
22262 22313
22308 22306
22212 22377
22213 22263
22260 22291
22329 22328
22349 22239
22233 22242
22367 22322
22310 22308
22265 22399
22347 22346
22281 22390
22232 22242
22241 22224
22342 22311
22389 22401
22283 22323
22379 22377
22309 22396
22251 22373
22325 22385
22232 22326
22385 22350
33 88
189 88
154 14
101 173
40 138
88 41
179 36
70 135
138 125
154 184
183 164
180 19
78 22
132 120
46 196
22 164
145 41
30 64
115 3
51 98
93 67
121 114
12 132
122 187
192 137
110 19
16 105
30 172
145 173
65 62
82 67
109 63
193 105
36 159
1 51
136 100
13 140
83 117
14 197
76 38
127 125
147 185
40 82
15 102
38 13
135 197
63 36
171 159
168 24
186 36
123 81
52 141
132 163
137 16
90 49
128 108
128 122
181 99
113 83
197 176
17 153
200 78
115 117
90 188
159 5
151 49
199 191
