# source: JorikJooken
# original path: jj_extract\knapsackProblemInstances-master\problemInstances\n_1000_c_1000000_g_10_f_0.3_eps_1e-05_s_300\test.in
# optimal value: 1031079
# format: n capacity, then weight value
1000 1000000
500040 500079
500160 500054
500030 500249
500089 500120
500292 500266
500232 500150
500265 500023
500091 500181
500049 500114
500040 500189
500160 500165
500019 500093
500131 500210
500010 500033
500226 500047
500208 500035
500147 500072
500289 500022
500038 500278
500173 500210
500292 500037
500197 500128
500245 500078
500204 500240
500141 500213
500064 500289
500078 500194
500169 500161
500278 500083
500034 500133
500278 500228
500144 500256
500047 500229
500043 500182
500216 500298
500242 500157
500238 500023
500304 500140
500182 500029
500152 500089
500105 500219
500258 500176
500076 500222
500228 500158
500124 500065
500141 500305
500288 500267
500291 500288
500107 500076
500199 500089
500231 500274
500011 500288
500078 500012
500027 500211
500276 500069
500208 500090
500246 500164
500118 500101
500064 500262
500144 500190
500023 500061
500120 500117
500308 500197
500277 500227
500204 500173
500237 500040
500141 500200
500133 500046
500059 500231
500208 500231
500043 500280
500064 500108
500159 500212
500216 500117
500033 500259
500022 500135
500136 500099
250194 250063
250212 250193
250078 250197
250133 250274
250090 250138
250248 250140
250206 250042
250226 250085
250297 250011
250224 250153
250056 250037
250042 250015
250287 250296
250030 250198
250222 250194
250081 250079
250032 250175
250259 250066
250299 250148
250045 250297
250090 250072
250111 250211
250162 250249
250172 250293
250177 250171
250194 250192
250232 250075
250051 250165
250230 250091
250152 250167
250220 250147
250221 250136
250117 250216
250146 250069
250023 250100
250231 250171
250069 250096
250180 250180
250037 250017
250259 250219
250309 250182
250036 250241
250097 250072
250085 250082
250201 250115
250172 250139
250210 250280
250153 250044
250104 250226
250026 250096
250044 250083
250214 250270
250167 250183
250138 250125
250223 250132
250273 250096
250113 250284
250070 250191
250243 250043
250183 250017
250107 250136
250088 250282
250047 250246
250128 250286
250114 250111
250281 250277
250155 250249
250266 250018
250085 250275
250148 250151
250215 250128
250153 250133
250282 250155
250031 250141
250044 250102
250144 250165
250307 250065
125039 125118
125166 125038
125140 125289
125041 125094
125217 125217
125184 125029
125054 125023
125273 125224
125071 125200
125026 125235
125225 125080
125022 125147
125122 125182
125248 125246
125078 125086
125088 125299
125305 125194
125135 125283
125195 125092
125036 125089
125190 125141
125132 125182
125074 125231
125223 125250
125083 125186
125099 125108
125151 125139
125295 125159
125149 125072
125106 125029
125303 125235
125265 125120
125257 125029
125152 125250
125130 125249
125303 125231
125236 125115
125016 125213
125111 125036
125144 125046
125297 125097
125281 125057
125112 125088
125134 125037
125277 125070
125048 125241
125089 125093
125060 125061
125013 125173
125080 125286
125260 125014
125023 125244
125170 125160
125237 125081
125231 125060
125302 125190
125077 125146
125218 125054
125105 125090
125054 125088
125090 125093
125297 125117
125194 125107
125123 125083
125128 125067
125151 125178
125202 125267
125094 125181
125058 125243
125074 125165
125295 125094
125128 125234
125302 125159
125076 125129
125220 125185
125102 125033
125278 125024
62799 62769
62770 62667
62650 62678
62539 62627
62659 62593
62700 62573
62784 62619
62575 62617
62605 62579
62808 62807
62693 62754
62569 62787
62701 62757
62524 62787
62651 62692
62584 62554
62557 62703
62607 62632
62527 62701
62702 62537
62704 62764
62732 62621
62741 62593
62651 62536
62564 62653
62720 62517
62690 62514
62573 62732
62704 62794
62678 62595
62512 62806
62783 62605
62562 62789
62807 62800
62616 62680
62665 62553
62595 62651
62533 62747
62561 62528
62576 62756
62754 62632
62646 62678
62665 62532
62712 62609
62543 62672
62529 62746
62699 62577
62732 62700
62798 62638
62616 62701
62567 62628
62658 62564
62660 62582
62704 62556
62741 62724
62582 62746
62516 62760
62744 62743
62611 62631
62592 62652
62590 62805
62625 62791
62536 62662
62683 62571
62715 62719
62606 62515
62561 62637
62553 62620
62725 62750
62800 62643
62672 62669
62742 62597
62561 62510
62565 62662
62800 62734
62586 62772
62659 62666
31291 31304
31546 31408
31444 31554
31358 31426
31483 31354
31427 31458
31455 31440
31280 31520
31384 31355
31273 31426
31449 31287
31332 31358
31329 31527
31379 31534
31448 31468
31311 31287
31380 31309
31496 31339
31387 31445
31511 31277
31446 31430
31514 31282
31285 31455
31385 31446
31369 31263
31462 31270
31464 31533
31336 31542
31437 31397
31536 31303
31507 31445
31306 31365
31558 31350
31465 31369
31369 31276
31415 31543
31398 31515
31468 31449
31558 31544
31548 31265
31430 31519
31531 31372
31433 31358
31350 31324
31344 31486
31401 31416
31425 31290
31417 31494
31336 31337
31434 31348
31460 31296
31270 31356
31333 31440
31368 31420
31443 31285
31479 31303
31464 31378
31271 31303
31419 31290
31340 31545
31333 31484
31465 31485
31556 31410
31487 31337
31466 31456
31506 31313
31287 31414
31407 31496
31494 31458
31277 31411
31392 31376
31501 31340
31497 31475
31437 31535
31522 31339
31503 31550
31488 31450
15898 15787
15657 15673
15924 15686
15820 15885
15792 15935
15908 15864
15855 15699
15711 15806
15912 15873
15834 15796
15711 15900
15650 15915
15666 15658
15739 15645
15927 15885
15891 15771
15775 15807
15655 15852
15768 15751
15890 15707
15812 15750
15888 15848
15862 15802
15643 15884
15719 15752
15732 15923
15862 15785
15742 15725
15709 15797
15733 15874
15690 15656
15791 15734
15740 15876
15755 15836
15930 15729
15852 15742
15694 15830
15657 15786
15854 15922
15699 15741
15799 15753
15675 15775
15821 15807
15784 15806
15642 15686
15867 15808
15641 15914
15645 15780
15831 15647
15742 15642
15775 15719
15882 15638
15770 15775
15898 15913
15888 15894
15785 15926
15651 15808
15879 15778
15744 15665
15783 15734
15640 15684
15769 15667
15672 15861
15807 15927
15786 15863
15917 15927
15759 15882
15679 15931
15666 15721
15755 15906
15648 15654
15663 15762
15864 15744
15712 15767
15928 15705
15755 15933
15781 15774
7901 7890
7830 8081
7928 8101
8090 7884
7935 8100
7898 7823
7865 7908
8036 8122
7924 8037
8008 8100
8115 8008
7976 7964
8104 7884
7923 7829
7897 8042
7868 8034
8025 7924
7959 7929
8031 7837
7905 7898
7923 8097
8119 8101
8025 8099
7942 7922
7871 8065
7873 7992
7979 7846
7867 7833
7983 7900
7867 8034
7995 8047
8043 7968
8036 7851
7882 7949
7901 8068
7907 8019
7978 7915
7924 7868
8019 7834
8003 8027
8052 7833
8004 8099
8017 8082
7947 8012
8074 8000
8024 8063
7959 7992
8117 8043
7881 8103
8058 7896
8015 8104
7975 7979
8012 7883
7981 7884
7848 8003
7834 7881
8120 7863
8122 7848
7841 8043
7935 7944
8011 8087
7972 7893
7996 7835
7971 8027
7865 7943
8018 8004
7846 8069
7831 7884
7964 7877
8039 8078
7836 7951
8089 8067
8057 7866
7897 7869
7900 7951
7932 7970
8008 7830
4120 4108
3934 4012
4122 3988
3934 4134
4000 4100
4037 4109
4107 4151
4083 4013
4142 4096
3959 4188
4184 4150
3951 3950
4198 4176
4097 4076
4020 3953
4065 4185
3956 4090
3951 4208
3977 4162
4090 4111
4142 4202
3946 4019
3979 3957
4166 3977
3965 4144
4164 4092
4130 3926
4152 4206
4117 3993
4207 4207
3921 4158
4186 4003
4144 3978
4070 4119
3978 4208
3951 3974
3982 3985
3948 4094
4140 4055
4077 4110
4154 3988
4100 4097
4121 4108
3919 4127
4210 3986
3997 3982
3970 3967
3925 4068
3975 4112
3950 4201
4042 3947
4204 4040
4097 3988
3978 4208
4063 4148
4207 4200
4152 4212
4041 4205
4178 4022
4206 3940
3921 4105
4048 3985
4103 4083
4015 4051
4195 4161
4018 4031
4215 4208
4085 4117
4024 4155
4199 3989
4076 3930
4147 3930
4116 4030
4136 4114
4174 4042
4115 3998
4092 3941
2009 2008
2043 2235
1997 2258
2184 2034
2145 2094
2142 2182
2090 2095
2139 2207
2152 2242
2173 2119
2176 2092
2197 2198
2076 2232
2263 1981
1972 2249
2130 2249
2068 2137
2051 1993
2137 1982
2055 1982
2216 1977
2208 2172
2095 2028
2071 2074
2037 2120
2159 1987
2137 2155
2246 2255
2089 1989
2052 2039
2093 1987
2044 2231
2083 2067
2255 2051
2170 1990
1979 2153
2142 1967
2183 2150
2215 1964
2193 2196
2026 2190
2158 2039
2016 2014
2210 2063
2014 2183
1972 2231
2215 2000
2154 2040
2036 2082
1980 2140
2025 2071
2098 2098
2226 2007
2003 2234
2214 2203
2025 1974
2037 2093
2022 2262
2076 2076
2165 1995
2091 2231
2224 2092
2006 1992
2223 1974
2141 2161
2082 2227
2102 2130
2239 2255
2259 2171
2226 2148
2117 2015
2052 2038
2147 1999
2066 2006
2261 2115
2030 2162
2179 2163
182 154
285 281
223 255
201 111
156 109
180 277
293 278
299 294
98 246
110 125
68 59
71 247
114 3
226 232
102 255
296 230
250 43
91 44
112 290
21 79
98 117
241 21
64 88
270 26
184 55
90 255
286 65
124 289
187 195
37 234
206 198
223 66
159 73
27 16
164 227
32 63
11 146
273 11
135 76
76 113
254 300
189 131
100 276
122 133
59 32
158 2
238 182
97 160
146 136
128 292
255 118
294 198
113 226
266 4
234 296
26 164
203 60
202 255
165 204
217 196
196 173
22 104
69 247
253 31
254 108
28 218
293 78
234 142
23 187
158 276
160 117
151 246
245 243
225 253
185 42
140 249
142 22
279 134
152 134
175 165
78 269
85 274
110 162
143 204
11 107
159 78
247 290
48 88
227 55
91 228
7 154
207 137
25 58
133 143
175 153
82 129
62 288
221 246
201 108
271 137
26 139
288 189
138 34
56 219
50 243
70 117
29 276
80 9
197 160
120 219
291 133
107 252
81 149
178 41
12 37
233 150
9 10
63 283
50 219
165 76
236 68
223 211
114 160
131 147
7 203
224 90
27 245
78 122
103 35
266 187
261 24
126 34
117 52
268 249
218 135
254 1
95 41
150 83
8 272
235 162
81 158
280 101
45 129
134 125
268 155
65 164
240 228
195 96
91 292
61 210
165 150
241 157
262 255
281 150
271 32
66 21
293 211
274 185
68 59
285 37
18 157
241 277
50 107
250 55
87 257
288 115
25 287
45 58
188 134
298 212
124 263
280 191
105 48
284 143
8 141
249 51
217 296
223 162
39 7
242 240
158 184
2 279
8 13
18 288
207 245
100 94
25 124
117 21
213 60
6 277
160 150
204 53
111 91
185 42
147 54
246 138
149 27
242 15
62 103
40 225
289 100
3 36
189 205
125 155
201 243
137 196
249 210
159 216
152 178
79 169
214 59
58 103
129 128
273 142
273 23
194 115
17 220
105 97
111 59
255 124
88 113
124 188
185 289
26 271
228 117
169 266
37 160
299 38
273 38
179 141
200 289
261 9
86 175
21 168
125 36
167 182
271 150
29 254
234 268
203 16
195 117
183 127
221 171
240 285
282 31
247 79
92 243
104 287
9 271
176 133
35 16
110 252
21 57
139 143
269 180
54 62
254 277
250 69
188 175
102 78
258 29
137 166
298 244
185 214
290 36
294 7
136 77
179 112
281 277
236 262
164 55
116 243
188 181
116 29
37 269
225 226
119 46
7 244
200 204
53 138
288 160
174 158
97 85
103 300
58 209
238 277
168 126
43 92
232 268
294 106
292 98
219 192
192 63
297 77
258 287
46 14
183 99
197 188
121 28
178 115
116 214
196 271
15 189
5 124
283 266
28 104
220 27
