# source: JorikJooken
# original path: jj_extract\knapsackProblemInstances-master\problemInstances\n_800_c_100000000_g_14_f_0.2_eps_0.001_s_300\test.in
# optimal value: 100029344
# format: n capacity, then weight value
800 100000000
50100193 50100062
50100282 50100281
50100187 50100050
50100247 50100238
50100289 50100255
50100082 50100197
50100137 50100109
50100041 50100084
50100088 50100010
50100041 50100234
50100295 50100134
50100143 50100071
50100168 50100014
50100207 50100110
50100226 50100153
50100025 50100270
50100103 50100122
50100040 50100262
50100188 50100228
50100146 50100043
50100096 50100282
50100278 50100184
50100271 50100171
50100200 50100120
50100263 50100272
50100025 50100287
50100292 50100003
50100049 50100154
50100220 50100005
50100145 50100088
50100164 50100032
50100076 50100191
50100223 50100126
50100213 50100100
50100152 50100173
50100151 50100017
50100031 50100119
50100190 50100238
50100129 50100117
50100141 50100063
50100285 50100057
50100275 50100254
50100088 50100086
50100164 50100261
50100295 50100291
50100013 50100127
50100134 50100277
50100087 50100205
50100009 50100175
25100062 25100256
25100096 25100174
25100077 25100104
25100140 25100263
25100242 25100138
25100255 25100202
25100127 25100268
25100009 25100191
25100083 25100025
25100093 25100206
25100240 25100237
25100164 25100179
25100033 25100061
25100027 25100247
25100028 25100192
25100250 25100027
25100289 25100188
25100284 25100127
25100079 25100287
25100174 25100212
25100222 25100097
25100222 25100100
25100255 25100182
25100070 25100290
25100201 25100068
25100165 25100078
25100049 25100106
25100224 25100292
25100245 25100178
25100138 25100043
25100101 25100235
25100089 25100129
25100023 25100210
25100170 25100259
25100133 25100063
25100142 25100025
25100233 25100039
25100152 25100175
25100116 25100269
25100252 25100019
25100172 25100287
25100299 25100260
25100276 25100293
25100110 25100095
25100286 25100020
25100196 25100195
25100101 25100290
25100004 25100113
25100088 25100258
12600114 12600257
12600103 12600235
12600184 12600218
12600111 12600029
12600005 12600172
12600277 12600086
12600168 12600045
12600158 12600045
12600213 12600121
12600091 12600240
12600142 12600119
12600129 12600088
12600080 12600040
12600162 12600010
12600113 12600042
12600126 12600086
12600259 12600283
12600270 12600114
12600165 12600014
12600287 12600069
12600296 12600023
12600248 12600115
12600184 12600239
12600030 12600225
12600212 12600153
12600118 12600201
12600238 12600034
12600075 12600274
12600038 12600262
12600135 12600155
12600039 12600086
12600136 12600143
12600183 12600269
12600081 12600208
12600169 12600085
12600142 12600154
12600041 12600267
12600292 12600057
12600288 12600247
12600236 12600085
12600247 12600139
12600156 12600062
12600142 12600260
12600076 12600281
12600279 12600296
12600067 12600105
12600270 12600222
12600008 12600161
12600033 12600291
6350081 6350065
6350044 6350039
6350157 6350261
6350134 6350290
6350156 6350153
6350258 6350085
6350125 6350281
6350167 6350128
6350058 6350216
6350289 6350041
6350220 6350045
6350189 6350256
6350123 6350116
6350097 6350287
6350085 6350077
6350208 6350241
6350126 6350201
6350155 6350289
6350180 6350285
6350127 6350089
6350222 6350207
6350072 6350016
6350220 6350234
6350285 6350139
6350175 6350203
6350114 6350094
6350268 6350253
6350037 6350068
6350214 6350289
6350028 6350072
6350214 6350264
6350030 6350114
6350175 6350116
6350177 6350158
6350175 6350146
6350112 6350061
6350160 6350092
6350245 6350243
6350208 6350252
6350182 6350131
6350160 6350204
6350182 6350208
6350008 6350298
6350006 6350023
6350061 6350110
6350263 6350033
6350168 6350026
6350044 6350126
6350008 6350031
3225289 3225170
3225068 3225141
3225014 3225078
3225263 3225099
3225187 3225258
3225179 3225297
3225211 3225295
3225028 3225090
3225016 3225080
3225081 3225214
3225022 3225251
3225290 3225197
3225166 3225126
3225015 3225045
3225013 3225087
3225217 3225244
3225243 3225044
3225106 3225224
3225206 3225144
3225008 3225114
3225076 3225062
3225186 3225213
3225211 3225151
3225273 3225108
3225139 3225064
3225142 3225002
3225148 3225020
3225018 3225258
3225197 3225238
3225291 3225069
3225268 3225065
3225076 3225102
3225263 3225144
3225278 3225186
3225080 3225154
3225077 3225021
3225138 3225280
3225002 3225226
3225091 3225273
3225046 3225221
3225056 3225028
3225299 3225019
3225064 3225245
3225037 3225022
3225282 3225282
3225003 3225204
3225161 3225257
3225003 3225240
3225292 3225239
1662633 1662758
1662718 1662625
1662589 1662769
1662726 1662771
1662777 1662788
1662692 1662598
1662756 1662590
1662799 1662730
1662769 1662777
1662725 1662790
1662673 1662561
1662658 1662584
1662640 1662764
1662595 1662735
1662617 1662717
1662634 1662575
1662765 1662712
1662611 1662623
1662524 1662775
1662619 1662793
1662583 1662505
1662679 1662622
1662655 1662537
1662675 1662504
1662718 1662716
1662737 1662726
1662613 1662526
1662663 1662594
1662646 1662790
1662544 1662597
1662502 1662691
1662711 1662507
1662537 1662549
1662657 1662545
1662649 1662558
1662754 1662674
1662760 1662720
1662765 1662561
1662596 1662766
1662636 1662601
1662687 1662714
1662651 1662736
1662648 1662793
1662639 1662634
1662710 1662666
1662781 1662632
1662545 1662546
1662680 1662627
1662615 1662707
881303 881332
881547 881550
881308 881341
881455 881259
881320 881491
881400 881292
881349 881447
881497 881308
881515 881541
881315 881446
881428 881463
881440 881370
881335 881342
881386 881446
881335 881536
881494 881489
881425 881541
881441 881475
881271 881286
881324 881550
881481 881516
881283 881529
881340 881359
881261 881479
881342 881379
881260 881486
881319 881375
881546 881311
881412 881439
881328 881485
881422 881456
881403 881394
881392 881320
881487 881484
881306 881436
881544 881530
881512 881516
881354 881253
881527 881286
881413 881533
881546 881350
881542 881439
881293 881281
881547 881300
881328 881421
881535 881517
881415 881408
881465 881507
881550 881522
490641 490742
490672 490767
490924 490921
490864 490801
490648 490678
490692 490721
490723 490711
490904 490693
490760 490823
490843 490771
490692 490661
490865 490899
490895 490801
490879 490893
490656 490845
490721 490901
490794 490789
490866 490906
490783 490900
490903 490828
490686 490793
490663 490666
490782 490646
490888 490761
490795 490757
490849 490796
490770 490813
490651 490922
490626 490817
490900 490639
490672 490708
490878 490769
490918 490849
490833 490818
490826 490890
490707 490651
490657 490835
490855 490904
490632 490702
490631 490831
490626 490854
490759 490660
490875 490868
490907 490765
490905 490628
490648 490745
490711 490732
490835 490698
490660 490724
295504 295475
295375 295346
295593 295524
295353 295470
295552 295560
295397 295339
295575 295579
295590 295548
295388 295436
295356 295351
295478 295362
295570 295449
295558 295343
295431 295438
295441 295511
295460 295375
295555 295368
295488 295561
295399 295422
295434 295449
295574 295525
295506 295410
295596 295421
295508 295454
295523 295408
295315 295586
295489 295381
295352 295486
295561 295541
295423 295548
295579 295553
295488 295573
295586 295455
295611 295375
295518 295533
295493 295313
295345 295480
295391 295551
295437 295575
295363 295374
295547 295421
295507 295522
295511 295547
295475 295339
295429 295572
295504 295318
295576 295355
295327 295370
295351 295511
197911 197713
197670 197711
197808 197760
197688 197772
197765 197871
197900 197714
197841 197758
197813 197831
197696 197945
197929 197830
197904 197723
197663 197748
197683 197732
197695 197906
197744 197923
197720 197660
197855 197792
197774 197728
197882 197908
197774 197664
197745 197938
197719 197676
197760 197842
197789 197845
197799 197814
197783 197670
197663 197769
197914 197874
197852 197888
197817 197758
197743 197693
197791 197911
197743 197663
197664 197675
197873 197661
197837 197678
197873 197946
197758 197956
197954 197720
197674 197757
197866 197745
197840 197885
197779 197955
197728 197790
197858 197807
197843 197878
197768 197825
197752 197739
197662 197744
149087 149016
149016 149106
148872 148874
148875 149082
149085 148969
149011 148967
148992 148943
148867 148868
149082 148906
149037 148895
149031 149119
149109 148996
148959 149052
148971 149000
149037 149029
148842 148886
148836 149116
148914 149046
148978 149082
149046 149050
148921 149093
148849 148907
148877 149072
148847 149128
148971 148887
148987 148961
149075 149124
149019 149086
149009 148911
149022 149103
149106 148931
149067 148980
148971 149089
148861 149104
149052 148929
149055 148957
148982 149058
149084 148841
149013 149101
149071 149127
148830 149061
148914 148979
149030 148971
148948 149074
148976 148982
148832 148963
148908 148989
149036 148960
148856 148979
124522 124530
124662 124684
124682 124567
124591 124518
124447 124520
124597 124480
124472 124712
124599 124681
124425 124608
124639 124640
124543 124504
124572 124560
124507 124520
124603 124593
124709 124700
124622 124592
124666 124525
124650 124477
124617 124646
124686 124624
124625 124707
124666 124598
124662 124671
124682 124522
124615 124517
124589 124502
124490 124696
124704 124531
124556 124657
124648 124586
124536 124496
124523 124655
124579 124491
124425 124587
124686 124687
124567 124689
124701 124676
124472 124659
124421 124643
124480 124563
124626 124538
124449 124440
124465 124444
124444 124596
124571 124472
124632 124587
124601 124541
124464 124571
124511 124656
112484 112244
112503 112466
112487 112402
112418 112428
112291 112343
112305 112276
112472 112245
112361 112221
112234 112422
112457 112425
112291 112274
112450 112303
112421 112314
112329 112342
112264 112362
112394 112386
112280 112425
112213 112377
112439 112290
112386 112336
112296 112398
112501 112227
112231 112496
112504 112310
112356 112253
112380 112279
112344 112361
112424 112257
112340 112364
112276 112335
112354 112467
112497 112428
112340 112439
112295 112221
112448 112397
112472 112414
112360 112451
112263 112331
112345 112401
112282 112448
112387 112479
112452 112261
112469 112453
112361 112360
112320 112308
112213 112235
112259 112468
112410 112363
112317 112270
59 123
104 206
67 22
163 48
244 65
20 293
107 146
50 180
70 162
22 16
32 178
184 153
200 223
64 73
2 155
199 44
195 299
25 108
234 34
14 174
55 191
2 171
221 125
90 31
155 83
253 144
107 206
182 146
225 237
4 237
145 58
116 272
152 282
35 107
239 148
101 178
202 225
17 110
154 245
31 25
239 188
213 240
23 14
96 270
193 122
40 147
162 255
27 234
15 142
248 239
160 211
42 165
164 83
119 131
3 9
113 244
294 275
35 30
275 259
106 12
270 255
169 31
216 159
49 47
108 233
96 150
91 69
36 103
214 121
222 94
1 216
259 44
52 247
268 7
59 64
90 99
86 66
146 26
49 49
135 170
297 90
124 160
116 135
42 4
111 205
154 120
237 105
132 108
166 222
97 243
300 91
249 135
294 102
29 292
12 202
117 167
39 119
241 229
58 267
259 176
22 128
78 84
245 9
284 165
233 136
19 173
114 249
190 57
99 207
236 87
116 141
255 76
266 107
274 73
57 135
292 207
121 270
65 157
55 145
105 92
98 203
64 271
62 119
201 272
110 134
96 151
6 85
95 7
213 242
119 202
238 8
173 35
285 279
135 297
147 11
206 56
179 152
168 204
55 28
215 190
260 188
285 160
268 47
239 154
65 236
154 246
63 44
20 88
136 30
260 288
227 277
134 236
231 284
156 218
144 85
80 196
12 49
80 50
68 248
170 247
210 263
181 193
8 171
