# source: JorikJooken
# original path: jj_extract\knapsackProblemInstances-master\problemInstances\n_800_c_100000000_g_14_f_0.1_eps_0.1_s_300\test.in
# optimal value: 100006351
# format: n capacity, then weight value
800 100000000
60000161 60000091
60000048 60000009
60000073 60000295
60000176 60000229
60000205 60000170
60000212 60000244
60000159 60000067
60000071 60000197
60000127 60000018
60000141 60000018
60000172 60000200
60000168 60000197
60000110 60000143
60000266 60000083
60000233 60000103
60000161 60000219
60000012 60000068
60000189 60000265
60000265 60000285
60000128 60000293
60000082 60000024
60000235 60000030
60000070 60000250
60000207 60000009
60000276 60000164
60000149 60000250
60000300 60000179
60000081 60000236
60000054 60000219
60000076 60000214
60000181 60000273
60000108 60000202
60000008 60000063
60000186 60000233
60000057 60000172
60000228 60000245
60000138 60000277
60000106 60000175
60000092 60000069
60000029 60000296
60000164 60000149
60000140 60000250
60000076 60000063
60000294 60000121
60000073 60000115
60000196 60000177
60000044 60000089
60000075 60000044
60000140 60000254
60000283 60000014
60000120 60000234
60000225 60000058
60000148 60000045
60000033 60000068
60000235 60000078
35000048 35000173
35000170 35000136
35000136 35000163
35000052 35000109
35000182 35000237
35000223 35000149
35000010 35000128
35000148 35000158
35000136 35000071
35000284 35000115
35000156 35000014
35000260 35000039
35000201 35000031
35000290 35000062
35000131 35000054
35000207 35000194
35000098 35000008
35000056 35000253
35000223 35000263
35000045 35000066
35000199 35000261
35000163 35000009
35000187 35000197
35000038 35000161
35000197 35000193
35000173 35000278
35000256 35000048
35000009 35000151
35000135 35000272
35000204 35000068
35000163 35000178
35000039 35000058
35000040 35000300
35000106 35000042
35000242 35000205
35000138 35000022
35000047 35000072
35000075 35000114
35000107 35000235
35000013 35000266
35000128 35000059
35000191 35000193
35000051 35000004
35000156 35000213
35000067 35000251
35000185 35000169
35000162 35000019
35000013 35000165
35000012 35000206
35000282 35000125
35000013 35000112
35000073 35000230
35000042 35000070
35000059 35000213
35000257 35000278
22500203 22500009
22500041 22500067
22500009 22500095
22500295 22500073
22500065 22500103
22500249 22500023
22500258 22500147
22500045 22500202
22500263 22500272
22500109 22500250
22500075 22500104
22500004 22500048
22500083 22500065
22500024 22500299
22500089 22500107
22500066 22500198
22500273 22500234
22500109 22500299
22500160 22500094
22500178 22500145
22500191 22500037
22500171 22500177
22500293 22500183
22500226 22500130
22500142 22500089
22500208 22500062
22500063 22500274
22500069 22500188
22500221 22500019
22500260 22500008
22500215 22500245
22500035 22500210
22500053 22500168
22500043 22500278
22500255 22500022
22500229 22500161
22500103 22500197
22500190 22500021
22500294 22500056
22500248 22500289
22500058 22500057
22500020 22500228
22500081 22500159
22500046 22500288
22500005 22500046
22500085 22500215
22500091 22500281
22500087 22500113
22500245 22500240
22500261 22500128
22500208 22500291
22500267 22500261
22500270 22500128
22500170 22500227
22500232 22500221
16250227 16250187
16250031 16250219
16250091 16250111
16250240 16250281
16250179 16250027
16250238 16250185
16250105 16250127
16250062 16250090
16250124 16250175
16250186 16250086
16250045 16250063
16250196 16250153
16250166 16250260
16250080 16250071
16250200 16250239
16250224 16250046
16250043 16250292
16250091 16250147
16250134 16250293
16250063 16250207
16250189 16250057
16250290 16250100
16250022 16250088
16250089 16250096
16250045 16250126
16250043 16250126
16250203 16250094
16250217 16250280
16250183 16250229
16250041 16250001
16250234 16250172
16250183 16250290
16250250 16250240
16250230 16250135
16250262 16250075
16250091 16250025
16250169 16250136
16250049 16250200
16250288 16250270
16250132 16250142
16250084 16250104
16250013 16250007
16250192 16250079
16250216 16250056
16250039 16250220
16250056 16250246
16250197 16250072
16250151 16250292
16250002 16250041
16250245 16250064
16250053 16250214
16250229 16250063
16250188 16250098
16250107 16250027
16250097 16250210
13125126 13125244
13125090 13125285
13125147 13125187
13125091 13125139
13125252 13125254
13125186 13125057
13125227 13125055
13125040 13125127
13125211 13125151
13125202 13125085
13125251 13125158
13125284 13125269
13125134 13125026
13125030 13125225
13125064 13125172
13125147 13125120
13125262 13125185
13125180 13125291
13125011 13125170
13125283 13125020
13125165 13125020
13125253 13125044
13125068 13125182
13125092 13125290
13125276 13125167
13125274 13125101
13125146 13125215
13125257 13125089
13125105 13125014
13125099 13125143
13125173 13125154
13125194 13125231
13125288 13125054
13125013 13125257
13125015 13125203
13125161 13125260
13125043 13125147
13125032 13125234
13125042 13125063
13125193 13125073
13125090 13125299
13125101 13125058
13125277 13125236
13125209 13125286
13125049 13125245
13125137 13125053
13125108 13125235
13125220 13125151
13125006 13125012
13125051 13125117
13125297 13125273
13125255 13125206
13125164 13125161
13125274 13125077
13125095 13125282
11562775 11562656
11562574 11562637
11562699 11562540
11562549 11562779
11562556 11562526
11562718 11562718
11562582 11562716
11562562 11562734
11562700 11562597
11562605 11562671
11562561 11562595
11562580 11562543
11562564 11562522
11562527 11562615
11562705 11562627
11562695 11562661
11562688 11562707
11562563 11562598
11562581 11562585
11562621 11562596
11562515 11562618
11562580 11562729
11562550 11562691
11562551 11562620
11562612 11562671
11562616 11562651
11562729 11562675
11562711 11562800
11562633 11562507
11562695 11562797
11562624 11562664
11562624 11562740
11562735 11562783
11562643 11562549
11562746 11562534
11562592 11562539
11562729 11562615
11562633 11562787
11562581 11562744
11562586 11562610
11562673 11562738
11562535 11562525
11562512 11562783
11562781 11562702
11562689 11562668
11562574 11562589
11562595 11562577
11562547 11562670
11562581 11562668
11562667 11562579
11562616 11562511
11562649 11562794
11562722 11562557
11562619 11562799
11562745 11562519
10781493 10781445
10781531 10781471
10781442 10781466
10781407 10781494
10781484 10781330
10781468 10781482
10781493 10781283
10781415 10781315
10781517 10781366
10781519 10781515
10781280 10781410
10781364 10781316
10781355 10781429
10781412 10781344
10781353 10781528
10781408 10781265
10781455 10781390
10781360 10781417
10781545 10781431
10781513 10781259
10781431 10781377
10781279 10781370
10781363 10781491
10781354 10781469
10781539 10781277
10781291 10781486
10781393 10781485
10781528 10781520
10781385 10781540
10781471 10781302
10781383 10781405
10781500 10781337
10781341 10781413
10781479 10781341
10781354 10781341
10781497 10781338
10781272 10781385
10781492 10781465
10781544 10781484
10781327 10781338
10781388 10781527
10781385 10781512
10781514 10781489
10781547 10781549
10781276 10781271
10781370 10781497
10781442 10781464
10781445 10781271
10781272 10781548
10781251 10781363
10781259 10781271
10781494 10781349
10781523 10781392
10781308 10781339
10781360 10781415
10390745 10390861
10390916 10390747
10390756 10390771
10390834 10390790
10390703 10390729
10390745 10390645
10390850 10390808
10390679 10390637
10390709 10390630
10390713 10390825
10390672 10390729
10390825 10390628
10390906 10390864
10390881 10390891
10390831 10390797
10390803 10390912
10390659 10390768
10390630 10390882
10390757 10390911
10390718 10390808
10390696 10390653
10390867 10390743
10390785 10390795
10390857 10390889
10390699 10390869
10390641 10390643
10390723 10390657
10390693 10390846
10390869 10390736
10390911 10390706
10390923 10390709
10390677 10390636
10390906 10390655
10390684 10390910
10390757 10390896
10390761 10390658
10390862 10390852
10390717 10390822
10390850 10390742
10390629 10390746
10390652 10390799
10390807 10390860
10390861 10390726
10390656 10390689
10390713 10390636
10390678 10390902
10390779 10390916
10390868 10390854
10390720 10390874
10390643 10390856
10390910 10390724
10390802 10390706
10390814 10390680
10390758 10390747
10390916 10390762
10195513 10195504
10195480 10195317
10195456 10195473
10195569 10195597
10195370 10195324
10195496 10195344
10195462 10195447
10195532 10195560
10195508 10195458
10195583 10195332
10195458 10195604
10195469 10195343
10195582 10195583
10195314 10195543
10195487 10195543
10195500 10195521
10195584 10195574
10195479 10195355
10195344 10195403
10195515 10195439
10195546 10195581
10195390 10195505
10195365 10195398
10195466 10195523
10195471 10195550
10195461 10195399
10195427 10195585
10195508 10195353
10195589 10195504
10195612 10195576
10195496 10195316
10195603 10195392
10195385 10195393
10195485 10195491
10195359 10195318
10195434 10195351
10195536 10195321
10195385 10195349
10195350 10195588
10195544 10195366
10195580 10195321
10195494 10195528
10195367 10195540
10195398 10195345
10195334 10195474
10195346 10195532
10195461 10195586
10195431 10195381
10195487 10195439
10195598 10195492
10195559 10195526
10195458 10195357
10195318 10195514
10195594 10195604
10195414 10195335
10097734 10097782
10097905 10097748
10097931 10097703
10097859 10097914
10097832 10097759
10097749 10097845
10097667 10097827
10097829 10097876
10097798 10097947
10097898 10097863
10097931 10097786
10097927 10097771
10097755 10097912
10097761 10097741
10097728 10097932
10097724 10097781
10097839 10097923
10097885 10097700
10097775 10097693
10097934 10097781
10097881 10097699
10097660 10097861
10097862 10097701
10097852 10097797
10097669 10097796
10097738 10097904
10097751 10097742
10097736 10097839
10097698 10097868
10097664 10097746
10097702 10097908
10097804 10097811
10097945 10097856
10097869 10097924
10097671 10097789
10097885 10097681
10097761 10097887
10097684 10097772
10097703 10097822
10097874 10097671
10097840 10097914
10097762 10097955
10097858 10097683
10097715 10097932
10097657 10097759
10097849 10097875
10097718 10097853
10097802 10097939
10097700 10097667
10097744 10097805
10097822 10097852
10097724 10097803
10097839 10097854
10097830 10097711
10097808 10097891
10048913 10048916
10048957 10049002
10049124 10049005
10048873 10048965
10049038 10048868
10048881 10048949
10049052 10048859
10048963 10049119
10048981 10049120
10048869 10049062
10048994 10049046
10049111 10048998
10048910 10049091
10049062 10048933
10048841 10049110
10048935 10048855
10048898 10049095
10048935 10048908
10048987 10048932
10048888 10049126
10049075 10049019
10049104 10048943
10048986 10049064
10049117 10049078
10048995 10048983
10049060 10048925
10048888 10048942
10048952 10048983
10049118 10049073
10048886 10049072
10049112 10048987
10048890 10048846
10049008 10048975
10048997 10049034
10049073 10048849
10049075 10049058
10048966 10048891
10048990 10049053
10048965 10048910
10048971 10049044
10048910 10049003
10048916 10049118
10049039 10048971
10049071 10049120
10049052 10048977
10048896 10049048
10048946 10048928
10049007 10049021
10048959 10049067
10048906 10048894
10049037 10048881
10048903 10049047
10049081 10049047
10048864 10048835
10048908 10048963
10024441 10024577
10024570 10024652
10024544 10024701
10024498 10024582
10024565 10024660
10024659 10024468
10024470 10024712
10024709 10024481
10024603 10024583
10024497 10024462
10024488 10024638
10024545 10024447
10024669 10024625
10024682 10024502
10024696 10024538
10024652 10024418
10024491 10024702
10024586 10024426
10024637 10024556
10024466 10024451
10024633 10024660
10024467 10024625
10024569 10024558
10024618 10024582
10024605 10024620
10024448 10024427
10024674 10024478
10024491 10024698
10024713 10024628
10024476 10024650
10024691 10024585
10024529 10024514
10024541 10024682
10024649 10024678
10024623 10024455
10024621 10024624
10024620 10024545
10024530 10024602
10024466 10024714
10024522 10024671
10024440 10024455
10024506 10024543
10024544 10024427
10024564 10024574
10024623 10024437
10024476 10024661
10024576 10024667
10024419 10024542
10024503 10024619
10024624 10024685
10024525 10024560
10024605 10024415
10024663 10024526
10024442 10024610
10024449 10024443
10012278 10012231
10012499 10012299
10012246 10012408
10012245 10012290
10012322 10012335
10012430 10012307
10012485 10012394
10012490 10012350
10012224 10012300
10012456 10012507
10012371 10012347
10012372 10012356
10012316 10012331
10012296 10012318
10012385 10012429
10012255 10012257
10012440 10012277
10012222 10012293
10012398 10012312
10012384 10012333
10012294 10012224
10012405 10012374
10012289 10012457
10012481 10012270
10012263 10012490
10012499 10012254
10012248 10012373
10012214 10012304
10012258 10012257
10012473 10012457
10012424 10012233
10012393 10012479
10012282 10012309
10012276 10012247
10012369 10012233
10012485 10012304
10012317 10012366
10012378 10012231
10012298 10012390
10012235 10012473
10012441 10012218
10012460 10012335
10012452 10012464
10012371 10012268
10012444 10012216
10012388 10012322
10012324 10012287
10012305 10012329
10012497 10012326
10012451 10012223
10012243 10012280
10012413 10012278
10012309 10012483
10012398 10012473
10012459 10012394
42 221
83 61
15 124
240 50
180 43
231 104
289 207
179 24
213 238
92 130
139 284
141 66
89 132
23 191
191 233
166 295
179 252
123 224
117 2
245 38
5 165
82 103
144 261
242 251
33 153
113 225
97 60
291 230
126 228
185 125
140 2
16 33
153 34
202 25
68 137
215 212
132 119
35 3
206 210
2 86
92 297
93 108
174 229
239 131
14 79
235 173
95 166
147 30
300 231
207 44
84 210
11 113
65 246
7 63
34 82
173 72
286 289
37 281
173 69
137 125
78 179
243 20
220 5
99 64
225 6
139 162
12 288
43 211
145 257
67 298
87 18
63 55
46 91
14 114
220 134
222 214
106 9
109 76
122 147
288 233
98 3
169 121
214 258
31 192
139 4
