# source: JorikJooken
# original path: jj_extract\knapsackProblemInstances-master\problemInstances\n_1200_c_1000000_g_2_f_0.3_eps_0.1_s_100\test.in
# optimal value: 618212
# format: n capacity, then weight value
1200 1000000
600075 600036
600031 600055
600053 600066
600026 600007
600090 600003
600085 600052
600005 600005
600004 600040
600007 600054
600067 600059
600085 600060
600009 600075
600098 600001
600085 600095
600038 600036
600077 600015
600028 600014
600083 600036
600085 600087
600079 600095
600094 600077
600013 600009
600093 600037
600010 600053
600092 600014
600049 600012
600095 600033
600060 600011
600005 600089
600070 600021
600029 600052
600022 600048
600013 600090
600034 600069
600059 600060
600009 600047
600012 600100
600030 600042
600069 600090
600062 600081
600019 600094
600088 600032
600070 600044
600066 600004
600087 600073
600049 600070
600049 600064
600009 600061
600024 600089
600093 600075
600065 600068
600004 600048
600086 600084
600043 600079
600056 600012
600063 600074
600055 600012
600098 600019
600011 600054
600084 600070
600038 600016
600096 600005
600029 600084
600031 600012
600007 600087
600051 600001
600007 600081
600083 600003
600069 600064
600049 600088
600027 600023
600066 600065
600053 600042
600061 600009
600016 600004
600074 600011
600080 600076
600020 600092
600083 600081
600075 600063
600052 600019
600078 600046
600029 600047
600021 600023
600071 600017
600032 600022
600072 600077
600011 600010
600092 600035
600024 600006
600098 600052
600086 600061
600025 600034
600032 600075
600091 600070
600050 600011
600057 600043
600006 600081
600083 600098
600056 600004
600060 600083
600015 600033
600008 600042
600071 600063
600022 600037
600084 600032
600053 600067
600046 600096
600002 600051
600083 600033
600038 600011
600027 600060
600023 600014
600071 600062
600100 600050
600087 600099
600051 600082
600074 600023
600092 600005
600088 600031
600068 600004
600015 600008
600074 600075
600038 600032
600046 600093
600051 600057
600044 600080
600050 600020
600023 600024
600083 600087
600043 600055
600100 600084
600047 600100
600070 600092
600043 600091
600081 600043
600043 600099
600026 600021
600022 600024
600018 600021
600079 600081
600026 600002
600002 600077
600066 600087
600019 600046
600005 600046
600042 600020
600042 600060
600002 600074
600079 600055
600020 600052
600038 600077
600094 600010
600038 600095
600051 600089
600100 600097
600054 600035
600024 600006
600036 600091
600024 600025
600004 600018
600069 600052
600029 600043
600045 600095
600040 600044
600090 600028
600084 600029
600099 600053
600036 600032
600048 600032
600024 600011
600009 600077
600041 600036
600023 600008
600020 600046
600057 600032
600022 600006
600017 600046
600008 600041
600098 600098
600061 600079
600010 600054
600048 600016
600005 600095
600071 600068
600070 600059
600081 600023
600099 600026
600090 600069
600092 600084
600058 600013
600047 600015
600043 600071
600097 600034
600035 600064
600024 600099
600008 600040
600091 600033
600073 600038
600036 600036
600029 600046
600091 600010
600085 600044
600053 600089
600003 600017
600071 600081
600044 600094
600081 600043
600084 600057
600015 600085
600067 600042
600053 600056
600026 600082
600061 600012
600029 600015
600063 600096
600026 600064
600080 600097
600065 600039
600082 600056
600052 600062
600077 600088
600070 600019
600023 600048
600072 600094
600009 600088
600071 600005
600077 600059
600071 600035
600075 600005
600004 600082
600017 600094
600088 600037
600098 600054
600068 600003
600026 600098
600002 600084
600024 600004
600016 600014
600029 600092
600014 600078
600036 600039
600028 600009
600070 600064
600090 600081
600064 600055
600053 600099
600092 600021
600016 600072
600059 600088
600047 600015
600069 600011
600096 600068
600070 600086
600016 600043
600062 600074
600057 600003
600028 600073
600057 600061
600056 600010
600035 600078
600067 600019
600088 600080
600039 600041
600092 600098
600031 600016
600004 600056
600022 600065
600042 600076
600007 600005
600099 600016
600074 600095
600029 600081
600040 600049
600087 600058
600073 600002
600089 600034
600014 600094
600100 600050
600049 600048
600041 600004
600035 600077
600087 600008
600051 600068
600051 600075
600085 600084
600073 600096
600068 600013
600015 600045
600053 600074
600055 600038
600056 600033
600066 600035
600074 600083
600017 600036
600057 600059
600003 600085
600035 600019
600077 600044
600034 600022
600007 600098
600090 600022
600046 600038
600010 600098
600063 600037
600003 600067
600095 600050
600075 600064
600040 600075
600085 600071
600030 600063
600045 600076
600010 600074
600017 600036
600037 600084
600040 600099
600094 600069
600025 600055
600003 600044
600070 600058
600062 600095
600092 600094
600015 600098
600025 600005
600056 600034
600012 600018
600021 600056
600026 600088
600063 600020
600025 600051
600014 600081
600006 600100
600019 600043
600020 600064
600020 600067
600064 600060
600014 600036
600023 600036
600068 600009
600033 600041
600007 600096
600075 600066
600042 600077
600078 600002
600024 600099
600070 600067
600008 600001
600078 600026
600099 600069
600097 600066
600027 600079
600010 600065
600044 600040
600100 600044
600091 600070
600058 600050
600076 600070
600046 600011
600007 600069
600030 600049
600054 600082
600055 600011
600006 600036
600024 600061
600044 600051
600076 600053
600058 600023
600032 600037
600079 600081
600066 600026
600050 600060
600042 600031
600022 600039
600092 600023
600065 600012
600063 600035
600073 600064
600061 600030
600017 600051
600055 600057
600045 600036
600055 600067
600074 600056
600062 600075
600039 600028
600058 600076
600070 600015
600091 600004
600047 600088
600099 600032
600098 600040
600030 600015
600083 600003
600030 600093
600072 600050
600003 600020
600068 600094
600022 600061
600084 600058
600043 600039
600033 600081
600023 600083
600087 600032
600024 600018
600085 600090
600083 600072
600070 600019
600075 600059
600057 600027
600036 600069
600011 600062
600079 600003
600005 600095
600095 600053
600084 600012
600002 600044
600051 600025
600001 600090
600068 600013
600006 600080
600054 600090
600089 600094
600053 600012
600026 600047
600094 600097
600088 600095
600045 600068
600081 600043
600026 600020
600100 600010
600057 600021
600093 600065
600078 600079
600062 600018
600015 600075
600076 600012
600016 600018
600089 600049
600079 600044
600026 600100
600033 600098
600068 600001
600015 600088
600068 600077
600097 600047
600095 600069
600002 600068
600006 600005
600091 600048
600020 600073
600031 600008
600081 600027
600090 600005
600086 600002
600086 600070
600056 600039
600059 600042
600016 600078
600066 600021
600024 600068
600090 600085
600042 600005
600064 600045
600086 600100
600091 600043
600034 600025
600044 600059
600049 600045
600040 600079
600048 600022
600094 600096
600030 600049
600096 600088
600075 600006
600068 600070
600039 600066
600082 600080
600034 600063
600099 600049
600078 600011
600096 600043
600085 600030
600080 600043
600053 600078
600060 600027
600023 600079
600095 600069
600096 600056
600054 600046
600021 600034
600081 600054
600008 600018
600021 600025
600048 600047
600028 600007
600080 600060
600098 600079
600037 600095
600098 600024
600042 600011
600093 600098
600076 600043
600100 600028
600078 600093
600099 600050
600048 600051
600091 600096
600054 600030
600050 600099
600097 600006
600084 600089
600077 600079
600036 600004
600041 600085
600016 600057
600043 600064
600007 600058
600028 600006
600008 600095
600017 600071
600090 600042
600045 600042
600006 600033
600036 600070
600026 600016
600050 600095
600056 600089
600028 600053
600042 600054
600092 600032
600003 600020
600073 600057
600079 600021
600053 600083
600060 600010
600068 600021
600014 600036
600022 600042
600075 600069
600015 600043
600088 600086
600019 600020
600056 600037
600062 600064
600042 600064
600078 600019
600030 600093
600036 600018
600038 600033
600078 600064
600015 600018
600097 600051
600096 600076
600029 600069
600016 600097
600040 600011
600070 600084
600047 600091
600003 600092
600037 600012
600082 600062
600005 600075
600074 600087
600094 600012
600088 600022
600087 600067
600014 600078
600079 600096
600082 600088
600033 600014
600063 600091
600041 600002
600011 600094
600047 600008
600046 600088
600051 600080
600052 600001
600086 600023
600035 600087
600056 600076
600090 600082
600048 600002
600024 600010
600054 600013
600066 600080
600087 600017
600016 600099
600094 600036
600008 600011
600077 600092
600061 600032
600037 600057
600041 600089
600028 600087
600048 600076
600027 600037
600027 600035
600063 600024
600055 600006
600008 600015
600026 600032
600011 600055
600089 600073
600100 600035
600073 600022
600020 600093
600040 600084
600022 600072
600028 600098
600051 600007
600025 600015
600085 600023
600088 600033
600072 600057
600018 600084
600067 600077
600030 600094
600054 600011
600019 600073
600027 600081
600006 600060
600087 600045
600049 600065
600050 600042
600025 600044
600008 600003
600008 600066
600045 600026
600008 600007
600067 600004
600091 600089
600079 600021
600043 600039
600100 600075
600064 600085
600062 600025
600099 600017
600078 600011
600081 600046
600004 600027
600034 600078
600055 600047
600040 600037
600008 600082
600070 600089
600084 600041
600082 600014
600088 600007
600018 600015
600061 600007
600055 600049
600039 600091
600086 600008
600003 600074
600094 600026
600043 600029
600005 600019
600009 600009
600014 600063
600040 600003
600041 600079
600020 600046
600033 600009
600081 600048
600011 600053
600061 600031
600092 600026
600016 600031
600036 600074
600048 600016
600084 600086
600013 600047
600100 600056
600029 600024
600043 600032
600006 600025
600047 600023
600003 600095
600037 600049
600037 600081
600033 600079
600068 600088
600081 600022
600003 600087
600079 600010
600009 600034
600042 600018
600023 600048
600095 600081
600047 600076
600089 600059
600045 600079
600069 600034
600019 600038
600033 600006
600082 600042
600008 600062
600062 600056
600093 600010
600012 600008
600084 600042
600039 600064
600008 600067
600061 600099
600097 600067
600035 600001
600030 600059
600024 600020
600094 600046
600055 600066
600060 600037
600040 600085
600094 600015
600042 600017
600019 600090
600094 600059
600071 600007
600012 600022
600043 600077
600090 600075
600077 600003
600075 600031
600068 600084
600070 600063
600041 600049
600071 600057
600044 600089
600056 600054
600066 600062
600074 600028
600064 600025
600077 600004
600010 600087
600004 600009
600096 600088
600003 600021
600057 600009
600050 600067
600093 600024
600006 600004
600037 600022
600062 600075
600024 600093
600027 600067
600041 600087
600084 600039
600044 600002
600037 600031
600078 600081
600047 600049
600022 600038
600058 600019
600094 600022
600071 600033
600039 600053
600036 600083
600061 600013
600060 600040
600064 600067
600017 600017
600075 600072
600033 600100
600011 600013
600089 600089
600059 600090
600001 600020
600034 600046
600083 600067
600100 600083
600078 600100
600027 600047
600004 600003
600014 600059
600065 600022
600029 600040
600034 600081
600086 600069
600053 600021
600036 600007
600073 600074
600081 600018
600057 600064
600076 600023
600020 600070
600082 600059
600021 600030
600082 600057
600039 600027
600018 600087
600034 600025
600045 600063
600061 600037
600035 600011
600095 600025
600084 600087
600068 600085
600046 600077
600058 600007
600070 600088
600051 600031
600021 600048
600078 600090
600035 600047
600061 600061
600010 600096
600074 600016
600098 600022
600033 600056
600056 600008
600089 600001
600097 600047
600010 600050
600095 600058
600041 600073
600022 600048
600032 600008
600084 600086
600079 600045
600020 600031
600027 600072
600061 600099
600090 600075
600067 600004
600007 600032
600051 600059
600041 600090
600042 600092
600043 600066
600035 600007
600032 600057
600001 600050
600056 600066
600087 600030
600037 600085
600019 600067
600004 600064
600091 600078
600058 600074
600060 600013
600020 600008
2 24
53 93
89 9
90 27
81 53
45 82
85 29
75 63
37 27
87 32
45 62
89 37
68 56
21 57
10 4
72 26
43 21
87 54
1 90
76 30
67 14
95 43
14 68
1 75
41 1
51 23
40 80
74 91
79 1
16 72
4 72
69 26
18 21
47 28
70 45
55 76
7 34
13 53
12 35
55 24
54 21
52 38
9 53
27 45
46 86
27 15
95 26
50 32
15 11
71 42
27 52
8 21
61 1
57 42
55 17
38 22
33 77
70 7
12 13
38 8
18 6
19 100
82 71
63 57
19 12
94 33
64 25
28 99
31 68
97 62
8 42
22 43
7 55
61 52
78 12
36 39
7 69
63 46
76 25
32 92
89 50
2 14
61 100
77 70
28 61
100 76
13 34
78 67
15 76
6 66
11 27
21 60
91 89
79 50
18 35
76 5
92 85
34 29
44 41
6 34
76 48
55 62
49 97
18 58
43 90
99 44
74 93
6 65
87 74
41 83
97 4
24 21
44 23
15 20
8 1
10 28
6 29
91 55
37 72
63 56
45 3
94 47
11 51
47 89
94 10
68 20
22 45
41 22
41 3
19 97
96 56
89 77
67 49
30 49
7 47
67 20
42 57
99 72
97 3
81 99
93 70
14 54
89 16
25 61
92 21
90 97
3 26
82 34
75 67
45 19
2 38
85 41
47 91
53 6
84 62
18 41
17 94
32 15
76 72
1 41
40 83
86 12
96 35
79 51
17 85
49 82
93 36
90 33
51 25
27 83
100 17
66 52
79 18
44 97
74 49
19 12
22 25
76 2
52 60
25 22
46 6
80 10
81 19
42 98
30 91
11 67
11 51
2 56
88 95
18 22
33 87
68 85
87 51
44 98
7 89
3 87
84 13
72 15
74 30
53 92
10 11
34 69
75 60
54 100
50 83
44 73
22 65
52 63
92 83
85 40
38 21
9 30
76 76
6 26
55 75
11 62
64 48
61 43
41 44
47 5
57 61
52 74
50 25
12 2
39 71
9 42
34 27
6 91
16 93
3 87
68 51
25 91
25 38
18 94
18 91
39 56
7 73
63 11
3 98
70 81
20 70
10 24
32 67
12 61
65 88
30 96
62 53
45 58
13 77
50 3
18 84
16 83
49 89
55 14
40 4
98 37
79 83
37 10
42 69
52 44
39 38
95 62
57 22
73 2
73 22
81 24
94 28
39 74
47 28
88 15
57 3
19 56
54 48
63 47
24 82
72 100
57 88
99 96
14 59
63 23
42 66
57 84
58 54
95 42
94 9
53 28
1 83
39 27
32 33
8 98
54 97
41 12
43 67
88 44
97 4
35 16
82 73
41 40
36 61
37 56
82 10
17 98
60 75
8 10
82 12
2 68
63 79
23 99
9 84
81 19
23 44
6 17
76 16
21 35
72 73
16 48
89 69
18 97
14 85
56 16
100 43
51 26
68 3
35 69
1 89
45 78
85 95
6 98
90 28
98 25
86 76
10 73
86 18
36 45
69 25
73 97
29 77
100 52
76 69
88 58
55 89
61 7
42 37
44 72
15 34
27 42
17 33
19 66
100 77
54 95
3 37
38 84
41 37
43 28
3 54
96 46
1 100
19 54
92 61
32 92
