# source: JorikJooken
# original path: jj_extract\knapsackProblemInstances-master\problemInstances\n_1200_c_100000000_g_2_f_0.1_eps_0.001_s_200\test.in
# optimal value: 50113029
# format: n capacity, then weight value
1200 100000000
50100124 50100167
50100050 50100114
50100089 50100050
50100128 50100163
50100019 50100021
50100138 50100194
50100172 50100014
50100091 50100044
50100076 50100118
50100174 50100143
50100048 50100098
50100070 50100157
50100103 50100058
50100088 50100001
50100042 50100038
50100094 50100076
50100103 50100009
50100128 50100157
50100182 50100149
50100084 50100002
50100186 50100147
50100115 50100039
50100048 50100030
50100037 50100166
50100119 50100010
50100027 50100007
50100023 50100064
50100132 50100013
50100100 50100125
50100154 50100196
50100127 50100143
50100055 50100023
50100010 50100135
50100035 50100097
50100035 50100191
50100027 50100031
50100037 50100051
50100150 50100133
50100081 50100035
50100034 50100055
50100182 50100178
50100070 50100113
50100113 50100005
50100128 50100040
50100194 50100165
50100196 50100170
50100064 50100098
50100016 50100009
50100001 50100088
50100055 50100124
50100046 50100009
50100059 50100084
50100098 50100114
50100200 50100134
50100193 50100052
50100089 50100162
50100003 50100126
50100001 50100086
50100029 50100176
50100043 50100116
50100073 50100166
50100098 50100058
50100013 50100029
50100008 50100066
50100118 50100032
50100127 50100074
50100092 50100046
50100144 50100006
50100032 50100016
50100099 50100069
50100049 50100112
50100073 50100131
50100161 50100009
50100081 50100127
50100037 50100041
50100168 50100112
50100044 50100173
50100184 50100069
50100092 50100009
50100115 50100010
50100121 50100023
50100061 50100099
50100037 50100136
50100025 50100013
50100175 50100075
50100080 50100189
50100172 50100173
50100036 50100015
50100111 50100176
50100190 50100125
50100127 50100129
50100193 50100188
50100164 50100063
50100039 50100116
50100169 50100040
50100009 50100037
50100098 50100054
50100002 50100112
50100101 50100065
50100143 50100075
50100022 50100124
50100048 50100044
50100099 50100030
50100140 50100161
50100006 50100005
50100024 50100023
50100012 50100005
50100054 50100149
50100122 50100173
50100018 50100035
50100046 50100187
50100049 50100101
50100023 50100049
50100078 50100105
50100171 50100144
50100110 50100089
50100094 50100122
50100117 50100130
50100125 50100096
50100143 50100128
50100037 50100087
50100025 50100182
50100150 50100071
50100136 50100031
50100092 50100041
50100015 50100186
50100117 50100154
50100178 50100101
50100025 50100133
50100198 50100196
50100088 50100078
50100110 50100140
50100145 50100182
50100086 50100062
50100175 50100111
50100140 50100010
50100180 50100131
50100159 50100079
50100073 50100006
50100046 50100154
50100109 50100148
50100071 50100079
50100134 50100081
50100193 50100123
50100075 50100161
50100034 50100026
50100011 50100075
50100072 50100041
50100021 50100150
50100049 50100001
50100043 50100118
50100154 50100015
50100129 50100130
50100019 50100038
50100075 50100152
50100034 50100130
50100111 50100184
50100102 50100157
50100059 50100019
50100172 50100039
50100169 50100055
50100028 50100200
50100133 50100047
50100128 50100134
50100026 50100038
50100093 50100050
50100050 50100107
50100091 50100088
50100069 50100074
50100089 50100059
50100184 50100112
50100015 50100095
50100084 50100096
50100095 50100134
50100165 50100188
50100046 50100060
50100148 50100199
50100030 50100076
50100030 50100113
50100076 50100047
50100165 50100123
50100146 50100083
50100114 50100098
50100044 50100136
50100008 50100200
50100097 50100136
50100071 50100128
50100113 50100176
50100060 50100190
50100001 50100074
50100200 50100191
50100023 50100120
50100158 50100036
50100183 50100152
50100123 50100029
50100034 50100086
50100177 50100007
50100100 50100183
50100077 50100165
50100013 50100108
50100119 50100186
50100129 50100062
50100015 50100057
50100118 50100131
50100183 50100093
50100058 50100007
50100168 50100070
50100114 50100117
50100161 50100179
50100017 50100097
50100152 50100004
50100158 50100153
50100196 50100018
50100186 50100052
50100068 50100148
50100044 50100114
50100131 50100099
50100108 50100191
50100014 50100073
50100036 50100130
50100007 50100185
50100140 50100050
50100065 50100106
50100155 50100158
50100125 50100178
50100185 50100106
50100020 50100115
50100140 50100026
50100026 50100170
50100155 50100016
50100081 50100046
50100157 50100020
50100121 50100103
50100131 50100067
50100087 50100062
50100164 50100098
50100191 50100125
50100099 50100075
50100097 50100063
50100177 50100121
50100143 50100086
50100019 50100006
50100073 50100133
50100159 50100121
50100178 50100020
50100158 50100169
50100109 50100033
50100147 50100048
50100016 50100036
50100095 50100066
50100134 50100031
50100185 50100034
50100180 50100063
50100120 50100160
50100179 50100068
50100152 50100105
50100195 50100157
50100194 50100179
50100062 50100196
50100091 50100151
50100119 50100191
50100150 50100008
50100176 50100154
50100070 50100174
50100074 50100006
50100072 50100127
50100135 50100142
50100182 50100136
50100008 50100028
50100021 50100021
50100010 50100187
50100120 50100092
50100001 50100052
50100119 50100051
50100045 50100154
50100160 50100052
50100137 50100137
50100156 50100048
50100193 50100113
50100014 50100016
50100089 50100008
50100064 50100102
50100008 50100152
50100122 50100121
50100134 50100065
50100143 50100140
50100196 50100020
50100035 50100128
50100022 50100159
50100162 50100007
50100053 50100193
50100182 50100110
50100180 50100067
50100071 50100172
50100015 50100075
50100040 50100137
50100029 50100026
50100045 50100147
50100077 50100195
50100123 50100153
50100111 50100041
50100094 50100011
50100119 50100008
50100155 50100118
50100033 50100061
50100170 50100164
50100169 50100194
50100185 50100097
50100075 50100142
50100018 50100088
50100041 50100163
50100170 50100104
50100079 50100199
50100069 50100042
50100065 50100180
50100180 50100154
50100051 50100169
50100118 50100182
50100140 50100189
50100124 50100036
50100083 50100075
50100111 50100118
50100133 50100200
50100008 50100023
50100027 50100076
50100030 50100185
50100002 50100063
50100182 50100034
50100013 50100146
50100164 50100104
50100086 50100117
50100165 50100193
50100198 50100029
50100005 50100087
50100017 50100039
50100167 50100150
50100165 50100146
50100092 50100142
50100062 50100165
50100192 50100103
50100022 50100153
50100183 50100090
50100176 50100018
50100071 50100048
50100047 50100121
50100197 50100127
50100064 50100159
50100163 50100060
50100033 50100133
50100021 50100185
50100158 50100003
50100194 50100010
50100030 50100015
50100038 50100164
50100094 50100036
50100095 50100064
50100166 50100188
50100058 50100120
50100197 50100180
50100137 50100110
50100167 50100044
50100019 50100144
50100174 50100142
50100059 50100070
50100039 50100027
50100087 50100051
50100114 50100162
50100132 50100074
50100066 50100095
50100172 50100046
50100124 50100045
50100106 50100129
50100158 50100065
50100127 50100003
50100106 50100193
50100014 50100138
50100053 50100169
50100197 50100035
50100161 50100002
50100084 50100110
50100105 50100195
50100089 50100047
50100083 50100094
50100112 50100110
50100188 50100147
50100148 50100093
50100006 50100061
50100019 50100159
50100132 50100183
50100126 50100170
50100118 50100061
50100043 50100083
50100157 50100140
50100094 50100059
50100124 50100094
50100105 50100059
50100035 50100100
50100085 50100033
50100178 50100132
50100038 50100106
50100091 50100174
50100089 50100034
50100109 50100011
50100170 50100139
50100062 50100156
50100053 50100108
50100182 50100160
50100045 50100030
50100190 50100034
50100051 50100146
50100103 50100022
50100071 50100004
50100072 50100057
50100136 50100173
50100023 50100116
50100084 50100023
50100047 50100008
50100074 50100171
50100121 50100095
50100188 50100120
50100063 50100090
50100196 50100091
50100120 50100121
50100110 50100010
50100109 50100002
50100007 50100188
50100087 50100072
50100172 50100045
50100070 50100060
50100082 50100190
50100079 50100133
50100164 50100064
50100003 50100008
50100042 50100085
50100141 50100151
50100112 50100039
50100153 50100167
50100130 50100132
50100050 50100116
50100048 50100009
50100019 50100056
50100061 50100072
50100123 50100115
50100109 50100086
50100003 50100043
50100149 50100045
50100032 50100195
50100021 50100018
50100128 50100030
50100064 50100110
50100070 50100096
50100105 50100136
50100150 50100134
50100130 50100146
50100140 50100036
50100145 50100123
50100125 50100172
50100089 50100103
50100200 50100109
50100014 50100015
50100058 50100195
50100189 50100175
50100044 50100042
50100088 50100001
50100116 50100037
50100140 50100155
50100190 50100152
50100142 50100087
50100120 50100176
50100115 50100110
50100163 50100198
50100166 50100170
50100084 50100089
50100140 50100002
50100068 50100088
50100178 50100149
50100174 50100189
50100065 50100054
50100142 50100053
50100038 50100094
50100171 50100020
50100063 50100077
50100183 50100096
50100154 50100188
50100098 50100052
50100190 50100011
50100186 50100170
50100139 50100153
50100162 50100149
50100077 50100178
50100154 50100135
50100177 50100095
50100005 50100029
50100139 50100005
50100050 50100143
50100144 50100051
50100050 50100084
50100160 50100136
50100042 50100030
50100031 50100023
50100195 50100188
50100083 50100108
50100018 50100059
50100014 50100027
50100152 50100124
50100093 50100162
50100063 50100014
50100188 50100106
50100145 50100039
50100021 50100030
50100015 50100084
50100047 50100141
50100064 50100123
50100194 50100169
50100074 50100143
50100143 50100088
50100089 50100172
50100058 50100071
50100106 50100171
50100191 50100121
50100084 50100103
50100168 50100173
50100167 50100188
50100165 50100045
50100197 50100020
50100066 50100172
50100189 50100181
50100166 50100057
50100015 50100187
50100084 50100119
50100051 50100063
50100117 50100072
50100194 50100182
50100102 50100185
50100059 50100061
50100121 50100045
50100083 50100187
50100003 50100043
50100085 50100156
50100063 50100156
50100119 50100097
50100070 50100112
50100199 50100188
50100167 50100047
50100018 50100040
50100045 50100187
50100151 50100051
50100200 50100193
50100145 50100158
50100180 50100081
50100129 50100133
50100026 50100127
50100082 50100013
50100118 50100038
50100161 50100120
50100101 50100189
50100141 50100168
50100075 50100115
50100003 50100104
50100099 50100122
50100047 50100126
50100196 50100134
50100009 50100130
50100001 50100049
50100076 50100146
50100152 50100152
50100050 50100098
50100023 50100011
50100140 50100011
50100060 50100102
50100094 50100154
50100136 50100200
50100184 50100164
50100110 50100184
50100172 50100107
50100093 50100137
50100161 50100192
50100052 50100174
50100104 50100019
50100158 50100161
50100151 50100038
50100033 50100007
50100127 50100196
50100070 50100102
50100035 50100054
50100047 50100059
50100032 50100041
50100111 50100197
50100068 50100190
50100037 50100057
50100046 50100160
50100124 50100200
50100114 50100129
50100103 50100184
50100013 50100121
50100095 50100001
50100128 50100136
50100145 50100116
50100089 50100019
50100077 50100171
50100088 50100131
50100112 50100180
50100039 50100100
50100164 50100020
50100015 50100080
50100028 50100106
50100141 50100012
50100126 50100147
50100135 50100102
50100025 50100091
50100196 50100192
50100107 50100094
50100108 50100190
50100158 50100124
50100141 50100162
50100169 50100199
50100112 50100011
50100169 50100121
50100172 50100168
50100131 50100061
50100120 50100183
50100043 50100056
50100157 50100137
50100164 50100132
50100189 50100035
50100049 50100134
50100054 50100172
50100156 50100103
50100026 50100003
50100142 50100037
50100005 50100124
50100128 50100057
50100190 50100099
50100003 50100154
50100065 50100124
50100068 50100066
50100002 50100130
50100131 50100066
50100183 50100191
50100176 50100128
50100036 50100065
50100053 50100169
50100048 50100039
50100055 50100022
50100133 50100200
50100117 50100190
50100015 50100180
50100090 50100128
50100028 50100173
50100122 50100130
50100165 50100159
50100178 50100172
50100089 50100196
50100020 50100088
50100075 50100031
50100124 50100168
50100017 50100069
50100098 50100140
50100078 50100189
50100154 50100091
50100017 50100122
50100153 50100163
50100138 50100169
50100048 50100130
50100138 50100081
50100027 50100080
50100107 50100108
50100069 50100056
50100080 50100166
50100109 50100009
50100089 50100120
50100123 50100188
50100006 50100042
50100062 50100200
50100177 50100180
50100048 50100005
50100048 50100009
50100200 50100141
50100187 50100036
50100098 50100101
50100041 50100010
50100137 50100026
50100062 50100183
50100111 50100157
50100025 50100157
50100026 50100146
50100070 50100167
50100054 50100162
50100172 50100011
50100126 50100141
50100127 50100073
50100017 50100024
50100013 50100123
50100053 50100055
50100182 50100109
50100155 50100067
50100008 50100032
50100194 50100185
50100072 50100031
50100125 50100197
50100070 50100047
50100112 50100123
50100123 50100127
50100199 50100138
50100183 50100176
50100154 50100035
50100110 50100175
50100080 50100117
50100073 50100040
50100063 50100063
50100150 50100059
50100090 50100178
50100167 50100113
50100149 50100163
50100132 50100099
50100018 50100025
50100009 50100051
50100036 50100148
50100179 50100175
50100059 50100051
50100010 50100141
50100110 50100200
50100036 50100117
50100076 50100009
50100022 50100085
50100080 50100180
50100169 50100112
50100033 50100059
50100036 50100102
50100092 50100133
50100182 50100095
50100163 50100198
50100034 50100044
50100168 50100014
50100162 50100169
50100068 50100113
50100158 50100123
50100052 50100067
50100180 50100094
50100064 50100065
50100015 50100083
50100041 50100102
50100063 50100040
50100102 50100004
50100030 50100106
50100170 50100135
50100117 50100146
50100192 50100196
50100180 50100093
50100155 50100149
50100113 50100012
50100196 50100161
50100065 50100184
50100185 50100154
50100123 50100174
50100108 50100185
50100010 50100157
50100044 50100054
50100055 50100163
50100094 50100063
50100151 50100078
50100160 50100012
50100164 50100074
50100065 50100040
50100072 50100185
50100194 50100018
50100086 50100067
50100150 50100153
50100142 50100125
50100089 50100038
50100112 50100037
50100066 50100131
50100129 50100086
50100127 50100121
50100166 50100003
50100123 50100057
50100132 50100065
50100140 50100115
50100155 50100148
50100068 50100031
50100070 50100053
50100119 50100042
50100171 50100178
50100095 50100187
50100086 50100137
50100062 50100182
50100061 50100180
50100059 50100013
50100059 50100002
50100001 50100200
50100157 50100133
50100052 50100095
50100183 50100115
50100149 50100087
50100081 50100111
50100086 50100065
50100047 50100096
50100035 50100112
50100112 50100182
50100018 50100087
50100183 50100143
50100098 50100097
50100127 50100063
50100103 50100126
50100117 50100105
50100057 50100059
50100086 50100165
50100117 50100011
50100070 50100010
50100041 50100113
50100200 50100078
50100092 50100137
50100178 50100016
50100104 50100027
50100037 50100034
50100088 50100020
50100006 50100021
50100061 50100110
50100056 50100008
50100020 50100130
50100026 50100196
50100045 50100069
50100179 50100106
50100101 50100041
50100134 50100084
50100182 50100066
50100181 50100131
50100158 50100184
50100009 50100175
50100182 50100124
50100144 50100132
50100087 50100020
50100043 50100176
50100101 50100182
50100065 50100197
50100184 50100112
50100157 50100080
50100158 50100016
50100077 50100111
50100134 50100083
50100047 50100074
50100125 50100072
50100018 50100034
50100088 50100151
50100082 50100154
50100123 50100169
50100136 50100136
50100074 50100018
50100095 50100147
50100144 50100015
50100069 50100105
50100033 50100181
50100018 50100070
50100084 50100053
50100013 50100027
50100180 50100069
50100118 50100087
50100156 50100058
50100035 50100098
50100094 50100051
50100130 50100155
50100111 50100157
50100106 50100108
50100018 50100173
50100043 50100027
50100176 50100132
50100112 50100197
50100138 50100151
50100083 50100159
50100192 50100048
50100029 50100110
50100140 50100095
50100026 50100153
50100005 50100079
50100179 50100052
50100050 50100059
50100026 50100191
50100059 50100155
50100148 50100093
50100057 50100164
50100101 50100075
50100165 50100157
50100054 50100058
50100146 50100146
50100087 50100028
50100169 50100028
50100006 50100068
50100089 50100185
50100052 50100143
50100172 50100018
50100041 50100107
50100149 50100019
50100132 50100139
50100197 50100160
50100111 50100147
50100075 50100080
50100187 50100036
50100154 50100046
50100017 50100091
50100153 50100115
50100117 50100004
50100047 50100049
50100081 50100030
50100082 50100103
50100092 50100151
50100014 50100070
50100058 50100068
50100078 50100112
50100144 50100187
50100151 50100138
50100045 50100016
50100035 50100095
50100122 50100141
50100045 50100156
50100134 50100101
50100035 50100113
50100190 50100040
50100099 50100028
50100096 50100087
50100128 50100141
50100117 50100074
50100032 50100112
50100178 50100089
50100021 50100061
50100079 50100127
50100163 50100086
50100143 50100016
50100057 50100108
50100178 50100069
50100038 50100154
50100073 50100081
50100140 50100041
50100158 50100012
50100096 50100068
50100138 50100099
50100051 50100076
50100131 50100066
50100136 50100012
50100163 50100010
50100185 50100113
50100167 50100016
50100059 50100162
50100103 50100027
50100135 50100146
50100041 50100167
50100181 50100079
50100130 50100160
50100165 50100095
50100122 50100115
50100041 50100126
50100088 50100038
50100065 50100133
50100010 50100105
50100127 50100023
50100145 50100104
50100187 50100128
50100130 50100148
50100111 50100145
50100009 50100119
50100065 50100041
50100135 50100036
50100193 50100155
50100189 50100084
50100169 50100181
50100143 50100033
50100053 50100068
50100065 50100012
50100102 50100083
50100025 50100036
50100033 50100173
50100143 50100166
50100167 50100179
50100042 50100135
50100062 50100040
50100013 50100010
50100121 50100141
50100039 50100125
50100176 50100066
50100056 50100081
50100100 50100194
50100129 50100152
50100140 50100035
50100182 50100154
50100063 50100040
50100191 50100152
50100169 50100050
50100133 50100144
50100024 50100168
50100138 50100117
50100099 50100138
50100002 50100112
50100180 50100076
50100181 50100024
50100057 50100174
50100163 50100153
50100066 50100133
50100007 50100185
50100185 50100068
50100184 50100150
50100087 50100189
50100033 50100175
50100100 50100096
50100102 50100103
50100198 50100015
50100096 50100125
50100173 50100163
50100105 50100042
50100144 50100174
50100116 50100124
50100102 50100001
50100054 50100113
50100039 50100180
50100126 50100139
50100136 50100173
50100015 50100095
50100165 50100131
50100013 50100181
50100012 50100088
50100198 50100098
50100173 50100146
50100161 50100118
50100193 50100086
50100030 50100146
50100154 50100095
50100080 50100049
50100006 50100004
50100097 50100012
50100137 50100046
50100015 50100075
50100079 50100181
50100197 50100112
50100118 50100017
50100157 50100050
50100082 50100133
50100021 50100031
50100193 50100006
50100180 50100095
50100049 50100108
50100167 50100005
50100069 50100136
50100163 50100152
50100087 50100195
50100071 50100152
50100086 50100045
50100091 50100117
50100017 50100164
50100105 50100180
50100193 50100126
50100084 50100120
50100001 50100031
50100095 50100129
50100148 50100069
50100070 50100153
50100084 50100044
50100121 50100023
50100079 50100041
50100132 50100144
50100004 50100128
50100076 50100165
50100034 50100113
50100170 50100089
50100071 50100079
50100142 50100010
50100076 50100162
50100024 50100196
50100013 50100056
50100171 50100177
50100007 50100046
50100190 50100109
50100139 50100136
50100049 50100138
50100148 50100002
50100092 50100026
50100165 50100152
50100075 50100024
50100183 50100140
50100121 50100127
50100159 50100132
50100106 50100152
50100152 50100022
141 47
4 94
3 27
110 60
36 183
175 171
40 177
152 82
137 79
97 116
191 81
169 140
64 58
186 182
64 23
27 119
85 78
146 147
63 36
95 78
40 19
23 147
38 157
165 118
43 38
64 57
23 81
39 111
11 82
189 131
124 44
110 124
122 28
54 151
164 40
178 138
76 200
104 6
149 14
95 140
179 133
172 4
74 73
172 113
122 76
195 140
146 79
12 197
71 133
47 188
12 111
192 141
142 200
27 175
1 131
55 143
90 127
66 56
57 160
79 99
99 55
138 181
115 147
86 44
38 47
52 98
25 54
191 34
61 171
197 132
38 65
83 184
67 136
192 152
38 85
101 144
151 100
94 111
89 67
6 198
153 55
180 15
167 161
87 14
179 71
156 171
179 129
36 111
81 97
194 90
148 98
74 195
190 192
181 129
86 53
60 6
105 36
135 86
68 90
197 194
155 108
28 172
122 85
190 178
194 159
169 193
160 193
62 171
16 82
192 32
96 8
85 144
133 134
7 99
94 113
76 164
184 9
12 40
76 94
7 170
