# source: JorikJooken
# original path: jj_extract\knapsackProblemInstances-master\problemInstances\n_1200_c_1000000_g_14_f_0.3_eps_1e-05_s_300\test.in
# optimal value: 1046969
# format: n capacity, then weight value
1200 1000000
500295 500053
500037 500112
500167 500174
500068 500021
500270 500070
500130 500258
500133 500027
500210 500160
500021 500024
500061 500125
500177 500245
500269 500097
500154 500134
500202 500053
500153 500308
500122 500235
500134 500066
500144 500074
500195 500305
500160 500150
500260 500087
500203 500239
500197 500234
500254 500019
500225 500207
500030 500295
500309 500018
500044 500264
500120 500222
500198 500024
500124 500233
500169 500193
500240 500050
500147 500143
500210 500107
500207 500140
500050 500116
500075 500214
500305 500307
500304 500197
500158 500103
500047 500024
500078 500054
500253 500080
500220 500104
500267 500253
500294 500078
500030 500075
500214 500202
500133 500189
500050 500211
500048 500270
500116 500254
500124 500215
500103 500215
500105 500234
500179 500089
500278 500107
500060 500257
500256 500308
500085 500216
500085 500193
500040 500042
500142 500166
250093 250091
250220 250104
250150 250119
250305 250231
250210 250220
250093 250098
250084 250107
250286 250242
250025 250116
250059 250054
250255 250062
250125 250164
250075 250142
250107 250181
250040 250147
250083 250079
250261 250281
250092 250177
250106 250203
250154 250105
250049 250283
250280 250053
250137 250309
250275 250261
250026 250200
250196 250108
250101 250160
250268 250108
250293 250127
250218 250127
250102 250055
250102 250164
250095 250188
250235 250111
250107 250178
250052 250035
250045 250243
250274 250279
250060 250120
250154 250210
250180 250052
250055 250120
250135 250177
250104 250096
250110 250122
250141 250243
250110 250150
250121 250273
250030 250203
250264 250052
250269 250299
250128 250039
250274 250177
250158 250143
250212 250093
250181 250035
250038 250216
250150 250099
250109 250263
250023 250162
250294 250164
250119 250095
250256 250154
250175 250258
125290 125053
125211 125095
125225 125016
125084 125048
125070 125076
125134 125308
125263 125203
125023 125067
125223 125308
125162 125250
125140 125014
125289 125032
125135 125072
125105 125021
125247 125242
125305 125285
125051 125275
125170 125224
125161 125040
125208 125149
125103 125258
125294 125259
125114 125119
125167 125257
125033 125042
125108 125261
125244 125044
125031 125024
125114 125051
125199 125036
125229 125244
125233 125071
125126 125178
125275 125095
125135 125197
125062 125104
125044 125143
125107 125102
125059 125254
125084 125168
125079 125011
125226 125237
125032 125232
125184 125249
125017 125147
125248 125252
125307 125297
125123 125119
125035 125054
125036 125207
125061 125045
125118 125045
125161 125222
125204 125193
125174 125259
125225 125284
125238 125145
125145 125063
125076 125136
125159 125264
125181 125200
125270 125223
125015 125192
125162 125031
62539 62672
62549 62664
62538 62700
62700 62658
62672 62547
62542 62540
62773 62600
62586 62526
62779 62714
62663 62750
62747 62518
62646 62747
62625 62627
62625 62537
62801 62762
62557 62610
62752 62567
62655 62708
62730 62701
62750 62592
62644 62539
62542 62540
62664 62627
62752 62719
62776 62638
62784 62688
62781 62588
62767 62720
62752 62664
62805 62521
62772 62535
62774 62738
62555 62634
62643 62781
62685 62576
62722 62795
62542 62719
62582 62607
62589 62710
62806 62545
62538 62670
62658 62685
62572 62660
62736 62776
62672 62803
62797 62689
62677 62529
62657 62581
62596 62665
62781 62587
62761 62652
62527 62545
62755 62595
62537 62510
62620 62525
62549 62609
62553 62719
62531 62609
62547 62651
62569 62527
62614 62710
62594 62638
62588 62799
62793 62693
31276 31287
31283 31525
31321 31324
31346 31316
31484 31336
31449 31277
31281 31436
31513 31299
31318 31321
31437 31456
31337 31297
31291 31546
31314 31558
31461 31520
31540 31350
31359 31285
31320 31474
31456 31301
31390 31399
31488 31324
31516 31441
31395 31491
31484 31510
31461 31535
31478 31400
31271 31401
31428 31319
31308 31403
31383 31273
31521 31503
31440 31460
31406 31328
31497 31466
31336 31477
31308 31356
31385 31301
31346 31385
31293 31540
31396 31509
31407 31332
31392 31367
31352 31441
31333 31523
31343 31263
31268 31302
31356 31441
31513 31446
31496 31556
31518 31320
31409 31420
31345 31443
31511 31396
31505 31390
31289 31447
31292 31276
31481 31289
31368 31307
31454 31466
31350 31295
31370 31519
31329 31422
31291 31468
31477 31297
31504 31362
15818 15797
15906 15755
15791 15846
15909 15709
15655 15907
15843 15768
15869 15750
15878 15689
15765 15702
15802 15800
15917 15715
15638 15734
15654 15758
15793 15788
15913 15931
15706 15805
15751 15703
15813 15926
15731 15896
15820 15805
15686 15763
15777 15932
15761 15741
15919 15866
15878 15636
15787 15861
15881 15704
15779 15807
15691 15787
15817 15839
15921 15654
15647 15682
15777 15676
15855 15842
15889 15868
15918 15808
15705 15687
15707 15780
15806 15664
15850 15934
15789 15736
15662 15851
15753 15684
15857 15847
15820 15686
15918 15876
15894 15718
15644 15875
15842 15697
15891 15862
15893 15826
15887 15727
15695 15836
15859 15811
15645 15640
15645 15805
15721 15787
15660 15874
15745 15784
15665 15850
15681 15839
15669 15895
15827 15818
15869 15654
7945 7849
8040 7949
7969 8056
7886 7906
7844 7928
7885 8012
7907 7870
7945 7979
7894 8052
7931 7914
7984 7935
7981 8062
7924 7950
7839 8086
8054 8075
8057 8059
7961 7865
7863 8109
7911 7878
7868 7910
8058 8031
7860 8043
7868 8119
8086 7838
8039 8104
8091 7876
8084 8106
7979 7932
8088 7932
7992 8031
7837 7903
7880 8096
8090 8074
7980 7857
8121 7840
8018 8059
8053 8106
7883 7941
7859 8016
7938 7968
8088 8076
7978 7941
7871 7913
7911 7942
8111 7863
8101 7937
8014 7991
8086 7923
7849 7969
8112 8116
8015 7972
7994 7875
8091 8013
8065 8015
8092 7963
8039 7903
8105 7907
7955 7912
8086 8016
7842 7994
8099 8003
7885 8085
8083 8077
8102 7881
4060 4102
4067 4121
3964 4077
4109 4030
4203 4173
4171 4116
4187 3921
4191 4061
4035 4109
4170 3941
4086 4068
4085 4038
4067 3994
4072 3963
4057 3951
4091 4055
4019 3998
3950 3965
4013 4212
3988 4113
4158 4082
4096 4048
4171 3941
4111 4101
4134 4204
3956 4039
4107 4100
4147 3920
4035 4123
4144 4175
4113 4133
4013 4177
3938 4033
4079 4118
4148 4035
4084 4060
4046 3923
3929 4173
4136 4133
4158 4016
4054 3962
4136 4015
4156 3977
4048 4082
4058 3993
3975 3979
4041 4173
4095 4166
4137 3966
4001 4120
4188 4194
4163 4079
3992 4208
4119 3986
4113 4206
4170 4160
4133 4062
4056 3957
3940 3943
4077 4051
4060 4095
4071 4132
4041 3993
3972 4103
2257 2251
2029 1982
2140 1994
2136 2244
2033 2174
2047 2074
2064 1999
2132 1970
2249 2102
2018 2229
2084 2038
2140 1987
1964 2243
1965 2010
2100 2211
2245 1991
2154 1964
2113 2129
1983 2087
2229 2011
2015 2109
2019 2219
2048 2161
2212 2069
2078 2117
2081 2036
2101 2171
2076 2243
2094 2083
2208 2263
2172 1990
2091 2220
2125 2130
2055 2057
2068 2168
2018 2241
2022 2142
2087 2194
2042 2188
1999 2035
2062 2086
1975 2016
2045 2064
2206 2158
2172 2087
2003 1990
2010 2086
2033 1995
2222 2235
2134 2173
2066 2024
2144 2192
1996 1978
2197 1974
2111 2058
2056 2242
2100 2056
2143 2138
2213 2155
2063 2214
2056 1990
2196 2173
2132 2000
2001 2186
1143 1168
1017 1095
1278 1160
1153 1164
1158 1144
1141 992
1030 1255
1124 1269
1086 1066
1285 1105
1251 1103
1272 1098
1228 1046
1066 1163
1219 1187
1072 1205
1092 1149
1153 1069
1232 1036
1209 1233
1282 993
1209 1028
1206 1145
998 1064
1160 1065
1011 1063
1249 1145
1109 1284
1076 1246
998 1020
1152 1037
1092 1126
1247 1271
1277 1185
1202 1260
1237 1158
1022 1187
1150 1269
1279 1269
1153 1000
1175 1253
1103 1075
1024 1101
1010 1046
1110 1244
1072 1196
1283 1050
990 1119
1197 1237
1028 1051
1144 1013
1234 1102
1228 1167
1115 1278
1234 1228
1055 1170
1206 1085
1263 1075
1229 1160
1176 1143
1158 1230
1047 1036
1080 1043
1241 1021
548 510
553 625
554 735
766 776
797 577
795 572
660 657
560 724
757 663
761 648
763 734
577 723
702 521
590 503
548 622
533 572
616 548
503 502
513 565
703 590
694 628
783 664
790 697
749 794
667 606
557 691
748 621
776 767
708 767
600 572
575 658
646 563
687 518
549 583
596 602
625 791
556 788
526 601
556 601
728 622
596 649
662 739
596 522
538 737
638 565
701 792
714 762
707 716
589 548
639 609
619 673
692 689
509 563
714 669
526 672
712 555
613 514
690 615
774 693
749 748
728 608
619 552
598 679
762 760
549 380
422 284
398 543
306 423
351 552
309 292
308 396
412 471
493 541
378 311
526 499
260 357
542 485
285 328
429 372
389 372
278 283
551 375
317 514
296 342
298 457
451 307
323 437
431 356
402 486
419 395
255 316
274 423
511 505
341 294
289 523
487 322
484 377
464 434
406 534
350 479
500 377
343 418
486 339
343 334
432 473
483 370
289 531
331 539
310 471
527 443
482 552
547 442
542 403
379 390
359 290
339 490
551 506
364 381
539 457
471 307
520 504
285 380
258 264
286 518
383 356
314 309
406 506
330 288
182 231
275 256
216 363
295 236
236 416
222 369
193 227
328 334
226 204
296 302
389 306
150 286
165 225
133 288
271 274
269 339
305 416
199 432
289 237
252 376
270 363
288 347
239 364
259 198
335 215
153 328
395 389
411 353
336 338
265 306
353 146
298 429
286 143
293 255
219 134
148 140
255 302
266 406
172 427
399 392
264 361
342 334
270 289
224 185
359 302
221 421
289 377
355 273
158 363
369 427
417 399
173 197
343 167
307 163
362 381
211 178
167 241
401 380
167 162
247 159
339 422
310 235
278 283
196 168
178 273
250 74
115 146
203 263
130 110
120 5
280 106
254 96
211 284
135 128
63 130
126 294
139 142
252 214
194 92
293 153
49 148
60 83
64 115
20 155
269 126
114 197
122 105
165 243
47 102
158 19
183 48
291 218
235 259
178 295
82 212
121 244
241 190
73 146
66 52
169 225
41 54
216 13
76 79
209 19
18 50
141 113
226 195
196 18
33 246
297 181
104 67
127 10
78 28
154 257
142 41
140 233
147 237
69 117
180 220
8 125
300 294
193 79
136 24
176 90
6 132
213 146
159 157
204 29
258 222
200 291
43 237
237 67
124 294
49 78
49 232
296 115
252 67
55 234
2 277
234 28
149 299
262 235
34 278
43 280
14 190
235 26
295 2
39 47
284 57
153 270
167 201
204 265
75 120
167 154
229 249
99 142
90 135
180 56
176 18
116 176
67 257
174 13
48 99
274 144
82 295
104 202
291 191
22 48
249 134
66 222
22 259
1 192
185 6
219 30
170 206
11 5
25 246
234 164
278 162
113 117
6 40
227 157
147 290
198 188
195 71
204 93
212 224
43 290
67 256
199 105
73 255
98 20
127 116
204 82
280 157
271 109
106 185
106 23
115 284
146 39
220 6
162 7
81 271
52 175
140 111
19 158
76 176
16 233
149 300
26 279
106 205
8 151
300 283
190 33
18 293
243 295
266 252
133 199
108 189
97 25
202 10
190 105
247 193
181 78
245 64
192 138
101 6
64 261
121 126
60 206
217 60
29 57
274 53
245 220
88 49
56 282
206 271
45 129
280 240
198 162
171 290
111 141
175 113
184 233
28 29
182 277
37 18
215 141
32 292
25 256
188 184
185 121
140 19
109 58
205 106
94 204
182 186
197 32
26 65
18 164
134 221
130 191
229 245
152 291
163 162
4 290
80 85
278 15
143 74
86 122
113 230
82 136
208 114
157 102
87 81
57 212
240 178
252 177
142 36
192 210
2 147
34 82
178 203
265 264
296 198
263 175
100 260
255 116
156 76
3 219
91 291
263 64
91 226
131 142
198 13
68 132
281 89
13 264
173 163
97 263
91 155
22 279
25 177
264 102
156 4
183 271
35 172
96 201
267 4
206 19
282 47
222 101
206 119
204 198
100 295
247 124
218 63
36 199
298 255
159 42
170 36
17 105
51 10
33 88
89 248
55 61
60 298
183 20
284 284
120 43
204 98
127 180
294 161
14 246
112 251
248 60
270 93
6 193
216 300
130 230
50 160
113 97
49 257
43 227
45 214
143 80
5 209
106 54
79 195
57 171
294 47
282 282
82 16
227 253
285 157
24 104
243 196
60 182
13 275
63 211
112 15
82 268
280 244
289 205
37 100
182 104
33 36
234 98
23 97
62 151
15 83
127 197
5 248
29 245
24 202
293 106
187 246
98 152
218 67
160 164
210 183
276 16
17 108
29 12
226 234
109 286
202 148
146 269
253 255
70 68
114 259
58 170
61 197
100 178
117 266
135 154
64 115
16 106
55 27
110 235
163 140
259 21
285 36
203 116
290 214
116 170
32 162
89 193
230 251
228 172
33 286
49 12
284 199
48 44
127 273
201 46
154 33
61 55
157 65
230 207
125 106
29 197
29 163
218 94
175 194
167 256
240 10
178 240
230 203
129 221
68 232
35 237
