# source: JorikJooken
# original path: jj_extract\knapsackProblemInstances-master\problemInstances\n_800_c_1000000_g_2_f_0.2_eps_0.01_s_300\test.in
# optimal value: 533231
# format: n capacity, then weight value
800 1000000
510076 510204
510224 510263
510174 510199
510268 510251
510194 510133
510169 510133
510024 510280
510011 510192
510254 510293
510119 510161
510031 510157
510232 510116
510152 510184
510220 510286
510151 510056
510124 510162
510095 510248
510232 510148
510108 510055
510142 510151
510125 510127
510210 510089
510062 510186
510108 510243
510207 510193
510028 510276
510207 510173
510122 510208
510169 510086
510231 510010
510204 510290
510116 510287
510159 510150
510157 510132
510069 510127
510113 510116
510034 510151
510071 510043
510208 510179
510200 510255
510146 510051
510058 510170
510202 510041
510135 510281
510299 510255
510196 510170
510191 510290
510266 510270
510299 510111
510186 510215
510276 510216
510057 510032
510235 510026
510051 510095
510126 510105
510289 510149
510086 510162
510268 510007
510064 510130
510061 510200
510051 510220
510245 510028
510030 510286
510224 510150
510052 510188
510178 510235
510131 510007
510240 510166
510046 510274
510177 510273
510275 510089
510002 510023
510042 510048
510144 510043
510194 510002
510271 510224
510081 510099
510017 510244
510069 510128
510222 510038
510161 510101
510232 510261
510078 510284
510158 510236
510161 510013
510010 510093
510120 510042
510139 510288
510176 510224
510062 510137
510289 510244
510127 510264
510265 510242
510262 510283
510120 510292
510124 510194
510065 510099
510219 510172
510240 510288
510205 510010
510281 510287
510099 510221
510206 510257
510214 510147
510262 510222
510086 510002
510151 510251
510295 510133
510154 510137
510203 510144
510273 510205
510072 510189
510266 510251
510175 510003
510054 510140
510044 510015
510169 510290
510126 510183
510273 510283
510265 510051
510091 510126
510033 510178
510255 510130
510008 510068
510050 510092
510209 510288
510046 510093
510031 510276
510281 510140
510071 510133
510009 510245
510246 510028
510147 510234
510067 510189
510214 510242
510147 510067
510192 510044
510108 510156
510142 510146
510168 510256
510297 510037
510077 510150
510086 510017
510204 510290
510109 510103
510209 510265
510145 510107
510256 510148
510099 510107
510070 510154
510150 510271
510201 510094
510251 510106
510288 510224
510108 510280
510057 510218
510187 510264
510156 510034
510094 510045
510030 510052
510096 510029
510259 510111
510040 510066
510224 510100
510065 510040
510250 510298
510293 510156
510195 510248
510007 510245
510026 510116
510086 510023
510096 510144
510029 510287
510057 510244
510115 510060
510292 510246
510149 510122
510244 510059
510154 510215
510122 510125
510155 510131
510295 510027
510010 510039
510183 510240
510259 510025
510134 510205
510172 510228
510030 510162
510138 510258
510188 510036
510094 510066
510169 510056
510298 510235
510234 510260
510298 510014
510175 510224
510067 510231
510235 510065
510098 510300
510280 510003
510189 510205
510191 510238
510288 510031
510159 510228
510195 510120
510087 510228
510213 510083
510153 510270
510201 510237
510119 510266
510128 510153
510290 510191
510109 510060
510076 510077
510185 510162
510143 510022
510158 510254
510175 510025
510172 510261
510193 510242
510181 510024
510040 510007
510004 510277
510034 510216
510112 510029
510112 510078
510218 510177
510164 510194
510056 510219
510296 510300
510080 510095
510133 510061
510134 510225
510096 510107
510285 510052
510047 510033
510178 510034
510019 510185
510058 510223
510279 510181
510176 510226
510011 510017
510121 510116
510106 510281
510005 510217
510165 510093
510050 510255
510055 510277
510105 510100
510145 510286
510081 510229
510046 510043
510153 510057
510274 510062
510042 510179
510005 510245
510152 510258
510279 510054
510171 510168
510271 510162
510156 510266
510236 510279
510110 510248
510104 510237
510014 510032
510135 510064
510006 510008
510077 510179
510244 510299
510111 510041
510067 510021
510296 510218
510032 510296
510096 510250
510104 510086
510190 510266
510029 510213
510277 510162
510232 510047
510158 510145
510198 510144
510093 510290
510011 510250
510034 510014
510037 510216
510101 510021
510125 510058
510100 510208
510093 510043
510026 510254
510021 510086
510262 510179
510072 510102
510011 510243
510011 510278
510022 510223
510147 510149
510168 510233
510281 510068
510057 510280
510159 510219
510178 510150
510300 510009
510007 510232
510297 510100
510062 510223
510180 510195
510116 510214
510123 510229
510266 510171
510139 510176
510087 510233
510209 510155
510295 510244
510268 510234
510172 510075
510109 510270
510269 510191
510133 510214
510093 510221
510104 510157
510021 510028
510115 510179
510185 510143
510123 510175
510176 510288
510181 510101
510195 510267
510290 510190
510245 510016
510093 510277
510121 510191
510029 510273
510261 510157
510053 510218
510177 510140
510284 510276
510213 510144
510083 510131
510297 510088
510264 510170
510065 510153
510275 510113
510119 510159
510150 510223
510216 510104
510148 510296
510030 510211
510114 510111
510131 510244
510211 510166
510158 510229
510049 510027
510233 510252
510028 510113
510020 510058
510049 510260
510073 510077
510078 510244
510077 510018
510184 510086
510217 510073
510042 510260
510006 510064
510013 510273
510129 510089
510124 510213
510152 510149
510099 510160
510138 510070
510253 510291
510203 510082
510025 510129
510202 510045
510028 510230
510258 510058
510249 510212
510074 510047
510082 510209
510064 510152
510126 510276
510102 510133
510106 510113
510157 510139
510214 510003
510036 510263
510071 510043
510011 510202
510165 510023
510006 510207
510178 510035
510254 510263
510049 510051
510218 510220
510186 510213
510170 510033
510141 510035
510085 510247
510073 510007
510019 510035
510227 510134
510274 510085
510088 510123
510117 510293
510123 510249
510020 510225
510115 510015
510128 510282
510224 510262
510105 510219
510095 510004
510118 510274
510095 510124
510065 510141
510121 510223
510159 510030
510221 510193
510079 510064
510213 510110
510113 510174
510277 510157
510132 510087
510299 510056
510130 510131
510213 510072
510200 510090
510082 510121
510273 510045
510122 510267
510035 510061
510091 510267
510199 510067
510013 510216
510005 510040
510102 510285
510092 510266
510231 510272
510167 510082
510011 510145
510295 510267
510289 510283
510107 510282
510228 510145
510010 510237
510019 510222
510268 510026
510142 510055
510155 510242
510212 510056
510018 510259
510030 510227
510167 510217
510161 510012
510182 510011
510067 510111
510174 510114
510035 510274
510077 510075
510019 510254
510242 510195
510208 510261
510027 510287
510117 510147
510005 510070
510159 510178
510150 510280
510210 510012
510173 510243
510112 510072
510035 510204
510256 510089
510095 510017
510275 510119
510250 510286
510260 510268
510216 510035
510047 510141
510010 510275
510282 510203
510217 510114
510233 510267
510255 510010
510263 510260
510072 510003
510216 510217
510070 510101
510285 510146
510211 510178
510298 510042
510243 510009
510053 510124
510231 510073
510039 510195
510126 510281
510088 510143
510090 510100
510203 510034
510019 510229
510152 510072
510223 510238
510107 510130
510142 510088
510164 510217
510089 510181
510060 510201
510254 510021
510232 510281
510281 510156
510007 510160
510259 510212
510271 510175
510229 510077
510223 510102
510150 510121
510034 510049
510118 510152
510147 510205
510296 510055
510120 510209
510215 510216
510006 510297
510003 510206
510238 510143
510225 510088
510207 510270
510176 510288
510189 510137
510027 510043
510030 510017
510255 510001
510197 510132
510065 510087
510139 510003
510016 510008
510025 510293
510266 510231
510004 510183
510209 510128
510289 510005
510226 510137
510297 510144
510057 510078
510153 510144
510259 510149
510001 510120
510189 510086
510010 510097
510283 510113
510255 510149
510088 510104
510057 510200
510162 510101
510098 510024
510284 510162
510170 510081
510016 510060
510177 510105
510119 510075
510228 510136
510186 510248
510073 510253
510044 510011
510265 510048
510069 510180
510248 510034
510141 510243
510251 510096
510061 510094
510206 510126
510140 510026
510228 510274
510034 510284
510168 510172
510057 510089
510055 510231
510198 510136
510290 510016
510129 510096
510053 510152
510255 510222
510223 510049
510259 510157
510198 510130
510059 510033
510248 510228
510091 510239
510114 510251
510036 510095
510034 510090
510036 510206
510183 510021
510012 510231
510209 510034
510190 510256
510138 510122
510013 510143
510092 510091
510241 510259
510064 510138
510206 510132
510008 510143
510211 510259
510129 510068
510058 510040
510110 510050
510223 510188
510069 510061
510162 510097
510259 510193
510121 510229
510285 510023
510105 510128
510054 510106
510080 510073
510221 510093
510147 510201
510075 510053
510195 510299
510040 510174
510057 510101
510056 510042
510279 510164
510107 510150
510017 510280
510136 510140
510170 510207
510190 510233
510204 510050
510010 510097
510015 510082
510075 510076
510239 510042
510113 510268
510263 510038
510012 510093
510208 510192
510259 510014
510219 510004
510135 510070
510089 510191
245 170
95 195
65 298
159 73
97 45
279 282
13 286
223 228
78 162
297 80
14 151
9 170
183 234
152 167
145 65
268 248
81 298
53 16
53 175
29 38
200 94
27 48
168 283
284 231
280 219
39 186
73 63
145 227
128 40
98 210
212 91
189 151
85 249
264 196
285 286
297 179
2 14
63 168
248 125
8 242
45 16
21 226
279 123
294 32
210 81
110 216
114 31
110 5
61 282
88 44
99 129
41 246
172 84
229 101
89 68
131 185
5 127
124 88
119 106
140 237
162 135
246 163
293 94
229 76
162 111
226 123
293 254
186 218
176 117
201 140
51 10
35 226
199 82
132 8
227 230
166 249
141 104
107 150
118 72
294 257
153 188
254 19
204 38
187 97
18 96
23 160
142 56
137 39
98 190
205 90
292 63
34 73
62 168
214 104
184 102
107 104
48 119
264 157
18 95
229 238
70 74
116 289
145 244
200 137
108 8
110 109
153 10
277 263
195 156
112 177
215 257
160 161
236 44
31 84
41 144
252 45
187 216
43 237
96 286
161 160
19 125
186 34
36 268
42 37
239 250
221 182
86 256
282 159
251 49
33 70
181 170
104 56
52 274
17 211
254 175
2 292
85 55
214 32
257 135
32 37
284 287
180 70
279 223
93 284
59 4
52 258
30 176
213 29
65 102
212 67
85 103
135 25
219 191
85 120
159 280
172 166
216 33
256 186
223 180
214 54
