# source: JorikJooken
# original path: jj_extract\knapsackProblemInstances-master\problemInstances\n_600_c_1000000_g_14_f_0.1_eps_0.01_s_200\test.in
# optimal value: 1009373
# format: n capacity, then weight value
600 1000000
510056 510145
510131 510076
510096 510141
510158 510029
510066 510004
510111 510198
510187 510160
510195 510150
510172 510056
510086 510021
510003 510112
510045 510082
510114 510148
510135 510108
510026 510120
510071 510085
510091 510068
510123 510166
510042 510131
510097 510151
510133 510041
510095 510184
510103 510080
510098 510187
510078 510137
510065 510080
510068 510185
510102 510132
510197 510039
510164 510124
510121 510014
510077 510083
510058 510095
510082 510095
510035 510038
510158 510157
510079 510145
510160 510139
510133 510183
510023 510113
510061 510158
260021 260111
260056 260003
260150 260119
260061 260166
260152 260140
260006 260042
260193 260160
260140 260089
260119 260008
260040 260020
260129 260191
260021 260159
260127 260193
260086 260181
260139 260047
260083 260176
260132 260059
260014 260046
260169 260200
260026 260191
260016 260049
260034 260102
260141 260196
260030 260102
260129 260011
260039 260028
260151 260073
260169 260042
260106 260173
260150 260154
260027 260119
260136 260031
260038 260178
260183 260048
260042 260049
260108 260047
260066 260007
260182 260007
260078 260116
260184 260145
260040 260099
135061 135138
135132 135066
135055 135149
135103 135102
135065 135143
135119 135175
135046 135004
135189 135084
135062 135046
135138 135129
135167 135151
135133 135164
135107 135052
135086 135054
135148 135015
135050 135055
135031 135051
135194 135128
135190 135005
135158 135069
135033 135070
135160 135187
135191 135093
135189 135090
135139 135166
135151 135005
135079 135181
135121 135048
135075 135057
135144 135198
135180 135153
135130 135133
135176 135149
135090 135149
135113 135008
135152 135109
135056 135104
135100 135048
135190 135186
135116 135054
135192 135084
72691 72666
72525 72629
72630 72528
72633 72548
72584 72594
72549 72678
72634 72607
72552 72678
72686 72563
72515 72588
72539 72540
72691 72607
72538 72504
72564 72566
72508 72694
72629 72564
72565 72556
72576 72683
72514 72639
72584 72640
72524 72647
72577 72584
72680 72537
72692 72665
72558 72508
72634 72655
72530 72672
72526 72577
72662 72661
72699 72691
72541 72555
72597 72553
72677 72696
72690 72663
72614 72696
72522 72523
72577 72674
72655 72651
72600 72508
72669 72505
72665 72578
41326 41440
41422 41397
41438 41308
41368 41434
41411 41309
41380 41431
41438 41293
41391 41379
41354 41294
41290 41285
41341 41345
41341 41316
41436 41306
41419 41421
41437 41381
41435 41282
41261 41416
41348 41333
41260 41323
41324 41344
41265 41288
41441 41349
41417 41290
41279 41449
41341 41314
41413 41450
41449 41413
41450 41412
41350 41270
41259 41398
41257 41434
41366 41256
41410 41278
41416 41373
41342 41447
41374 41405
41280 41369
41325 41301
41392 41408
41348 41344
41383 41380
25713 25731
25675 25819
25786 25812
25730 25825
25755 25681
25676 25782
25656 25719
25818 25818
25652 25700
25803 25759
25639 25719
25641 25718
25731 25722
25628 25637
25809 25757
25747 25751
25694 25681
25765 25791
25696 25778
25685 25781
25711 25812
25745 25748
25662 25795
25649 25762
25753 25750
25733 25778
25809 25688
25744 25666
25668 25708
25685 25637
25711 25705
25663 25705
25771 25809
25718 25639
25651 25791
25824 25707
25793 25770
25626 25804
25748 25763
25825 25659
25653 25642
17930 17954
17943 17959
17994 17912
17865 17937
17813 17813
18012 17996
17867 17919
17935 17822
17960 17842
17850 17885
17870 17895
18001 17941
17854 17921
17842 18010
17958 17992
17813 17931
17819 17816
17949 17981
17943 18006
17983 17868
17967 17885
17988 17980
17897 17825
17988 17945
17987 17840
17906 17978
17903 17834
17837 18003
17994 17899
17940 17914
17881 17835
17828 17938
17955 18009
17986 17958
17898 17995
17993 17888
17933 17919
17815 17983
17987 17978
17981 17982
17871 17876
14019 14043
13972 14032
14002 14057
13938 13921
13950 14040
14098 14060
13967 13953
13998 14065
14028 14002
14004 14072
14005 13921
14097 13952
14070 13959
13953 14094
13935 13982
14047 14008
14059 13981
13964 14047
14072 14048
13907 14088
14045 13976
13984 13936
13961 14059
14049 13909
14013 14037
13942 14099
14022 13958
14085 13981
14101 14097
14011 14039
13907 13912
13947 14089
14054 13966
14024 14092
13984 14004
13963 14025
13975 13990
14097 14067
14065 14088
14044 14061
13968 14085
12041 11959
12077 11954
12129 12028
12110 12111
12133 12082
12088 11992
11997 12137
12055 12014
12037 12081
12022 12100
11983 11999
12110 12112
12041 12009
12017 12140
12118 11956
12123 12119
12017 12054
11975 12106
12106 12120
12040 12112
12099 12010
12018 12052
12125 12146
12020 12073
12032 12002
11981 12130
11957 12096
11963 12028
12000 12096
12103 12010
12048 12066
12134 12040
11991 12118
12086 12003
12122 11962
12133 11990
12139 12093
12054 12025
11994 12122
12118 12037
12084 12006
11087 11141
11003 11083
11057 11123
11120 10977
11103 11069
11085 11119
11053 10997
11076 11156
11166 11012
11040 11161
11024 11001
11122 11063
11080 11135
11104 11022
11006 11081
11113 11115
11090 11107
10986 11139
11045 11068
11081 11104
11134 11148
11078 11146
11166 11165
11046 11047
11117 11165
11073 11137
11025 11055
11115 11102
10999 11118
11137 11162
11126 11008
11049 11157
11131 11078
11000 11006
11009 11084
10988 11019
11018 11129
11148 11064
11004 11052
11015 10989
11073 10979
10600 10572
10664 10649
10512 10577
10628 10620
10586 10676
10598 10680
10522 10622
10569 10517
10675 10681
10577 10522
10545 10570
10665 10681
10659 10611
10610 10615
10551 10677
10559 10640
10644 10492
10640 10509
10518 10643
10566 10621
10688 10652
10596 10524
10521 10529
10572 10598
10676 10569
10582 10646
10603 10644
10510 10554
10671 10664
10612 10577
10514 10545
10599 10528
10539 10646
10549 10491
10642 10494
10582 10495
10599 10554
10602 10664
10662 10542
10682 10579
10525 10614
10433 10426
10327 10361
10357 10281
10411 10371
10406 10290
10251 10279
10439 10406
10389 10308
10294 10331
10297 10298
10348 10278
10400 10428
10300 10387
10380 10394
10270 10271
10279 10390
10334 10360
10313 10377
10253 10353
10381 10260
10247 10344
10319 10278
10247 10312
10429 10273
10410 10320
10347 10408
10308 10436
10279 10309
10402 10373
10320 10314
10307 10332
10397 10353
10402 10333
10394 10312
10289 10339
10302 10368
10331 10287
10313 10255
10353 10403
10260 10301
10355 10259
10256 10139
10264 10156
10275 10185
10322 10298
10239 10163
10298 10123
10171 10225
10314 10263
10285 10221
10218 10166
10261 10280
10223 10177
10239 10230
10149 10153
10321 10219
10204 10240
10140 10267
10165 10322
10141 10302
10214 10278
10286 10187
10194 10230
10243 10175
10308 10192
10220 10124
10256 10269
10145 10261
10251 10180
10190 10199
10185 10130
10174 10277
10182 10174
10156 10138
10237 10223
10205 10146
10260 10283
10213 10229
10212 10232
10235 10178
10312 10175
10159 10310
149 73
195 193
157 55
146 86
145 96
61 121
123 43
181 141
122 132
142 134
185 111
115 9
60 59
85 195
150 92
195 48
60 61
194 36
29 19
74 88
163 126
166 85
54 19
85 132
104 117
22 11
156 194
85 7
107 4
173 97
80 190
159 68
172 109
101 172
16 168
121 26
112 186
121 5
136 170
191 35
181 35
125 18
77 164
89 25
70 189
171 48
124 148
169 80
85 77
73 3
112 76
77 153
151 106
59 14
193 83
160 189
145 87
2 21
15 16
151 196
128 53
5 69
107 97
89 17
103 89
24 125
136 82
