# source: JorikJooken
# original path: jj_extract\knapsackProblemInstances-master\problemInstances\n_600_c_1000000_g_14_f_0.1_eps_0_s_200\test.in
# optimal value: 1013824
# format: n capacity, then weight value
600 1000000
500099 500002
500143 500186
500054 500007
500007 500063
500073 500033
500010 500040
500091 500111
500049 500027
500098 500120
500191 500022
500129 500071
500144 500192
500135 500138
500093 500178
500175 500160
500174 500163
500068 500138
500115 500183
500082 500183
500195 500064
500196 500107
500189 500194
500079 500065
500060 500133
500087 500130
500028 500187
500050 500019
500129 500156
500056 500060
500050 500136
500185 500034
500084 500156
500052 500160
500153 500164
500031 500115
500040 500021
500033 500143
500025 500138
500028 500083
500170 500171
500114 500085
250118 250050
250194 250045
250135 250032
250147 250052
250092 250021
250192 250153
250186 250168
250164 250200
250173 250159
250169 250086
250118 250163
250113 250175
250081 250181
250184 250025
250086 250184
250054 250195
250076 250199
250021 250126
250051 250069
250152 250058
250185 250148
250047 250113
250177 250023
250037 250182
250024 250002
250015 250041
250176 250058
250116 250122
250028 250114
250118 250135
250179 250012
250107 250179
250149 250134
250115 250004
250057 250148
250051 250108
250050 250146
250190 250187
250080 250101
250165 250161
250095 250135
125040 125114
125053 125136
125189 125099
125090 125191
125187 125077
125129 125154
125132 125170
125189 125131
125152 125126
125086 125168
125161 125126
125031 125090
125198 125072
125113 125078
125050 125120
125045 125187
125048 125159
125020 125041
125057 125113
125047 125090
125008 125185
125121 125177
125002 125009
125089 125181
125010 125194
125006 125154
125035 125008
125097 125177
125109 125019
125094 125181
125176 125193
125177 125023
125129 125094
125078 125033
125191 125143
125193 125167
125156 125041
125129 125120
125193 125004
125091 125148
125057 125064
62585 62617
62544 62666
62545 62686
62641 62605
62563 62518
62576 62665
62614 62698
62633 62521
62611 62645
62521 62631
62518 62672
62507 62586
62662 62689
62571 62528
62564 62572
62549 62531
62648 62698
62644 62692
62511 62679
62538 62582
62573 62643
62524 62535
62678 62515
62556 62652
62538 62537
62573 62679
62690 62506
62507 62690
62618 62689
62595 62560
62618 62694
62632 62695
62595 62679
62646 62570
62627 62664
62526 62689
62700 62612
62555 62576
62634 62564
62676 62685
62560 62624
31264 31375
31430 31291
31412 31285
31294 31283
31360 31265
31394 31297
31259 31409
31355 31381
31378 31286
31300 31291
31397 31280
31308 31315
31320 31450
31429 31437
31340 31256
31269 31334
31447 31276
31439 31421
31435 31305
31306 31281
31346 31359
31374 31326
31351 31348
31396 31309
31380 31300
31415 31252
31400 31335
31262 31364
31263 31414
31291 31266
31368 31415
31294 31407
31308 31257
31363 31292
31447 31433
31283 31335
31328 31291
31297 31284
31402 31338
31447 31432
31357 31431
15736 15706
15747 15823
15816 15635
15637 15739
15640 15641
15723 15721
15652 15737
15760 15716
15631 15675
15727 15793
15649 15802
15822 15801
15730 15720
15772 15760
15773 15816
15797 15822
15770 15738
15809 15744
15763 15713
15771 15698
15753 15776
15723 15652
15796 15810
15648 15645
15650 15652
15701 15756
15822 15744
15694 15780
15784 15647
15634 15636
15690 15773
15749 15706
15668 15749
15655 15690
15799 15661
15758 15732
15651 15739
15709 15707
15747 15776
15818 15648
15730 15784
7878 7967
7946 7912
7876 7841
7824 7988
8007 7815
7978 7960
7967 7869
7870 7913
7989 7956
7830 7861
7915 7853
7948 7917
7834 7985
7914 7836
7828 7913
7898 7944
7874 7840
7941 7963
7905 7873
8004 7989
7859 7932
7872 7813
7950 7977
7921 7997
7844 7864
7974 7946
7855 7957
7819 7844
7972 7870
7985 7918
7886 7976
7996 7834
7877 7896
7967 7817
7830 7954
7912 8005
7834 7868
7958 7893
7931 7941
7815 7984
7972 7823
4102 3915
3934 4035
3960 4088
3960 3974
3935 3982
3986 3934
4062 3939
3986 4078
4008 4007
4053 3979
4045 4023
4085 4061
4091 3952
3987 4032
4070 4064
4049 3938
3969 3951
3933 3910
4031 3915
4035 4075
4004 3950
4076 4020
4017 4035
4093 3909
3927 3971
4051 4092
3997 4000
4068 3946
4010 4077
3961 4104
4072 3912
4062 4002
3943 4020
3913 4030
4002 3975
3974 3910
3998 3964
3992 3971
3955 3979
4012 3936
3914 4104
2138 2014
1974 2024
2072 2018
2063 2003
2119 2033
2099 2077
2136 2081
2043 1997
2015 1973
2007 1982
2044 1964
1996 1954
2152 2016
1962 2002
1990 2087
2109 2145
2111 2130
2059 1982
2050 2136
1988 1960
2049 2039
1977 2004
2109 2103
2097 1984
2066 2112
2036 2147
2086 1971
2008 2130
2003 2068
2121 2141
1960 2034
2110 2060
2096 2099
2152 2018
2008 2013
2111 2128
2063 1980
2061 2095
2134 2148
1963 2095
2104 2148
1063 1167
1003 1048
1145 1173
1109 1054
990 1015
1176 1033
1091 1150
1083 1163
1060 1036
1094 982
1046 1120
1045 1162
1069 1016
1027 1125
1061 1057
1022 1026
1146 1041
1016 1085
1054 1143
1073 1168
1053 1111
1072 1006
1035 995
1088 1068
1113 1075
1128 1174
1082 1111
1100 1115
1089 1087
1170 1173
1076 1044
1146 1173
1128 1127
1154 1166
1154 1169
1088 978
1161 1095
1153 1011
1125 1127
1076 1088
1159 1001
571 644
566 539
631 518
683 587
676 631
611 506
574 558
599 583
635 608
585 546
601 590
603 686
589 654
527 505
582 618
563 600
591 495
589 651
574 684
657 665
592 588
563 542
547 587
642 574
568 677
571 578
527 554
577 643
529 605
587 566
640 685
575 490
661 653
496 539
565 594
569 685
584 581
619 668
499 642
543 508
675 600
367 349
318 404
271 245
400 296
345 413
263 414
285 365
359 325
321 302
292 384
308 370
416 299
299 265
308 248
325 432
332 395
376 436
289 287
248 335
377 348
290 337
427 265
331 393
381 330
271 335
255 338
284 318
311 365
431 311
368 338
408 362
348 260
316 270
328 310
429 252
379 270
409 336
383 421
304 391
438 305
378 265
235 302
220 253
295 232
224 211
305 170
307 300
318 277
254 275
163 280
147 179
129 269
320 210
228 269
246 319
265 200
302 250
315 306
163 166
295 236
292 159
150 285
155 184
322 206
174 284
181 280
287 242
197 265
169 313
146 216
205 182
131 162
317 196
225 166
211 130
157 305
285 305
227 276
201 281
149 237
176 147
310 165
134 42
195 194
28 49
99 121
60 73
182 21
7 56
15 195
4 10
87 173
55 127
71 144
159 34
10 137
13 53
128 65
150 74
2 115
85 65
89 146
176 61
68 22
179 102
94 181
159 3
88 135
29 122
59 129
159 128
52 31
69 60
25 191
160 93
43 46
137 192
108 50
151 168
199 101
130 155
128 73
100 149
149 119
146 29
122 194
149 65
136 85
88 96
163 180
143 200
90 22
113 68
146 89
24 124
139 89
23 69
151 42
50 65
26 193
155 68
111 14
174 183
99 163
7 178
110 107
176 177
80 195
95 80
