# source: JorikJooken
# original path: jj_extract\knapsackProblemInstances-master\problemInstances\n_1200_c_10000000000_g_6_f_0.1_eps_0.001_s_300\test.in
# optimal value: 9997525702
# format: n capacity, then weight value
1200 10000000000
5010000194 5010000017
5010000098 5010000151
5010000250 5010000160
5010000139 5010000211
5010000126 5010000191
5010000017 5010000093
5010000126 5010000019
5010000060 5010000237
5010000050 5010000029
5010000168 5010000004
5010000114 5010000041
5010000068 5010000223
5010000183 5010000188
5010000154 5010000210
5010000197 5010000094
5010000177 5010000053
5010000112 5010000278
5010000079 5010000129
5010000214 5010000175
5010000204 5010000267
5010000063 5010000054
5010000118 5010000236
5010000184 5010000033
5010000259 5010000207
5010000043 5010000141
5010000040 5010000038
5010000130 5010000168
5010000111 5010000237
5010000162 5010000286
5010000160 5010000109
5010000015 5010000160
5010000028 5010000135
5010000223 5010000263
5010000001 5010000202
5010000189 5010000047
5010000210 5010000220
5010000048 5010000185
5010000167 5010000035
5010000277 5010000010
5010000130 5010000251
5010000274 5010000252
5010000268 5010000256
5010000295 5010000133
5010000199 5010000107
5010000038 5010000051
5010000095 5010000217
5010000035 5010000299
5010000036 5010000058
5010000021 5010000051
5010000126 5010000221
5010000105 5010000234
5010000167 5010000111
5010000267 5010000146
5010000233 5010000201
5010000050 5010000291
5010000135 5010000107
5010000128 5010000089
5010000192 5010000202
5010000009 5010000191
5010000143 5010000230
5010000252 5010000177
5010000250 5010000113
5010000026 5010000274
5010000283 5010000201
5010000138 5010000100
5010000226 5010000036
5010000100 5010000266
5010000082 5010000077
5010000186 5010000121
5010000143 5010000004
5010000022 5010000122
5010000193 5010000288
5010000116 5010000026
5010000216 5010000279
5010000161 5010000253
5010000040 5010000039
5010000101 5010000285
5010000120 5010000171
5010000014 5010000072
5010000278 5010000046
5010000233 5010000273
5010000266 5010000004
5010000120 5010000018
5010000002 5010000244
5010000089 5010000127
5010000274 5010000184
5010000177 5010000272
5010000238 5010000107
5010000213 5010000209
5010000187 5010000084
5010000259 5010000208
5010000061 5010000022
5010000016 5010000058
5010000112 5010000266
5010000157 5010000118
5010000222 5010000091
5010000280 5010000014
5010000090 5010000088
5010000108 5010000168
5010000229 5010000090
5010000122 5010000291
5010000026 5010000136
5010000219 5010000202
5010000242 5010000288
5010000039 5010000279
5010000186 5010000182
5010000068 5010000171
5010000261 5010000037
5010000279 5010000072
5010000201 5010000078
5010000215 5010000009
5010000261 5010000273
5010000029 5010000122
5010000167 5010000221
5010000228 5010000218
5010000290 5010000136
5010000069 5010000150
5010000050 5010000093
5010000299 5010000075
5010000110 5010000181
5010000080 5010000065
5010000193 5010000028
5010000093 5010000073
5010000265 5010000255
5010000028 5010000013
5010000110 5010000057
5010000096 5010000144
5010000123 5010000232
5010000185 5010000082
5010000265 5010000005
5010000088 5010000115
5010000228 5010000063
5010000124 5010000029
5010000246 5010000052
5010000105 5010000155
5010000278 5010000202
5010000159 5010000280
5010000268 5010000143
5010000091 5010000041
5010000015 5010000057
5010000242 5010000114
5010000257 5010000227
5010000074 5010000079
5010000278 5010000165
5010000129 5010000249
5010000008 5010000092
5010000159 5010000221
5010000094 5010000088
5010000051 5010000117
5010000051 5010000256
5010000050 5010000104
5010000018 5010000180
5010000274 5010000130
5010000238 5010000100
5010000040 5010000201
5010000202 5010000168
5010000134 5010000122
5010000160 5010000294
5010000104 5010000028
5010000195 5010000071
5010000267 5010000227
5010000168 5010000156
5010000075 5010000083
5010000290 5010000108
5010000056 5010000034
5010000009 5010000215
5010000007 5010000074
5010000103 5010000280
5010000020 5010000131
5010000209 5010000041
5010000063 5010000136
5010000298 5010000053
5010000011 5010000137
5010000279 5010000096
5010000267 5010000143
5010000059 5010000170
5010000222 5010000129
5010000151 5010000280
5010000034 5010000212
5010000107 5010000034
5010000057 5010000200
5010000229 5010000282
5010000285 5010000085
5010000096 5010000126
5010000115 5010000087
5010000003 5010000149
5010000089 5010000249
5010000118 5010000064
5010000080 5010000111
5010000166 5010000200
5010000229 5010000195
5010000236 5010000245
5010000140 5010000203
5010000111 5010000010
5010000222 5010000248
5010000214 5010000073
5010000136 5010000117
5010000143 5010000247
5010000024 5010000033
5010000254 5010000270
5010000256 5010000121
5010000100 5010000258
5010000047 5010000187
5010000037 5010000134
5010000148 5010000135
5010000045 5010000235
5010000220 5010000078
5010000247 5010000079
5010000034 5010000014
5010000038 5010000169
5010000193 5010000177
5010000124 5010000039
5010000103 5010000042
5010000191 5010000249
5010000140 5010000091
5010000037 5010000160
2510000252 2510000121
2510000264 2510000063
2510000026 2510000196
2510000181 2510000037
2510000012 2510000258
2510000253 2510000069
2510000044 2510000051
2510000055 2510000230
2510000096 2510000287
2510000236 2510000038
2510000160 2510000052
2510000134 2510000092
2510000142 2510000061
2510000209 2510000207
2510000163 2510000192
2510000093 2510000167
2510000072 2510000024
2510000053 2510000080
2510000158 2510000055
2510000087 2510000290
2510000285 2510000296
2510000090 2510000146
2510000147 2510000048
2510000203 2510000051
2510000248 2510000006
2510000134 2510000012
2510000235 2510000015
2510000248 2510000094
2510000108 2510000186
2510000041 2510000239
2510000143 2510000223
2510000218 2510000134
2510000085 2510000022
2510000040 2510000284
2510000136 2510000298
2510000155 2510000186
2510000045 2510000205
2510000210 2510000233
2510000055 2510000046
2510000258 2510000126
2510000189 2510000050
2510000247 2510000054
2510000055 2510000073
2510000194 2510000143
2510000259 2510000070
2510000086 2510000014
2510000073 2510000263
2510000039 2510000272
2510000171 2510000029
2510000009 2510000134
2510000214 2510000255
2510000205 2510000062
2510000248 2510000133
2510000244 2510000295
2510000043 2510000221
2510000098 2510000073
2510000277 2510000070
2510000208 2510000044
2510000064 2510000018
2510000196 2510000198
2510000134 2510000124
2510000018 2510000053
2510000030 2510000262
2510000107 2510000187
2510000247 2510000043
2510000006 2510000248
2510000080 2510000271
2510000185 2510000008
2510000217 2510000117
2510000216 2510000190
2510000136 2510000289
2510000201 2510000021
2510000070 2510000261
2510000288 2510000077
2510000165 2510000134
2510000174 2510000032
2510000147 2510000161
2510000256 2510000059
2510000209 2510000235
2510000186 2510000103
2510000145 2510000050
2510000167 2510000048
2510000009 2510000285
2510000276 2510000179
2510000192 2510000245
2510000108 2510000045
2510000038 2510000103
2510000208 2510000219
2510000233 2510000016
2510000291 2510000200
2510000065 2510000191
2510000279 2510000158
2510000036 2510000244
2510000133 2510000277
2510000218 2510000191
2510000116 2510000207
2510000281 2510000014
2510000204 2510000097
2510000283 2510000150
2510000246 2510000260
2510000209 2510000131
2510000049 2510000285
2510000277 2510000230
2510000092 2510000201
2510000210 2510000263
2510000223 2510000213
2510000254 2510000222
2510000206 2510000273
2510000238 2510000115
2510000169 2510000019
2510000270 2510000174
2510000088 2510000081
2510000226 2510000066
2510000022 2510000046
2510000266 2510000299
2510000171 2510000061
2510000027 2510000214
2510000189 2510000236
2510000180 2510000055
2510000040 2510000236
2510000198 2510000191
2510000258 2510000023
2510000194 2510000293
2510000246 2510000148
2510000300 2510000039
2510000008 2510000067
2510000135 2510000126
2510000103 2510000138
2510000239 2510000190
2510000253 2510000289
2510000066 2510000023
2510000141 2510000127
2510000270 2510000026
2510000253 2510000141
2510000056 2510000293
2510000125 2510000099
2510000045 2510000245
2510000186 2510000189
2510000172 2510000036
2510000034 2510000054
2510000224 2510000088
2510000041 2510000140
2510000264 2510000192
2510000280 2510000010
2510000221 2510000213
2510000254 2510000092
2510000082 2510000291
2510000273 2510000122
2510000160 2510000004
2510000016 2510000061
2510000167 2510000187
2510000040 2510000172
2510000140 2510000161
2510000259 2510000278
2510000125 2510000110
2510000104 2510000060
2510000177 2510000264
2510000076 2510000135
2510000018 2510000017
2510000241 2510000015
2510000130 2510000286
2510000243 2510000004
2510000227 2510000129
2510000204 2510000130
2510000251 2510000033
2510000145 2510000161
2510000074 2510000036
2510000293 2510000128
2510000067 2510000011
2510000247 2510000192
2510000118 2510000070
2510000235 2510000117
2510000056 2510000017
2510000168 2510000018
2510000003 2510000139
2510000186 2510000005
2510000132 2510000073
2510000016 2510000293
2510000119 2510000131
2510000247 2510000056
2510000223 2510000016
2510000017 2510000017
2510000264 2510000044
2510000276 2510000255
2510000043 2510000204
2510000299 2510000062
2510000006 2510000128
2510000049 2510000011
2510000269 2510000224
2510000289 2510000216
2510000023 2510000073
2510000152 2510000258
2510000142 2510000167
2510000196 2510000128
2510000023 2510000251
2510000224 2510000054
2510000054 2510000188
2510000218 2510000153
2510000037 2510000091
2510000055 2510000180
2510000118 2510000248
2510000185 2510000028
2510000022 2510000077
2510000208 2510000256
2510000056 2510000266
2510000212 2510000149
2510000094 2510000057
2510000212 2510000158
2510000098 2510000124
2510000121 2510000159
2510000100 2510000022
2510000293 2510000177
2510000086 2510000106
2510000223 2510000267
2510000145 2510000123
2510000038 2510000063
1260000274 1260000291
1260000014 1260000255
1260000292 1260000099
1260000079 1260000230
1260000245 1260000241
1260000018 1260000281
1260000034 1260000171
1260000010 1260000159
1260000267 1260000287
1260000170 1260000235
1260000261 1260000171
1260000173 1260000272
1260000151 1260000240
1260000160 1260000029
1260000113 1260000117
1260000285 1260000190
1260000297 1260000203
1260000224 1260000072
1260000046 1260000173
1260000005 1260000240
1260000114 1260000280
1260000193 1260000047
1260000136 1260000276
1260000222 1260000052
1260000270 1260000249
1260000077 1260000082
1260000005 1260000253
1260000001 1260000153
1260000143 1260000183
1260000069 1260000268
1260000027 1260000014
1260000218 1260000242
1260000079 1260000204
1260000002 1260000135
1260000181 1260000269
1260000107 1260000298
1260000029 1260000024
1260000277 1260000082
1260000059 1260000205
1260000090 1260000157
1260000025 1260000151
1260000168 1260000153
1260000157 1260000257
1260000072 1260000007
1260000039 1260000224
1260000119 1260000183
1260000245 1260000008
1260000258 1260000124
1260000122 1260000081
1260000073 1260000066
1260000220 1260000044
1260000179 1260000292
1260000083 1260000206
1260000075 1260000297
1260000085 1260000011
1260000169 1260000068
1260000013 1260000051
1260000135 1260000295
1260000260 1260000014
1260000178 1260000088
1260000029 1260000191
1260000195 1260000194
1260000133 1260000129
1260000226 1260000031
1260000195 1260000288
1260000098 1260000240
1260000089 1260000192
1260000285 1260000082
1260000057 1260000240
1260000118 1260000193
1260000017 1260000081
1260000282 1260000135
1260000164 1260000069
1260000157 1260000263
1260000086 1260000077
1260000243 1260000120
1260000062 1260000099
1260000026 1260000057
1260000272 1260000078
1260000069 1260000199
1260000137 1260000240
1260000039 1260000203
1260000120 1260000043
1260000290 1260000071
1260000013 1260000137
1260000279 1260000045
1260000281 1260000290
1260000178 1260000103
1260000192 1260000087
1260000300 1260000029
1260000299 1260000234
1260000260 1260000083
1260000003 1260000187
1260000160 1260000199
1260000047 1260000210
1260000239 1260000113
1260000200 1260000149
1260000093 1260000166
1260000085 1260000121
1260000063 1260000232
1260000280 1260000286
1260000057 1260000258
1260000254 1260000129
1260000119 1260000017
1260000195 1260000275
1260000196 1260000086
1260000229 1260000296
1260000132 1260000226
1260000085 1260000236
1260000285 1260000033
1260000269 1260000003
1260000021 1260000154
1260000161 1260000185
1260000051 1260000213
1260000273 1260000015
1260000038 1260000005
1260000276 1260000244
1260000174 1260000256
1260000240 1260000055
1260000123 1260000100
1260000203 1260000151
1260000269 1260000115
1260000214 1260000111
1260000122 1260000290
1260000274 1260000201
1260000150 1260000126
1260000001 1260000132
1260000266 1260000288
1260000287 1260000227
1260000206 1260000045
1260000055 1260000299
1260000214 1260000204
1260000116 1260000193
1260000266 1260000029
1260000138 1260000215
1260000127 1260000166
1260000126 1260000155
1260000239 1260000273
1260000151 1260000262
1260000171 1260000158
1260000089 1260000026
1260000145 1260000261
1260000040 1260000105
1260000017 1260000142
1260000132 1260000214
1260000084 1260000121
1260000294 1260000097
1260000217 1260000142
1260000236 1260000096
1260000186 1260000064
1260000090 1260000230
1260000051 1260000067
1260000295 1260000085
1260000109 1260000074
1260000162 1260000123
1260000048 1260000096
1260000208 1260000063
1260000098 1260000009
1260000077 1260000086
1260000258 1260000049
1260000285 1260000275
1260000172 1260000195
1260000294 1260000290
1260000233 1260000011
1260000248 1260000132
1260000089 1260000143
1260000107 1260000184
1260000274 1260000023
1260000137 1260000155
1260000029 1260000123
1260000248 1260000049
1260000037 1260000212
1260000177 1260000196
1260000251 1260000066
1260000037 1260000166
1260000273 1260000029
1260000098 1260000231
1260000292 1260000291
1260000186 1260000234
1260000274 1260000087
1260000156 1260000040
1260000021 1260000113
1260000056 1260000029
1260000159 1260000225
1260000114 1260000082
1260000286 1260000082
1260000090 1260000173
1260000039 1260000020
1260000013 1260000286
1260000019 1260000145
1260000153 1260000295
1260000193 1260000294
1260000299 1260000008
1260000154 1260000135
1260000040 1260000119
1260000099 1260000200
1260000008 1260000060
1260000130 1260000154
1260000112 1260000055
1260000194 1260000187
1260000231 1260000184
1260000295 1260000163
1260000242 1260000016
1260000054 1260000086
1260000249 1260000009
1260000198 1260000254
1260000221 1260000165
1260000205 1260000040
1260000002 1260000220
1260000181 1260000210
1260000294 1260000196
1260000195 1260000078
1260000157 1260000006
1260000054 1260000125
1260000122 1260000083
1260000127 1260000235
635000095 635000035
635000287 635000156
635000145 635000128
635000243 635000209
635000156 635000012
635000208 635000005
635000055 635000234
635000033 635000040
635000028 635000051
635000022 635000056
635000228 635000060
635000182 635000278
635000066 635000032
635000160 635000273
635000211 635000189
635000231 635000262
635000202 635000206
635000002 635000049
635000022 635000239
635000267 635000028
635000250 635000109
635000023 635000289
635000195 635000289
635000200 635000146
635000125 635000216
635000029 635000291
635000098 635000150
635000200 635000127
635000287 635000179
635000037 635000116
635000237 635000124
635000197 635000090
635000296 635000017
635000112 635000057
635000228 635000156
635000220 635000192
635000012 635000131
635000181 635000039
635000138 635000077
635000213 635000009
635000090 635000210
635000132 635000230
635000005 635000281
635000228 635000245
635000188 635000177
635000232 635000151
635000261 635000130
635000208 635000103
635000280 635000070
635000075 635000007
635000097 635000088
635000223 635000052
635000038 635000294
635000080 635000254
635000245 635000215
635000186 635000100
635000029 635000192
635000241 635000194
635000262 635000070
635000088 635000082
635000098 635000059
635000260 635000047
635000272 635000280
635000184 635000040
635000040 635000290
635000119 635000296
635000250 635000286
635000208 635000293
635000107 635000234
635000170 635000256
635000296 635000137
635000178 635000153
635000077 635000296
635000057 635000245
635000100 635000228
635000211 635000053
635000021 635000145
635000012 635000024
635000188 635000153
635000059 635000034
635000098 635000089
635000264 635000271
635000266 635000227
635000140 635000232
635000247 635000221
635000239 635000091
635000068 635000272
635000035 635000025
635000193 635000008
635000047 635000206
635000247 635000094
635000175 635000100
635000179 635000155
635000278 635000273
635000004 635000005
635000036 635000136
635000109 635000248
635000183 635000125
635000080 635000246
635000094 635000234
635000218 635000228
635000072 635000265
635000127 635000283
635000192 635000100
635000284 635000087
635000057 635000277
635000268 635000198
635000190 635000173
635000242 635000033
635000273 635000255
635000157 635000030
635000125 635000070
635000273 635000289
635000143 635000245
635000058 635000278
635000287 635000058
635000098 635000057
635000286 635000008
635000046 635000046
635000173 635000163
635000231 635000029
635000127 635000114
635000233 635000207
635000227 635000220
635000234 635000210
635000242 635000258
635000015 635000207
635000204 635000257
635000067 635000272
635000219 635000105
635000185 635000279
635000240 635000087
635000282 635000147
635000042 635000141
635000016 635000286
635000222 635000252
635000007 635000266
635000180 635000049
635000008 635000188
635000180 635000227
635000052 635000150
635000142 635000150
635000229 635000078
635000023 635000110
635000269 635000281
635000171 635000260
635000196 635000024
635000087 635000235
635000180 635000110
635000157 635000097
635000195 635000146
635000139 635000297
635000093 635000087
635000182 635000036
635000070 635000230
635000124 635000269
635000022 635000185
635000004 635000071
635000169 635000032
635000204 635000275
635000069 635000206
635000139 635000226
635000134 635000187
635000222 635000294
635000240 635000218
635000059 635000297
635000179 635000280
635000230 635000002
635000291 635000150
635000225 635000276
635000281 635000242
635000072 635000200
635000008 635000165
635000137 635000055
635000266 635000250
635000226 635000207
635000080 635000058
635000062 635000105
635000096 635000214
635000218 635000075
635000241 635000143
635000219 635000202
635000162 635000130
635000060 635000247
635000123 635000156
635000203 635000129
635000175 635000247
635000105 635000127
635000014 635000276
635000155 635000106
635000284 635000133
635000041 635000167
635000030 635000242
635000175 635000266
635000188 635000058
635000227 635000199
635000071 635000177
635000230 635000275
635000094 635000010
635000037 635000012
635000248 635000041
635000052 635000184
635000142 635000120
635000176 635000234
635000230 635000127
635000294 635000083
635000037 635000117
635000037 635000164
635000158 635000047
635000284 635000065
635000023 635000144
635000081 635000230
635000140 635000054
635000136 635000237
635000053 635000178
635000169 635000037
322500042 322500010
322500001 322500133
322500083 322500253
322500105 322500075
322500193 322500152
322500260 322500270
322500200 322500166
322500285 322500090
322500293 322500065
322500187 322500038
322500026 322500147
322500229 322500055
322500072 322500219
322500214 322500292
322500130 322500186
322500246 322500008
322500219 322500159
322500204 322500298
322500054 322500055
322500041 322500200
322500278 322500240
322500211 322500227
322500283 322500111
322500189 322500044
322500158 322500217
322500175 322500120
322500123 322500092
322500248 322500286
322500013 322500009
322500231 322500104
322500033 322500152
322500089 322500271
322500008 322500158
322500159 322500144
322500042 322500210
322500268 322500059
322500023 322500094
322500054 322500051
322500243 322500137
322500010 322500099
322500045 322500030
322500270 322500158
322500237 322500024
322500220 322500088
322500074 322500295
322500208 322500029
322500257 322500255
322500272 322500224
322500132 322500075
322500167 322500164
322500159 322500269
322500261 322500268
322500053 322500018
322500142 322500071
322500054 322500068
322500087 322500243
322500031 322500138
322500292 322500206
322500206 322500142
322500135 322500110
322500244 322500198
322500269 322500291
322500101 322500254
322500067 322500298
322500145 322500138
322500218 322500030
322500242 322500053
322500228 322500091
322500123 322500247
322500203 322500202
322500028 322500059
322500185 322500080
322500215 322500239
322500083 322500270
322500223 322500247
322500038 322500097
322500293 322500092
322500130 322500223
322500267 322500009
322500208 322500168
322500263 322500176
322500144 322500009
322500264 322500013
322500020 322500181
322500254 322500085
322500077 322500070
322500161 322500079
322500263 322500018
322500115 322500190
322500036 322500122
322500240 322500289
322500149 322500046
322500009 322500021
322500027 322500297
322500072 322500187
322500240 322500297
322500031 322500073
322500224 322500139
322500073 322500126
322500223 322500038
322500098 322500256
322500169 322500164
322500209 322500020
322500077 322500185
322500167 322500207
322500260 322500249
322500121 322500210
322500213 322500100
322500194 322500021
322500057 322500139
322500143 322500291
322500069 322500119
322500154 322500084
322500127 322500264
322500175 322500175
322500134 322500277
322500294 322500171
322500058 322500269
322500051 322500154
322500137 322500187
322500021 322500273
322500297 322500104
322500009 322500090
322500047 322500039
322500145 322500121
322500293 322500190
322500300 322500116
322500023 322500260
322500096 322500112
322500117 322500158
322500041 322500225
322500281 322500239
322500012 322500278
322500250 322500212
322500245 322500181
322500202 322500199
322500165 322500036
322500121 322500133
322500271 322500123
322500272 322500006
322500114 322500174
322500045 322500230
322500003 322500271
322500076 322500280
322500275 322500107
322500125 322500025
322500206 322500122
322500206 322500300
322500135 322500180
322500033 322500147
322500150 322500085
322500148 322500204
322500158 322500148
322500233 322500142
322500211 322500266
322500142 322500278
322500248 322500142
322500260 322500051
322500044 322500239
322500120 322500298
322500043 322500242
322500118 322500289
322500273 322500243
322500151 322500196
322500197 322500144
322500227 322500118
322500081 322500195
322500157 322500299
322500003 322500227
322500065 322500283
322500242 322500106
322500056 322500261
322500218 322500290
322500119 322500089
322500181 322500043
322500268 322500296
322500031 322500243
322500234 322500158
322500025 322500128
322500188 322500042
322500163 322500090
322500030 322500174
322500013 322500052
322500230 322500135
322500054 322500233
322500200 322500259
322500277 322500059
322500176 322500007
322500245 322500177
322500173 322500227
322500269 322500279
322500126 322500213
322500161 322500184
322500064 322500142
322500107 322500170
322500238 322500178
322500002 322500290
322500201 322500291
322500234 322500063
322500177 322500107
322500103 322500121
322500284 322500014
322500078 322500246
322500276 322500084
322500016 322500100
322500289 322500078
322500289 322500171
322500209 322500132
322500168 322500085
322500146 322500300
322500061 322500225
322500220 322500074
322500130 322500058
322500163 322500156
322500208 322500012
322500101 322500255
158 61
59 167
130 208
48 173
54 183
141 257
131 47
221 127
17 255
90 172
78 26
109 62
11 265
153 260
22 283
149 277
264 242
152 243
180 70
278 222
1 249
279 94
132 262
65 111
66 101
231 69
235 31
66 111
135 113
204 34
185 161
136 222
282 127
15 238
155 144
234 76
136 51
126 241
138 17
265 8
26 28
246 214
207 105
119 73
275 92
268 297
148 78
52 6
165 14
261 56
17 29
155 254
136 165
54 252
233 136
231 58
213 6
242 169
271 91
181 84
214 115
152 182
13 235
189 206
271 61
178 122
280 48
186 239
146 249
59 167
250 161
286 110
280 232
202 269
46 229
124 7
287 173
119 269
248 299
282 80
120 214
246 156
133 292
262 13
58 10
106 166
125 161
143 193
8 18
99 113
252 67
208 12
213 58
233 126
213 249
258 116
222 199
220 120
216 145
114 190
248 269
274 139
186 8
80 289
50 170
68 178
254 8
3 33
194 27
50 248
246 33
2 203
282 122
65 183
228 189
82 103
102 4
88 139
25 67
225 66
