# source: JorikJooken
# original path: jj_extract\knapsackProblemInstances-master\problemInstances\n_400_c_100000000_g_14_f_0.2_eps_0.1_s_100\test.in
# optimal value: 100001966
# format: n capacity, then weight value
400 100000000
60000014 60000085
60000089 60000013
60000005 60000095
60000086 60000035
60000091 60000012
60000029 60000073
60000086 60000076
60000008 60000081
60000086 60000009
60000051 60000069
60000020 60000067
60000020 60000060
60000062 60000006
60000041 60000010
60000029 60000011
60000038 60000020
60000099 60000087
60000067 60000060
60000004 60000006
60000002 60000041
60000063 60000062
60000003 60000087
60000018 60000046
60000072 60000009
35000030 35000068
35000017 35000026
35000076 35000009
35000088 35000008
35000029 35000058
35000029 35000092
35000060 35000019
35000022 35000078
35000073 35000095
35000086 35000061
35000087 35000082
35000093 35000013
35000037 35000012
35000052 35000055
35000054 35000008
35000068 35000086
35000053 35000017
35000061 35000004
35000070 35000073
35000008 35000019
35000046 35000040
35000045 35000093
35000076 35000061
35000068 35000073
22500013 22500055
22500042 22500049
22500060 22500030
22500013 22500046
22500019 22500020
22500044 22500026
22500042 22500007
22500037 22500059
22500047 22500011
22500094 22500067
22500054 22500030
22500078 22500012
22500030 22500055
22500068 22500045
22500045 22500002
22500070 22500092
22500074 22500073
22500069 22500059
22500077 22500031
22500029 22500031
22500034 22500088
22500091 22500088
22500016 22500027
22500077 22500082
16250057 16250054
16250038 16250005
16250077 16250056
16250065 16250025
16250010 16250084
16250023 16250099
16250044 16250004
16250086 16250035
16250011 16250039
16250015 16250060
16250062 16250038
16250014 16250078
16250015 16250009
16250046 16250053
16250021 16250066
16250040 16250011
16250011 16250060
16250089 16250029
16250047 16250044
16250093 16250032
16250021 16250071
16250046 16250006
16250087 16250023
16250022 16250051
13125096 13125066
13125026 13125062
13125006 13125034
13125011 13125042
13125046 13125058
13125016 13125047
13125020 13125025
13125057 13125033
13125044 13125043
13125087 13125013
13125058 13125044
13125089 13125047
13125081 13125014
13125046 13125052
13125088 13125076
13125085 13125094
13125049 13125087
13125075 13125032
13125018 13125016
13125064 13125040
13125030 13125033
13125012 13125048
13125015 13125097
13125041 13125082
11562539 11562580
11562519 11562552
11562517 11562598
11562533 11562514
11562593 11562557
11562573 11562564
11562577 11562504
11562587 11562562
11562548 11562583
11562592 11562537
11562503 11562572
11562565 11562572
11562582 11562547
11562514 11562600
11562516 11562529
11562530 11562572
11562534 11562543
11562506 11562594
11562546 11562583
11562523 11562589
11562550 11562529
11562545 11562509
11562566 11562501
11562564 11562552
10781271 10781305
10781348 10781293
10781294 10781275
10781344 10781311
10781281 10781299
10781328 10781273
10781273 10781274
10781278 10781262
10781345 10781304
10781349 10781272
10781326 10781284
10781278 10781287
10781350 10781275
10781349 10781329
10781335 10781305
10781335 10781297
10781338 10781311
10781323 10781304
10781290 10781262
10781267 10781302
10781313 10781328
10781326 10781255
10781273 10781253
10781264 10781307
10390661 10390662
10390709 10390641
10390673 10390637
10390682 10390650
10390724 10390693
10390712 10390707
10390710 10390685
10390658 10390671
10390700 10390653
10390661 10390627
10390678 10390665
10390711 10390702
10390672 10390670
10390709 10390696
10390702 10390670
10390664 10390707
10390710 10390676
10390668 10390708
10390637 10390694
10390686 10390654
10390671 10390679
10390686 10390658
10390659 10390708
10390639 10390642
10195376 10195355
10195393 10195402
10195336 10195350
10195317 10195357
10195411 10195366
10195374 10195345
10195334 10195336
10195340 10195412
10195350 10195316
10195318 10195408
10195330 10195345
10195332 10195346
10195378 10195380
10195391 10195338
10195397 10195337
10195350 10195320
10195402 10195387
10195355 10195331
10195383 10195314
10195331 10195359
10195321 10195355
10195343 10195343
10195345 10195325
10195332 10195330
10097724 10097731
10097657 10097715
10097718 10097741
10097688 10097746
10097744 10097672
10097690 10097689
10097682 10097714
10097676 10097729
10097664 10097666
10097689 10097684
10097685 10097700
10097751 10097716
10097719 10097711
10097672 10097751
10097733 10097683
10097709 10097732
10097730 10097732
10097749 10097709
10097679 10097703
10097699 10097730
10097681 10097697
10097748 10097659
10097714 10097700
10097716 10097715
10048903 10048876
10048871 10048862
10048852 10048896
10048896 10048875
10048846 10048849
10048927 10048928
10048837 10048919
10048885 10048922
10048846 10048847
10048923 10048894
10048851 10048896
10048886 10048905
10048890 10048834
10048871 10048884
10048865 10048900
10048909 10048897
10048833 10048857
10048869 10048905
10048921 10048909
10048877 10048859
10048913 10048902
10048917 10048864
10048863 10048898
10048838 10048830
10024441 10024458
10024463 10024513
10024470 10024477
10024434 10024511
10024496 10024440
10024482 10024478
10024502 10024437
10024501 10024418
10024471 10024432
10024470 10024451
10024444 10024432
10024424 10024428
10024509 10024487
10024429 10024507
10024502 10024486
10024482 10024458
10024470 10024431
10024505 10024460
10024444 10024443
10024502 10024495
10024496 10024494
10024421 10024471
10024474 10024456
10024475 10024429
10012222 10012263
10012297 10012306
10012256 10012222
10012247 10012227
10012220 10012250
10012275 10012280
10012271 10012287
10012254 10012241
10012296 10012273
10012289 10012246
10012307 10012277
10012234 10012270
10012270 10012230
10012213 10012303
10012274 10012210
10012255 10012241
10012248 10012268
10012276 10012281
10012228 10012303
10012213 10012293
10012246 10012279
10012209 10012280
10012275 10012294
10012282 10012296
84 62
8 16
83 44
60 58
92 12
53 57
39 29
88 77
75 51
99 83
51 5
43 5
72 63
63 90
33 97
82 49
17 88
86 99
18 8
35 14
90 38
72 91
99 49
3 98
63 57
50 100
59 35
81 33
72 92
92 20
1 41
14 47
72 31
83 74
53 55
13 55
84 96
55 78
67 85
11 36
17 81
81 85
59 24
81 27
90 24
62 79
21 43
57 71
27 77
73 29
30 100
85 12
45 57
74 20
57 57
95 66
39 69
64 32
3 98
76 61
83 60
82 18
3 5
36 85
58 45
33 9
39 76
55 5
30 92
18 26
44 1
72 86
34 2
55 66
78 35
55 55
84 92
42 86
12 31
2 42
11 29
58 67
38 38
68 29
10 19
2 51
18 7
91 71
