# source: JorikJooken
# original path: jj_extract\knapsackProblemInstances-master\problemInstances\n_1000_c_100000000_g_14_f_0.3_eps_0_s_200\test.in
# optimal value: 100025540
# format: n capacity, then weight value
1000 100000000
50000120 50000028
50000081 50000061
50000105 50000008
50000111 50000091
50000071 50000194
50000190 50000030
50000177 50000097
50000184 50000185
50000120 50000182
50000123 50000102
50000088 50000001
50000065 50000009
50000009 50000023
50000017 50000036
50000163 50000129
50000145 50000135
50000023 50000132
50000022 50000199
50000169 50000192
50000128 50000139
50000056 50000177
50000030 50000156
50000039 50000043
50000089 50000171
50000193 50000013
50000113 50000085
50000148 50000087
50000082 50000193
50000101 50000193
50000187 50000009
50000082 50000095
50000170 50000003
50000107 50000184
50000162 50000183
50000177 50000146
50000043 50000085
50000168 50000023
50000007 50000125
50000011 50000117
50000102 50000176
50000113 50000070
50000186 50000047
50000200 50000161
50000041 50000166
50000117 50000059
50000052 50000185
50000013 50000049
50000006 50000181
50000148 50000160
50000153 50000118
50000035 50000114
50000199 50000168
50000167 50000198
25000005 25000103
25000149 25000150
25000176 25000019
25000123 25000024
25000059 25000143
25000091 25000126
25000150 25000015
25000102 25000125
25000123 25000061
25000041 25000150
25000088 25000170
25000066 25000167
25000021 25000079
25000088 25000171
25000200 25000057
25000088 25000093
25000134 25000081
25000042 25000116
25000048 25000094
25000098 25000017
25000191 25000072
25000129 25000044
25000185 25000110
25000063 25000089
25000030 25000169
25000022 25000082
25000147 25000139
25000118 25000146
25000176 25000166
25000167 25000031
25000102 25000199
25000083 25000089
25000064 25000052
25000179 25000049
25000029 25000167
25000017 25000135
25000023 25000144
25000166 25000189
25000077 25000054
25000159 25000055
25000110 25000132
25000111 25000188
25000184 25000103
25000022 25000156
25000099 25000132
25000153 25000087
25000088 25000129
25000014 25000162
25000014 25000176
25000041 25000093
25000177 25000163
25000152 25000056
25000036 25000135
12500172 12500065
12500027 12500142
12500121 12500125
12500017 12500148
12500095 12500109
12500046 12500062
12500199 12500009
12500035 12500046
12500149 12500114
12500049 12500133
12500091 12500084
12500128 12500089
12500116 12500061
12500070 12500068
12500188 12500166
12500110 12500048
12500187 12500183
12500056 12500021
12500047 12500017
12500049 12500134
12500136 12500065
12500015 12500008
12500071 12500040
12500090 12500162
12500159 12500148
12500042 12500121
12500002 12500186
12500195 12500185
12500198 12500065
12500129 12500194
12500118 12500098
12500117 12500011
12500066 12500011
12500117 12500174
12500180 12500131
12500165 12500115
12500016 12500043
12500051 12500001
12500121 12500041
12500041 12500164
12500038 12500036
12500128 12500177
12500126 12500056
12500032 12500042
12500106 12500116
12500074 12500199
12500072 12500158
12500001 12500154
12500084 12500018
12500097 12500153
12500134 12500012
12500167 12500162
12500069 12500047
6250160 6250036
6250138 6250130
6250034 6250189
6250038 6250053
6250018 6250111
6250112 6250007
6250195 6250077
6250107 6250172
6250176 6250059
6250051 6250077
6250038 6250005
6250024 6250189
6250200 6250015
6250042 6250087
6250009 6250078
6250095 6250031
6250106 6250066
6250063 6250033
6250011 6250161
6250078 6250075
6250059 6250165
6250034 6250131
6250125 6250169
6250116 6250033
6250199 6250068
6250088 6250093
6250015 6250005
6250033 6250021
6250087 6250198
6250178 6250146
6250009 6250124
6250056 6250023
6250106 6250166
6250019 6250042
6250151 6250136
6250107 6250012
6250081 6250049
6250074 6250117
6250002 6250128
6250125 6250033
6250152 6250010
6250067 6250191
6250184 6250042
6250157 6250146
6250109 6250018
6250068 6250102
6250010 6250163
6250102 6250087
6250098 6250066
6250048 6250098
6250020 6250010
6250045 6250185
6250077 6250174
3125074 3125006
3125196 3125096
3125019 3125144
3125197 3125062
3125104 3125047
3125137 3125040
3125026 3125098
3125100 3125091
3125163 3125119
3125029 3125107
3125122 3125120
3125005 3125002
3125103 3125040
3125164 3125111
3125006 3125174
3125037 3125162
3125152 3125135
3125191 3125102
3125071 3125184
3125107 3125115
3125047 3125131
3125021 3125012
3125065 3125173
3125087 3125189
3125009 3125071
3125123 3125112
3125068 3125146
3125128 3125129
3125101 3125176
3125040 3125114
3125192 3125064
3125082 3125095
3125114 3125109
3125132 3125117
3125023 3125187
3125134 3125038
3125164 3125053
3125020 3125146
3125161 3125154
3125091 3125182
3125132 3125105
3125003 3125138
3125105 3125046
3125008 3125125
3125088 3125018
3125040 3125125
3125026 3125179
3125009 3125010
3125078 3125057
3125168 3125190
3125183 3125085
3125006 3125056
3125067 3125060
1562638 1562532
1562518 1562646
1562554 1562643
1562609 1562666
1562656 1562631
1562686 1562512
1562504 1562623
1562628 1562507
1562505 1562698
1562629 1562691
1562604 1562575
1562649 1562678
1562595 1562596
1562584 1562699
1562681 1562585
1562620 1562649
1562511 1562670
1562633 1562664
1562569 1562574
1562621 1562501
1562556 1562625
1562620 1562569
1562548 1562547
1562626 1562650
1562693 1562527
1562633 1562627
1562657 1562548
1562694 1562567
1562635 1562699
1562630 1562696
1562647 1562574
1562627 1562650
1562530 1562581
1562682 1562649
1562628 1562591
1562586 1562584
1562522 1562689
1562556 1562621
1562545 1562680
1562688 1562525
1562522 1562611
1562628 1562667
1562694 1562598
1562506 1562640
1562687 1562590
1562662 1562684
1562666 1562580
1562525 1562689
1562533 1562553
1562572 1562688
1562557 1562568
1562621 1562584
1562590 1562524
781275 781371
781272 781370
781350 781286
781324 781342
781342 781428
781257 781287
781375 781377
781419 781448
781415 781430
781255 781405
781287 781339
781382 781338
781289 781442
781267 781390
781444 781358
781382 781336
781441 781290
781305 781367
781386 781295
781350 781343
781257 781274
781304 781340
781448 781322
781385 781317
781420 781292
781393 781287
781329 781325
781324 781444
781352 781412
781376 781275
781379 781341
781446 781336
781307 781305
781368 781342
781343 781265
781425 781358
781318 781440
781324 781405
781404 781289
781269 781444
781252 781420
781387 781305
781416 781424
781258 781343
781273 781329
781371 781314
781392 781354
781260 781280
781318 781360
781391 781333
781449 781371
781371 781403
781311 781437
390807 390660
390664 390762
390642 390763
390749 390761
390634 390713
390760 390631
390734 390731
390728 390751
390686 390716
390758 390754
390664 390796
390740 390696
390694 390785
390692 390710
390755 390657
390804 390636
390654 390650
390628 390649
390730 390701
390670 390747
390800 390658
390740 390631
390713 390801
390657 390715
390794 390801
390758 390743
390668 390763
390815 390789
390639 390690
390641 390716
390741 390669
390815 390774
390722 390686
390729 390738
390712 390795
390750 390736
390755 390628
390737 390716
390704 390695
390713 390733
390730 390644
390789 390725
390662 390732
390741 390820
390774 390671
390639 390659
390721 390737
390755 390733
390771 390817
390643 390654
390700 390628
390794 390650
390815 390632
195404 195501
195389 195454
195317 195405
195415 195432
195417 195432
195383 195348
195491 195345
195391 195363
195490 195382
195323 195378
195426 195397
195411 195484
195451 195429
195409 195465
195392 195416
195507 195393
195341 195426
195335 195321
195361 195424
195410 195440
195439 195446
195335 195409
195407 195332
195373 195316
195481 195457
195445 195415
195343 195476
195375 195433
195442 195337
195418 195373
195493 195339
195431 195347
195408 195371
195451 195428
195505 195386
195462 195332
195502 195322
195485 195477
195374 195350
195357 195370
195334 195356
195333 195388
195491 195414
195367 195352
195364 195488
195479 195366
195477 195398
195503 195454
195494 195463
195373 195408
195392 195320
195478 195429
195415 195341
97713 97770
97765 97783
97797 97737
97684 97668
97856 97840
97845 97704
97660 97797
97757 97826
97832 97678
97774 97784
97727 97814
97836 97657
97830 97689
97779 97700
97724 97736
97667 97773
97849 97720
97745 97845
97812 97688
97827 97829
97673 97781
97698 97786
97749 97815
97716 97779
97780 97748
97705 97659
97761 97767
97807 97767
97773 97701
97674 97658
97737 97773
97664 97790
97709 97699
97774 97685
97807 97718
97778 97722
97808 97828
97758 97780
97787 97728
97758 97693
97797 97761
97755 97809
97699 97801
97777 97829
97757 97723
97744 97712
97668 97680
97734 97772
97743 97683
97852 97843
97851 97734
97681 97685
97855 97732
48888 48878
48949 48896
49009 48893
48991 48920
49015 48903
48989 48946
48989 48990
48839 48965
48978 49013
48923 48965
48893 48916
48911 48982
48971 49011
48878 48840
48985 48922
48874 49028
48993 48964
48846 48993
48865 48924
48999 48933
48865 48945
48961 48866
48873 48848
48886 48923
48857 49023
48968 48906
48994 48985
48971 48868
48974 48831
49004 48849
48921 48833
48833 48995
48944 48923
48897 48913
48849 48872
48908 48938
48989 48917
49023 48961
48995 48865
48848 48985
48882 49028
48927 48911
48911 48935
48915 48952
48898 48931
48904 48909
49017 48895
48965 48962
49018 48829
48939 48989
48951 49018
48876 48954
48937 49022
24433 24540
24479 24429
24501 24434
24432 24548
24555 24423
24581 24526
24599 24427
24528 24517
24571 24469
24485 24436
24580 24431
24512 24607
24516 24431
24553 24517
24521 24485
24523 24445
24475 24585
24607 24555
24611 24558
24482 24558
24543 24529
24453 24425
24480 24551
24430 24583
24492 24504
24468 24584
24552 24496
24558 24586
24437 24515
24477 24453
24547 24586
24592 24481
24439 24569
24475 24526
24520 24605
24490 24500
24463 24540
24437 24573
24437 24553
24547 24527
24471 24499
24493 24524
24485 24546
24568 24595
24499 24455
24430 24552
24602 24501
24587 24416
24549 24519
24458 24597
24449 24577
24446 24610
24603 24511
12314 12254
12313 12256
12390 12214
12214 12240
12344 12325
12280 12306
12371 12316
12376 12395
12316 12292
12386 12355
12355 12330
12280 12247
12284 12243
12278 12246
12303 12257
12346 12242
12263 12313
12362 12281
12265 12343
12304 12367
12375 12308
12252 12308
12258 12237
12296 12325
12285 12323
12245 12277
12357 12365
12316 12346
12218 12208
12374 12335
12208 12299
12298 12256
12272 12343
12380 12226
12284 12299
12328 12285
12246 12271
12248 12298
12314 12328
12379 12350
12257 12303
12272 12294
12306 12339
12347 12407
12344 12228
12338 12291
12248 12235
12300 12271
12243 12318
12279 12393
12398 12248
12279 12341
12272 12264
22 48
127 133
199 138
33 199
165 29
170 178
161 144
52 13
177 11
76 116
36 141
186 118
21 146
32 19
135 162
65 84
120 152
148 42
71 162
8 101
125 189
99 189
88 143
155 191
186 91
128 162
48 4
195 31
156 115
162 132
182 61
62 200
138 186
171 9
177 30
164 45
44 140
93 24
9 46
100 13
184 169
136 109
199 55
62 119
40 124
57 175
14 197
163 193
185 76
157 32
50 117
17 108
151 34
29 178
4 146
14 55
3 181
160 175
28 7
77 21
57 80
75 187
120 131
119 130
148 167
124 178
147 141
173 107
149 55
137 187
187 129
68 79
186 127
79 101
9 115
24 95
160 141
133 120
168 117
23 169
184 185
6 159
189 194
78 178
128 8
177 11
191 195
69 194
111 92
102 140
37 144
101 123
44 173
43 154
170 33
176 119
169 95
169 27
75 90
55 43
171 117
142 199
110 49
121 22
165 170
86 26
196 29
107 140
79 155
158 60
89 20
95 197
25 63
174 83
24 104
49 196
7 110
169 177
30 192
185 99
81 26
92 65
11 115
156 33
64 51
31 127
65 67
196 170
62 40
11 92
56 183
58 186
81 76
26 162
89 63
124 8
189 172
105 15
2 19
63 72
101 23
172 2
108 83
189 82
111 119
196 24
110 118
154 199
56 112
100 73
13 193
43 94
129 25
142 167
179 138
112 171
111 9
82 110
158 146
3 88
13 75
19 65
94 125
190 14
23 69
61 54
101 114
95 20
188 5
109 106
173 199
157 140
22 154
186 4
83 28
133 80
139 161
58 154
197 119
103 113
130 108
145 157
13 197
12 63
139 101
174 102
58 163
79 131
195 174
32 162
73 137
112 94
140 7
26 159
74 67
149 84
43 193
92 180
41 111
106 131
56 19
31 145
125 166
15 104
159 3
77 13
118 12
183 42
37 23
31 138
27 25
164 174
177 101
186 130
120 116
148 159
178 118
135 119
183 14
53 159
11 159
10 169
74 66
190 165
195 99
15 46
191 71
112 118
141 158
142 97
146 67
81 129
99 130
1 91
3 136
36 181
70 28
187 153
83 70
22 144
67 129
10 190
94 76
88 108
54 172
5 144
169 54
130 47
117 75
155 183
98 10
194 116
130 117
65 103
129 56
62 3
159 134
60 168
76 43
15 198
37 23
178 105
66 74
164 48
47 29
154 19
103 37
141 191
69 29
134 47
86 36
117 133
2 103
74 149
163 19
94 58
118 179
199 78
82 84
75 126
64 51
187 52
177 144
14 21
125 96
117 41
71 16
175 7
77 97
66 122
174 132
101 63
172 39
158 181
161 8
108 156
113 192
148 50
38 99
160 107
117 72
5 151
56 154
193 12
189 108
162 173
126 101
32 87
182 190
65 51
142 103
