# source: JorikJooken
# original path: jj_extract\knapsackProblemInstances-master\problemInstances\n_400_c_10000000000_g_2_f_0.3_eps_0.01_s_300\test.in
# optimal value: 5100017545
# format: n capacity, then weight value
400 10000000000
5100000133 5100000096
5100000276 5100000024
5100000015 5100000226
5100000058 5100000078
5100000023 5100000300
5100000125 5100000064
5100000030 5100000239
5100000237 5100000013
5100000284 5100000279
5100000066 5100000070
5100000028 5100000151
5100000121 5100000009
5100000140 5100000283
5100000218 5100000160
5100000103 5100000156
5100000181 5100000161
5100000204 5100000247
5100000244 5100000156
5100000147 5100000294
5100000109 5100000214
5100000003 5100000254
5100000216 5100000292
5100000024 5100000170
5100000166 5100000208
5100000213 5100000114
5100000252 5100000101
5100000104 5100000249
5100000102 5100000168
5100000040 5100000262
5100000173 5100000100
5100000003 5100000275
5100000124 5100000161
5100000212 5100000271
5100000202 5100000039
5100000081 5100000057
5100000166 5100000103
5100000018 5100000111
5100000278 5100000069
5100000201 5100000087
5100000217 5100000196
5100000117 5100000287
5100000261 5100000106
5100000034 5100000001
5100000074 5100000008
5100000291 5100000157
5100000147 5100000210
5100000215 5100000189
5100000256 5100000052
5100000065 5100000272
5100000066 5100000086
5100000084 5100000156
5100000187 5100000027
5100000147 5100000040
5100000075 5100000169
5100000104 5100000085
5100000017 5100000167
5100000200 5100000193
5100000281 5100000248
5100000298 5100000070
5100000008 5100000292
5100000261 5100000237
5100000075 5100000140
5100000165 5100000019
5100000156 5100000258
5100000180 5100000127
5100000080 5100000131
5100000187 5100000146
5100000131 5100000120
5100000194 5100000150
5100000019 5100000243
5100000026 5100000228
5100000217 5100000193
5100000111 5100000174
5100000169 5100000085
5100000119 5100000031
5100000114 5100000282
5100000250 5100000228
5100000168 5100000135
5100000296 5100000299
5100000098 5100000201
5100000223 5100000007
5100000295 5100000197
5100000230 5100000008
5100000271 5100000164
5100000258 5100000076
5100000152 5100000039
5100000263 5100000255
5100000231 5100000042
5100000089 5100000231
5100000288 5100000026
5100000076 5100000054
5100000114 5100000094
5100000241 5100000120
5100000101 5100000074
5100000176 5100000239
5100000115 5100000036
5100000070 5100000050
5100000251 5100000038
5100000034 5100000236
5100000201 5100000174
5100000175 5100000295
5100000065 5100000125
5100000256 5100000217
5100000043 5100000243
5100000054 5100000260
5100000170 5100000151
5100000022 5100000218
5100000032 5100000016
5100000147 5100000204
5100000021 5100000011
5100000293 5100000194
5100000096 5100000209
5100000224 5100000092
5100000222 5100000198
5100000014 5100000213
5100000020 5100000208
5100000179 5100000015
5100000130 5100000115
5100000224 5100000182
5100000126 5100000196
5100000085 5100000149
5100000027 5100000176
5100000134 5100000091
5100000040 5100000200
5100000115 5100000071
5100000137 5100000275
5100000004 5100000182
5100000129 5100000101
5100000043 5100000007
5100000126 5100000021
5100000110 5100000029
5100000299 5100000100
5100000175 5100000261
5100000256 5100000045
5100000158 5100000282
5100000148 5100000150
5100000047 5100000264
5100000213 5100000237
5100000195 5100000296
5100000254 5100000132
5100000232 5100000137
5100000190 5100000190
5100000111 5100000053
5100000022 5100000030
5100000027 5100000108
5100000015 5100000200
5100000212 5100000234
5100000204 5100000064
5100000179 5100000041
5100000077 5100000164
5100000222 5100000035
5100000299 5100000213
5100000290 5100000281
5100000115 5100000275
5100000300 5100000107
5100000114 5100000170
5100000294 5100000057
5100000034 5100000016
5100000060 5100000295
5100000097 5100000234
5100000251 5100000223
5100000223 5100000006
5100000077 5100000093
5100000259 5100000253
5100000224 5100000273
5100000076 5100000088
5100000206 5100000045
5100000005 5100000234
5100000157 5100000220
5100000273 5100000074
5100000022 5100000143
5100000261 5100000003
5100000121 5100000190
5100000107 5100000116
5100000177 5100000123
5100000089 5100000268
5100000109 5100000256
5100000297 5100000052
5100000121 5100000284
5100000002 5100000238
5100000194 5100000036
5100000200 5100000256
5100000092 5100000147
5100000030 5100000216
5100000181 5100000248
5100000161 5100000109
5100000173 5100000292
5100000044 5100000272
5100000085 5100000057
5100000179 5100000186
5100000057 5100000104
5100000241 5100000199
5100000064 5100000006
5100000201 5100000107
5100000252 5100000069
5100000112 5100000169
5100000228 5100000035
5100000267 5100000128
5100000171 5100000224
5100000232 5100000013
5100000275 5100000148
5100000062 5100000150
5100000195 5100000126
5100000224 5100000137
5100000133 5100000163
5100000073 5100000210
5100000112 5100000245
5100000114 5100000138
5100000250 5100000079
5100000094 5100000103
5100000034 5100000005
5100000011 5100000034
5100000156 5100000299
5100000271 5100000153
5100000139 5100000095
5100000145 5100000160
5100000081 5100000158
5100000110 5100000146
5100000264 5100000183
5100000043 5100000059
5100000190 5100000128
5100000179 5100000281
5100000234 5100000229
5100000175 5100000015
5100000102 5100000066
5100000186 5100000289
5100000156 5100000229
5100000161 5100000289
5100000284 5100000233
5100000204 5100000064
5100000022 5100000289
5100000138 5100000189
5100000070 5100000268
5100000091 5100000187
5100000218 5100000015
5100000256 5100000232
5100000066 5100000065
5100000022 5100000244
5100000090 5100000197
5100000086 5100000300
5100000279 5100000009
5100000012 5100000010
5100000248 5100000045
5100000035 5100000245
5100000222 5100000290
5100000117 5100000154
5100000078 5100000143
5100000052 5100000063
5100000052 5100000050
5100000293 5100000040
5100000025 5100000104
5100000044 5100000008
5100000241 5100000214
5100000156 5100000205
5100000160 5100000190
5100000285 5100000096
5100000088 5100000223
5100000204 5100000161
5100000250 5100000285
5100000107 5100000139
5100000181 5100000245
5100000134 5100000110
5100000144 5100000262
5100000001 5100000187
5100000065 5100000078
5100000124 5100000121
5100000141 5100000273
5100000101 5100000047
5100000273 5100000094
5100000218 5100000212
5100000202 5100000230
5100000051 5100000192
5100000141 5100000213
5100000123 5100000267
5100000120 5100000261
5100000010 5100000236
5100000163 5100000131
5100000257 5100000274
5100000238 5100000151
5100000125 5100000013
107 155
203 300
243 55
95 233
33 43
237 196
66 219
211 37
13 215
17 212
50 1
112 185
112 238
99 201
250 143
165 36
191 173
55 50
294 143
96 13
288 286
175 164
27 90
144 81
186 194
202 151
129 141
289 289
79 15
185 133
163 239
91 90
78 154
99 116
262 42
226 287
213 85
130 35
256 184
192 207
251 9
98 58
300 235
271 209
90 185
23 122
114 252
33 235
196 152
16 118
1 97
55 60
295 43
244 237
65 63
160 196
285 288
254 13
200 283
112 33
89 205
173 35
32 184
202 95
112 144
296 141
215 109
46 79
131 45
158 271
208 118
171 195
41 250
98 97
284 273
163 156
73 199
208 64
106 223
211 277
51 71
65 115
290 161
44 211
186 18
211 233
133 111
206 230
130 67
7 141
227 41
49 131
213 55
99 257
118 156
181 167
214 36
36 114
130 29
231 84
95 247
100 19
73 170
192 13
176 154
59 83
242 44
151 128
187 170
76 37
218 216
55 225
76 17
270 273
204 263
243 224
72 146
219 233
291 66
63 210
