# source: JorikJooken
# original path: jj_extract\knapsackProblemInstances-master\problemInstances\n_400_c_1000000_g_2_f_0.3_eps_0.01_s_100\test.in
# optimal value: 516433
# format: n capacity, then weight value
400 1000000
510056 510049
510002 510014
510070 510067
510037 510020
510046 510043
510018 510079
510099 510044
510030 510047
510055 510010
510038 510067
510059 510051
510002 510055
510061 510055
510087 510032
510005 510054
510041 510071
510092 510072
510040 510080
510001 510036
510094 510002
510094 510026
510066 510087
510080 510016
510061 510028
510058 510013
510050 510019
510080 510085
510099 510012
510033 510088
510073 510093
510031 510039
510080 510035
510066 510048
510024 510094
510077 510028
510040 510093
510077 510055
510078 510078
510100 510051
510015 510036
510066 510033
510090 510060
510054 510085
510082 510070
510028 510078
510013 510048
510044 510011
510026 510060
510003 510069
510039 510064
510073 510080
510021 510078
510062 510055
510075 510067
510062 510038
510059 510045
510090 510031
510010 510095
510035 510007
510088 510019
510001 510088
510037 510032
510075 510024
510068 510060
510046 510098
510031 510048
510094 510021
510029 510073
510031 510010
510005 510002
510033 510004
510042 510010
510063 510040
510087 510041
510042 510010
510026 510017
510086 510061
510006 510040
510072 510031
510089 510073
510012 510063
510046 510020
510085 510051
510041 510044
510077 510096
510085 510097
510071 510031
510062 510047
510074 510073
510036 510003
510006 510013
510021 510074
510043 510052
510063 510068
510046 510029
510095 510013
510036 510034
510097 510056
510012 510012
510100 510079
510055 510008
510058 510013
510031 510079
510081 510039
510058 510091
510022 510042
510091 510055
510089 510056
510062 510057
510019 510088
510023 510091
510070 510038
510009 510022
510056 510005
510063 510041
510097 510052
510001 510060
510013 510026
510062 510060
510061 510061
510077 510015
510063 510015
510087 510002
510050 510083
510086 510021
510074 510043
510090 510060
510100 510087
510076 510083
510019 510039
510041 510001
510047 510007
510067 510039
510030 510056
510030 510071
510003 510011
510056 510070
510016 510010
510043 510060
510032 510007
510048 510049
510091 510092
510067 510075
510084 510018
510007 510077
510012 510034
510058 510031
510073 510069
510096 510023
510094 510100
510066 510006
510033 510047
510048 510083
510025 510076
510070 510018
510099 510075
510005 510089
510077 510003
510028 510094
510050 510087
510072 510026
510092 510095
510039 510093
510004 510097
510012 510028
510083 510035
510085 510017
510075 510010
510038 510086
510079 510026
510094 510057
510067 510027
510070 510072
510037 510005
510058 510090
510058 510061
510098 510037
510071 510023
510073 510088
510005 510054
510042 510059
510034 510068
510028 510013
510078 510015
510082 510045
510046 510060
510063 510050
510061 510078
510089 510074
510093 510026
510095 510073
510068 510074
510050 510084
510036 510024
510035 510037
510070 510010
510073 510091
510024 510046
510096 510025
510017 510067
510036 510070
510063 510053
510069 510100
510024 510077
510016 510052
510035 510038
510100 510066
510085 510093
510033 510015
510017 510015
510073 510081
510089 510091
510090 510090
510011 510093
510025 510085
510012 510050
510054 510056
510068 510076
510031 510078
510021 510019
510009 510091
510095 510004
510024 510055
510088 510080
510073 510062
510027 510089
510099 510054
510055 510052
510035 510069
510082 510030
510045 510088
510039 510091
510058 510084
510057 510017
510048 510089
510069 510078
510030 510096
510062 510043
510063 510018
510084 510006
510017 510025
510076 510049
510097 510034
510038 510055
510004 510058
510091 510027
510028 510003
510070 510052
510001 510056
510060 510060
510061 510062
510003 510075
510040 510067
510046 510074
510002 510066
510024 510071
510097 510075
510033 510050
510033 510062
510046 510021
510060 510100
510092 510045
510050 510042
510021 510076
510042 510009
510017 510029
510033 510044
510060 510030
510002 510092
510015 510012
510037 510054
510099 510042
510053 510028
510026 510094
510008 510059
510006 510080
510003 510041
510026 510057
510055 510061
510079 510077
11 32
98 98
78 86
21 22
27 69
82 91
27 54
66 89
7 76
6 33
54 80
30 57
77 39
44 44
12 87
81 8
60 28
97 26
29 1
47 99
79 87
67 19
2 56
27 86
77 65
93 1
90 27
78 23
48 13
25 12
41 46
29 94
51 96
46 46
42 40
9 11
10 7
83 52
59 81
28 99
1 89
34 64
65 10
73 19
74 48
78 86
6 45
18 27
65 61
74 10
59 17
64 62
78 22
23 89
82 63
99 57
56 99
92 48
54 8
14 59
81 27
26 4
55 40
68 56
30 27
73 95
27 38
19 18
73 81
14 18
43 92
53 85
62 62
52 70
8 92
74 9
19 100
11 73
85 60
64 82
48 18
51 1
12 98
45 46
38 15
53 27
64 66
50 19
23 51
40 30
74 66
91 99
68 25
79 27
27 48
59 58
68 60
81 89
8 60
62 61
100 41
49 61
83 42
8 35
24 99
78 34
55 100
43 81
91 76
15 49
42 8
43 72
53 77
83 60
51 14
86 64
95 33
90 92
54 84
31 55
