# source: JorikJooken
# original path: jj_extract\knapsackProblemInstances-master\problemInstances\n_400_c_100000000_g_10_f_0.2_eps_0.1_s_100\test.in
# optimal value: 99966339
# format: n capacity, then weight value
400 100000000
60000023 60000077
60000086 60000016
60000098 60000024
60000054 60000027
60000012 60000052
60000058 60000060
60000056 60000009
60000008 60000095
60000097 60000064
60000027 60000081
60000063 60000002
60000099 60000049
60000030 60000043
60000041 60000028
60000077 60000089
60000051 60000022
60000029 60000095
60000033 60000079
60000056 60000097
60000061 60000022
60000088 60000023
60000086 60000054
60000041 60000095
60000064 60000073
60000024 60000065
60000066 60000061
60000012 60000053
60000057 60000023
60000091 60000062
60000099 60000071
60000094 60000082
60000006 60000019
60000080 60000040
60000063 60000050
60000066 60000038
35000002 35000016
35000056 35000005
35000031 35000002
35000078 35000022
35000056 35000055
35000091 35000032
35000045 35000031
35000040 35000018
35000022 35000054
35000019 35000056
35000039 35000071
35000099 35000084
35000059 35000018
35000016 35000021
35000096 35000031
35000030 35000044
35000058 35000094
35000008 35000001
35000033 35000033
35000074 35000064
35000037 35000026
35000039 35000022
35000090 35000039
35000075 35000019
35000035 35000069
35000033 35000078
35000048 35000047
35000007 35000028
35000030 35000013
35000086 35000054
35000079 35000076
35000034 35000058
35000099 35000073
35000068 35000056
35000095 35000085
22500072 22500095
22500040 22500096
22500074 22500025
22500016 22500022
22500090 22500002
22500059 22500008
22500048 22500056
22500042 22500060
22500073 22500095
22500045 22500057
22500032 22500031
22500045 22500023
22500008 22500071
22500077 22500062
22500073 22500024
22500088 22500086
22500005 22500028
22500097 22500098
22500019 22500043
22500041 22500086
22500069 22500013
22500055 22500015
22500086 22500020
22500089 22500075
22500083 22500029
22500018 22500095
22500011 22500099
22500082 22500016
22500091 22500056
22500078 22500084
22500012 22500018
22500091 22500001
22500038 22500063
22500038 22500095
22500003 22500092
16250092 16250029
16250093 16250005
16250018 16250083
16250080 16250100
16250100 16250095
16250056 16250033
16250036 16250033
16250092 16250075
16250011 16250006
16250037 16250100
16250016 16250067
16250020 16250068
16250079 16250035
16250080 16250024
16250009 16250044
16250066 16250003
16250016 16250082
16250062 16250021
16250028 16250048
16250033 16250032
16250056 16250019
16250083 16250009
16250068 16250013
16250050 16250002
16250079 16250074
16250100 16250076
16250096 16250015
16250012 16250096
16250005 16250068
16250031 16250042
16250051 16250056
16250005 16250037
16250005 16250010
16250083 16250071
16250016 16250022
13125100 13125092
13125092 13125039
13125061 13125085
13125071 13125074
13125014 13125060
13125039 13125080
13125086 13125069
13125072 13125001
13125019 13125044
13125083 13125081
13125072 13125092
13125014 13125092
13125057 13125028
13125088 13125017
13125023 13125051
13125024 13125077
13125015 13125043
13125025 13125031
13125041 13125057
13125014 13125098
13125097 13125039
13125068 13125053
13125031 13125043
13125044 13125058
13125006 13125085
13125025 13125014
13125093 13125043
13125031 13125065
13125066 13125020
13125024 13125063
13125100 13125001
13125064 13125063
13125064 13125029
13125085 13125038
13125022 13125004
11562521 11562554
11562561 11562528
11562508 11562573
11562577 11562590
11562538 11562585
11562514 11562588
11562556 11562585
11562564 11562576
11562586 11562582
11562533 11562509
11562593 11562552
11562510 11562586
11562506 11562540
11562578 11562587
11562547 11562547
11562536 11562531
11562567 11562531
11562595 11562591
11562532 11562566
11562563 11562596
11562522 11562534
11562600 11562519
11562543 11562529
11562578 11562526
11562548 11562593
11562596 11562576
11562565 11562559
11562586 11562560
11562503 11562519
11562567 11562523
11562551 11562543
11562530 11562536
11562548 11562560
11562537 11562524
11562542 11562525
10781278 10781288
10781340 10781256
10781278 10781333
10781329 10781329
10781330 10781253
10781330 10781264
10781265 10781320
10781289 10781325
10781266 10781270
10781314 10781331
10781274 10781264
10781316 10781255
10781327 10781336
10781316 10781276
10781287 10781271
10781290 10781326
10781262 10781338
10781263 10781267
10781268 10781312
10781272 10781321
10781314 10781312
10781336 10781318
10781314 10781348
10781253 10781276
10781311 10781265
10781292 10781300
10781258 10781327
10781310 10781347
10781289 10781251
10781326 10781326
10781297 10781338
10781273 10781257
10781256 10781284
10781270 10781265
10781276 10781335
10390630 10390630
10390647 10390704
10390653 10390659
10390663 10390630
10390725 10390712
10390671 10390691
10390636 10390698
10390694 10390708
10390657 10390701
10390680 10390660
10390676 10390640
10390713 10390703
10390667 10390661
10390699 10390680
10390666 10390662
10390697 10390652
10390718 10390711
10390634 10390627
10390718 10390721
10390674 10390657
10390704 10390681
10390653 10390648
10390697 10390703
10390679 10390643
10390648 10390716
10390692 10390661
10390654 10390655
10390695 10390686
10390716 10390692
10390651 10390682
10390699 10390678
10390676 10390683
10390705 10390685
10390657 10390673
10390704 10390717
10195320 10195320
10195380 10195376
10195319 10195394
10195347 10195331
10195360 10195359
10195316 10195400
10195366 10195351
10195321 10195313
10195347 10195379
10195327 10195331
10195324 10195405
10195320 10195358
10195400 10195386
10195361 10195334
10195338 10195411
10195320 10195352
10195342 10195396
10195412 10195347
10195382 10195344
10195354 10195387
10195406 10195333
10195327 10195386
10195345 10195343
10195369 10195346
10195325 10195333
10195323 10195389
10195412 10195394
10195383 10195327
10195402 10195405
10195343 10195404
10195386 10195357
10195342 10195340
10195391 10195315
10195385 10195328
10195386 10195385
67 1
39 70
69 98
53 93
75 60
54 45
33 13
98 49
41 95
56 64
8 37
26 5
1 37
3 28
23 94
95 17
65 92
84 100
58 45
73 20
27 90
6 47
20 70
38 34
21 52
24 25
55 79
66 81
59 99
68 56
98 68
29 13
61 15
60 30
82 99
30 42
86 2
30 91
37 99
59 44
87 25
55 88
26 10
55 34
91 95
5 44
67 69
34 100
68 25
6 37
83 79
23 8
69 7
48 83
70 63
83 66
73 74
48 63
19 32
5 9
75 80
30 69
14 18
61 41
35 19
4 86
40 89
25 30
25 48
11 42
57 52
63 100
45 13
61 58
44 68
67 85
20 45
5 42
34 15
69 41
75 90
56 32
7 30
26 74
46 68
