# source: JorikJooken
# original path: jj_extract\knapsackProblemInstances-master\problemInstances\n_600_c_1000000_g_10_f_0.1_eps_0.0001_s_300\test.in
# optimal value: 1016423
# format: n capacity, then weight value
600 1000000
500358 500321
500270 500230
500366 500288
500396 500260
500341 500187
500170 500382
500282 500228
500279 500330
500210 500241
500264 500134
500161 500277
500171 500125
500279 500342
500308 500134
500318 500247
500371 500268
500380 500153
500264 500181
500187 500186
500111 500343
500238 500284
500248 500266
500131 500215
500135 500212
500182 500203
500119 500259
500321 500254
500207 500209
500201 500265
500267 500341
500267 500220
500257 500396
500327 500155
500361 500386
500322 500122
500350 500227
500368 500191
500374 500204
500330 500295
500389 500233
500342 500278
500301 500112
500225 500227
500183 500212
500279 500161
500276 500172
500218 500168
500329 500287
500324 500152
500260 500295
500195 500389
500277 500348
500157 500285
500253 500388
500241 500157
500247 500217
500133 500228
500156 500399
500183 500260
500196 500386
250157 250310
250123 250329
250241 250170
250247 250257
250264 250299
250229 250180
250116 250109
250394 250361
250259 250314
250221 250264
250278 250104
250358 250332
250159 250259
250393 250350
250371 250285
250264 250378
250138 250280
250291 250321
250182 250169
250377 250308
250304 250118
250175 250172
250302 250304
250366 250312
250198 250132
250265 250341
250367 250355
250377 250373
250349 250293
250124 250245
250323 250268
250301 250360
250369 250335
250278 250281
250199 250283
250389 250282
250209 250241
250219 250332
250288 250247
250396 250246
250256 250328
250122 250111
250127 250276
250184 250310
250368 250144
250339 250263
250153 250303
250216 250112
250292 250213
250297 250101
250262 250255
250294 250161
250214 250113
250216 250182
250297 250309
250264 250353
250221 250279
250255 250124
250301 250127
250160 250240
125313 125347
125251 125241
125243 125210
125150 125330
125300 125251
125301 125244
125200 125177
125397 125286
125187 125189
125101 125311
125284 125365
125275 125385
125347 125201
125380 125222
125215 125353
125154 125382
125142 125254
125200 125374
125394 125322
125253 125236
125394 125240
125315 125114
125153 125224
125111 125304
125215 125151
125279 125396
125310 125192
125350 125373
125353 125126
125351 125236
125148 125232
125393 125243
125279 125214
125347 125182
125104 125126
125156 125322
125161 125390
125372 125137
125282 125193
125377 125371
125232 125317
125139 125144
125105 125179
125183 125180
125138 125211
125222 125173
125218 125164
125137 125236
125126 125192
125124 125100
125229 125371
125228 125314
125109 125219
125247 125314
125166 125309
125217 125284
125379 125266
125229 125220
125128 125110
125284 125379
62851 62770
62899 62808
62805 62686
62616 62662
62629 62877
62746 62721
62778 62702
62863 62753
62752 62620
62743 62813
62712 62821
62846 62697
62686 62654
62898 62845
62776 62815
62758 62873
62619 62639
62785 62709
62804 62716
62805 62830
62776 62858
62648 62791
62770 62863
62823 62895
62886 62701
62749 62779
62871 62662
62800 62900
62795 62866
62856 62790
62783 62696
62870 62868
62759 62733
62848 62900
62615 62623
62834 62760
62714 62822
62707 62854
62799 62698
62767 62713
62623 62865
62649 62823
62794 62714
62807 62787
62790 62799
62870 62632
62738 62636
62803 62695
62660 62741
62642 62746
62841 62613
62642 62885
62634 62860
62878 62831
62793 62747
62630 62800
62883 62701
62860 62820
62760 62758
62892 62880
31543 31631
31370 31417
31373 31551
31559 31650
31624 31512
31575 31607
31601 31581
31633 31530
31435 31454
31621 31557
31482 31590
31457 31551
31620 31592
31432 31524
31375 31504
31635 31545
31544 31633
31363 31587
31461 31497
31545 31542
31581 31592
31597 31503
31603 31510
31509 31609
31564 31421
31466 31491
31354 31489
31595 31619
31558 31406
31592 31617
31495 31627
31645 31441
31396 31636
31641 31371
31537 31640
31559 31502
31352 31375
31498 31423
31550 31527
31460 31560
31621 31452
31585 31513
31532 31648
31469 31450
31471 31648
31440 31640
31563 31496
31512 31527
31552 31573
31351 31515
31425 31506
31608 31649
31544 31394
31358 31520
31511 31447
31628 31450
31518 31426
31376 31367
31613 31459
31586 31602
15792 16022
15764 15963
15884 15905
15870 15804
15837 16021
15824 15940
15963 15829
15869 15814
15753 15868
15828 15861
15997 15841
15921 15727
16014 15780
15782 15893
15859 15865
15877 15757
15791 15964
15942 15846
15790 15975
15735 15910
15789 15945
15876 15914
15748 15936
16009 15855
15971 15731
15945 15912
15834 15737
15759 15849
16019 15946
15878 16003
15989 15814
15860 15748
16024 15943
15843 16009
15982 15870
15799 15731
15968 15945
15871 15853
15826 15793
15777 15998
15886 16012
15992 15800
15982 16012
16012 15771
15974 15732
15865 15911
16022 15811
15743 15726
15910 15934
16010 15914
15913 15937
15915 16011
16004 15904
15915 15739
15827 15952
16005 15964
15846 15841
15841 15937
15980 15975
15736 15961
8004 7974
8168 8168
7992 8171
8186 8155
8173 8105
8185 7942
8079 7984
8009 7999
8110 7961
8040 8028
8048 8114
8043 8091
8167 7942
8200 7996
8139 8168
8121 8115
8145 8009
8049 7955
8206 7938
8025 8165
8196 8093
7951 7930
7973 7975
7985 8188
8078 8080
8130 8124
8090 7938
8171 8063
7998 8092
7954 8176
8040 8072
7999 8040
8091 7922
8023 7915
8042 8043
8115 8112
8208 7971
7914 8183
8055 8081
7975 8148
8158 8186
8181 8095
8210 8198
8212 8013
8172 8009
8112 8122
8024 8083
7976 8156
8037 8144
7984 8061
7916 8027
7917 7976
8053 8173
8034 8116
8149 8094
8154 8212
8069 8069
8040 8123
7926 8005
7969 7961
4059 4260
4273 4134
4276 4188
4193 4113
4219 4094
4143 4051
4094 4206
4043 4304
4052 4219
4015 4137
4165 4008
4066 4199
4087 4249
4281 4219
4258 4300
4195 4011
4083 4162
4190 4206
4164 4220
4287 4232
4099 4290
4201 4038
4071 4169
4107 4162
4198 4128
4236 4166
4182 4126
4177 4047
4033 4168
4228 4296
4262 4266
4013 4096
4260 4110
4077 4199
4186 4197
4131 4036
4232 4269
4293 4221
4120 4211
4304 4164
4099 4050
4123 4264
4055 4263
4034 4076
4157 4137
4094 4031
4254 4028
4111 4186
4214 4286
4148 4061
4249 4226
4162 4116
4158 4122
4280 4078
4088 4261
4205 4286
4215 4293
4063 4249
4238 4120
4301 4009
2060 2122
2324 2171
2121 2219
2245 2098
2291 2116
2241 2300
2179 2109
2273 2224
2282 2241
2281 2084
2329 2127
2313 2155
2133 2351
2102 2319
2125 2271
2225 2093
2096 2222
2288 2265
2083 2115
2127 2243
2345 2268
2253 2124
2164 2279
2132 2283
2298 2201
2059 2142
2059 2146
2260 2285
2249 2144
2217 2118
2134 2194
2058 2058
2200 2304
2321 2351
2148 2181
2289 2341
2125 2139
2232 2108
2207 2256
2113 2146
2107 2141
2109 2314
2075 2251
2065 2140
2061 2091
2164 2192
2191 2334
2227 2308
2160 2064
2077 2226
2306 2071
2224 2275
2175 2064
2144 2157
2342 2087
2158 2132
2297 2299
2295 2137
2333 2318
2169 2303
285 277
259 181
198 105
44 272
59 3
220 102
226 145
141 156
1 34
282 125
14 264
161 54
167 107
30 246
124 47
153 269
199 2
51 67
34 159
218 269
34 98
67 53
5 52
3 119
16 68
261 212
116 121
99 173
246 44
91 228
100 264
48 6
196 287
119 47
293 35
125 41
61 33
72 58
83 16
229 85
182 212
202 86
217 242
213 283
244 262
125 61
262 232
8 187
260 119
283 94
208 298
91 232
55 225
68 258
287 171
38 76
70 97
100 159
259 232
264 252
