# source: JorikJooken
# original path: jj_extract\knapsackProblemInstances-master\problemInstances\n_800_c_1000000_g_14_f_0.3_eps_0.0001_s_200\test.in
# optimal value: 1020480
# format: n capacity, then weight value
800 1000000
500144 500142
500228 500247
500129 500209
500108 500121
500139 500192
500223 500114
500182 500234
500273 500114
500145 500201
500218 500246
500178 500111
500103 500213
500296 500147
500158 500136
500188 500258
500149 500232
500138 500135
500127 500202
500145 500144
500143 500134
500278 500191
500270 500115
500237 500251
500280 500254
500300 500192
500114 500140
500130 500148
500174 500158
500227 500147
500245 500265
500108 500152
500182 500211
500265 500103
500286 500166
500132 500218
500272 500120
500225 500180
500209 500277
500235 500162
500229 500250
500176 500226
500198 500282
500244 500222
250285 250217
250245 250271
250221 250194
250264 250216
250271 250101
250198 250183
250281 250189
250165 250138
250142 250195
250248 250161
250208 250281
250258 250130
250252 250223
250207 250196
250234 250143
250195 250220
250208 250294
250256 250216
250298 250139
250122 250141
250228 250197
250263 250142
250221 250130
250202 250174
250200 250105
250274 250170
250287 250258
250263 250133
250172 250297
250259 250240
250231 250134
250103 250177
250140 250246
250135 250237
250155 250287
250192 250125
250281 250155
250205 250115
250134 250166
250124 250189
250222 250239
250169 250212
250216 250257
125224 125293
125150 125273
125221 125238
125101 125256
125200 125182
125125 125172
125240 125114
125164 125272
125186 125285
125263 125147
125132 125127
125293 125193
125193 125240
125244 125155
125258 125124
125105 125245
125276 125289
125180 125114
125252 125261
125269 125191
125145 125139
125248 125102
125264 125238
125181 125179
125141 125184
125218 125253
125269 125266
125295 125157
125265 125200
125250 125159
125210 125154
125258 125220
125130 125262
125225 125139
125225 125247
125146 125100
125105 125264
125260 125136
125101 125148
125161 125240
125175 125165
125207 125279
125159 125209
62622 62784
62697 62663
62723 62640
62744 62711
62666 62799
62745 62612
62736 62699
62751 62662
62757 62609
62728 62609
62721 62719
62703 62732
62659 62795
62656 62757
62620 62771
62618 62677
62698 62643
62771 62673
62713 62636
62725 62732
62680 62632
62691 62754
62612 62617
62699 62772
62671 62712
62799 62616
62793 62684
62640 62666
62782 62653
62638 62783
62722 62696
62695 62639
62637 62636
62670 62753
62608 62792
62639 62682
62765 62722
62675 62782
62653 62672
62746 62696
62797 62704
62650 62745
62760 62778
31546 31509
31460 31455
31503 31541
31452 31359
31365 31379
31361 31511
31474 31455
31467 31545
31509 31470
31520 31481
31365 31393
31548 31495
31394 31517
31474 31514
31373 31494
31412 31484
31514 31445
31358 31387
31370 31471
31468 31464
31369 31446
31401 31410
31434 31371
31371 31402
31463 31537
31548 31403
31534 31500
31464 31537
31388 31511
31490 31452
31435 31480
31435 31456
31417 31492
31516 31474
31528 31456
31391 31508
31476 31539
31393 31479
31435 31480
31366 31527
31431 31489
31457 31428
31440 31536
15883 15919
15805 15907
15838 15896
15756 15918
15731 15836
15762 15830
15908 15776
15843 15863
15767 15812
15870 15766
15857 15874
15840 15812
15924 15781
15740 15737
15795 15735
15745 15795
15740 15842
15893 15848
15876 15750
15776 15771
15849 15793
15902 15841
15729 15800
15904 15800
15806 15752
15885 15922
15758 15917
15775 15887
15767 15812
15760 15889
15894 15888
15828 15865
15793 15841
15854 15880
15739 15766
15870 15882
15815 15832
15857 15869
15814 15916
15904 15727
15740 15741
15781 15834
15879 15771
8030 8105
8075 7999
7949 7965
7945 7963
8000 7913
7963 7989
8069 8014
8055 7999
8104 7968
8067 8017
7982 8002
8106 7942
7938 8032
7916 7956
8033 8013
8018 7956
7929 7943
8054 8083
7937 7999
8034 8049
7979 7930
7915 8109
7968 8097
8022 7949
8044 7979
7952 7934
7957 8006
7975 7980
7960 8031
8030 8027
8071 7942
8072 7966
7984 8065
8068 8107
8059 7918
8039 8090
8065 7938
8002 8079
7939 7942
8111 8074
8000 7980
7979 7953
8112 8038
4148 4043
4049 4168
4032 4173
4141 4119
4051 4130
4056 4137
4081 4070
4186 4028
4150 4159
4067 4009
4041 4161
4026 4108
4189 4133
4174 4162
4009 4086
4162 4061
4144 4100
4036 4172
4159 4109
4130 4201
4163 4178
4102 4130
4196 4087
4092 4144
4166 4140
4146 4099
4103 4073
4044 4014
4104 4173
4151 4086
4038 4061
4202 4132
4151 4009
4158 4202
4046 4028
4105 4167
4021 4072
4123 4036
4099 4148
4086 4129
4143 4094
4158 4201
4018 4190
2087 2111
2222 2058
2093 2210
2198 2151
2210 2099
2244 2200
2218 2253
2085 2139
2248 2236
2173 2090
2056 2144
2145 2125
2079 2235
2209 2069
2127 2066
2089 2187
2081 2228
2214 2236
2245 2075
2220 2208
2165 2060
2250 2141
2193 2114
2069 2149
2204 2240
2158 2228
2168 2223
2073 2169
2077 2120
2129 2078
2215 2229
2059 2199
2094 2167
2175 2223
2054 2172
2109 2119
2196 2143
2114 2116
2223 2170
2080 2130
2246 2204
2088 2108
2191 2133
1119 1252
1207 1157
1165 1266
1094 1221
1246 1151
1158 1216
1231 1164
1158 1204
1263 1143
1118 1107
1231 1265
1183 1105
1167 1177
1123 1223
1230 1260
1101 1246
1197 1224
1147 1266
1239 1241
1195 1216
1083 1233
1204 1200
1121 1268
1176 1177
1197 1271
1230 1168
1143 1156
1154 1086
1090 1109
1210 1097
1099 1089
1248 1113
1269 1111
1274 1132
1250 1093
1233 1101
1272 1091
1122 1133
1264 1209
1208 1190
1257 1108
1275 1198
1228 1260
599 644
700 746
648 644
655 702
747 613
787 620
618 616
657 641
616 686
778 726
654 606
756 591
774 589
640 620
668 698
688 719
731 692
603 653
676 694
773 682
601 662
700 772
626 596
672 626
756 670
679 662
730 788
663 676
765 652
694 742
619 638
594 697
681 681
771 695
697 640
699 686
658 666
785 644
611 606
767 757
643 642
684 782
663 727
374 348
447 502
506 489
441 385
388 437
382 354
506 366
355 443
366 457
493 493
537 369
438 449
463 382
493 350
402 431
500 423
394 357
520 388
448 544
452 488
396 462
478 382
510 494
457 432
438 516
384 480
456 441
347 414
496 413
492 420
479 386
437 417
444 395
394 479
372 484
472 462
412 446
486 347
387 415
482 511
369 458
471 461
522 436
225 357
366 391
399 396
325 270
245 407
235 389
310 414
289 354
227 254
318 345
265 388
329 341
290 284
387 376
312 334
227 299
342 290
332 364
358 412
239 231
374 284
370 319
335 286
279 379
292 393
318 344
301 225
268 397
267 271
371 404
274 404
294 346
353 337
233 387
378 292
231 374
250 306
420 348
383 387
290 258
293 252
379 308
266 307
186 122
32 92
139 6
9 91
16 132
109 42
43 119
188 80
189 80
11 145
26 72
40 111
88 17
43 126
143 146
189 164
1 152
143 121
101 83
191 108
11 107
166 156
8 160
89 13
73 124
40 182
137 7
153 200
60 71
116 82
90 141
199 151
152 32
64 115
112 106
7 32
172 186
9 105
107 134
46 20
80 60
87 18
29 121
53 62
142 117
135 9
49 11
147 16
18 76
71 135
167 171
91 36
3 63
92 73
142 180
200 53
79 92
9 118
139 169
168 24
130 157
183 113
13 25
20 122
141 79
183 67
164 21
47 32
33 25
149 60
27 155
21 169
168 21
158 121
4 171
95 117
94 196
182 125
72 193
145 173
46 145
65 62
25 63
106 138
5 5
57 92
95 122
88 106
127 103
159 64
67 188
100 44
105 64
60 106
32 91
126 50
65 142
33 33
170 87
196 156
182 173
39 71
96 17
103 194
54 1
180 37
152 63
54 14
15 127
155 180
181 177
195 183
64 108
169 159
124 38
135 121
157 143
6 173
113 62
71 83
197 44
138 24
60 181
107 165
128 199
104 52
88 47
76 80
71 57
80 171
57 154
40 73
155 80
39 13
152 104
182 80
121 138
51 121
43 6
58 68
73 153
74 116
153 60
140 144
191 43
164 9
64 170
59 196
175 113
142 31
140 193
161 1
139 30
184 66
108 189
77 7
126 16
151 109
64 125
22 197
38 37
80 84
69 137
71 56
181 92
103 11
78 154
25 183
88 90
14 145
164 153
183 159
3 176
127 171
69 47
152 48
6 172
41 8
97 67
78 88
41 134
114 100
181 126
154 190
163 146
183 3
16 44
51 90
132 61
87 123
117 190
167 27
163 31
91 120
37 129
74 149
200 147
123 84
5 149
16 21
45 153
124 47
34 53
53 77
199 122
77 127
5 145
100 136
185 144
101 25
151 50
47 113
179 115
52 78
47 134
158 14
129 155
142 165
77 110
150 149
118 135
110 107
169 197
141 72
46 66
155 167
187 43
100 47
186 194
2 46
16 128
51 199
166 82
48 65
54 30
16 199
104 13
84 102
102 102
178 139
62 26
