# source: JorikJooken
# original path: jj_extract\knapsackProblemInstances-master\problemInstances\n_800_c_1000000_g_14_f_0.1_eps_0_s_100\test.in
# optimal value: 1008935
# format: n capacity, then weight value
800 1000000
500062 500062
500095 500025
500034 500046
500033 500052
500060 500045
500068 500100
500063 500017
500100 500097
500082 500099
500077 500095
500026 500058
500028 500078
500045 500074
500044 500079
500075 500018
500035 500006
500023 500083
500012 500034
500003 500098
500079 500026
500069 500098
500022 500077
500086 500031
500079 500067
500020 500080
500021 500049
500070 500087
500075 500094
500089 500062
500060 500054
500004 500005
500040 500073
500072 500046
500071 500077
500023 500037
500064 500050
500088 500014
500085 500059
500033 500010
500035 500098
500035 500081
500076 500067
500029 500065
500077 500068
500009 500007
500033 500056
500054 500092
500039 500004
500030 500017
500086 500043
500034 500002
500013 500054
500071 500014
500100 500034
500056 500063
250018 250066
250007 250050
250034 250092
250004 250031
250013 250009
250073 250003
250078 250004
250049 250011
250001 250074
250012 250091
250065 250095
250022 250022
250020 250082
250068 250025
250091 250024
250089 250069
250080 250055
250092 250087
250046 250066
250008 250092
250050 250076
250091 250043
250026 250091
250010 250057
250007 250013
250073 250023
250019 250069
250034 250011
250065 250038
250004 250081
250011 250096
250019 250035
250008 250007
250023 250086
250097 250090
250083 250072
250021 250015
250073 250063
250071 250014
250094 250002
250043 250061
250038 250038
250037 250033
250015 250047
250076 250063
250034 250050
250061 250057
250033 250003
250039 250009
250044 250085
250067 250090
250013 250064
250079 250001
250048 250024
250091 250091
125030 125058
125100 125066
125035 125057
125015 125040
125059 125030
125057 125092
125033 125070
125050 125035
125013 125082
125064 125064
125039 125086
125022 125071
125081 125048
125057 125064
125035 125085
125090 125100
125078 125041
125001 125046
125051 125045
125008 125085
125029 125086
125002 125054
125019 125049
125004 125097
125002 125013
125084 125004
125017 125066
125033 125030
125019 125093
125001 125030
125057 125007
125044 125027
125044 125074
125093 125010
125056 125084
125064 125082
125079 125075
125071 125068
125077 125019
125021 125071
125084 125061
125090 125047
125082 125093
125049 125020
125016 125028
125011 125100
125061 125095
125073 125087
125018 125060
125086 125026
125094 125023
125013 125044
125054 125036
125043 125091
125089 125043
62598 62548
62529 62523
62560 62560
62592 62558
62583 62596
62598 62572
62592 62510
62543 62563
62510 62510
62556 62529
62543 62556
62594 62567
62600 62541
62569 62515
62553 62525
62536 62550
62503 62518
62536 62559
62555 62556
62574 62565
62555 62539
62593 62545
62510 62529
62512 62552
62584 62528
62511 62513
62562 62547
62558 62509
62515 62510
62553 62582
62583 62592
62574 62560
62553 62511
62504 62586
62520 62584
62523 62538
62534 62517
62554 62567
62562 62560
62566 62510
62537 62552
62525 62572
62598 62513
62564 62526
62525 62548
62599 62565
62555 62557
62549 62513
62575 62558
62518 62552
62568 62540
62516 62569
62541 62586
62566 62529
62567 62593
31348 31319
31255 31287
31268 31347
31331 31309
31318 31268
31306 31350
31296 31292
31350 31253
31317 31279
31286 31255
31337 31321
31323 31293
31342 31301
31336 31348
31301 31310
31347 31318
31259 31269
31341 31332
31308 31281
31257 31269
31332 31287
31256 31287
31307 31350
31317 31297
31265 31262
31276 31314
31291 31335
31288 31312
31315 31270
31295 31293
31256 31349
31280 31263
31282 31268
31274 31305
31278 31325
31273 31299
31340 31267
31282 31317
31292 31336
31318 31258
31345 31313
31294 31261
31254 31291
31282 31310
31311 31271
31329 31262
31287 31299
31270 31286
31292 31251
31294 31336
31264 31311
31280 31254
31264 31326
31325 31275
31290 31318
15696 15708
15669 15646
15692 15665
15655 15676
15660 15708
15716 15678
15661 15700
15706 15717
15675 15642
15666 15720
15678 15691
15672 15652
15697 15697
15681 15707
15685 15692
15626 15638
15643 15630
15675 15676
15690 15683
15639 15648
15670 15708
15670 15692
15685 15694
15654 15710
15641 15632
15649 15696
15634 15699
15687 15664
15636 15724
15638 15665
15627 15720
15661 15704
15694 15712
15683 15663
15675 15681
15678 15659
15655 15666
15675 15679
15650 15673
15697 15679
15709 15641
15657 15710
15647 15658
15633 15713
15644 15631
15646 15666
15653 15636
15630 15701
15651 15676
15636 15668
15710 15650
15672 15633
15633 15650
15719 15723
15641 15699
7815 7905
7823 7889
7856 7894
7903 7908
7870 7855
7819 7873
7884 7865
7855 7896
7854 7829
7862 7863
7841 7912
7859 7826
7912 7869
7903 7872
7889 7831
7841 7896
7906 7834
7907 7871
7841 7859
7902 7861
7885 7822
7890 7823
7850 7899
7847 7907
7899 7878
7874 7880
7891 7911
7869 7869
7818 7908
7837 7863
7912 7866
7850 7876
7873 7874
7892 7905
7870 7876
7831 7848
7890 7887
7864 7860
7870 7841
7890 7844
7875 7814
7813 7821
7830 7864
7884 7886
7863 7879
7825 7819
7838 7839
7886 7828
7910 7843
7824 7912
7891 7910
7844 7876
7849 7848
7838 7844
7817 7865
3919 3985
3928 3937
3936 3949
3968 3929
3923 3910
4001 3993
3963 3929
3959 3926
3982 3983
3942 3952
3948 3933
3994 3960
3945 3928
3933 3921
3921 3996
3937 3985
3914 3967
3997 3984
3924 3944
3936 3928
3969 3962
3962 3994
3928 3976
3923 3946
4006 4001
3945 3999
3974 3946
3969 4000
3930 3912
3973 3977
3973 3939
3999 3917
3931 3941
3999 3979
3932 3992
3953 3948
3956 3928
3931 3950
3956 3949
3951 3957
3912 3972
3959 3953
3961 3938
3960 3927
3943 3927
3986 3925
3929 3971
4002 3941
3926 3913
3995 4005
3951 3968
3971 3931
3930 4000
3930 3938
3951 3907
2019 1993
2017 2008
2052 1961
2002 1957
1960 1965
1959 2008
1993 2000
2015 1967
1998 2025
2001 2051
2030 1993
1970 2030
2033 1983
1990 2024
2024 1978
2032 2014
1958 1958
1998 2042
1962 2017
2004 2004
1960 2009
2036 1998
1957 2010
1995 2043
1959 1972
2010 2036
1991 1997
2038 2051
1977 1991
2013 2018
1973 1990
2045 2005
1970 1963
2027 2033
1959 2009
1981 1999
2048 2023
1981 1967
1961 1961
1988 2012
2035 1983
1966 2027
1983 2040
2036 1995
1963 1989
2018 1957
2020 1975
2000 2014
1980 1972
1974 1956
1970 1976
2038 1958
2017 2021
1962 1960
2030 2004
997 1014
1033 1028
1038 999
1007 1043
991 1042
1018 1005
1069 1057
1072 980
985 1038
1020 988
1007 1010
1064 1065
1019 978
989 977
985 1040
1011 987
1000 1012
1014 1047
1068 987
1073 981
1051 1068
989 1050
1006 1025
979 995
1052 990
1076 977
1071 1052
992 984
1004 983
984 1033
1037 1045
1068 1049
1059 985
1063 977
1019 982
1070 1065
1018 1022
994 1050
1068 1071
1031 998
1046 1023
1055 1027
996 1042
1034 1014
1016 983
1067 1006
1050 1014
1047 1064
1018 998
1055 984
1059 1055
998 1051
1050 1003
995 1057
1038 1003
553 513
579 496
546 522
495 530
542 575
511 566
501 520
549 532
502 550
576 564
509 533
563 540
490 539
496 563
564 573
529 576
536 567
545 510
567 507
526 530
563 561
554 574
543 575
518 528
511 509
512 499
511 551
577 585
497 540
562 571
534 532
529 564
514 580
528 552
542 496
584 586
546 516
582 521
496 546
552 514
529 499
554 508
571 517
573 546
535 529
527 535
532 568
510 535
507 566
499 587
588 526
536 584
576 558
565 535
496 530
334 313
313 275
335 250
294 310
249 245
321 311
294 261
255 303
246 288
331 286
339 315
323 250
274 338
322 305
323 289
324 286
274 282
258 262
304 340
260 308
271 256
335 341
322 303
304 330
328 315
277 300
342 332
247 284
285 308
269 306
289 289
262 316
303 316
290 286
312 309
313 263
337 325
343 266
339 256
338 309
342 246
315 337
284 286
324 265
335 252
273 289
338 301
341 259
340 255
335 259
329 331
270 335
289 291
278 342
264 272
138 144
145 192
148 136
157 179
148 156
199 206
211 195
156 146
134 132
220 133
168 184
166 149
186 144
202 164
215 142
188 148
165 168
157 136
198 202
132 213
215 220
218 208
150 212
137 207
196 128
190 191
154 188
185 191
156 148
142 202
186 211
193 183
155 185
150 152
152 210
213 201
142 196
215 200
215 133
193 217
144 189
165 164
198 144
162 136
149 152
151 216
159 173
131 215
203 145
139 172
205 168
145 132
188 178
155 144
207 163
53 64
72 23
41 68
90 75
5 6
10 33
79 41
52 17
24 98
23 87
26 27
45 16
53 16
43 19
30 40
22 82
74 99
72 39
77 6
74 47
68 47
5 92
91 59
54 7
50 93
41 2
41 12
45 51
79 36
31 16
44 17
92 63
16 66
73 83
35 56
41 79
17 4
11 76
49 98
80 59
2 48
27 31
94 32
60 86
74 34
28 5
2 14
36 51
4 98
85 40
15 98
52 95
87 91
1 69
76 25
79 72
57 71
100 43
93 61
82 81
39 16
9 94
33 91
72 36
41 82
53 23
71 42
28 5
35 11
40 24
74 34
75 66
98 57
51 92
21 89
58 8
39 99
98 13
40 75
46 46
5 27
29 28
21 78
41 13
11 12
