# source: JorikJooken
# original path: jj_extract\knapsackProblemInstances-master\problemInstances\n_400_c_100000000_g_2_f_0.2_eps_0.0001_s_300\test.in
# optimal value: 50023138
# format: n capacity, then weight value
400 100000000
50010007 50010194
50010215 50010170
50010246 50010154
50010199 50010155
50010113 50010012
50010177 50010092
50010069 50010097
50010135 50010169
50010256 50010012
50010132 50010260
50010282 50010221
50010284 50010232
50010262 50010156
50010130 50010035
50010147 50010107
50010281 50010228
50010203 50010106
50010077 50010060
50010071 50010238
50010179 50010250
50010287 50010291
50010123 50010043
50010298 50010157
50010156 50010132
50010117 50010038
50010134 50010169
50010167 50010151
50010190 50010045
50010021 50010117
50010208 50010245
50010046 50010066
50010255 50010091
50010286 50010269
50010127 50010113
50010164 50010293
50010291 50010135
50010003 50010081
50010028 50010005
50010218 50010242
50010206 50010216
50010168 50010178
50010168 50010098
50010168 50010081
50010272 50010065
50010182 50010202
50010205 50010237
50010135 50010152
50010182 50010002
50010081 50010291
50010164 50010240
50010146 50010153
50010022 50010265
50010029 50010177
50010008 50010007
50010085 50010014
50010071 50010107
50010138 50010291
50010041 50010233
50010161 50010212
50010284 50010146
50010073 50010223
50010300 50010004
50010240 50010092
50010039 50010136
50010227 50010260
50010240 50010113
50010059 50010110
50010177 50010040
50010012 50010128
50010273 50010281
50010150 50010168
50010102 50010002
50010225 50010298
50010147 50010216
50010032 50010025
50010026 50010299
50010250 50010173
50010289 50010193
50010188 50010290
50010272 50010141
50010092 50010297
50010300 50010220
50010075 50010209
50010213 50010082
50010015 50010236
50010277 50010022
50010185 50010207
50010119 50010279
50010286 50010258
50010201 50010193
50010118 50010229
50010140 50010257
50010151 50010087
50010164 50010037
50010116 50010252
50010126 50010290
50010011 50010267
50010135 50010016
50010143 50010213
50010084 50010164
50010166 50010283
50010242 50010114
50010296 50010095
50010074 50010299
50010080 50010051
50010017 50010143
50010111 50010109
50010028 50010152
50010053 50010198
50010014 50010047
50010215 50010137
50010243 50010131
50010142 50010098
50010178 50010003
50010235 50010069
50010001 50010205
50010031 50010192
50010198 50010250
50010291 50010109
50010143 50010103
50010238 50010166
50010188 50010202
50010057 50010135
50010253 50010257
50010204 50010293
50010296 50010102
50010064 50010093
50010044 50010019
50010020 50010254
50010060 50010230
50010010 50010287
50010300 50010119
50010170 50010039
50010280 50010071
50010080 50010119
50010247 50010010
50010171 50010049
50010259 50010274
50010106 50010180
50010024 50010179
50010253 50010111
50010167 50010009
50010195 50010277
50010113 50010287
50010189 50010252
50010165 50010045
50010163 50010237
50010271 50010150
50010212 50010015
50010131 50010101
50010161 50010063
50010164 50010170
50010202 50010259
50010042 50010011
50010185 50010243
50010282 50010079
50010040 50010001
50010099 50010043
50010145 50010007
50010151 50010064
50010132 50010036
50010076 50010131
50010209 50010169
50010074 50010098
50010297 50010299
50010174 50010263
50010148 50010169
50010275 50010039
50010265 50010143
50010182 50010113
50010024 50010114
50010092 50010219
50010061 50010124
50010135 50010066
50010031 50010102
50010122 50010231
50010186 50010026
50010089 50010015
50010175 50010140
50010063 50010091
50010052 50010219
50010243 50010269
50010099 50010184
50010092 50010001
50010270 50010167
50010110 50010097
50010256 50010239
50010131 50010056
50010069 50010044
50010115 50010086
50010008 50010064
50010284 50010138
50010279 50010280
50010221 50010009
50010285 50010186
50010059 50010243
50010069 50010146
50010208 50010017
50010214 50010074
50010135 50010058
50010183 50010129
50010202 50010129
50010119 50010099
50010139 50010245
50010116 50010109
50010051 50010084
50010162 50010113
50010233 50010181
50010265 50010128
50010100 50010055
50010276 50010095
50010221 50010162
50010243 50010211
50010177 50010296
50010098 50010212
50010256 50010197
50010280 50010007
50010074 50010225
50010265 50010144
50010008 50010222
50010135 50010225
50010085 50010031
50010088 50010075
50010107 50010271
50010021 50010282
50010069 50010045
50010026 50010045
50010047 50010119
50010292 50010265
50010280 50010237
50010186 50010071
50010269 50010263
50010184 50010150
50010099 50010118
50010021 50010213
50010281 50010211
50010043 50010140
50010204 50010140
50010290 50010236
50010142 50010189
50010064 50010005
50010002 50010150
50010101 50010081
50010076 50010193
50010160 50010023
50010132 50010099
50010236 50010004
50010085 50010006
50010081 50010003
50010264 50010074
50010016 50010066
50010007 50010163
50010182 50010051
50010015 50010091
50010176 50010075
50010192 50010126
50010028 50010106
50010035 50010063
50010075 50010261
50010040 50010145
50010121 50010249
50010144 50010177
50010201 50010100
50010085 50010229
50010105 50010238
50010226 50010270
50010216 50010087
50010063 50010139
50010008 50010125
50010247 50010068
50010281 50010290
50010204 50010247
50010179 50010020
50010222 50010203
50010187 50010046
50010061 50010138
50010142 50010059
50010288 50010176
50010021 50010099
50010248 50010018
50010112 50010111
50010158 50010112
50010102 50010125
50010204 50010061
50010109 50010212
50010182 50010273
50010196 50010076
50010159 50010208
50010102 50010174
50010275 50010249
50010050 50010234
50010215 50010060
50010297 50010169
50010189 50010252
50010287 50010248
50010036 50010149
50010095 50010239
50010060 50010163
50010266 50010202
50010071 50010037
50010271 50010096
50010080 50010135
50010052 50010137
50010021 50010089
50010281 50010117
50010297 50010266
50010273 50010007
50010053 50010005
50010077 50010100
50010239 50010087
50010089 50010273
50010184 50010262
50010114 50010274
50010276 50010036
50010084 50010171
50010233 50010064
50010212 50010298
50010253 50010191
50010124 50010091
50010126 50010203
277 130
111 157
113 185
98 30
249 19
151 280
125 57
40 9
70 97
60 172
158 183
66 261
26 78
48 251
227 205
276 237
286 253
81 268
177 180
122 6
36 112
244 214
57 233
225 118
224 218
29 36
185 129
28 78
1 27
91 10
155 223
215 295
154 261
244 208
181 54
286 256
18 160
73 186
136 152
246 154
119 198
140 197
285 198
37 45
101 278
149 2
72 38
178 199
272 275
262 234
157 263
44 283
105 56
236 100
259 95
194 232
119 182
166 229
255 129
147 107
275 265
228 275
169 224
225 11
19 38
150 168
209 90
145 179
1 287
8 106
225 218
30 55
179 133
126 180
275 272
255 70
256 146
298 203
178 228
89 169
