# source: JorikJooken
# original path: jj_extract\knapsackProblemInstances-master\problemInstances\n_400_c_1000000_g_14_f_0.3_eps_0.1_s_100\test.in
# optimal value: 1002634
# format: n capacity, then weight value
400 1000000
600046 600095
600008 600040
600008 600016
600098 600030
600099 600061
600039 600006
600100 600098
600014 600006
600027 600034
600078 600074
600099 600031
600034 600045
600025 600033
600086 600016
600085 600063
600028 600052
600002 600069
600100 600053
600072 600015
600092 600081
600049 600080
350055 350012
350063 350028
350008 350066
350012 350034
350086 350089
350015 350078
350044 350074
350077 350100
350064 350064
350060 350082
350001 350071
350085 350020
350097 350005
350023 350063
350097 350083
350088 350082
350008 350074
350079 350092
350048 350054
350009 350026
350058 350017
225083 225009
225005 225077
225027 225090
225094 225093
225035 225015
225014 225050
225038 225030
225089 225028
225079 225029
225009 225017
225092 225083
225080 225050
225009 225017
225027 225006
225065 225074
225020 225011
225087 225093
225009 225048
225004 225011
225029 225047
225091 225028
162546 162520
162534 162563
162575 162559
162580 162554
162589 162546
162547 162520
162535 162514
162526 162528
162514 162549
162595 162556
162522 162532
162589 162597
162542 162552
162557 162536
162516 162538
162565 162520
162546 162530
162579 162582
162506 162562
162551 162584
162572 162511
131324 131290
131260 131326
131317 131330
131313 131309
131305 131284
131269 131252
131349 131289
131298 131325
131262 131334
131269 131334
131348 131339
131270 131299
131252 131298
131301 131286
131347 131334
131295 131269
131322 131281
131301 131320
131270 131291
131253 131335
131269 131262
115692 115639
115700 115635
115712 115698
115666 115708
115668 115683
115665 115639
115683 115689
115714 115632
115711 115699
115669 115710
115691 115702
115702 115674
115678 115718
115712 115629
115665 115684
115629 115702
115691 115653
115663 115713
115650 115668
115684 115644
115722 115724
107843 107870
107885 107843
107861 107902
107838 107863
107841 107824
107817 107897
107866 107899
107856 107895
107874 107848
107892 107889
107827 107897
107827 107858
107855 107878
107819 107878
107850 107894
107870 107871
107822 107859
107877 107853
107814 107849
107826 107908
107888 107875
103936 104001
103923 103959
103970 103926
103913 103995
103946 103958
103930 103988
103978 103951
103964 103945
103917 103949
103908 103918
103922 103983
103954 103964
103937 103965
103949 104000
103911 103918
103915 103948
103952 103993
103968 103949
103979 104000
103923 103911
103914 103969
102049 102031
101992 101995
101976 102000
102001 102045
101997 101984
102017 101967
102026 102042
101986 101988
102027 102002
102043 102046
102045 102010
102046 102053
102002 101954
101969 102051
102051 102014
101985 101983
102045 102047
102039 102009
102044 101954
102029 101985
101971 102009
101069 101016
101003 101063
101007 101057
101013 101029
101044 101016
101043 101047
100982 101004
101042 101064
101007 100994
101061 101073
101026 101049
101010 101038
101005 100984
101044 101049
101053 100996
101065 101050
101031 101028
101019 101013
101045 100986
101043 101045
101032 101014
100554 100548
100494 100539
100567 100502
100577 100573
100513 100585
100561 100588
100509 100539
100586 100507
100500 100499
100515 100573
100513 100583
100573 100528
100551 100529
100552 100498
100585 100520
100572 100517
100588 100554
100518 100492
100558 100580
100524 100567
100547 100564
100315 100269
100313 100336
100301 100330
100306 100344
100245 100327
100277 100312
100305 100326
100313 100285
100328 100270
100245 100285
100279 100250
100282 100284
100279 100327
100310 100272
100267 100245
100252 100325
100302 100249
100267 100254
100300 100338
100330 100301
100329 100295
100123 100143
100135 100186
100141 100159
100211 100180
100157 100124
100177 100204
100156 100184
100128 100215
100157 100192
100134 100128
100145 100210
100138 100136
100138 100166
100164 100191
100150 100157
100193 100222
100131 100171
100138 100186
100175 100180
100146 100189
100126 100128
52 80
6 72
91 89
46 1
81 17
56 10
59 78
55 60
65 13
78 7
29 4
45 86
84 13
19 43
62 89
59 33
71 10
65 96
37 40
75 80
18 52
40 70
8 62
19 98
91 89
76 35
28 47
82 71
99 69
33 55
41 93
72 78
12 80
25 57
33 56
18 100
48 59
57 21
100 47
35 53
98 37
80 73
1 47
18 24
34 84
32 24
74 99
94 63
41 72
75 36
54 60
73 51
43 64
16 63
23 77
35 1
34 11
53 17
59 76
20 22
12 69
17 33
13 25
35 38
46 39
41 5
71 12
31 91
100 25
51 35
41 50
21 86
48 53
29 89
28 59
88 92
68 93
46 99
92 17
14 64
37 72
39 33
7 21
37 24
62 12
7 24
77 53
35 2
61 88
62 28
78 70
58 58
80 59
46 85
66 67
95 37
85 18
82 68
80 76
49 30
55 45
32 67
32 45
91 75
51 69
72 23
13 13
90 71
100 81
13 66
93 11
98 47
44 48
40 52
18 43
88 57
66 43
46 44
65 92
29 80
71 53
53 37
92 67
67 8
78 77
31 24
41 88
