# source: JorikJooken
# original path: jj_extract\knapsackProblemInstances-master\problemInstances\n_1200_c_1000000_g_6_f_0.1_eps_0_s_100\test.in
# optimal value: 977173
# format: n capacity, then weight value
1200 1000000
500037 500012
500003 500090
500077 500044
500089 500012
500050 500072
500058 500056
500072 500092
500016 500008
500098 500024
500052 500016
500094 500050
500053 500056
500081 500048
500074 500048
500049 500097
500006 500028
500031 500099
500009 500080
500098 500010
500093 500005
500085 500057
500071 500077
500091 500091
500041 500064
500050 500008
500073 500099
500088 500039
500080 500072
500019 500049
500035 500084
500022 500023
500086 500008
500048 500002
500041 500013
500003 500094
500028 500037
500035 500042
500028 500093
500022 500067
500026 500041
500045 500087
500032 500028
500028 500083
500021 500089
500079 500055
500022 500053
500017 500043
500075 500075
500006 500097
500057 500020
500073 500052
500022 500052
500072 500024
500052 500055
500071 500092
500082 500044
500008 500078
500088 500010
500013 500082
500039 500082
500082 500094
500080 500066
500064 500006
500017 500056
500021 500031
500081 500076
500062 500029
500003 500073
500031 500062
500063 500071
500054 500097
500086 500077
500027 500099
500008 500026
500043 500059
500031 500022
500006 500054
500016 500004
500020 500044
500058 500079
500089 500066
500026 500047
500041 500040
500078 500035
500036 500013
500079 500073
500001 500095
500063 500073
500053 500082
500037 500092
500032 500038
500003 500050
500089 500076
500014 500074
500011 500094
500093 500055
500039 500074
500052 500057
500056 500056
500061 500093
500075 500027
500024 500047
500086 500049
500082 500074
500077 500099
500086 500065
500095 500001
500060 500083
500067 500049
500048 500040
500042 500047
500069 500001
500010 500034
500026 500036
500060 500085
500039 500047
500027 500060
500072 500007
500015 500018
500092 500093
500012 500022
500095 500048
500055 500076
500065 500082
500024 500003
500015 500003
500025 500038
500060 500034
500038 500043
500100 500016
500005 500077
500097 500020
500055 500040
500075 500009
500054 500001
500029 500012
500070 500020
500019 500043
500067 500041
500039 500035
500089 500089
500025 500085
500089 500069
500058 500052
500017 500052
500076 500090
500040 500086
500078 500079
500059 500093
500025 500063
500051 500061
500075 500001
500065 500070
500050 500024
500005 500082
500009 500038
500092 500013
500094 500006
500034 500047
500032 500017
500024 500054
500022 500073
500088 500040
500076 500026
500053 500048
500040 500023
500093 500052
500012 500080
500043 500093
500048 500071
500059 500034
500057 500008
500092 500005
500034 500062
500078 500011
500073 500040
500080 500047
500058 500082
500063 500078
500030 500034
500018 500087
500094 500045
500100 500082
500053 500090
500093 500021
500091 500100
500028 500004
500092 500060
500095 500091
500094 500017
500078 500018
500033 500016
500026 500093
500082 500016
500013 500057
500025 500050
500021 500094
500061 500033
500063 500058
500027 500021
500071 500023
500060 500046
500068 500027
500028 500004
500074 500065
500076 500065
500069 500058
500014 500029
500019 500005
500053 500100
500082 500009
500098 500072
500069 500075
500063 500051
500006 500078
500091 500059
250090 250079
250051 250049
250003 250089
250053 250090
250082 250038
250015 250070
250061 250054
250074 250092
250029 250100
250092 250071
250010 250070
250092 250087
250004 250027
250029 250058
250097 250036
250088 250017
250070 250086
250032 250068
250015 250038
250050 250041
250024 250018
250061 250045
250093 250023
250008 250059
250039 250100
250082 250018
250010 250098
250040 250042
250049 250002
250017 250017
250045 250068
250092 250022
250056 250010
250088 250002
250094 250034
250009 250039
250093 250004
250017 250047
250022 250009
250032 250099
250021 250054
250078 250049
250068 250026
250002 250069
250019 250031
250025 250052
250093 250058
250092 250053
250017 250063
250086 250040
250003 250099
250063 250073
250006 250025
250055 250075
250088 250085
250022 250091
250047 250063
250036 250049
250083 250046
250061 250013
250022 250097
250009 250013
250067 250033
250079 250051
250036 250062
250019 250087
250062 250072
250041 250069
250021 250031
250053 250022
250019 250049
250019 250062
250064 250027
250040 250050
250059 250076
250068 250024
250036 250081
250046 250099
250011 250030
250031 250077
250065 250026
250092 250034
250040 250021
250065 250036
250029 250030
250094 250070
250004 250071
250034 250064
250072 250017
250048 250054
250052 250094
250015 250065
250086 250034
250089 250059
250040 250097
250028 250018
250086 250054
250020 250007
250042 250096
250062 250078
250031 250053
250041 250087
250055 250053
250065 250097
250068 250039
250009 250090
250060 250014
250079 250081
250072 250078
250013 250069
250039 250082
250022 250073
250020 250016
250012 250066
250069 250065
250056 250067
250044 250097
250019 250079
250021 250081
250012 250046
250050 250007
250041 250068
250023 250069
250085 250097
250052 250096
250098 250085
250034 250070
250001 250089
250034 250062
250045 250003
250036 250099
250033 250090
250033 250020
250016 250058
250084 250039
250060 250070
250024 250057
250075 250058
250031 250059
250049 250083
250068 250016
250021 250043
250042 250024
250020 250035
250073 250032
250022 250037
250098 250058
250031 250010
250025 250017
250020 250044
250024 250044
250062 250067
250043 250047
250070 250092
250079 250033
250088 250021
250020 250074
250095 250026
250061 250048
250088 250027
250033 250032
250068 250025
250051 250056
250080 250033
250018 250014
250017 250030
250052 250009
250099 250086
250094 250031
250014 250076
250003 250087
250075 250043
250047 250007
250074 250001
250011 250010
250045 250099
250096 250064
250063 250066
250019 250057
250082 250041
250068 250090
250005 250061
250082 250080
250096 250020
250036 250054
250051 250071
250015 250022
250059 250041
250041 250010
250022 250054
250092 250062
250097 250026
250012 250016
250044 250049
250016 250076
250072 250016
250092 250062
250011 250025
250067 250016
250088 250022
250067 250087
250041 250020
250017 250080
250011 250069
250006 250073
250073 250082
250034 250008
250083 250013
250075 250014
250092 250008
250077 250012
250046 250057
250065 250080
250026 250040
250020 250029
250009 250058
125019 125069
125036 125083
125045 125006
125047 125079
125057 125090
125038 125060
125014 125091
125049 125081
125089 125057
125043 125028
125059 125073
125072 125085
125087 125011
125057 125025
125021 125081
125094 125096
125096 125068
125047 125051
125047 125062
125074 125021
125095 125054
125095 125069
125092 125003
125040 125079
125022 125091
125098 125042
125032 125064
125083 125056
125092 125081
125024 125023
125068 125023
125069 125025
125055 125070
125050 125026
125049 125037
125029 125029
125037 125033
125008 125057
125022 125083
125097 125012
125084 125079
125013 125070
125013 125069
125053 125009
125077 125039
125026 125043
125067 125002
125045 125064
125043 125044
125055 125068
125094 125025
125001 125013
125079 125005
125040 125081
125078 125068
125019 125071
125053 125094
125024 125030
125049 125064
125083 125090
125064 125047
125011 125067
125074 125047
125086 125040
125018 125049
125027 125023
125016 125059
125033 125027
125095 125044
125043 125001
125095 125013
125094 125053
125067 125003
125058 125066
125068 125031
125013 125073
125067 125074
125043 125098
125098 125030
125036 125056
125094 125067
125038 125043
125001 125022
125070 125061
125025 125046
125063 125067
125030 125039
125090 125016
125095 125037
125024 125034
125050 125092
125091 125021
125005 125029
125085 125073
125039 125090
125044 125042
125022 125050
125064 125013
125028 125068
125045 125076
125013 125024
125080 125045
125062 125011
125050 125085
125100 125030
125090 125095
125061 125035
125011 125098
125080 125044
125014 125042
125007 125061
125087 125095
125080 125092
125065 125054
125041 125023
125095 125033
125032 125053
125012 125038
125093 125043
125096 125070
125044 125039
125003 125077
125038 125014
125056 125090
125026 125042
125074 125082
125044 125042
125009 125078
125080 125023
125016 125049
125037 125033
125004 125021
125045 125010
125033 125085
125068 125042
125004 125018
125084 125058
125091 125004
125048 125018
125069 125042
125035 125007
125001 125019
125055 125053
125048 125094
125068 125037
125009 125014
125073 125072
125032 125048
125009 125005
125091 125030
125085 125006
125041 125041
125056 125090
125057 125064
125022 125010
125029 125100
125042 125038
125063 125041
125055 125048
125009 125003
125081 125007
125076 125004
125045 125039
125087 125020
125077 125046
125019 125037
125042 125036
125001 125051
125036 125037
125058 125081
125049 125005
125026 125017
125005 125043
125032 125012
125003 125019
125079 125013
125011 125091
125036 125051
125094 125067
125096 125034
125018 125014
125011 125070
125012 125076
125042 125003
125023 125093
125070 125086
125057 125025
125044 125072
125025 125035
125052 125003
125051 125061
125034 125044
125045 125084
125079 125046
125056 125028
125031 125015
125074 125018
125037 125091
125091 125005
125070 125041
125021 125062
125002 125019
125018 125042
125090 125085
125087 125081
125088 125006
125013 125036
125045 125014
125041 125011
125012 125020
125064 125035
125019 125097
125012 125078
125029 125088
125099 125001
125067 125025
62512 62510
62507 62583
62584 62519
62505 62586
62577 62569
62569 62597
62503 62547
62598 62508
62553 62539
62586 62591
62579 62507
62576 62578
62578 62584
62554 62598
62589 62539
62502 62553
62565 62546
62503 62511
62567 62515
62552 62534
62512 62571
62557 62504
62576 62599
62546 62526
62531 62563
62530 62589
62543 62571
62526 62546
62545 62566
62560 62531
62599 62547
62574 62501
62538 62592
62513 62588
62534 62532
62559 62522
62598 62525
62549 62596
62513 62586
62589 62586
62546 62529
62517 62509
62530 62518
62525 62506
62593 62564
62538 62508
62572 62572
62592 62557
62533 62561
62586 62566
62556 62588
62550 62592
62567 62565
62525 62529
62545 62598
62502 62510
62559 62526
62524 62566
62534 62562
62587 62559
62550 62564
62520 62524
62564 62555
62579 62581
62556 62505
62549 62529
62544 62560
62590 62562
62514 62505
62535 62562
62533 62595
62506 62547
62565 62596
62589 62561
62521 62563
62547 62548
62596 62539
62553 62536
62513 62540
62536 62513
62531 62528
62577 62520
62542 62522
62598 62561
62544 62561
62576 62561
62532 62529
62505 62571
62594 62595
62583 62506
62528 62594
62515 62589
62594 62503
62591 62570
62599 62535
62546 62517
62596 62568
62513 62566
62513 62557
62535 62565
62503 62544
62538 62503
62565 62505
62549 62570
62512 62574
62585 62563
62555 62523
62542 62526
62586 62530
62540 62600
62591 62539
62561 62577
62543 62590
62595 62514
62525 62546
62508 62558
62555 62516
62555 62593
62533 62562
62588 62539
62595 62567
62523 62553
62534 62552
62597 62506
62546 62594
62508 62573
62550 62504
62583 62506
62583 62546
62595 62546
62505 62561
62586 62518
62570 62576
62572 62587
62531 62536
62545 62531
62582 62530
62502 62509
62599 62584
62522 62515
62537 62523
62580 62584
62522 62521
62584 62529
62538 62513
62527 62504
62584 62570
62528 62569
62594 62590
62589 62564
62559 62540
62593 62515
62514 62534
62534 62522
62594 62506
62580 62597
62549 62561
62600 62571
62574 62519
62533 62550
62506 62513
62557 62535
62516 62521
62535 62531
62541 62565
62552 62560
62597 62513
62561 62583
62533 62532
62578 62579
62509 62583
62532 62577
62587 62529
62561 62584
62522 62560
62563 62599
62593 62569
62560 62595
62585 62515
62548 62533
62551 62595
62561 62556
62502 62572
62519 62544
62507 62577
62587 62524
62542 62593
62510 62597
62534 62543
62546 62535
62521 62565
62513 62593
62502 62576
62560 62560
62576 62516
62542 62536
62574 62597
62583 62572
62574 62552
62512 62584
62503 62542
62537 62582
62540 62537
62537 62590
62534 62529
62592 62549
62533 62535
62591 62576
62535 62598
62553 62556
62596 62579
62597 62551
62508 62508
62583 62558
62530 62518
62545 62526
31253 31305
31273 31311
31316 31256
31328 31271
31298 31287
31288 31298
31349 31320
31285 31264
31298 31256
31289 31349
31263 31298
31268 31328
31330 31255
31297 31275
31270 31293
31258 31316
31271 31269
31271 31278
31323 31342
31290 31279
31349 31338
31282 31330
31272 31337
31308 31256
31274 31288
31331 31318
31317 31276
31273 31293
31268 31298
31293 31262
31326 31302
31300 31296
31281 31327
31283 31327
31257 31283
31314 31284
31333 31282
31270 31336
31251 31339
31346 31339
31341 31282
31308 31272
31334 31285
31335 31316
31285 31318
31257 31349
31337 31253
31347 31350
31290 31347
31271 31293
31344 31277
31299 31337
31307 31262
31284 31344
31350 31305
31283 31306
31252 31348
31296 31270
31348 31348
31294 31285
31343 31346
31334 31318
31335 31337
31309 31273
31257 31287
31278 31273
31305 31281
31285 31350
31267 31324
31309 31296
31280 31261
31350 31284
31303 31332
31310 31264
31289 31282
31288 31331
31265 31268
31342 31284
31272 31317
31301 31262
31349 31348
31276 31265
31313 31255
31349 31253
31346 31301
31315 31347
31334 31322
31267 31255
31289 31314
31283 31271
31314 31276
31254 31305
31292 31324
31298 31290
31340 31289
31257 31314
31280 31262
31260 31258
31276 31318
31340 31254
31282 31338
31262 31317
31339 31277
31314 31330
31302 31314
31343 31292
31335 31274
31259 31305
31331 31267
31316 31274
31272 31295
31279 31275
31315 31290
31340 31336
31278 31258
31267 31303
31275 31328
31312 31293
31268 31275
31345 31308
31329 31262
31285 31273
31268 31271
31325 31276
31301 31348
31265 31254
31326 31256
31258 31252
31312 31331
31279 31322
31291 31325
31325 31343
31281 31293
31304 31303
31313 31251
31260 31305
31262 31255
31313 31296
31258 31285
31350 31251
31260 31261
31331 31343
31307 31265
31267 31263
31287 31278
31285 31303
31274 31262
31282 31283
31319 31302
31278 31265
31254 31270
31285 31268
31293 31297
31294 31333
31316 31309
31278 31350
31297 31265
31270 31279
31252 31282
31341 31285
31330 31316
31328 31293
31295 31257
31332 31315
31280 31271
31311 31305
31281 31323
31340 31283
31321 31272
31295 31292
31349 31282
31292 31344
31325 31288
31321 31309
31321 31283
31327 31333
31260 31329
31333 31295
31337 31265
31251 31297
31300 31333
31272 31273
31283 31264
31265 31273
31256 31318
31329 31318
31302 31327
31271 31294
31305 31287
31340 31316
31341 31276
31333 31322
31268 31287
31262 31324
31313 31338
31287 31253
31291 31331
31263 31274
31327 31312
31280 31257
31309 31343
31275 31269
31342 31272
31308 31340
31259 31317
31341 31348
31288 31298
31287 31263
31317 31321
31337 31279
31271 31269
31275 31280
31284 31334
31308 31320
31316 31334
31344 31348
64 9
34 12
52 70
27 82
16 75
60 30
68 72
70 60
65 74
67 19
13 55
41 98
79 38
12 47
2 46
5 97
97 44
84 69
49 69
82 11
85 23
20 6
67 14
36 11
73 13
53 59
39 80
68 24
85 57
84 58
17 50
1 3
76 64
31 3
68 54
40 56
23 82
86 47
29 67
33 100
34 36
79 60
13 99
11 17
16 36
26 12
44 87
63 70
49 44
56 10
47 37
67 96
67 20
80 24
57 72
39 3
62 80
53 17
88 48
90 1
63 44
80 17
51 8
75 39
55 87
77 62
56 43
52 1
11 39
80 85
54 9
58 41
11 35
50 30
26 11
58 2
43 39
4 72
100 4
40 34
63 61
94 98
64 10
50 85
19 25
46 59
19 39
32 81
96 32
51 1
57 41
93 72
34 100
98 58
71 33
6 69
75 2
31 97
31 25
5 33
21 7
61 45
43 61
13 30
20 72
44 67
85 74
96 88
50 20
11 55
18 31
41 86
83 72
27 49
17 46
65 27
35 64
24 9
21 50
62 30
