# source: JorikJooken
# original path: jj_extract\knapsackProblemInstances-master\problemInstances\n_400_c_100000000_g_14_f_0.2_eps_1e-05_s_100\test.in
# optimal value: 100005697
# format: n capacity, then weight value
400 100000000
50001077 50001010
50001098 50001049
50001096 50001014
50001087 50001067
50001080 50001027
50001056 50001078
50001011 50001074
50001008 50001067
50001095 50001071
50001070 50001016
50001089 50001035
50001077 50001074
50001038 50001009
50001017 50001099
50001004 50001094
50001040 50001073
50001006 50001004
50001099 50001091
50001086 50001047
50001099 50001039
50001005 50001015
50001051 50001045
50001007 50001077
50001061 50001082
25001038 25001074
25001036 25001100
25001016 25001044
25001081 25001039
25001051 25001096
25001034 25001043
25001023 25001096
25001018 25001016
25001053 25001095
25001027 25001079
25001083 25001089
25001089 25001036
25001013 25001086
25001044 25001066
25001096 25001050
25001015 25001086
25001079 25001064
25001035 25001092
25001066 25001042
25001014 25001066
25001050 25001029
25001037 25001045
25001099 25001054
25001019 25001020
12501011 12501013
12501089 12501011
12501014 12501081
12501024 12501052
12501070 12501083
12501074 12501092
12501006 12501057
12501092 12501092
12501033 12501069
12501079 12501044
12501024 12501049
12501064 12501063
12501090 12501002
12501086 12501080
12501056 12501099
12501022 12501084
12501041 12501048
12501013 12501083
12501032 12501090
12501030 12501011
12501019 12501056
12501099 12501090
12501090 12501063
12501047 12501097
6251076 6251074
6251049 6251007
6251004 6251063
6251016 6251030
6251021 6251096
6251062 6251032
6251084 6251016
6251033 6251041
6251076 6251099
6251069 6251087
6251096 6251004
6251077 6251077
6251060 6251056
6251100 6251099
6251068 6251013
6251094 6251075
6251100 6251074
6251042 6251084
6251007 6251074
6251087 6251042
6251007 6251094
6251088 6251044
6251057 6251009
6251030 6251005
3126066 3126062
3126012 3126066
3126083 3126076
3126057 3126061
3126006 3126049
3126083 3126083
3126067 3126030
3126058 3126063
3126083 3126045
3126001 3126090
3126042 3126012
3126005 3126094
3126075 3126046
3126010 3126009
3126001 3126072
3126026 3126026
3126080 3126044
3126088 3126048
3126088 3126087
3126071 3126005
3126070 3126086
3126031 3126091
3126050 3126049
3126099 3126040
1563571 1563523
1563575 1563547
1563568 1563572
1563579 1563519
1563514 1563579
1563513 1563540
1563525 1563591
1563585 1563508
1563558 1563600
1563579 1563506
1563565 1563509
1563581 1563536
1563551 1563508
1563567 1563562
1563579 1563543
1563506 1563522
1563506 1563576
1563534 1563546
1563551 1563563
1563572 1563563
1563557 1563592
1563544 1563591
1563513 1563561
1563501 1563557
782331 782314
782274 782324
782312 782343
782287 782320
782348 782271
782340 782312
782312 782266
782314 782316
782252 782298
782292 782341
782321 782310
782333 782329
782343 782289
782317 782315
782279 782304
782348 782315
782270 782332
782289 782253
782338 782264
782330 782350
782293 782267
782276 782318
782321 782281
782304 782318
391707 391703
391714 391663
391666 391711
391668 391631
391636 391644
391652 391686
391665 391686
391628 391678
391721 391713
391720 391648
391715 391717
391667 391650
391705 391717
391716 391696
391712 391656
391633 391653
391723 391629
391686 391647
391636 391717
391684 391676
391670 391657
391660 391684
391635 391654
391709 391625
196319 196410
196318 196349
196377 196351
196328 196326
196314 196382
196408 196404
196402 196388
196313 196350
196361 196325
196359 196397
196382 196406
196398 196387
196356 196314
196346 196320
196325 196403
196407 196382
196363 196410
196395 196347
196362 196314
196342 196350
196358 196327
196371 196371
196314 196321
196330 196332
98672 98720
98727 98756
98673 98708
98657 98697
98707 98724
98698 98748
98678 98754
98705 98744
98667 98709
98717 98667
98695 98722
98657 98723
98688 98719
98696 98710
98748 98729
98747 98756
98718 98686
98740 98716
98677 98664
98715 98675
98666 98722
98735 98687
98735 98678
98705 98731
49844 49918
49831 49855
49894 49869
49905 49902
49877 49849
49920 49904
49847 49919
49851 49861
49877 49850
49843 49851
49887 49875
49889 49839
49916 49848
49912 49914
49846 49885
49855 49851
49919 49910
49842 49849
49921 49871
49831 49919
49926 49853
49898 49917
49885 49853
49846 49829
25453 25468
25424 25503
25446 25467
25501 25420
25508 25449
25472 25507
25507 25507
25463 25445
25507 25435
25445 25427
25507 25463
25512 25425
25436 25501
25461 25503
25478 25468
25453 25514
25508 25471
25507 25495
25483 25416
25461 25423
25499 25461
25441 25476
25449 25423
25435 25488
13238 13215
13226 13271
13280 13295
13261 13243
13264 13249
13279 13218
13242 13296
13258 13281
13231 13303
13225 13260
13306 13238
13283 13298
13280 13238
13286 13258
13239 13284
13273 13256
13256 13229
13284 13261
13226 13250
13214 13286
13261 13222
13280 13269
13281 13307
13279 13285
55 10
17 72
70 52
16 20
81 3
11 85
91 53
38 38
49 6
68 18
16 21
51 79
39 32
40 72
88 29
36 5
51 9
78 7
94 11
76 47
49 76
88 45
54 26
40 84
87 96
31 65
50 62
28 15
44 15
64 69
56 88
87 2
4 97
15 91
7 25
22 35
72 19
85 49
98 62
12 96
84 35
43 25
96 46
76 23
7 77
72 55
39 95
55 75
79 48
33 40
82 98
1 5
54 19
55 16
98 7
35 55
84 60
48 37
18 57
7 67
61 7
34 78
10 77
65 68
51 80
10 67
16 42
86 92
62 14
65 65
89 23
88 6
12 18
7 72
64 75
4 100
37 83
24 77
54 82
12 17
17 1
49 29
43 27
9 3
30 44
44 65
38 15
65 11
