# source: JorikJooken
# original path: jj_extract\knapsackProblemInstances-master\problemInstances\n_1200_c_10000000000_g_10_f_0.2_eps_0.1_s_200\test.in
# optimal value: 9996119633
# format: n capacity, then weight value
1200 10000000000
6000000193 6000000035
6000000133 6000000087
6000000086 6000000119
6000000057 6000000044
6000000009 6000000009
6000000194 6000000134
6000000162 6000000028
6000000175 6000000126
6000000046 6000000129
6000000125 6000000109
6000000096 6000000078
6000000192 6000000037
6000000140 6000000060
6000000200 6000000125
6000000123 6000000173
6000000029 6000000187
6000000166 6000000057
6000000026 6000000037
6000000176 6000000108
6000000179 6000000012
6000000114 6000000132
6000000137 6000000157
6000000133 6000000095
6000000126 6000000130
6000000002 6000000042
6000000044 6000000043
6000000174 6000000147
6000000087 6000000005
6000000099 6000000001
6000000083 6000000071
6000000034 6000000184
6000000033 6000000043
6000000040 6000000065
6000000053 6000000197
6000000143 6000000163
6000000034 6000000066
6000000011 6000000082
6000000038 6000000051
6000000192 6000000015
6000000109 6000000130
6000000089 6000000087
6000000200 6000000050
6000000156 6000000110
6000000045 6000000099
6000000182 6000000039
6000000147 6000000199
6000000112 6000000050
6000000147 6000000188
6000000192 6000000083
6000000061 6000000032
6000000099 6000000183
6000000051 6000000087
6000000191 6000000188
6000000160 6000000120
6000000090 6000000159
6000000146 6000000085
6000000143 6000000083
6000000060 6000000013
6000000169 6000000093
6000000045 6000000113
6000000075 6000000182
6000000092 6000000028
6000000163 6000000068
6000000146 6000000028
6000000200 6000000154
6000000146 6000000133
6000000161 6000000070
6000000139 6000000198
6000000122 6000000023
6000000053 6000000113
6000000021 6000000092
6000000181 6000000022
6000000135 6000000039
6000000019 6000000091
6000000131 6000000093
6000000112 6000000187
6000000072 6000000081
6000000009 6000000047
6000000172 6000000012
6000000126 6000000175
6000000107 6000000015
6000000129 6000000115
6000000073 6000000032
6000000024 6000000099
6000000028 6000000143
6000000082 6000000115
6000000174 6000000113
6000000125 6000000047
6000000077 6000000168
6000000043 6000000004
6000000089 6000000136
6000000066 6000000074
6000000188 6000000198
6000000035 6000000165
6000000091 6000000048
6000000133 6000000077
6000000107 6000000091
6000000068 6000000018
6000000069 6000000190
6000000135 6000000047
6000000036 6000000005
6000000172 6000000184
6000000145 6000000136
6000000167 6000000173
6000000191 6000000144
6000000100 6000000164
3500000091 3500000118
3500000137 3500000198
3500000019 3500000070
3500000002 3500000153
3500000064 3500000029
3500000150 3500000048
3500000198 3500000158
3500000007 3500000011
3500000078 3500000072
3500000037 3500000117
3500000076 3500000077
3500000161 3500000020
3500000022 3500000193
3500000033 3500000154
3500000102 3500000027
3500000138 3500000032
3500000035 3500000137
3500000172 3500000070
3500000151 3500000109
3500000049 3500000019
3500000100 3500000044
3500000106 3500000067
3500000184 3500000148
3500000199 3500000052
3500000082 3500000112
3500000180 3500000074
3500000024 3500000045
3500000007 3500000042
3500000071 3500000153
3500000106 3500000136
3500000133 3500000088
3500000163 3500000145
3500000159 3500000115
3500000051 3500000074
3500000176 3500000099
3500000138 3500000118
3500000066 3500000157
3500000194 3500000156
3500000142 3500000122
3500000191 3500000091
3500000013 3500000127
3500000021 3500000083
3500000129 3500000082
3500000147 3500000160
3500000069 3500000066
3500000080 3500000117
3500000136 3500000177
3500000140 3500000053
3500000087 3500000045
3500000084 3500000133
3500000038 3500000182
3500000113 3500000088
3500000188 3500000163
3500000026 3500000025
3500000044 3500000128
3500000153 3500000167
3500000166 3500000013
3500000053 3500000179
3500000162 3500000091
3500000125 3500000074
3500000035 3500000140
3500000177 3500000024
3500000155 3500000159
3500000057 3500000018
3500000044 3500000137
3500000152 3500000194
3500000125 3500000049
3500000131 3500000104
3500000107 3500000048
3500000012 3500000173
3500000159 3500000140
3500000168 3500000108
3500000120 3500000096
3500000179 3500000050
3500000004 3500000066
3500000051 3500000062
3500000026 3500000122
3500000179 3500000084
3500000093 3500000102
3500000079 3500000013
3500000052 3500000153
3500000104 3500000165
3500000049 3500000122
3500000039 3500000071
3500000165 3500000198
3500000108 3500000023
3500000006 3500000004
3500000155 3500000104
3500000189 3500000155
3500000135 3500000090
3500000067 3500000093
3500000149 3500000152
3500000173 3500000124
3500000002 3500000109
3500000169 3500000013
3500000173 3500000196
3500000077 3500000025
3500000142 3500000146
3500000046 3500000179
3500000063 3500000178
3500000085 3500000136
3500000112 3500000008
3500000076 3500000010
3500000061 3500000121
3500000070 3500000155
3500000061 3500000025
2250000115 2250000036
2250000060 2250000188
2250000057 2250000110
2250000011 2250000170
2250000042 2250000089
2250000147 2250000135
2250000050 2250000013
2250000139 2250000046
2250000195 2250000053
2250000143 2250000121
2250000185 2250000027
2250000172 2250000171
2250000157 2250000101
2250000087 2250000173
2250000068 2250000058
2250000066 2250000070
2250000060 2250000127
2250000184 2250000073
2250000122 2250000122
2250000130 2250000196
2250000043 2250000182
2250000190 2250000032
2250000185 2250000069
2250000152 2250000159
2250000026 2250000041
2250000054 2250000097
2250000128 2250000132
2250000091 2250000174
2250000160 2250000012
2250000060 2250000052
2250000058 2250000081
2250000185 2250000048
2250000139 2250000190
2250000010 2250000019
2250000118 2250000067
2250000099 2250000053
2250000149 2250000143
2250000034 2250000032
2250000172 2250000113
2250000180 2250000047
2250000018 2250000041
2250000020 2250000096
2250000088 2250000150
2250000034 2250000108
2250000132 2250000064
2250000148 2250000143
2250000143 2250000112
2250000020 2250000123
2250000185 2250000173
2250000144 2250000004
2250000085 2250000009
2250000009 2250000131
2250000155 2250000015
2250000172 2250000149
2250000197 2250000015
2250000143 2250000198
2250000031 2250000059
2250000059 2250000063
2250000034 2250000179
2250000104 2250000163
2250000156 2250000200
2250000166 2250000018
2250000038 2250000146
2250000103 2250000014
2250000113 2250000019
2250000114 2250000135
2250000128 2250000018
2250000092 2250000174
2250000169 2250000130
2250000018 2250000040
2250000007 2250000011
2250000095 2250000074
2250000043 2250000067
2250000068 2250000037
2250000004 2250000032
2250000133 2250000035
2250000124 2250000135
2250000010 2250000095
2250000135 2250000175
2250000122 2250000139
2250000098 2250000196
2250000021 2250000112
2250000006 2250000012
2250000004 2250000159
2250000016 2250000136
2250000086 2250000086
2250000016 2250000115
2250000087 2250000077
2250000009 2250000008
2250000076 2250000190
2250000138 2250000129
2250000059 2250000017
2250000093 2250000002
2250000001 2250000037
2250000169 2250000128
2250000055 2250000142
2250000050 2250000020
2250000193 2250000128
2250000185 2250000043
2250000156 2250000139
2250000089 2250000075
2250000061 2250000122
2250000016 2250000037
2250000145 2250000051
2250000095 2250000087
2250000070 2250000070
1625000141 1625000018
1625000070 1625000170
1625000178 1625000113
1625000161 1625000095
1625000028 1625000193
1625000084 1625000144
1625000092 1625000031
1625000177 1625000102
1625000117 1625000200
1625000045 1625000043
1625000100 1625000030
1625000157 1625000095
1625000019 1625000104
1625000149 1625000091
1625000004 1625000170
1625000178 1625000187
1625000089 1625000074
1625000149 1625000163
1625000162 1625000032
1625000143 1625000149
1625000056 1625000080
1625000192 1625000028
1625000143 1625000108
1625000008 1625000105
1625000105 1625000063
1625000018 1625000159
1625000144 1625000143
1625000167 1625000005
1625000071 1625000147
1625000194 1625000066
1625000036 1625000048
1625000118 1625000020
1625000015 1625000102
1625000022 1625000133
1625000099 1625000003
1625000137 1625000112
1625000195 1625000176
1625000184 1625000017
1625000055 1625000185
1625000183 1625000001
1625000024 1625000108
1625000047 1625000035
1625000011 1625000046
1625000164 1625000144
1625000062 1625000179
1625000129 1625000116
1625000023 1625000119
1625000021 1625000067
1625000029 1625000065
1625000200 1625000176
1625000096 1625000052
1625000098 1625000200
1625000027 1625000144
1625000122 1625000085
1625000035 1625000150
1625000087 1625000017
1625000192 1625000038
1625000029 1625000005
1625000191 1625000012
1625000058 1625000098
1625000137 1625000199
1625000140 1625000158
1625000010 1625000127
1625000136 1625000074
1625000148 1625000135
1625000087 1625000190
1625000117 1625000076
1625000016 1625000126
1625000193 1625000116
1625000098 1625000137
1625000061 1625000121
1625000107 1625000175
1625000196 1625000160
1625000168 1625000141
1625000056 1625000041
1625000197 1625000101
1625000171 1625000190
1625000107 1625000068
1625000036 1625000143
1625000009 1625000167
1625000002 1625000153
1625000136 1625000127
1625000173 1625000022
1625000138 1625000019
1625000145 1625000114
1625000030 1625000143
1625000116 1625000003
1625000044 1625000064
1625000112 1625000188
1625000190 1625000145
1625000101 1625000059
1625000119 1625000108
1625000046 1625000032
1625000117 1625000006
1625000167 1625000150
1625000040 1625000027
1625000110 1625000112
1625000029 1625000113
1625000007 1625000164
1625000018 1625000187
1625000177 1625000112
1625000080 1625000135
1625000169 1625000007
1625000069 1625000092
1625000175 1625000158
1625000029 1625000095
1312500179 1312500109
1312500148 1312500055
1312500085 1312500058
1312500049 1312500189
1312500100 1312500181
1312500072 1312500076
1312500180 1312500176
1312500106 1312500001
1312500047 1312500020
1312500113 1312500140
1312500073 1312500164
1312500090 1312500164
1312500140 1312500146
1312500162 1312500174
1312500004 1312500132
1312500150 1312500113
1312500047 1312500033
1312500100 1312500067
1312500171 1312500193
1312500100 1312500109
1312500033 1312500097
1312500126 1312500116
1312500068 1312500110
1312500032 1312500190
1312500055 1312500198
1312500193 1312500035
1312500099 1312500005
1312500014 1312500121
1312500059 1312500015
1312500045 1312500127
1312500041 1312500176
1312500069 1312500163
1312500192 1312500102
1312500081 1312500113
1312500156 1312500137
1312500170 1312500057
1312500003 1312500190
1312500040 1312500096
1312500097 1312500011
1312500075 1312500199
1312500052 1312500069
1312500063 1312500183
1312500184 1312500172
1312500005 1312500107
1312500068 1312500121
1312500104 1312500096
1312500141 1312500118
1312500142 1312500165
1312500067 1312500104
1312500187 1312500114
1312500188 1312500150
1312500098 1312500118
1312500086 1312500084
1312500190 1312500155
1312500138 1312500168
1312500088 1312500017
1312500111 1312500139
1312500105 1312500084
1312500088 1312500168
1312500058 1312500017
1312500112 1312500003
1312500031 1312500111
1312500176 1312500026
1312500014 1312500173
1312500056 1312500197
1312500163 1312500099
1312500160 1312500078
1312500007 1312500082
1312500044 1312500160
1312500190 1312500069
1312500117 1312500099
1312500052 1312500137
1312500038 1312500108
1312500122 1312500121
1312500136 1312500075
1312500165 1312500006
1312500081 1312500041
1312500029 1312500003
1312500135 1312500161
1312500146 1312500088
1312500200 1312500149
1312500102 1312500189
1312500022 1312500161
1312500091 1312500066
1312500081 1312500110
1312500076 1312500114
1312500142 1312500178
1312500051 1312500077
1312500078 1312500050
1312500111 1312500181
1312500154 1312500012
1312500194 1312500154
1312500171 1312500051
1312500011 1312500064
1312500096 1312500132
1312500196 1312500113
1312500128 1312500033
1312500087 1312500174
1312500022 1312500023
1312500180 1312500147
1312500144 1312500089
1312500187 1312500052
1312500133 1312500062
1312500011 1312500095
1312500106 1312500103
1312500131 1312500148
1156250172 1156250166
1156250135 1156250191
1156250010 1156250015
1156250050 1156250047
1156250161 1156250141
1156250169 1156250167
1156250200 1156250098
1156250132 1156250107
1156250130 1156250155
1156250165 1156250120
1156250197 1156250051
1156250117 1156250097
1156250103 1156250032
1156250133 1156250005
1156250111 1156250187
1156250064 1156250184
1156250113 1156250001
1156250150 1156250025
1156250098 1156250080
1156250166 1156250077
1156250187 1156250009
1156250192 1156250058
1156250157 1156250035
1156250047 1156250011
1156250152 1156250129
1156250005 1156250076
1156250200 1156250021
1156250009 1156250074
1156250103 1156250007
1156250070 1156250176
1156250197 1156250169
1156250150 1156250052
1156250196 1156250013
1156250044 1156250157
1156250137 1156250062
1156250096 1156250121
1156250162 1156250162
1156250078 1156250150
1156250180 1156250042
1156250185 1156250104
1156250197 1156250004
1156250148 1156250166
1156250195 1156250190
1156250128 1156250025
1156250128 1156250104
1156250059 1156250133
1156250145 1156250140
1156250022 1156250193
1156250188 1156250085
1156250052 1156250176
1156250094 1156250087
1156250034 1156250097
1156250083 1156250043
1156250187 1156250059
1156250107 1156250164
1156250117 1156250108
1156250028 1156250073
1156250113 1156250090
1156250013 1156250129
1156250199 1156250076
1156250057 1156250181
1156250192 1156250092
1156250022 1156250143
1156250141 1156250029
1156250133 1156250030
1156250195 1156250113
1156250112 1156250098
1156250055 1156250197
1156250032 1156250037
1156250063 1156250060
1156250012 1156250133
1156250118 1156250110
1156250034 1156250025
1156250147 1156250144
1156250051 1156250096
1156250058 1156250100
1156250158 1156250131
1156250074 1156250051
1156250013 1156250054
1156250079 1156250011
1156250016 1156250011
1156250047 1156250094
1156250062 1156250176
1156250048 1156250092
1156250159 1156250054
1156250014 1156250143
1156250051 1156250039
1156250038 1156250142
1156250148 1156250152
1156250009 1156250052
1156250184 1156250102
1156250154 1156250004
1156250197 1156250024
1156250161 1156250166
1156250097 1156250089
1156250167 1156250086
1156250185 1156250141
1156250173 1156250198
1156250191 1156250146
1156250097 1156250183
1156250119 1156250177
1156250062 1156250065
1156250129 1156250052
1156250086 1156250135
1156250027 1156250186
1156250107 1156250014
1078125061 1078125165
1078125173 1078125152
1078125005 1078125192
1078125079 1078125044
1078125169 1078125012
1078125162 1078125197
1078125200 1078125077
1078125088 1078125189
1078125023 1078125147
1078125142 1078125124
1078125190 1078125171
1078125076 1078125044
1078125145 1078125107
1078125085 1078125089
1078125015 1078125049
1078125010 1078125051
1078125114 1078125198
1078125028 1078125167
1078125079 1078125150
1078125073 1078125131
1078125088 1078125093
1078125179 1078125135
1078125198 1078125003
1078125037 1078125073
1078125083 1078125090
1078125153 1078125001
1078125079 1078125138
1078125008 1078125104
1078125181 1078125159
1078125178 1078125184
1078125150 1078125195
1078125186 1078125098
1078125195 1078125043
1078125046 1078125028
1078125052 1078125118
1078125080 1078125043
1078125040 1078125173
1078125169 1078125196
1078125070 1078125184
1078125178 1078125199
1078125080 1078125111
1078125171 1078125159
1078125069 1078125184
1078125109 1078125032
1078125047 1078125011
1078125014 1078125194
1078125017 1078125025
1078125072 1078125195
1078125192 1078125102
1078125126 1078125018
1078125046 1078125098
1078125010 1078125048
1078125095 1078125040
1078125006 1078125142
1078125135 1078125104
1078125166 1078125050
1078125153 1078125063
1078125043 1078125059
1078125125 1078125170
1078125151 1078125052
1078125180 1078125065
1078125088 1078125096
1078125166 1078125170
1078125159 1078125090
1078125145 1078125104
1078125008 1078125123
1078125130 1078125104
1078125176 1078125101
1078125170 1078125174
1078125134 1078125133
1078125183 1078125117
1078125113 1078125148
1078125167 1078125024
1078125126 1078125164
1078125025 1078125045
1078125009 1078125025
1078125024 1078125160
1078125003 1078125093
1078125069 1078125076
1078125008 1078125056
1078125052 1078125175
1078125128 1078125093
1078125200 1078125189
1078125009 1078125083
1078125193 1078125023
1078125094 1078125002
1078125115 1078125198
1078125179 1078125100
1078125034 1078125118
1078125155 1078125084
1078125179 1078125146
1078125178 1078125095
1078125115 1078125155
1078125150 1078125107
1078125109 1078125073
1078125117 1078125013
1078125069 1078125097
1078125175 1078125093
1078125013 1078125016
1078125004 1078125178
1078125084 1078125023
1078125172 1078125046
1078125041 1078125186
1078125050 1078125051
1078125014 1078125032
1078125015 1078125163
1039062662 1039062591
1039062538 1039062583
1039062624 1039062543
1039062659 1039062679
1039062580 1039062530
1039062686 1039062594
1039062653 1039062686
1039062625 1039062605
1039062598 1039062545
1039062673 1039062646
1039062630 1039062543
1039062615 1039062626
1039062557 1039062538
1039062700 1039062530
1039062686 1039062575
1039062686 1039062669
1039062656 1039062535
1039062565 1039062534
1039062568 1039062528
1039062533 1039062546
1039062596 1039062528
1039062596 1039062569
1039062634 1039062688
1039062549 1039062514
1039062683 1039062634
1039062513 1039062544
1039062538 1039062623
1039062547 1039062673
1039062687 1039062646
1039062662 1039062679
1039062581 1039062687
1039062529 1039062572
1039062652 1039062608
1039062619 1039062678
1039062617 1039062539
1039062570 1039062623
1039062638 1039062597
1039062595 1039062573
1039062592 1039062687
1039062638 1039062571
1039062515 1039062546
1039062682 1039062550
1039062538 1039062582
1039062693 1039062679
1039062514 1039062586
1039062653 1039062695
1039062685 1039062637
1039062695 1039062583
1039062584 1039062653
1039062596 1039062539
1039062655 1039062657
1039062584 1039062562
1039062624 1039062567
1039062553 1039062645
1039062574 1039062689
1039062663 1039062686
1039062635 1039062514
1039062550 1039062520
1039062634 1039062608
1039062605 1039062670
1039062564 1039062654
1039062602 1039062562
1039062663 1039062609
1039062566 1039062556
1039062580 1039062526
1039062570 1039062696
1039062591 1039062667
1039062624 1039062535
1039062673 1039062661
1039062530 1039062683
1039062613 1039062513
1039062613 1039062669
1039062504 1039062550
1039062677 1039062596
1039062618 1039062512
1039062683 1039062665
1039062646 1039062527
1039062578 1039062657
1039062595 1039062613
1039062647 1039062638
1039062574 1039062671
1039062505 1039062653
1039062629 1039062700
1039062634 1039062618
1039062651 1039062529
1039062563 1039062547
1039062557 1039062647
1039062617 1039062536
1039062601 1039062574
1039062616 1039062606
1039062626 1039062692
1039062517 1039062695
1039062686 1039062521
1039062522 1039062550
1039062661 1039062585
1039062594 1039062510
1039062633 1039062593
1039062680 1039062658
1039062554 1039062694
1039062585 1039062546
1039062504 1039062648
1039062550 1039062587
1039062638 1039062592
1039062654 1039062565
1039062599 1039062528
1039062660 1039062594
1019531322 1019531395
1019531275 1019531291
1019531269 1019531414
1019531280 1019531314
1019531336 1019531279
1019531336 1019531310
1019531353 1019531335
1019531389 1019531362
1019531397 1019531379
1019531274 1019531315
1019531376 1019531373
1019531399 1019531333
1019531428 1019531357
1019531363 1019531308
1019531254 1019531266
1019531289 1019531324
1019531292 1019531428
1019531262 1019531338
1019531265 1019531377
1019531314 1019531380
1019531398 1019531337
1019531405 1019531407
1019531353 1019531288
1019531430 1019531317
1019531259 1019531274
1019531374 1019531276
1019531323 1019531420
1019531443 1019531424
1019531444 1019531299
1019531317 1019531408
1019531341 1019531342
1019531284 1019531304
1019531410 1019531257
1019531436 1019531288
1019531355 1019531281
1019531360 1019531296
1019531254 1019531332
1019531328 1019531395
1019531279 1019531285
1019531404 1019531449
1019531297 1019531286
1019531293 1019531303
1019531283 1019531285
1019531274 1019531316
1019531381 1019531319
1019531262 1019531302
1019531371 1019531329
1019531397 1019531325
1019531294 1019531271
1019531431 1019531426
1019531334 1019531442
1019531348 1019531291
1019531315 1019531369
1019531259 1019531285
1019531411 1019531279
1019531352 1019531350
1019531442 1019531353
1019531332 1019531379
1019531288 1019531429
1019531264 1019531428
1019531440 1019531398
1019531315 1019531398
1019531280 1019531326
1019531340 1019531441
1019531330 1019531274
1019531313 1019531253
1019531254 1019531425
1019531305 1019531276
1019531410 1019531425
1019531286 1019531328
1019531289 1019531287
1019531396 1019531315
1019531309 1019531280
1019531442 1019531333
1019531358 1019531343
1019531322 1019531260
1019531282 1019531412
1019531306 1019531390
1019531402 1019531304
1019531252 1019531280
1019531262 1019531284
1019531292 1019531275
1019531324 1019531365
1019531401 1019531424
1019531417 1019531345
1019531340 1019531291
1019531381 1019531374
1019531365 1019531280
1019531440 1019531329
1019531299 1019531414
1019531429 1019531290
1019531430 1019531336
1019531295 1019531309
1019531322 1019531275
1019531331 1019531322
1019531396 1019531254
1019531326 1019531353
1019531295 1019531277
1019531418 1019531347
1019531345 1019531432
1019531334 1019531366
1019531255 1019531285
1019531295 1019531335
1019531429 1019531255
1019531263 1019531373
1019531434 1019531337
128 56
168 130
171 124
183 138
56 128
159 52
200 134
105 171
4 200
84 128
94 46
119 130
120 15
15 109
70 160
146 108
34 32
87 113
56 55
84 11
85 181
99 113
150 140
162 12
138 50
8 23
158 42
67 83
112 59
92 32
174 106
27 153
173 160
133 67
37 174
186 149
190 112
21 93
95 197
93 42
124 67
165 21
148 118
123 103
128 168
48 137
21 149
114 70
171 115
47 162
109 84
4 163
113 83
123 9
74 103
30 31
3 153
197 189
192 160
4 156
114 91
187 200
172 22
20 116
114 23
134 180
29 132
96 173
142 68
32 165
162 150
122 154
47 106
110 181
161 67
152 103
109 135
80 29
35 125
59 85
13 154
46 104
64 40
110 126
8 179
132 133
61 105
4 1
173 194
83 160
39 3
80 14
12 198
44 125
117 75
8 46
189 195
115 161
80 108
38 24
137 64
62 114
131 129
137 109
62 112
139 57
29 12
17 27
88 102
166 171
25 161
19 132
130 195
89 198
29 1
152 75
158 126
150 54
69 8
55 184
192 43
85 1
15 34
149 73
118 13
143 73
168 151
181 21
113 73
29 140
185 199
193 125
120 133
157 53
199 93
91 48
61 73
33 46
135 195
100 44
181 172
44 83
150 138
49 121
65 174
120 14
74 189
171 112
178 53
15 14
158 113
57 95
142 28
25 94
63 108
168 162
45 193
117 87
127 3
128 192
81 96
45 84
60 8
46 133
94 111
113 192
86 163
149 31
195 13
161 15
89 22
133 194
138 60
113 52
143 8
49 24
31 10
158 164
85 15
192 87
30 4
172 172
135 142
47 43
35 93
31 93
81 103
198 52
70 95
77 76
87 27
53 18
196 10
77 31
170 33
47 123
15 102
69 10
116 51
109 157
95 23
81 51
77 67
126 153
42 42
115 90
99 43
24 127
102 76
62 68
171 102
99 155
196 193
68 15
185 185
79 91
104 105
134 23
159 38
72 164
73 137
38 147
198 81
6 79
148 171
13 134
13 170
123 126
82 180
138 150
12 86
127 160
161 20
123 5
186 113
128 129
186 189
36 104
198 170
25 52
5 3
43 184
9 8
21 165
102 66
1 15
