# source: JorikJooken
# original path: jj_extract\knapsackProblemInstances-master\problemInstances\n_800_c_100000000_g_6_f_0.1_eps_0.0001_s_300\test.in
# optimal value: 97203820
# format: n capacity, then weight value
800 100000000
50010248 50010130
50010215 50010040
50010271 50010283
50010243 50010237
50010030 50010245
50010215 50010179
50010207 50010128
50010036 50010187
50010118 50010036
50010015 50010220
50010260 50010258
50010055 50010081
50010024 50010006
50010217 50010149
50010016 50010243
50010272 50010091
50010290 50010256
50010288 50010248
50010028 50010058
50010286 50010084
50010006 50010233
50010068 50010279
50010279 50010030
50010055 50010200
50010025 50010048
50010300 50010234
50010141 50010279
50010148 50010222
50010216 50010230
50010014 50010241
50010255 50010006
50010119 50010061
50010083 50010059
50010095 50010274
50010105 50010290
50010213 50010185
50010222 50010038
50010214 50010001
50010127 50010066
50010181 50010096
50010260 50010143
50010159 50010221
50010294 50010139
50010240 50010050
50010295 50010170
50010069 50010082
50010059 50010208
50010140 50010204
50010183 50010234
50010268 50010124
50010291 50010216
50010141 50010082
50010240 50010051
50010282 50010006
50010140 50010003
50010174 50010250
50010063 50010239
50010137 50010049
50010045 50010257
50010176 50010260
50010226 50010209
50010264 50010235
50010080 50010019
50010138 50010234
50010292 50010237
50010246 50010017
50010062 50010181
50010141 50010154
50010020 50010230
50010124 50010288
50010108 50010061
50010053 50010022
50010087 50010152
50010066 50010044
50010089 50010274
50010186 50010016
50010206 50010194
50010253 50010170
50010217 50010040
50010099 50010216
50010225 50010043
50010028 50010197
50010295 50010148
50010245 50010057
50010045 50010169
50010049 50010185
50010247 50010155
50010158 50010229
50010011 50010173
50010210 50010236
50010029 50010027
50010012 50010062
50010242 50010292
50010060 50010041
50010077 50010119
50010055 50010183
50010012 50010195
50010245 50010280
50010132 50010050
50010085 50010016
50010095 50010243
50010152 50010153
50010051 50010245
50010196 50010030
50010218 50010056
50010036 50010065
50010061 50010201
50010260 50010119
50010023 50010082
50010143 50010081
50010249 50010094
50010071 50010148
50010144 50010281
50010124 50010199
50010286 50010148
50010281 50010198
50010007 50010148
50010008 50010300
50010160 50010029
50010170 50010052
50010132 50010277
50010051 50010129
50010124 50010012
50010135 50010072
50010097 50010120
50010040 50010079
50010134 50010039
50010154 50010099
50010131 50010298
50010113 50010073
50010191 50010238
50010092 50010242
50010292 50010111
50010215 50010024
50010287 50010172
50010231 50010160
50010122 50010273
50010215 50010086
50010249 50010068
50010199 50010020
50010275 50010185
50010129 50010112
50010106 50010008
50010256 50010297
25010167 25010263
25010054 25010136
25010165 25010099
25010057 25010140
25010115 25010257
25010287 25010226
25010292 25010044
25010052 25010277
25010019 25010139
25010069 25010181
25010042 25010126
25010174 25010140
25010102 25010010
25010167 25010121
25010196 25010236
25010026 25010200
25010239 25010052
25010070 25010052
25010009 25010183
25010207 25010001
25010170 25010053
25010033 25010112
25010187 25010042
25010092 25010081
25010131 25010183
25010134 25010233
25010112 25010101
25010135 25010217
25010123 25010128
25010022 25010031
25010014 25010263
25010169 25010225
25010111 25010287
25010010 25010176
25010226 25010096
25010223 25010259
25010170 25010205
25010162 25010049
25010244 25010269
25010211 25010277
25010191 25010028
25010098 25010141
25010061 25010036
25010266 25010284
25010071 25010040
25010275 25010227
25010169 25010164
25010070 25010090
25010138 25010115
25010293 25010230
25010244 25010209
25010080 25010099
25010096 25010172
25010167 25010025
25010029 25010261
25010135 25010068
25010235 25010243
25010106 25010270
25010101 25010250
25010193 25010186
25010281 25010212
25010241 25010017
25010199 25010065
25010255 25010162
25010047 25010162
25010080 25010049
25010217 25010030
25010299 25010223
25010019 25010133
25010297 25010103
25010209 25010198
25010218 25010154
25010099 25010103
25010011 25010076
25010144 25010099
25010101 25010118
25010043 25010156
25010018 25010200
25010086 25010251
25010092 25010032
25010143 25010110
25010105 25010134
25010251 25010276
25010229 25010139
25010261 25010182
25010032 25010079
25010262 25010011
25010258 25010016
25010290 25010238
25010025 25010154
25010142 25010049
25010232 25010087
25010297 25010131
25010109 25010119
25010104 25010193
25010148 25010283
25010018 25010080
25010203 25010249
25010061 25010143
25010233 25010203
25010077 25010052
25010260 25010292
25010130 25010061
25010245 25010159
25010271 25010244
25010205 25010191
25010094 25010031
25010115 25010296
25010050 25010009
25010296 25010123
25010267 25010142
25010151 25010284
25010018 25010253
25010193 25010228
25010143 25010120
25010075 25010259
25010108 25010131
25010048 25010042
25010209 25010262
25010077 25010092
25010117 25010158
25010063 25010206
25010056 25010232
25010272 25010211
25010205 25010243
25010178 25010270
25010259 25010100
25010099 25010003
25010041 25010110
25010216 25010290
25010098 25010074
25010143 25010165
25010027 25010150
25010019 25010283
25010232 25010273
25010024 25010034
25010207 25010243
25010159 25010237
25010275 25010142
25010017 25010051
25010074 25010094
25010272 25010139
25010026 25010064
25010015 25010201
12510082 12510258
12510065 12510222
12510211 12510219
12510166 12510004
12510245 12510214
12510235 12510216
12510141 12510199
12510191 12510055
12510039 12510004
12510007 12510036
12510179 12510195
12510123 12510177
12510098 12510264
12510275 12510136
12510020 12510278
12510272 12510115
12510173 12510247
12510262 12510053
12510204 12510067
12510258 12510063
12510050 12510138
12510171 12510234
12510280 12510054
12510011 12510259
12510033 12510265
12510229 12510112
12510222 12510011
12510210 12510112
12510230 12510072
12510133 12510135
12510145 12510156
12510009 12510009
12510030 12510208
12510101 12510208
12510082 12510264
12510235 12510154
12510024 12510296
12510106 12510038
12510042 12510282
12510118 12510155
12510234 12510102
12510208 12510115
12510218 12510002
12510132 12510281
12510243 12510237
12510066 12510126
12510147 12510100
12510168 12510133
12510292 12510282
12510122 12510185
12510242 12510283
12510253 12510165
12510203 12510192
12510232 12510293
12510048 12510112
12510186 12510272
12510113 12510010
12510180 12510280
12510133 12510165
12510121 12510085
12510116 12510247
12510107 12510039
12510160 12510183
12510265 12510030
12510005 12510089
12510001 12510102
12510283 12510167
12510192 12510252
12510107 12510293
12510242 12510247
12510031 12510262
12510119 12510134
12510034 12510148
12510193 12510134
12510227 12510149
12510240 12510287
12510225 12510210
12510116 12510170
12510182 12510114
12510060 12510285
12510240 12510208
12510024 12510024
12510048 12510182
12510208 12510240
12510135 12510047
12510123 12510115
12510120 12510131
12510090 12510195
12510138 12510089
12510160 12510151
12510029 12510030
12510178 12510026
12510207 12510089
12510032 12510206
12510053 12510253
12510190 12510205
12510038 12510178
12510271 12510269
12510021 12510141
12510190 12510054
12510010 12510076
12510061 12510108
12510195 12510223
12510079 12510248
12510120 12510225
12510106 12510033
12510277 12510290
12510106 12510275
12510141 12510025
12510232 12510229
12510271 12510040
12510269 12510023
12510272 12510165
12510058 12510165
12510120 12510229
12510198 12510286
12510162 12510066
12510013 12510291
12510078 12510244
12510015 12510041
12510147 12510108
12510245 12510259
12510233 12510093
12510293 12510198
12510258 12510266
12510072 12510007
12510001 12510142
12510119 12510080
12510245 12510085
12510205 12510066
12510178 12510204
12510068 12510161
12510088 12510155
12510266 12510194
12510041 12510201
12510281 12510244
12510214 12510256
12510135 12510273
12510143 12510268
12510251 12510292
12510120 12510209
12510253 12510035
12510105 12510096
12510251 12510212
6260003 6260173
6260219 6260186
6260131 6260261
6260032 6260274
6260223 6260142
6260072 6260245
6260203 6260063
6260069 6260223
6260272 6260195
6260110 6260196
6260147 6260033
6260187 6260287
6260117 6260279
6260023 6260242
6260149 6260174
6260079 6260251
6260173 6260282
6260149 6260168
6260024 6260275
6260125 6260046
6260010 6260139
6260285 6260077
6260099 6260237
6260235 6260046
6260075 6260075
6260191 6260221
6260250 6260116
6260032 6260247
6260107 6260225
6260054 6260271
6260007 6260248
6260127 6260296
6260090 6260119
6260256 6260095
6260242 6260074
6260100 6260199
6260272 6260297
6260161 6260056
6260164 6260148
6260058 6260256
6260122 6260159
6260164 6260285
6260104 6260266
6260232 6260036
6260288 6260060
6260183 6260099
6260070 6260011
6260226 6260176
6260254 6260142
6260074 6260093
6260111 6260132
6260292 6260003
6260251 6260190
6260101 6260216
6260175 6260128
6260016 6260016
6260072 6260105
6260227 6260212
6260074 6260296
6260232 6260130
6260295 6260027
6260204 6260078
6260082 6260195
6260233 6260044
6260263 6260118
6260243 6260240
6260298 6260232
6260136 6260163
6260277 6260166
6260236 6260137
6260046 6260017
6260271 6260001
6260018 6260269
6260193 6260211
6260078 6260300
6260157 6260177
6260115 6260088
6260004 6260240
6260096 6260021
6260009 6260109
6260265 6260139
6260260 6260085
6260112 6260238
6260060 6260150
6260290 6260251
6260103 6260267
6260053 6260055
6260091 6260219
6260253 6260254
6260003 6260258
6260287 6260125
6260277 6260134
6260054 6260207
6260208 6260228
6260046 6260294
6260245 6260277
6260102 6260296
6260267 6260254
6260047 6260295
6260194 6260269
6260073 6260287
6260223 6260231
6260213 6260257
6260052 6260101
6260280 6260209
6260021 6260215
6260061 6260199
6260263 6260292
6260017 6260105
6260289 6260233
6260091 6260149
6260178 6260169
6260156 6260039
6260103 6260277
6260043 6260177
6260087 6260210
6260277 6260298
6260173 6260294
6260086 6260170
6260195 6260060
6260200 6260082
6260175 6260016
6260063 6260286
6260128 6260109
6260048 6260101
6260076 6260045
6260281 6260211
6260036 6260140
6260241 6260025
6260292 6260011
6260159 6260131
6260097 6260142
6260269 6260280
6260196 6260037
6260228 6260216
6260241 6260194
6260217 6260024
6260066 6260223
6260010 6260031
6260228 6260124
6260132 6260038
6260278 6260190
6260258 6260052
6260100 6260054
3135080 3135103
3135216 3135080
3135013 3135208
3135027 3135067
3135287 3135027
3135031 3135012
3135151 3135108
3135163 3135137
3135152 3135149
3135201 3135193
3135246 3135066
3135281 3135266
3135072 3135253
3135105 3135237
3135141 3135075
3135136 3135212
3135263 3135048
3135203 3135132
3135157 3135268
3135284 3135036
3135206 3135137
3135143 3135202
3135045 3135069
3135249 3135248
3135241 3135045
3135212 3135204
3135187 3135225
3135016 3135244
3135277 3135124
3135088 3135133
3135241 3135022
3135154 3135116
3135072 3135260
3135069 3135012
3135042 3135197
3135049 3135104
3135010 3135139
3135270 3135128
3135254 3135015
3135007 3135120
3135124 3135291
3135283 3135179
3135140 3135102
3135223 3135069
3135272 3135236
3135074 3135013
3135253 3135218
3135259 3135163
3135151 3135244
3135217 3135262
3135119 3135107
3135202 3135018
3135055 3135108
3135088 3135083
3135117 3135275
3135264 3135145
3135014 3135290
3135243 3135022
3135124 3135277
3135148 3135032
3135224 3135080
3135135 3135019
3135225 3135109
3135139 3135234
3135281 3135289
3135166 3135016
3135174 3135013
3135271 3135042
3135238 3135068
3135087 3135102
3135272 3135210
3135094 3135242
3135108 3135058
3135226 3135135
3135031 3135179
3135060 3135288
3135088 3135264
3135228 3135044
3135036 3135011
3135239 3135111
3135116 3135149
3135041 3135275
3135139 3135180
3135277 3135053
3135251 3135219
3135222 3135041
3135250 3135271
3135009 3135196
3135004 3135015
3135245 3135141
3135226 3135021
3135132 3135123
3135135 3135129
3135141 3135289
3135061 3135202
3135286 3135048
3135273 3135298
3135300 3135025
3135238 3135129
3135115 3135044
3135255 3135055
3135058 3135041
3135183 3135221
3135291 3135257
3135212 3135157
3135029 3135285
3135246 3135194
3135018 3135269
3135010 3135294
3135001 3135239
3135030 3135071
3135073 3135252
3135046 3135136
3135079 3135278
3135107 3135272
3135195 3135221
3135107 3135159
3135238 3135156
3135141 3135231
3135234 3135080
3135035 3135281
3135124 3135130
3135140 3135265
3135071 3135296
3135176 3135017
3135181 3135237
3135231 3135194
3135132 3135147
3135022 3135081
3135134 3135137
3135237 3135285
3135081 3135202
3135287 3135030
3135189 3135050
3135169 3135099
3135036 3135174
3135010 3135005
3135119 3135054
3135221 3135067
3135112 3135276
3135044 3135265
3135275 3135193
3135013 3135085
3135160 3135151
150 94
38 2
250 227
149 191
153 97
97 87
295 4
57 299
86 115
265 127
260 125
219 270
89 129
178 209
39 252
185 172
74 19
93 280
101 197
8 108
211 46
217 240
172 89
74 113
104 226
177 250
270 147
73 125
255 23
26 47
226 105
16 134
284 284
157 239
255 185
255 73
208 126
17 201
232 108
280 13
279 265
65 78
234 249
227 288
165 133
69 86
146 169
268 6
162 111
70 171
99 52
252 268
270 104
137 103
214 151
13 7
168 205
205 59
256 72
119 154
228 36
24 4
240 174
237 22
128 254
215 162
203 187
221 6
110 129
238 37
82 148
147 143
242 37
8 45
207 45
131 186
265 27
47 32
54 121
22 33
