# source: JorikJooken
# original path: jj_extract\knapsackProblemInstances-master\problemInstances\n_800_c_10000000000_g_10_f_0.3_eps_0_s_300\test.in
# optimal value: 9980538054
# format: n capacity, then weight value
800 10000000000
5000000113 5000000004
5000000053 5000000289
5000000059 5000000059
5000000134 5000000138
5000000054 5000000094
5000000107 5000000225
5000000279 5000000045
5000000040 5000000288
5000000174 5000000143
5000000134 5000000061
5000000162 5000000292
5000000156 5000000274
5000000232 5000000075
5000000196 5000000152
5000000022 5000000035
5000000117 5000000243
5000000271 5000000039
5000000078 5000000138
5000000211 5000000081
5000000096 5000000173
5000000067 5000000216
5000000206 5000000196
5000000163 5000000106
5000000005 5000000174
5000000189 5000000271
5000000156 5000000066
5000000105 5000000138
5000000015 5000000250
5000000107 5000000159
5000000177 5000000050
5000000120 5000000213
5000000191 5000000047
5000000198 5000000054
5000000119 5000000256
5000000193 5000000237
5000000006 5000000039
5000000096 5000000079
5000000145 5000000229
5000000152 5000000120
5000000245 5000000003
5000000236 5000000037
5000000119 5000000187
5000000085 5000000196
5000000262 5000000038
5000000150 5000000128
5000000069 5000000009
5000000038 5000000181
5000000081 5000000122
5000000214 5000000252
5000000181 5000000226
5000000292 5000000268
5000000156 5000000218
5000000243 5000000011
5000000093 5000000212
5000000024 5000000211
5000000030 5000000240
5000000047 5000000227
5000000268 5000000116
5000000193 5000000229
5000000091 5000000073
5000000247 5000000295
5000000200 5000000259
2500000176 2500000104
2500000284 2500000034
2500000155 2500000012
2500000118 2500000275
2500000246 2500000254
2500000293 2500000292
2500000261 2500000143
2500000278 2500000064
2500000262 2500000130
2500000029 2500000008
2500000248 2500000087
2500000004 2500000243
2500000147 2500000008
2500000085 2500000124
2500000059 2500000048
2500000151 2500000014
2500000250 2500000171
2500000285 2500000113
2500000213 2500000194
2500000039 2500000162
2500000013 2500000102
2500000205 2500000088
2500000258 2500000131
2500000105 2500000241
2500000158 2500000127
2500000276 2500000271
2500000197 2500000272
2500000107 2500000189
2500000101 2500000254
2500000011 2500000276
2500000090 2500000134
2500000235 2500000156
2500000208 2500000188
2500000291 2500000180
2500000202 2500000123
2500000282 2500000157
2500000176 2500000083
2500000287 2500000047
2500000007 2500000145
2500000203 2500000269
2500000053 2500000188
2500000118 2500000239
2500000202 2500000031
2500000023 2500000030
2500000029 2500000208
2500000120 2500000080
2500000209 2500000126
2500000229 2500000030
2500000112 2500000216
2500000078 2500000141
2500000019 2500000038
2500000063 2500000069
2500000017 2500000182
2500000210 2500000209
2500000268 2500000059
2500000292 2500000020
2500000267 2500000194
2500000252 2500000217
2500000032 2500000057
2500000113 2500000121
2500000030 2500000041
2500000190 2500000025
1250000272 1250000098
1250000242 1250000294
1250000181 1250000152
1250000078 1250000063
1250000247 1250000224
1250000090 1250000201
1250000187 1250000294
1250000070 1250000100
1250000202 1250000213
1250000117 1250000165
1250000287 1250000217
1250000031 1250000075
1250000028 1250000264
1250000159 1250000256
1250000030 1250000147
1250000199 1250000135
1250000259 1250000124
1250000194 1250000291
1250000209 1250000047
1250000227 1250000157
1250000216 1250000205
1250000036 1250000163
1250000238 1250000065
1250000125 1250000012
1250000044 1250000191
1250000190 1250000083
1250000118 1250000110
1250000208 1250000098
1250000152 1250000127
1250000171 1250000269
1250000088 1250000049
1250000284 1250000117
1250000292 1250000281
1250000039 1250000031
1250000089 1250000220
1250000205 1250000245
1250000092 1250000232
1250000278 1250000027
1250000033 1250000180
1250000179 1250000229
1250000281 1250000195
1250000126 1250000224
1250000183 1250000221
1250000146 1250000202
1250000151 1250000244
1250000205 1250000012
1250000134 1250000065
1250000179 1250000211
1250000144 1250000084
1250000084 1250000083
1250000104 1250000067
1250000217 1250000086
1250000198 1250000013
1250000196 1250000229
1250000002 1250000118
1250000069 1250000240
1250000151 1250000145
1250000227 1250000143
1250000237 1250000052
1250000286 1250000107
1250000172 1250000066
1250000205 1250000009
625000102 625000142
625000006 625000157
625000083 625000197
625000208 625000041
625000047 625000036
625000289 625000069
625000261 625000298
625000267 625000087
625000205 625000120
625000089 625000067
625000226 625000197
625000129 625000160
625000113 625000248
625000230 625000176
625000169 625000220
625000172 625000174
625000249 625000052
625000292 625000191
625000045 625000284
625000079 625000269
625000168 625000062
625000071 625000275
625000232 625000026
625000054 625000284
625000030 625000095
625000092 625000222
625000235 625000025
625000174 625000183
625000109 625000232
625000080 625000205
625000020 625000132
625000035 625000191
625000253 625000028
625000271 625000060
625000208 625000103
625000099 625000064
625000227 625000001
625000085 625000219
625000129 625000085
625000022 625000197
625000207 625000256
625000006 625000130
625000139 625000132
625000182 625000124
625000296 625000294
625000190 625000187
625000161 625000245
625000128 625000018
625000143 625000170
625000266 625000102
625000156 625000115
625000242 625000125
625000230 625000202
625000043 625000144
625000132 625000014
625000203 625000256
625000199 625000119
625000154 625000025
625000134 625000084
625000075 625000225
625000036 625000041
625000164 625000255
312500041 312500257
312500158 312500195
312500091 312500093
312500266 312500033
312500295 312500024
312500104 312500181
312500283 312500283
312500016 312500006
312500026 312500251
312500299 312500145
312500148 312500164
312500106 312500171
312500078 312500230
312500219 312500050
312500239 312500286
312500174 312500051
312500253 312500056
312500076 312500130
312500040 312500081
312500004 312500294
312500232 312500247
312500050 312500149
312500074 312500215
312500164 312500130
312500213 312500087
312500017 312500072
312500192 312500107
312500208 312500240
312500005 312500103
312500134 312500181
312500092 312500086
312500278 312500183
312500136 312500119
312500128 312500034
312500137 312500250
312500244 312500258
312500174 312500281
312500216 312500082
312500180 312500066
312500057 312500050
312500283 312500227
312500038 312500012
312500175 312500141
312500236 312500130
312500141 312500023
312500165 312500238
312500215 312500239
312500248 312500046
312500001 312500190
312500053 312500225
312500158 312500236
312500074 312500225
312500147 312500135
312500184 312500263
312500061 312500001
312500270 312500029
312500111 312500196
312500134 312500082
312500206 312500194
312500155 312500050
312500289 312500010
312500141 312500098
156250180 156250001
156250234 156250172
156250104 156250102
156250214 156250192
156250093 156250026
156250208 156250204
156250166 156250213
156250278 156250199
156250160 156250138
156250247 156250177
156250277 156250005
156250192 156250157
156250268 156250123
156250267 156250011
156250082 156250193
156250005 156250225
156250120 156250202
156250187 156250244
156250003 156250262
156250245 156250229
156250179 156250070
156250255 156250083
156250292 156250111
156250232 156250299
156250141 156250028
156250295 156250095
156250083 156250041
156250167 156250263
156250220 156250195
156250160 156250134
156250130 156250217
156250138 156250056
156250037 156250273
156250061 156250189
156250034 156250203
156250063 156250289
156250044 156250286
156250078 156250096
156250156 156250171
156250208 156250045
156250172 156250027
156250083 156250066
156250058 156250259
156250219 156250009
156250259 156250170
156250012 156250182
156250107 156250257
156250217 156250207
156250124 156250220
156250003 156250087
156250044 156250252
156250271 156250008
156250145 156250027
156250026 156250233
156250087 156250135
156250002 156250007
156250285 156250169
156250268 156250076
156250200 156250181
156250068 156250128
156250145 156250284
156250005 156250281
78125211 78125227
78125076 78125130
78125288 78125265
78125062 78125168
78125196 78125130
78125244 78125152
78125248 78125249
78125125 78125280
78125246 78125209
78125101 78125299
78125195 78125020
78125284 78125263
78125102 78125132
78125132 78125178
78125125 78125037
78125276 78125079
78125119 78125015
78125061 78125140
78125280 78125271
78125064 78125229
78125112 78125268
78125009 78125203
78125184 78125158
78125265 78125099
78125189 78125147
78125237 78125106
78125064 78125241
78125115 78125177
78125120 78125004
78125295 78125003
78125283 78125279
78125224 78125163
78125234 78125195
78125028 78125144
78125252 78125050
78125080 78125229
78125256 78125267
78125250 78125188
78125037 78125127
78125135 78125126
78125179 78125043
78125091 78125201
78125246 78125072
78125071 78125053
78125024 78125187
78125146 78125196
78125264 78125247
78125093 78125012
78125300 78125116
78125184 78125041
78125163 78125187
78125099 78125241
78125165 78125137
78125166 78125145
78125017 78125296
78125048 78125079
78125006 78125090
78125058 78125096
78125117 78125121
78125164 78125040
78125149 78125077
78125132 78125164
39062699 39062528
39062780 39062675
39062649 39062585
39062759 39062736
39062535 39062558
39062799 39062577
39062718 39062707
39062557 39062627
39062664 39062555
39062652 39062750
39062748 39062666
39062799 39062639
39062785 39062737
39062611 39062627
39062583 39062583
39062509 39062755
39062800 39062762
39062548 39062583
39062585 39062736
39062671 39062669
39062703 39062533
39062617 39062523
39062591 39062686
39062788 39062522
39062733 39062635
39062733 39062623
39062724 39062554
39062644 39062595
39062589 39062752
39062719 39062667
39062660 39062780
39062625 39062743
39062692 39062584
39062742 39062675
39062567 39062552
39062742 39062521
39062618 39062640
39062775 39062725
39062772 39062588
39062750 39062592
39062642 39062717
39062766 39062689
39062735 39062742
39062563 39062577
39062609 39062751
39062752 39062732
39062562 39062621
39062798 39062759
39062554 39062792
39062713 39062691
39062537 39062568
39062686 39062548
39062531 39062759
39062728 39062574
39062783 39062752
39062626 39062593
39062648 39062596
39062656 39062655
39062609 39062682
39062627 39062794
39062681 39062506
39062602 39062673
19531320 19531252
19531346 19531441
19531300 19531520
19531424 19531339
19531329 19531455
19531316 19531475
19531549 19531401
19531440 19531403
19531484 19531441
19531407 19531403
19531495 19531497
19531345 19531541
19531450 19531464
19531312 19531490
19531431 19531300
19531457 19531511
19531530 19531270
19531401 19531304
19531474 19531255
19531462 19531515
19531424 19531366
19531458 19531364
19531268 19531508
19531397 19531519
19531400 19531321
19531368 19531365
19531514 19531408
19531406 19531295
19531319 19531418
19531300 19531506
19531350 19531290
19531427 19531279
19531441 19531384
19531281 19531361
19531548 19531469
19531359 19531439
19531300 19531525
19531493 19531270
19531332 19531418
19531396 19531471
19531456 19531321
19531320 19531414
19531338 19531371
19531279 19531467
19531529 19531478
19531403 19531260
19531515 19531357
19531251 19531329
19531384 19531342
19531263 19531350
19531350 19531515
19531528 19531452
19531353 19531349
19531370 19531494
19531303 19531419
19531458 19531543
19531383 19531339
19531526 19531422
19531288 19531453
19531287 19531464
19531457 19531429
19531345 19531396
53 18
215 189
114 114
75 192
233 179
127 155
124 261
220 271
5 292
174 239
253 180
168 177
187 288
78 189
155 256
194 205
112 285
47 194
133 218
192 66
253 83
82 219
131 45
80 11
274 260
100 58
208 163
184 3
129 247
82 51
144 79
31 153
243 156
15 128
85 267
272 272
261 51
60 200
103 111
294 233
253 264
107 172
82 264
67 83
25 80
141 29
111 47
47 167
13 244
156 1
244 56
8 195
221 99
233 122
70 211
247 165
238 63
257 185
96 246
231 243
3 243
196 96
10 84
144 280
172 170
102 92
70 10
34 30
164 211
158 190
161 39
110 52
186 297
196 167
64 118
212 27
210 73
11 146
178 152
214 111
50 294
220 140
223 95
192 96
208 123
201 202
56 224
203 216
262 48
295 87
95 235
215 240
101 196
261 291
276 1
141 120
255 33
273 183
178 26
101 163
240 110
243 295
285 211
86 208
284 36
222 187
167 121
65 32
298 237
272 296
32 104
194 39
298 9
199 280
171 170
17 137
122 207
78 162
21 127
214 6
144 39
196 8
222 123
182 185
88 17
59 103
51 119
47 16
250 253
47 134
63 236
48 21
235 213
19 18
144 296
34 34
280 210
67 172
8 188
50 210
73 58
25 8
163 12
185 62
119 238
150 136
251 57
168 284
192 12
36 174
58 276
72 124
205 230
76 102
131 22
244 117
292 29
4 27
295 167
27 299
105 264
173 232
196 99
171 48
235 99
48 75
135 147
198 274
96 35
76 198
252 105
35 223
56 23
182 181
173 258
167 285
98 254
108 206
212 22
178 89
78 28
268 105
99 251
92 132
36 79
223 244
147 235
275 154
59 234
251 13
231 146
289 218
254 67
218 14
160 239
294 37
66 33
64 18
277 276
246 31
161 300
274 277
12 14
231 194
162 246
154 289
179 293
2 131
110 288
172 147
131 250
125 196
278 285
242 267
113 293
190 12
118 232
211 192
124 175
269 159
48 130
92 90
131 205
41 267
160 112
188 194
223 46
276 115
160 165
162 154
235 294
155 83
178 195
261 265
42 46
102 251
243 129
181 130
190 287
138 73
31 77
218 214
