# source: JorikJooken
# original path: jj_extract\knapsackProblemInstances-master\problemInstances\n_1000_c_100000000_g_6_f_0.2_eps_0.1_s_100\test.in
# optimal value: 99385340
# format: n capacity, then weight value
1000 100000000
60000097 60000033
60000100 60000046
60000087 60000083
60000039 60000067
60000016 60000020
60000009 60000075
60000008 60000069
60000049 60000097
60000081 60000029
60000057 60000092
60000083 60000045
60000036 60000087
60000022 60000002
60000010 60000097
60000036 60000008
60000040 60000086
60000094 60000014
60000014 60000028
60000015 60000081
60000083 60000082
60000047 60000030
60000075 60000058
60000067 60000060
60000024 60000083
60000047 60000069
60000039 60000081
60000090 60000079
60000004 60000061
60000072 60000091
60000015 60000052
60000038 60000065
60000028 60000003
60000032 60000040
60000028 60000058
60000069 60000051
60000058 60000055
60000071 60000081
60000076 60000044
60000100 60000084
60000037 60000042
60000078 60000007
60000029 60000095
60000019 60000018
60000045 60000023
60000083 60000081
60000086 60000080
60000075 60000086
60000097 60000050
60000049 60000022
60000030 60000056
60000033 60000055
60000006 60000010
60000099 60000039
60000047 60000014
60000057 60000090
60000053 60000026
60000049 60000095
60000043 60000056
60000053 60000026
60000002 60000063
60000002 60000062
60000027 60000034
60000097 60000057
60000018 60000077
60000009 60000095
60000077 60000036
60000044 60000024
60000051 60000052
60000051 60000083
60000071 60000063
60000017 60000097
60000032 60000018
60000019 60000004
60000021 60000074
60000060 60000041
60000074 60000084
60000074 60000054
60000048 60000089
60000075 60000094
60000084 60000020
60000016 60000081
60000065 60000038
60000085 60000002
60000095 60000023
60000087 60000024
60000070 60000086
60000086 60000093
60000077 60000076
60000011 60000048
60000061 60000015
60000071 60000042
60000047 60000023
60000054 60000014
60000010 60000032
60000011 60000008
60000001 60000027
60000010 60000036
60000084 60000039
60000079 60000093
60000012 60000043
60000080 60000078
60000026 60000007
60000020 60000036
60000031 60000023
60000029 60000084
60000009 60000086
60000001 60000086
60000017 60000028
60000053 60000058
60000041 60000011
60000017 60000099
60000096 60000045
60000031 60000034
60000088 60000077
60000038 60000079
60000046 60000002
60000037 60000087
60000096 60000047
60000078 60000016
60000031 60000034
60000098 60000089
60000017 60000009
60000085 60000004
60000061 60000074
60000044 60000086
60000092 60000043
60000089 60000026
60000098 60000030
60000039 60000070
60000071 60000022
60000047 60000017
60000078 60000033
60000054 60000043
60000061 60000037
60000088 60000028
60000032 60000055
60000067 60000093
60000040 60000064
60000050 60000007
60000071 60000022
60000030 60000056
60000030 60000027
60000096 60000084
60000024 60000040
60000030 60000035
60000085 60000023
60000069 60000078
60000088 60000047
60000055 60000017
60000017 60000069
60000100 60000047
60000093 60000023
60000089 60000083
60000100 60000069
60000024 60000066
60000011 60000008
60000036 60000058
60000007 60000065
60000069 60000013
60000005 60000021
35000100 35000016
35000061 35000048
35000073 35000010
35000030 35000032
35000058 35000005
35000063 35000084
35000033 35000096
35000076 35000098
35000008 35000038
35000007 35000042
35000029 35000006
35000091 35000099
35000024 35000015
35000033 35000084
35000011 35000057
35000035 35000004
35000083 35000060
35000025 35000099
35000044 35000057
35000087 35000031
35000052 35000078
35000085 35000029
35000064 35000036
35000076 35000017
35000016 35000004
35000007 35000064
35000003 35000051
35000018 35000048
35000016 35000089
35000100 35000100
35000011 35000097
35000070 35000029
35000069 35000073
35000021 35000035
35000100 35000083
35000042 35000036
35000044 35000061
35000061 35000059
35000066 35000019
35000082 35000001
35000054 35000093
35000100 35000044
35000100 35000020
35000083 35000039
35000030 35000071
35000048 35000030
35000027 35000057
35000013 35000095
35000010 35000031
35000052 35000064
35000012 35000061
35000042 35000028
35000061 35000003
35000040 35000057
35000060 35000083
35000075 35000018
35000001 35000031
35000027 35000024
35000089 35000010
35000003 35000023
35000080 35000028
35000002 35000080
35000071 35000099
35000086 35000085
35000020 35000004
35000082 35000078
35000083 35000024
35000066 35000065
35000013 35000058
35000034 35000068
35000023 35000054
35000075 35000032
35000031 35000092
35000029 35000008
35000090 35000037
35000080 35000058
35000083 35000060
35000081 35000076
35000031 35000046
35000047 35000010
35000036 35000092
35000016 35000049
35000081 35000078
35000077 35000047
35000055 35000045
35000028 35000005
35000097 35000081
35000035 35000086
35000054 35000045
35000059 35000062
35000072 35000069
35000056 35000038
35000074 35000031
35000049 35000035
35000088 35000085
35000038 35000044
35000023 35000063
35000067 35000051
35000063 35000032
35000077 35000074
35000006 35000008
35000047 35000015
35000032 35000014
35000027 35000093
35000035 35000029
35000078 35000090
35000052 35000090
35000075 35000014
35000054 35000065
35000019 35000070
35000062 35000086
35000005 35000048
35000027 35000004
35000034 35000064
35000030 35000064
35000042 35000021
35000018 35000020
35000084 35000057
35000085 35000008
35000054 35000082
35000064 35000016
35000049 35000090
35000038 35000050
35000017 35000087
35000078 35000043
35000082 35000026
35000034 35000079
35000014 35000083
35000098 35000020
35000041 35000012
35000047 35000002
35000084 35000077
35000023 35000058
35000069 35000041
35000059 35000031
35000099 35000064
35000047 35000100
35000057 35000012
35000049 35000042
35000008 35000056
35000053 35000008
35000083 35000017
35000071 35000073
35000035 35000027
35000066 35000033
35000050 35000060
35000048 35000048
35000087 35000076
35000032 35000023
35000046 35000019
35000090 35000093
35000057 35000016
35000054 35000100
35000094 35000069
35000013 35000003
35000066 35000018
35000076 35000098
35000095 35000083
35000094 35000086
35000047 35000024
22500080 22500007
22500007 22500013
22500084 22500069
22500035 22500006
22500021 22500024
22500022 22500018
22500045 22500071
22500001 22500100
22500016 22500099
22500056 22500073
22500076 22500075
22500045 22500057
22500085 22500003
22500065 22500001
22500028 22500071
22500007 22500046
22500017 22500032
22500088 22500074
22500092 22500076
22500009 22500073
22500074 22500033
22500055 22500061
22500034 22500017
22500021 22500019
22500059 22500040
22500032 22500044
22500039 22500034
22500051 22500049
22500054 22500083
22500091 22500052
22500085 22500009
22500032 22500039
22500081 22500027
22500015 22500100
22500055 22500092
22500056 22500085
22500044 22500093
22500066 22500019
22500029 22500063
22500056 22500002
22500050 22500088
22500059 22500033
22500061 22500058
22500051 22500070
22500067 22500008
22500018 22500087
22500079 22500072
22500077 22500011
22500017 22500006
22500075 22500022
22500010 22500099
22500003 22500036
22500029 22500025
22500071 22500090
22500013 22500021
22500097 22500067
22500035 22500093
22500005 22500058
22500079 22500044
22500093 22500057
22500019 22500075
22500099 22500050
22500083 22500047
22500062 22500099
22500034 22500064
22500027 22500092
22500022 22500004
22500056 22500006
22500092 22500046
22500007 22500075
22500058 22500048
22500001 22500008
22500038 22500061
22500048 22500087
22500017 22500053
22500026 22500075
22500060 22500031
22500075 22500006
22500091 22500087
22500010 22500054
22500051 22500019
22500028 22500052
22500041 22500032
22500035 22500050
22500006 22500005
22500084 22500080
22500077 22500050
22500080 22500088
22500091 22500034
22500064 22500016
22500081 22500001
22500053 22500002
22500079 22500028
22500046 22500011
22500084 22500004
22500074 22500007
22500033 22500037
22500083 22500006
22500036 22500040
22500078 22500062
22500022 22500013
22500025 22500077
22500059 22500078
22500077 22500036
22500032 22500061
22500059 22500062
22500020 22500063
22500006 22500042
22500082 22500002
22500066 22500055
22500078 22500087
22500035 22500037
22500095 22500021
22500007 22500064
22500080 22500089
22500064 22500010
22500059 22500001
22500081 22500087
22500032 22500036
22500058 22500050
22500091 22500023
22500074 22500025
22500040 22500079
22500094 22500032
22500081 22500065
22500007 22500034
22500052 22500043
22500026 22500053
22500025 22500071
22500082 22500052
22500070 22500012
22500090 22500037
22500069 22500018
22500086 22500088
22500078 22500013
22500087 22500095
22500078 22500053
22500015 22500001
22500063 22500033
22500022 22500070
22500003 22500002
22500017 22500046
22500018 22500072
22500027 22500012
22500019 22500001
22500047 22500046
22500086 22500052
22500019 22500068
22500011 22500054
22500038 22500067
22500049 22500039
22500051 22500096
22500027 22500041
22500044 22500017
22500012 22500016
22500095 22500084
22500087 22500034
22500079 22500018
22500100 22500067
22500022 22500049
16250019 16250055
16250046 16250072
16250056 16250067
16250091 16250076
16250016 16250079
16250045 16250003
16250072 16250050
16250028 16250084
16250064 16250038
16250033 16250001
16250025 16250075
16250008 16250079
16250042 16250081
16250046 16250058
16250092 16250054
16250081 16250025
16250010 16250019
16250014 16250075
16250036 16250033
16250087 16250094
16250059 16250012
16250014 16250094
16250078 16250021
16250089 16250054
16250069 16250087
16250085 16250051
16250083 16250086
16250020 16250041
16250068 16250028
16250033 16250095
16250023 16250032
16250059 16250044
16250036 16250011
16250026 16250055
16250071 16250069
16250012 16250064
16250044 16250055
16250095 16250060
16250050 16250032
16250084 16250038
16250097 16250082
16250090 16250054
16250087 16250024
16250088 16250031
16250001 16250091
16250087 16250040
16250042 16250063
16250094 16250073
16250093 16250070
16250028 16250100
16250041 16250087
16250073 16250028
16250050 16250077
16250017 16250061
16250055 16250007
16250077 16250031
16250041 16250055
16250045 16250028
16250010 16250063
16250066 16250061
16250046 16250036
16250049 16250078
16250062 16250007
16250046 16250029
16250048 16250084
16250004 16250010
16250077 16250049
16250098 16250014
16250030 16250001
16250054 16250068
16250033 16250087
16250036 16250062
16250071 16250098
16250056 16250055
16250005 16250049
16250027 16250025
16250001 16250098
16250001 16250091
16250081 16250047
16250083 16250059
16250086 16250001
16250003 16250034
16250015 16250100
16250088 16250085
16250041 16250005
16250044 16250061
16250073 16250003
16250002 16250094
16250074 16250025
16250055 16250096
16250078 16250007
16250029 16250011
16250041 16250062
16250003 16250029
16250061 16250068
16250035 16250030
16250055 16250031
16250060 16250014
16250051 16250091
16250061 16250047
16250013 16250087
16250028 16250065
16250059 16250079
16250041 16250033
16250065 16250065
16250022 16250078
16250055 16250088
16250098 16250017
16250038 16250039
16250096 16250027
16250048 16250077
16250022 16250031
16250085 16250031
16250052 16250039
16250045 16250046
16250016 16250099
16250031 16250069
16250042 16250058
16250021 16250039
16250084 16250048
16250042 16250096
16250086 16250007
16250029 16250016
16250021 16250081
16250010 16250021
16250045 16250082
16250028 16250013
16250004 16250032
16250032 16250005
16250057 16250092
16250005 16250032
16250026 16250059
16250035 16250063
16250071 16250061
16250048 16250039
16250043 16250078
16250067 16250067
16250016 16250011
16250088 16250088
16250009 16250072
16250086 16250037
16250060 16250044
16250047 16250070
16250072 16250056
16250074 16250046
16250076 16250003
16250089 16250024
16250065 16250054
16250033 16250022
16250086 16250088
16250041 16250031
16250097 16250061
16250099 16250006
16250049 16250013
16250008 16250014
16250013 16250099
16250056 16250071
16250038 16250072
16250028 16250050
16250073 16250086
13125061 13125069
13125053 13125071
13125088 13125078
13125015 13125003
13125088 13125003
13125082 13125093
13125051 13125069
13125052 13125099
13125081 13125019
13125009 13125077
13125095 13125035
13125083 13125045
13125035 13125078
13125010 13125048
13125093 13125051
13125075 13125074
13125033 13125045
13125052 13125021
13125042 13125055
13125089 13125059
13125066 13125100
13125004 13125074
13125093 13125041
13125021 13125025
13125082 13125018
13125093 13125082
13125065 13125056
13125054 13125080
13125032 13125084
13125045 13125062
13125041 13125084
13125006 13125003
13125023 13125010
13125053 13125047
13125078 13125080
13125098 13125038
13125035 13125044
13125019 13125008
13125047 13125013
13125099 13125077
13125035 13125042
13125022 13125028
13125001 13125056
13125049 13125047
13125040 13125018
13125047 13125013
13125028 13125066
13125083 13125098
13125077 13125094
13125096 13125072
13125050 13125077
13125078 13125094
13125089 13125097
13125057 13125057
13125046 13125033
13125044 13125007
13125080 13125095
13125015 13125074
13125100 13125032
13125008 13125059
13125068 13125009
13125004 13125068
13125097 13125011
13125091 13125062
13125081 13125063
13125042 13125038
13125051 13125004
13125057 13125028
13125024 13125094
13125080 13125044
13125047 13125098
13125031 13125054
13125095 13125080
13125085 13125006
13125067 13125015
13125007 13125001
13125027 13125084
13125097 13125027
13125002 13125058
13125054 13125091
13125036 13125084
13125083 13125003
13125055 13125027
13125002 13125035
13125012 13125092
13125047 13125033
13125040 13125023
13125041 13125014
13125054 13125006
13125073 13125090
13125010 13125054
13125085 13125091
13125086 13125004
13125061 13125099
13125072 13125017
13125023 13125074
13125010 13125020
13125057 13125001
13125079 13125006
13125035 13125007
13125054 13125098
13125100 13125009
13125061 13125048
13125041 13125092
13125056 13125057
13125081 13125068
13125095 13125090
13125076 13125028
13125023 13125022
13125038 13125041
13125005 13125099
13125054 13125062
13125005 13125046
13125056 13125034
13125066 13125072
13125014 13125074
13125079 13125047
13125055 13125042
13125066 13125055
13125016 13125022
13125028 13125051
13125095 13125081
13125100 13125005
13125075 13125005
13125059 13125069
13125096 13125068
13125078 13125045
13125022 13125009
13125063 13125091
13125017 13125068
13125016 13125034
13125027 13125073
13125069 13125040
13125018 13125050
13125056 13125019
13125093 13125033
13125033 13125014
13125030 13125036
13125090 13125022
13125006 13125034
13125035 13125001
13125080 13125006
13125074 13125049
13125007 13125099
13125076 13125010
13125004 13125099
13125018 13125002
13125019 13125086
13125071 13125072
13125084 13125099
13125010 13125096
13125076 13125070
13125001 13125048
13125035 13125004
13125095 13125021
13125098 13125016
13125060 13125055
13125078 13125065
13125087 13125011
13125072 13125018
22 81
28 71
96 96
4 71
6 85
46 52
56 31
71 66
43 7
43 52
20 97
22 3
70 63
35 9
79 28
54 9
74 83
45 85
8 7
21 7
20 58
4 4
77 81
9 62
34 62
78 62
33 35
28 90
61 38
82 22
5 24
82 88
28 84
67 44
83 83
29 25
78 55
75 37
34 45
3 14
63 3
70 63
13 32
90 20
3 45
76 69
18 16
47 2
1 89
82 74
26 78
16 34
67 82
86 35
16 54
40 31
55 89
76 25
3 77
69 28
84 75
95 17
94 92
39 43
44 92
40 69
19 5
39 38
97 82
89 85
11 48
41 66
33 42
100 38
73 95
44 46
28 86
88 14
36 6
98 73
66 97
31 86
81 93
72 82
51 66
98 70
1 76
61 49
50 17
68 30
1 59
52 100
95 78
67 9
78 7
48 86
45 31
47 63
10 66
30 51
53 53
15 36
41 5
49 97
36 13
92 64
88 7
93 72
60 25
21 57
33 11
33 39
26 49
60 17
90 57
3 48
80 24
23 29
100 43
46 94
21 73
91 76
98 54
11 1
78 45
98 38
28 85
70 63
91 52
97 31
23 68
94 79
49 59
91 64
20 8
90 18
98 59
26 19
70 20
23 100
92 95
48 1
91 51
36 59
12 48
30 17
86 39
5 57
97 18
1 56
19 5
8 41
73 84
63 47
34 56
38 87
95 76
53 62
66 2
73 78
40 73
89 24
99 92
13 3
17 28
50 29
41 88
14 50
73 8
31 62
61 6
59 16
41 35
64 75
90 60
49 7
32 99
30 6
45 8
14 52
84 77
54 100
57 70
14 4
91 37
36 49
73 12
78 29
35 93
81 69
21 14
89 61
73 31
27 38
44 74
25 40
53 1
26 46
15 56
24 97
