# source: JorikJooken
# original path: jj_extract\knapsackProblemInstances-master\problemInstances\n_1200_c_100000000_g_14_f_0.3_eps_0.0001_s_200\test.in
# optimal value: 100028710
# format: n capacity, then weight value
1200 100000000
50010031 50010159
50010183 50010030
50010049 50010166
50010200 50010197
50010037 50010129
50010134 50010051
50010182 50010012
50010113 50010174
50010196 50010029
50010092 50010143
50010052 50010155
50010197 50010089
50010106 50010117
50010044 50010010
50010020 50010053
50010139 50010136
50010165 50010150
50010192 50010114
50010121 50010042
50010049 50010044
50010121 50010004
50010018 50010126
50010003 50010095
50010073 50010159
50010043 50010131
50010083 50010005
50010126 50010001
50010099 50010029
50010086 50010196
50010191 50010140
50010150 50010182
50010011 50010061
50010051 50010073
50010033 50010026
50010030 50010109
50010111 50010192
50010076 50010086
50010020 50010003
50010148 50010095
50010071 50010033
50010041 50010052
50010080 50010020
50010158 50010047
50010134 50010047
50010071 50010170
50010190 50010171
50010197 50010034
50010024 50010011
50010132 50010171
50010136 50010087
50010089 50010025
50010121 50010051
50010068 50010071
50010092 50010099
50010183 50010157
50010035 50010134
50010098 50010086
50010148 50010111
50010176 50010042
50010169 50010171
50010130 50010021
50010127 50010161
50010160 50010016
50010119 50010114
25010151 25010099
25010089 25010139
25010044 25010113
25010168 25010122
25010015 25010040
25010127 25010004
25010153 25010105
25010091 25010118
25010047 25010152
25010187 25010083
25010195 25010157
25010184 25010025
25010123 25010153
25010046 25010071
25010081 25010123
25010122 25010052
25010024 25010048
25010168 25010022
25010084 25010096
25010135 25010082
25010145 25010001
25010049 25010134
25010114 25010180
25010190 25010091
25010023 25010011
25010028 25010012
25010010 25010058
25010045 25010190
25010130 25010008
25010111 25010098
25010172 25010072
25010165 25010016
25010051 25010133
25010124 25010172
25010085 25010190
25010091 25010160
25010109 25010012
25010040 25010167
25010032 25010175
25010165 25010169
25010088 25010121
25010072 25010146
25010068 25010035
25010036 25010193
25010140 25010143
25010097 25010030
25010192 25010149
25010117 25010044
25010191 25010181
25010191 25010082
25010115 25010095
25010189 25010192
25010154 25010009
25010012 25010179
25010022 25010042
25010033 25010077
25010033 25010147
25010139 25010049
25010116 25010183
25010196 25010141
25010083 25010072
25010195 25010094
25010166 25010065
25010091 25010020
12510147 12510114
12510130 12510117
12510055 12510193
12510017 12510182
12510089 12510160
12510059 12510132
12510139 12510194
12510123 12510022
12510140 12510024
12510012 12510028
12510112 12510116
12510072 12510193
12510113 12510080
12510130 12510113
12510183 12510043
12510180 12510154
12510146 12510010
12510116 12510084
12510102 12510171
12510185 12510093
12510059 12510199
12510155 12510175
12510012 12510057
12510028 12510152
12510115 12510132
12510042 12510064
12510015 12510187
12510135 12510163
12510134 12510115
12510079 12510053
12510071 12510129
12510147 12510010
12510110 12510042
12510095 12510153
12510176 12510142
12510001 12510013
12510064 12510043
12510170 12510166
12510041 12510171
12510167 12510104
12510161 12510120
12510129 12510124
12510126 12510015
12510121 12510137
12510045 12510012
12510089 12510191
12510113 12510185
12510135 12510090
12510088 12510104
12510136 12510148
12510144 12510118
12510031 12510022
12510072 12510054
12510107 12510185
12510182 12510062
12510082 12510186
12510037 12510125
12510115 12510056
12510019 12510135
12510087 12510098
12510005 12510106
12510042 12510021
12510068 12510034
12510054 12510172
6260119 6260031
6260025 6260045
6260179 6260053
6260120 6260178
6260200 6260109
6260106 6260041
6260168 6260056
6260065 6260200
6260029 6260061
6260108 6260159
6260172 6260061
6260159 6260125
6260197 6260140
6260174 6260199
6260094 6260094
6260061 6260049
6260080 6260124
6260003 6260154
6260020 6260006
6260008 6260132
6260131 6260059
6260023 6260145
6260121 6260012
6260067 6260077
6260123 6260100
6260146 6260033
6260128 6260076
6260144 6260141
6260037 6260085
6260021 6260113
6260102 6260129
6260034 6260155
6260022 6260113
6260193 6260189
6260069 6260088
6260123 6260168
6260165 6260174
6260053 6260160
6260124 6260098
6260059 6260115
6260099 6260056
6260041 6260181
6260137 6260195
6260187 6260099
6260120 6260151
6260083 6260002
6260194 6260057
6260136 6260074
6260068 6260169
6260047 6260199
6260111 6260123
6260151 6260184
6260024 6260037
6260072 6260025
6260056 6260056
6260075 6260135
6260052 6260095
6260140 6260186
6260146 6260181
6260162 6260175
6260186 6260193
6260194 6260028
6260054 6260076
6260035 6260083
3135020 3135052
3135093 3135013
3135025 3135195
3135199 3135183
3135170 3135149
3135164 3135063
3135018 3135138
3135164 3135113
3135020 3135107
3135156 3135138
3135016 3135087
3135173 3135015
3135095 3135078
3135159 3135162
3135075 3135140
3135152 3135113
3135127 3135188
3135050 3135013
3135183 3135131
3135168 3135088
3135098 3135140
3135085 3135083
3135167 3135193
3135008 3135124
3135056 3135134
3135123 3135158
3135019 3135043
3135058 3135028
3135054 3135125
3135200 3135067
3135035 3135065
3135173 3135074
3135009 3135062
3135060 3135160
3135171 3135076
3135037 3135139
3135187 3135170
3135161 3135193
3135186 3135195
3135102 3135139
3135191 3135069
3135015 3135108
3135022 3135111
3135198 3135032
3135071 3135024
3135133 3135145
3135153 3135066
3135090 3135051
3135171 3135197
3135045 3135166
3135019 3135129
3135113 3135130
3135003 3135051
3135040 3135076
3135200 3135181
3135111 3135189
3135093 3135087
3135024 3135117
3135076 3135029
3135097 3135167
3135183 3135048
3135079 3135051
3135149 3135176
3135027 3135174
1572635 1572611
1572542 1572604
1572524 1572634
1572614 1572628
1572617 1572597
1572688 1572685
1572598 1572669
1572624 1572650
1572537 1572581
1572655 1572632
1572621 1572531
1572575 1572657
1572644 1572663
1572659 1572571
1572598 1572518
1572651 1572516
1572691 1572560
1572663 1572556
1572532 1572504
1572619 1572626
1572520 1572663
1572683 1572691
1572611 1572528
1572663 1572620
1572530 1572626
1572543 1572660
1572523 1572515
1572636 1572621
1572602 1572506
1572612 1572512
1572516 1572611
1572638 1572679
1572515 1572596
1572516 1572575
1572538 1572538
1572636 1572544
1572589 1572531
1572521 1572686
1572680 1572653
1572653 1572600
1572538 1572568
1572515 1572648
1572677 1572538
1572700 1572621
1572576 1572630
1572526 1572537
1572652 1572506
1572624 1572589
1572563 1572663
1572514 1572553
1572620 1572619
1572556 1572680
1572639 1572554
1572666 1572658
1572597 1572653
1572638 1572696
1572560 1572608
1572627 1572665
1572501 1572598
1572628 1572692
1572598 1572667
1572599 1572636
1572599 1572504
1572691 1572651
791447 791421
791361 791434
791327 791348
791290 791285
791435 791333
791302 791255
791373 791266
791297 791257
791403 791445
791286 791401
791307 791391
791295 791355
791432 791369
791319 791264
791291 791417
791378 791348
791421 791329
791281 791366
791397 791423
791273 791257
791332 791286
791435 791294
791291 791290
791310 791375
791380 791350
791294 791257
791338 791438
791354 791374
791368 791376
791444 791369
791439 791284
791389 791390
791299 791279
791278 791351
791285 791361
791416 791325
791299 791260
791448 791433
791365 791362
791301 791363
791331 791408
791425 791448
791333 791376
791430 791443
791407 791395
791327 791329
791405 791427
791265 791423
791320 791348
791386 791336
791449 791329
791288 791431
791326 791358
791298 791446
791280 791294
791392 791282
791438 791301
791443 791289
791326 791264
791256 791277
791286 791332
791283 791290
791331 791302
791317 791364
400746 400656
400682 400698
400815 400708
400699 400776
400685 400703
400795 400764
400756 400751
400820 400753
400750 400684
400727 400663
400816 400780
400825 400805
400736 400646
400704 400792
400652 400730
400725 400773
400733 400710
400711 400763
400709 400794
400723 400760
400661 400679
400805 400779
400648 400810
400807 400702
400771 400653
400721 400765
400741 400757
400724 400759
400736 400751
400685 400782
400646 400712
400786 400673
400676 400762
400772 400773
400809 400692
400776 400821
400711 400729
400716 400642
400684 400635
400733 400734
400733 400692
400649 400728
400676 400657
400681 400695
400628 400664
400790 400668
400778 400787
400777 400734
400780 400791
400739 400786
400821 400701
400758 400789
400670 400667
400753 400761
400661 400731
400661 400717
400685 400701
400782 400807
400628 400664
400820 400639
400803 400667
400747 400694
400820 400755
400795 400749
205344 205328
205448 205489
205438 205377
205501 205404
205334 205317
205437 205391
205347 205384
205506 205471
205413 205447
205441 205387
205454 205387
205426 205319
205372 205332
205486 205495
205326 205378
205505 205426
205447 205444
205488 205415
205506 205354
205348 205474
205429 205330
205387 205410
205497 205459
205391 205335
205439 205386
205459 205512
205380 205464
205401 205409
205371 205427
205458 205355
205430 205406
205369 205364
205506 205401
205474 205508
205489 205405
205333 205505
205392 205372
205370 205416
205343 205469
205508 205499
205454 205399
205343 205458
205317 205378
205492 205324
205402 205391
205346 205482
205379 205421
205448 205363
205496 205402
205316 205362
205431 205487
205408 205402
205429 205402
205420 205318
205450 205356
205313 205348
205442 205415
205331 205419
205511 205382
205421 205413
205321 205318
205360 205350
205466 205489
205429 205338
107738 107678
107833 107683
107659 107685
107686 107750
107835 107837
107736 107696
107829 107671
107746 107709
107763 107701
107775 107852
107783 107769
107841 107736
107755 107811
107837 107669
107833 107675
107801 107839
107822 107802
107791 107846
107795 107657
107746 107710
107752 107821
107798 107737
107828 107693
107768 107778
107828 107775
107713 107724
107786 107803
107810 107744
107701 107665
107755 107700
107685 107781
107750 107771
107682 107697
107677 107820
107677 107735
107704 107756
107684 107782
107698 107763
107709 107755
107724 107799
107758 107777
107678 107686
107699 107755
107678 107707
107841 107754
107754 107676
107850 107803
107751 107781
107778 107716
107751 107730
107793 107842
107736 107820
107787 107748
107739 107795
107668 107776
107735 107787
107760 107795
107809 107856
107671 107713
107705 107701
107735 107846
107684 107853
107766 107676
107785 107752
59008 58929
58936 58966
59018 58933
58930 58874
59016 58842
58887 58959
58909 58991
58930 59016
58846 58835
58978 58874
58992 58849
58906 58852
58992 58937
58875 58933
58840 58995
58955 59017
58867 58905
58893 58912
58855 59023
58986 58943
59024 58845
58983 58963
58945 59013
59000 59023
58883 58938
58982 58939
58910 58996
59013 59006
58952 58891
58912 58920
58884 58909
58978 58832
58896 58949
58837 58910
58984 59008
58953 58905
58852 59025
58847 58980
58986 59006
58930 58950
58876 58944
58979 58889
59008 58830
59008 58921
59010 58986
58866 58847
58917 59025
59019 58916
58964 58872
58945 58840
59017 58926
59009 58977
58890 58923
58984 58862
58953 58962
58853 58949
59015 58877
59028 58843
59025 59025
58830 58950
59012 58856
58856 59021
59013 58917
58929 58998
34428 34505
34519 34578
34561 34579
34537 34593
34521 34523
34468 34429
34461 34584
34562 34421
34606 34513
34602 34575
34589 34461
34564 34507
34593 34572
34608 34557
34516 34474
34537 34417
34484 34497
34590 34585
34528 34463
34591 34590
34483 34482
34501 34457
34506 34575
34481 34439
34431 34596
34612 34607
34601 34542
34511 34494
34487 34455
34510 34609
34500 34509
34415 34581
34458 34429
34512 34582
34499 34574
34582 34478
34600 34509
34610 34527
34484 34438
34583 34427
34514 34569
34463 34577
34604 34607
34560 34488
34599 34501
34580 34510
34487 34491
34423 34456
34488 34570
34460 34531
34450 34530
34545 34526
34527 34600
34550 34479
34521 34568
34478 34597
34550 34495
34472 34442
34551 34479
34461 34594
34591 34503
34480 34515
34552 34506
34531 34557
22339 22401
22340 22286
22273 22334
22340 22395
22296 22365
22352 22361
22367 22261
22336 22357
22289 22322
22265 22333
22296 22231
22402 22277
22248 22407
22370 22231
22390 22289
22281 22254
22248 22360
22360 22405
22347 22222
22371 22247
22255 22284
22210 22225
22251 22407
22217 22271
22313 22340
22236 22338
22253 22274
22242 22375
22242 22372
22353 22397
22407 22260
22261 22357
22312 22312
22245 22405
22298 22336
22342 22316
22254 22316
22212 22214
22328 22258
22336 22230
22264 22330
22246 22368
22361 22311
22290 22340
22255 22380
22262 22383
22265 22227
22215 22240
22367 22252
22272 22332
22332 22388
22361 22309
22336 22371
22291 22387
22211 22351
22389 22347
22257 22268
22275 22347
22306 22284
22255 22286
22406 22403
22384 22284
22347 22316
22272 22343
160 179
138 12
180 176
117 19
130 138
111 41
80 161
79 198
2 195
121 22
85 121
59 142
16 38
172 38
91 168
22 31
46 155
39 161
66 11
34 71
7 130
100 59
10 131
160 169
34 192
47 62
18 95
171 18
26 95
74 185
1 139
173 193
83 146
170 184
90 23
189 99
14 199
44 118
43 145
185 145
34 11
32 4
156 94
193 4
16 113
44 149
40 148
39 131
128 197
43 36
154 183
74 133
60 64
98 15
140 9
193 81
103 143
98 42
138 193
27 16
5 132
120 109
152 169
29 136
151 48
35 190
143 39
103 107
73 49
122 18
73 99
150 46
180 175
158 122
139 135
189 133
166 79
99 107
198 24
194 111
190 183
104 113
52 31
65 46
94 39
38 183
163 69
164 82
138 167
81 107
92 47
63 60
134 181
182 11
179 183
17 40
136 183
12 193
163 1
185 30
34 200
59 89
21 86
87 135
4 129
46 171
96 21
67 96
131 138
137 81
100 118
134 10
7 129
90 95
144 90
19 64
174 170
52 25
79 49
135 54
35 143
36 2
139 79
128 64
176 57
152 21
138 45
49 73
54 61
45 44
158 135
163 114
65 57
67 121
19 180
58 178
73 199
28 194
157 151
135 183
79 4
40 73
79 195
10 42
29 114
178 183
84 164
183 149
18 92
104 62
98 31
43 37
87 102
197 175
21 28
77 54
113 30
177 14
59 157
189 56
20 172
130 154
34 30
183 111
184 69
188 108
178 48
54 123
27 178
155 176
72 182
132 117
139 146
169 45
143 182
155 2
91 67
70 120
79 107
44 147
135 101
162 183
107 137
74 105
58 80
91 159
120 178
115 99
145 49
4 93
24 150
187 103
65 140
147 177
71 33
75 197
38 20
159 113
106 121
120 43
113 148
130 136
190 147
185 35
78 51
167 58
11 129
182 194
50 73
165 142
59 41
180 74
177 26
110 156
171 102
62 28
93 32
117 60
154 179
71 31
49 118
63 13
1 117
146 96
162 111
130 98
168 119
12 10
26 139
22 33
79 101
78 58
140 33
71 87
64 54
120 196
90 129
93 29
2 41
109 105
199 141
51 17
179 116
19 46
128 171
78 191
88 62
116 132
162 121
175 33
51 76
82 13
144 65
17 82
181 104
104 17
186 4
19 109
106 111
162 35
130 76
125 144
115 76
25 168
32 23
104 118
10 138
158 151
23 18
185 141
98 87
95 88
30 27
19 134
186 155
64 86
132 66
198 98
167 134
4 116
104 149
74 159
131 52
120 99
109 196
131 35
186 123
17 188
152 59
112 145
125 99
18 151
194 112
98 196
171 45
29 61
31 22
72 90
187 53
24 134
113 36
183 91
104 134
85 163
101 107
34 93
196 132
193 105
26 55
124 119
93 55
61 163
67 113
129 136
116 67
96 10
156 8
200 83
23 7
116 31
6 102
85 61
39 133
173 120
119 54
67 89
186 99
55 188
30 104
65 45
103 7
148 94
186 18
106 23
80 107
119 92
66 177
1 95
18 80
185 102
63 65
164 34
89 37
26 108
199 22
94 131
141 163
118 121
3 164
32 96
105 87
60 43
11 89
13 107
165 198
199 12
65 90
42 166
93 166
200 94
23 84
147 190
149 192
70 1
41 102
36 117
5 22
6 148
