# source: JorikJooken
# original path: jj_extract\knapsackProblemInstances-master\problemInstances\n_1200_c_100000000_g_6_f_0.2_eps_0.0001_s_100\test.in
# optimal value: 97200629
# format: n capacity, then weight value
1200 100000000
50010015 50010014
50010056 50010079
50010042 50010078
50010005 50010021
50010003 50010022
50010001 50010041
50010070 50010027
50010100 50010069
50010018 50010014
50010057 50010057
50010067 50010058
50010046 50010023
50010003 50010097
50010010 50010077
50010020 50010012
50010036 50010037
50010046 50010003
50010018 50010082
50010037 50010077
50010012 50010037
50010006 50010021
50010013 50010092
50010064 50010062
50010063 50010094
50010099 50010067
50010093 50010017
50010094 50010015
50010032 50010022
50010041 50010056
50010057 50010084
50010062 50010035
50010092 50010001
50010032 50010033
50010028 50010066
50010052 50010050
50010036 50010072
50010077 50010072
50010087 50010063
50010085 50010062
50010072 50010020
50010087 50010010
50010006 50010076
50010100 50010099
50010044 50010016
50010007 50010056
50010009 50010093
50010036 50010053
50010057 50010060
50010063 50010068
50010042 50010025
50010069 50010009
50010066 50010031
50010082 50010082
50010049 50010074
50010003 50010061
50010019 50010013
50010014 50010091
50010090 50010035
50010050 50010007
50010058 50010040
50010087 50010085
50010085 50010021
50010026 50010017
50010040 50010032
50010060 50010094
50010062 50010090
50010082 50010039
50010013 50010087
50010062 50010081
50010057 50010087
50010096 50010012
50010062 50010046
50010081 50010063
50010065 50010057
50010095 50010026
50010079 50010038
50010094 50010044
50010062 50010090
50010018 50010027
50010037 50010080
50010076 50010070
50010060 50010095
50010085 50010024
50010074 50010032
50010060 50010025
50010009 50010002
50010095 50010081
50010024 50010072
50010005 50010017
50010088 50010027
50010046 50010036
50010031 50010053
50010069 50010010
50010030 50010044
50010036 50010039
50010022 50010076
50010069 50010092
50010015 50010095
50010026 50010031
50010058 50010022
50010016 50010058
50010082 50010007
50010020 50010072
50010053 50010060
50010003 50010097
50010084 50010086
50010083 50010022
50010056 50010100
50010047 50010086
50010097 50010087
50010079 50010006
50010009 50010029
50010063 50010019
50010050 50010007
50010096 50010029
50010064 50010064
50010048 50010071
50010036 50010080
50010041 50010014
50010021 50010010
50010048 50010026
50010064 50010051
50010059 50010094
50010011 50010087
50010097 50010005
50010094 50010040
50010067 50010011
50010033 50010071
50010019 50010052
50010035 50010049
50010038 50010043
50010059 50010045
50010018 50010080
50010054 50010064
50010033 50010017
50010073 50010029
50010036 50010094
50010039 50010048
50010093 50010035
50010046 50010052
50010063 50010060
50010041 50010048
50010007 50010074
50010078 50010088
50010097 50010098
50010049 50010059
50010045 50010005
50010044 50010096
50010078 50010094
50010029 50010057
50010090 50010027
50010071 50010099
50010061 50010011
50010007 50010025
50010054 50010048
50010093 50010080
50010057 50010087
50010085 50010088
50010004 50010023
50010088 50010084
50010071 50010021
50010061 50010006
50010080 50010028
50010058 50010097
50010077 50010021
50010016 50010079
50010099 50010063
50010006 50010021
50010017 50010098
50010052 50010004
50010094 50010044
50010020 50010087
50010028 50010087
50010018 50010021
50010070 50010064
50010100 50010082
50010073 50010046
50010059 50010089
50010082 50010005
50010030 50010100
50010065 50010088
50010025 50010059
50010040 50010026
50010037 50010006
50010047 50010052
50010057 50010055
50010025 50010074
50010020 50010039
50010088 50010083
50010044 50010068
50010010 50010065
50010024 50010004
25010046 25010100
25010007 25010063
25010001 25010020
25010036 25010078
25010002 25010025
25010082 25010001
25010079 25010053
25010019 25010090
25010074 25010025
25010027 25010008
25010018 25010078
25010004 25010020
25010019 25010068
25010091 25010068
25010050 25010035
25010077 25010080
25010005 25010056
25010028 25010024
25010012 25010091
25010057 25010004
25010075 25010044
25010010 25010070
25010041 25010006
25010088 25010080
25010082 25010088
25010045 25010081
25010061 25010008
25010037 25010042
25010078 25010043
25010043 25010013
25010088 25010079
25010063 25010074
25010083 25010001
25010093 25010065
25010065 25010093
25010039 25010089
25010053 25010002
25010048 25010097
25010081 25010011
25010093 25010079
25010078 25010052
25010059 25010022
25010008 25010051
25010080 25010092
25010090 25010091
25010057 25010045
25010050 25010100
25010015 25010055
25010080 25010034
25010096 25010067
25010071 25010028
25010052 25010075
25010045 25010037
25010093 25010072
25010010 25010035
25010082 25010032
25010062 25010010
25010020 25010057
25010001 25010040
25010053 25010005
25010027 25010082
25010028 25010082
25010068 25010057
25010010 25010094
25010050 25010020
25010073 25010002
25010089 25010048
25010026 25010063
25010081 25010090
25010041 25010003
25010090 25010079
25010032 25010054
25010050 25010065
25010034 25010063
25010017 25010084
25010075 25010011
25010083 25010041
25010083 25010001
25010095 25010018
25010015 25010091
25010018 25010002
25010053 25010038
25010088 25010026
25010043 25010028
25010049 25010100
25010031 25010027
25010036 25010003
25010072 25010078
25010029 25010031
25010036 25010021
25010095 25010060
25010037 25010051
25010086 25010092
25010060 25010074
25010048 25010001
25010055 25010009
25010039 25010019
25010082 25010072
25010059 25010075
25010022 25010055
25010075 25010097
25010062 25010047
25010044 25010029
25010088 25010052
25010077 25010062
25010074 25010074
25010012 25010038
25010036 25010047
25010007 25010033
25010043 25010062
25010029 25010014
25010026 25010053
25010099 25010039
25010072 25010058
25010048 25010026
25010061 25010038
25010005 25010004
25010089 25010025
25010057 25010006
25010036 25010077
25010080 25010079
25010084 25010056
25010020 25010037
25010017 25010077
25010079 25010042
25010066 25010038
25010076 25010058
25010050 25010095
25010037 25010044
25010060 25010069
25010065 25010066
25010066 25010003
25010095 25010018
25010043 25010002
25010079 25010008
25010017 25010028
25010082 25010081
25010064 25010082
25010066 25010010
25010054 25010010
25010004 25010015
25010024 25010076
25010043 25010074
25010017 25010011
25010093 25010024
25010021 25010050
25010072 25010013
25010071 25010015
25010034 25010084
25010071 25010046
25010076 25010056
25010082 25010058
25010044 25010033
25010066 25010022
25010022 25010039
25010025 25010090
25010008 25010008
25010095 25010076
25010087 25010015
25010087 25010049
25010097 25010075
25010045 25010087
25010001 25010005
25010012 25010044
25010097 25010100
25010036 25010057
25010045 25010096
25010040 25010064
25010091 25010070
25010042 25010015
25010083 25010048
25010076 25010015
25010010 25010013
25010065 25010029
25010075 25010048
25010030 25010079
25010094 25010095
25010082 25010058
25010092 25010069
25010040 25010086
25010035 25010059
25010061 25010100
25010006 25010095
25010060 25010022
25010056 25010013
25010012 25010058
25010004 25010030
25010062 25010055
25010062 25010094
25010038 25010073
25010098 25010049
25010051 25010095
12510092 12510080
12510028 12510055
12510090 12510061
12510055 12510024
12510005 12510046
12510018 12510038
12510009 12510030
12510025 12510002
12510065 12510008
12510051 12510026
12510075 12510047
12510083 12510075
12510046 12510066
12510088 12510094
12510033 12510015
12510085 12510023
12510097 12510037
12510056 12510060
12510082 12510017
12510052 12510037
12510062 12510067
12510026 12510000
12510072 12510081
12510064 12510076
12510015 12510063
12510065 12510061
12510021 12510009
12510020 12510009
12510033 12510003
12510075 12510057
12510009 12510041
12510075 12510024
12510091 12510032
12510078 12510098
12510065 12510080
12510009 12510092
12510043 12510021
12510036 12510030
12510003 12510027
12510070 12510051
12510072 12510077
12510026 12510006
12510084 12510022
12510013 12510062
12510095 12510028
12510049 12510097
12510088 12510074
12510041 12510041
12510051 12510079
12510064 12510038
12510098 12510038
12510055 12510091
12510054 12510011
12510064 12510084
12510048 12510073
12510044 12510022
12510067 12510045
12510048 12510034
12510043 12510041
12510087 12510026
12510085 12510029
12510084 12510010
12510094 12510039
12510033 12510092
12510099 12510074
12510009 12510094
12510052 12510038
12510070 12510000
12510082 12510039
12510048 12510060
12510050 12510080
12510004 12510048
12510043 12510020
12510096 12510048
12510053 12510006
12510069 12510010
12510085 12510075
12510035 12510005
12510031 12510043
12510083 12510016
12510037 12510010
12510098 12510024
12510003 12510042
12510027 12510050
12510029 12510033
12510009 12510066
12510091 12510008
12510075 12510009
12510084 12510071
12510074 12510054
12510024 12510054
12510064 12510069
12510025 12510029
12510066 12510060
12510069 12510008
12510092 12510019
12510046 12510085
12510065 12510001
12510095 12510038
12510011 12510081
12510065 12510062
12510089 12510068
12510056 12510002
12510026 12510067
12510036 12510042
12510064 12510056
12510094 12510047
12510086 12510046
12510070 12510024
12510027 12510028
12510082 12510064
12510029 12510055
12510058 12510036
12510077 12510072
12510018 12510084
12510005 12510072
12510084 12510024
12510070 12510090
12510093 12510085
12510017 12510015
12510095 12510068
12510059 12510017
12510067 12510005
12510005 12510018
12510027 12510014
12510001 12510030
12510090 12510002
12510027 12510031
12510024 12510027
12510051 12510056
12510034 12510001
12510032 12510047
12510073 12510030
12510004 12510022
12510058 12510096
12510062 12510087
12510029 12510053
12510040 12510018
12510007 12510015
12510042 12510086
12510017 12510098
12510003 12510019
12510084 12510099
12510011 12510026
12510062 12510098
12510041 12510057
12510039 12510063
12510050 12510072
12510074 12510073
12510096 12510066
12510048 12510025
12510016 12510025
12510086 12510046
12510015 12510099
12510060 12510070
12510046 12510010
12510062 12510003
12510016 12510074
12510014 12510087
12510073 12510036
12510069 12510025
12510017 12510036
12510070 12510003
12510060 12510083
12510013 12510084
12510036 12510087
12510076 12510029
12510020 12510082
12510048 12510049
12510072 12510069
12510000 12510063
12510039 12510056
12510056 12510023
12510079 12510066
12510041 12510067
12510029 12510040
12510043 12510094
12510044 12510081
12510074 12510003
12510025 12510038
12510039 12510098
12510001 12510031
12510023 12510047
12510045 12510063
12510079 12510060
12510009 12510020
12510054 12510074
12510021 12510014
12510071 12510051
12510014 12510097
12510062 12510031
12510050 12510031
6260024 6260022
6260044 6260073
6260035 6260094
6260039 6260077
6260029 6260048
6260050 6260071
6260092 6260089
6260060 6260025
6260002 6260027
6260033 6260003
6260069 6260066
6260052 6260013
6260049 6260097
6260001 6260085
6260013 6260011
6260083 6260062
6260020 6260020
6260032 6260006
6260098 6260067
6260042 6260021
6260002 6260001
6260031 6260039
6260003 6260058
6260015 6260041
6260087 6260022
6260061 6260067
6260027 6260015
6260043 6260063
6260073 6260033
6260006 6260088
6260066 6260019
6260085 6260074
6260046 6260050
6260035 6260056
6260085 6260065
6260085 6260047
6260068 6260020
6260021 6260041
6260045 6260072
6260096 6260048
6260059 6260027
6260047 6260079
6260067 6260056
6260069 6260075
6260092 6260080
6260094 6260006
6260058 6260085
6260032 6260014
6260033 6260048
6260043 6260061
6260009 6260017
6260014 6260052
6260009 6260046
6260075 6260097
6260031 6260083
6260093 6260002
6260020 6260044
6260037 6260075
6260051 6260069
6260055 6260020
6260047 6260018
6260042 6260047
6260021 6260014
6260018 6260011
6260002 6260031
6260030 6260078
6260050 6260031
6260004 6260012
6260001 6260055
6260005 6260028
6260066 6260073
6260016 6260033
6260022 6260051
6260055 6260049
6260091 6260043
6260022 6260019
6260009 6260007
6260014 6260084
6260065 6260022
6260039 6260078
6260042 6260087
6260057 6260086
6260015 6260079
6260080 6260058
6260001 6260039
6260095 6260020
6260014 6260095
6260011 6260049
6260014 6260082
6260005 6260016
6260027 6260001
6260014 6260020
6260001 6260037
6260033 6260092
6260033 6260096
6260027 6260072
6260075 6260052
6260056 6260040
6260032 6260054
6260063 6260007
6260041 6260058
6260022 6260080
6260008 6260009
6260020 6260008
6260016 6260028
6260060 6260078
6260089 6260029
6260026 6260010
6260090 6260096
6260055 6260095
6260023 6260016
6260027 6260043
6260085 6260063
6260046 6260058
6260070 6260089
6260073 6260036
6260075 6260006
6260071 6260075
6260021 6260025
6260025 6260080
6260067 6260078
6260068 6260088
6260083 6260021
6260051 6260080
6260060 6260053
6260030 6260005
6260029 6260011
6260007 6260018
6260090 6260099
6260069 6260069
6260027 6260083
6260028 6260088
6260059 6260075
6260011 6260023
6260013 6260097
6260069 6260056
6260028 6260011
6260057 6260040
6260054 6260038
6260035 6260003
6260082 6260059
6260020 6260027
6260061 6260080
6260097 6260072
6260058 6260027
6260084 6260068
6260047 6260069
6260006 6260096
6260096 6260033
6260077 6260005
6260094 6260043
6260051 6260086
6260035 6260098
6260012 6260044
6260012 6260016
6260003 6260037
6260065 6260007
6260045 6260062
6260025 6260077
6260065 6260010
6260070 6260071
6260082 6260095
6260009 6260075
6260069 6260037
6260006 6260038
6260089 6260065
6260035 6260012
6260041 6260004
6260086 6260054
6260083 6260058
6260021 6260021
6260085 6260083
6260040 6260090
6260055 6260006
6260055 6260045
6260004 6260035
6260008 6260065
6260100 6260024
6260013 6260042
6260047 6260064
6260012 6260029
6260065 6260072
6260033 6260023
6260050 6260008
6260087 6260007
6260069 6260077
6260096 6260071
6260062 6260039
6260080 6260062
6260015 6260065
6260031 6260093
6260098 6260061
3135023 3135016
3135039 3135094
3135016 3135048
3135074 3135043
3135062 3135076
3135021 3135043
3135008 3135018
3135098 3135088
3135086 3135064
3135056 3135025
3135011 3135031
3135029 3135065
3135064 3135021
3135071 3135087
3135038 3135090
3135025 3135096
3135070 3135080
3135013 3135016
3135005 3135037
3135028 3135005
3135045 3135014
3135004 3135057
3135020 3135075
3135042 3135011
3135042 3135087
3135060 3135028
3135068 3135024
3135069 3135050
3135036 3135026
3135030 3135017
3135097 3135029
3135009 3135094
3135092 3135049
3135082 3135005
3135041 3135070
3135030 3135017
3135061 3135041
3135049 3135049
3135043 3135088
3135017 3135080
3135051 3135036
3135019 3135094
3135066 3135040
3135089 3135088
3135038 3135088
3135076 3135007
3135084 3135032
3135030 3135012
3135050 3135024
3135025 3135032
3135070 3135009
3135032 3135075
3135071 3135092
3135090 3135032
3135098 3135003
3135019 3135091
3135072 3135026
3135072 3135032
3135093 3135016
3135098 3135092
3135034 3135021
3135004 3135079
3135081 3135063
3135065 3135027
3135082 3135070
3135055 3135039
3135021 3135031
3135007 3135073
3135074 3135004
3135017 3135060
3135061 3135024
3135091 3135042
3135070 3135087
3135068 3135033
3135098 3135064
3135018 3135038
3135058 3135053
3135063 3135061
3135084 3135044
3135003 3135020
3135082 3135064
3135097 3135096
3135074 3135048
3135065 3135046
3135095 3135046
3135007 3135099
3135082 3135039
3135044 3135089
3135086 3135092
3135044 3135014
3135028 3135059
3135086 3135081
3135060 3135079
3135069 3135075
3135029 3135030
3135073 3135079
3135034 3135024
3135062 3135097
3135064 3135023
3135007 3135065
3135062 3135084
3135071 3135098
3135096 3135060
3135031 3135026
3135032 3135097
3135013 3135064
3135084 3135088
3135022 3135042
3135081 3135017
3135010 3135068
3135034 3135045
3135042 3135098
3135083 3135076
3135007 3135015
3135099 3135062
3135089 3135082
3135047 3135030
3135034 3135017
3135023 3135045
3135033 3135048
3135085 3135062
3135066 3135071
3135030 3135073
3135022 3135028
3135092 3135032
3135083 3135096
3135013 3135019
3135098 3135088
3135099 3135051
3135057 3135090
3135092 3135019
3135070 3135021
3135055 3135091
3135056 3135074
3135041 3135039
3135085 3135094
3135068 3135086
3135008 3135073
3135057 3135077
3135067 3135044
3135007 3135073
3135028 3135088
3135017 3135064
3135007 3135064
3135041 3135034
3135020 3135012
3135021 3135046
3135030 3135042
3135047 3135008
3135023 3135083
3135098 3135053
3135056 3135042
3135089 3135059
3135013 3135096
3135045 3135085
3135034 3135056
3135083 3135081
3135091 3135031
3135011 3135097
3135072 3135054
3135076 3135073
3135037 3135066
3135076 3135017
3135024 3135025
3135029 3135071
3135056 3135042
3135046 3135013
3135080 3135034
3135087 3135061
3135076 3135057
3135058 3135042
3135094 3135038
3135026 3135100
3135043 3135073
3135095 3135086
3135082 3135063
3135052 3135001
3135013 3135080
3135036 3135089
3135011 3135036
3135061 3135091
3135009 3135037
3135074 3135036
3135003 3135045
3135003 3135019
3135023 3135068
3135082 3135070
3135066 3135022
3135049 3135065
3135059 3135057
3135059 3135056
3135095 3135086
36 68
96 69
17 45
10 93
6 38
44 95
13 41
62 16
76 15
56 56
61 75
44 40
61 19
16 74
77 4
39 88
35 74
24 8
35 8
54 55
17 82
46 81
64 96
58 23
19 86
12 89
39 61
100 68
61 75
21 89
92 100
15 60
50 40
86 84
7 44
21 85
9 22
23 95
79 98
18 62
64 24
52 19
55 73
20 89
87 69
52 9
24 26
74 34
43 79
59 60
10 1
51 74
73 9
89 81
29 88
64 24
83 22
48 66
52 25
77 69
80 69
76 81
99 69
55 53
21 56
81 53
35 16
8 72
51 36
51 62
77 42
98 90
19 18
37 39
59 80
30 47
74 98
91 9
46 35
61 98
45 77
23 36
2 62
49 78
100 86
21 88
74 92
33 81
57 39
36 10
99 43
37 73
27 17
27 98
2 6
97 12
65 26
38 44
89 5
13 49
86 63
29 75
72 23
76 67
10 29
39 20
30 15
1 82
2 39
2 38
25 76
79 27
32 21
14 14
34 18
36 57
66 4
37 81
65 42
77 40
36 22
69 80
40 23
48 61
22 96
64 61
6 67
61 10
55 31
28 44
32 88
84 6
71 35
73 45
61 70
61 85
98 54
13 31
28 48
81 82
54 99
100 23
61 16
71 54
69 81
57 96
44 38
36 24
39 59
85 55
87 88
91 17
97 55
29 89
5 26
84 31
78 29
2 92
40 22
74 9
60 47
71 92
35 22
61 52
88 95
15 75
80 28
73 86
62 27
97 12
18 79
72 81
97 90
53 74
73 47
63 86
82 58
81 13
49 25
49 77
21 35
89 2
91 65
19 18
43 96
50 83
68 45
69 55
66 50
53 6
37 87
95 24
16 77
93 90
17 40
31 7
45 43
24 70
7 31
95 28
35 61
25 31
93 63
29 28
6 22
32 22
24 36
96 71
62 21
75 96
29 12
3 12
52 39
37 27
84 81
95 58
42 33
30 99
25 60
27 16
83 55
17 46
80 62
97 41
45 99
41 63
87 66
40 47
70 66
5 55
93 93
61 96
44 70
29 57
25 93
98 69
93 35
88 96
13 76
42 77
