# source: JorikJooken
# original path: jj_extract\knapsackProblemInstances-master\problemInstances\n_800_c_10000000000_g_14_f_0.2_eps_0.1_s_100\test.in
# optimal value: 9999765652
# format: n capacity, then weight value
800 10000000000
6000000086 6000000063
6000000006 6000000064
6000000015 6000000034
6000000070 6000000076
6000000075 6000000087
6000000005 6000000006
6000000017 6000000099
6000000048 6000000065
6000000018 6000000047
6000000040 6000000079
6000000011 6000000035
6000000045 6000000001
6000000061 6000000025
6000000006 6000000020
6000000043 6000000063
6000000024 6000000027
6000000040 6000000039
6000000037 6000000008
6000000076 6000000070
6000000021 6000000055
6000000047 6000000028
6000000006 6000000080
6000000027 6000000083
6000000063 6000000068
6000000049 6000000049
6000000006 6000000026
6000000032 6000000040
6000000001 6000000020
6000000003 6000000002
6000000099 6000000038
6000000100 6000000065
6000000042 6000000065
6000000070 6000000076
6000000049 6000000030
6000000028 6000000031
6000000086 6000000013
6000000020 6000000026
6000000027 6000000002
6000000018 6000000079
6000000022 6000000048
6000000087 6000000043
6000000089 6000000015
6000000068 6000000085
6000000076 6000000008
6000000008 6000000085
6000000011 6000000012
6000000063 6000000044
6000000056 6000000002
6000000053 6000000100
3500000094 3500000073
3500000024 3500000008
3500000012 3500000056
3500000073 3500000069
3500000085 3500000100
3500000088 3500000043
3500000069 3500000019
3500000087 3500000004
3500000055 3500000076
3500000019 3500000056
3500000028 3500000083
3500000005 3500000062
3500000091 3500000064
3500000030 3500000005
3500000075 3500000088
3500000021 3500000065
3500000019 3500000069
3500000022 3500000082
3500000041 3500000038
3500000031 3500000037
3500000059 3500000033
3500000024 3500000010
3500000087 3500000005
3500000020 3500000062
3500000027 3500000010
3500000098 3500000015
3500000076 3500000079
3500000037 3500000050
3500000018 3500000045
3500000010 3500000055
3500000012 3500000046
3500000056 3500000086
3500000098 3500000046
3500000074 3500000040
3500000020 3500000075
3500000021 3500000081
3500000054 3500000031
3500000002 3500000092
3500000089 3500000019
3500000091 3500000056
3500000018 3500000030
3500000083 3500000011
3500000020 3500000033
3500000089 3500000089
3500000039 3500000062
3500000057 3500000095
3500000092 3500000062
3500000067 3500000067
3500000095 3500000048
2250000054 2250000089
2250000042 2250000085
2250000030 2250000097
2250000082 2250000049
2250000088 2250000087
2250000080 2250000046
2250000060 2250000018
2250000092 2250000005
2250000081 2250000001
2250000012 2250000082
2250000047 2250000042
2250000002 2250000037
2250000063 2250000043
2250000057 2250000009
2250000061 2250000099
2250000051 2250000063
2250000042 2250000012
2250000040 2250000037
2250000005 2250000084
2250000095 2250000084
2250000009 2250000025
2250000089 2250000095
2250000011 2250000024
2250000061 2250000064
2250000002 2250000063
2250000061 2250000054
2250000015 2250000044
2250000043 2250000057
2250000058 2250000032
2250000045 2250000074
2250000040 2250000005
2250000073 2250000035
2250000057 2250000009
2250000086 2250000084
2250000067 2250000057
2250000052 2250000057
2250000077 2250000096
2250000092 2250000050
2250000047 2250000072
2250000013 2250000073
2250000052 2250000022
2250000031 2250000065
2250000082 2250000020
2250000091 2250000071
2250000058 2250000078
2250000041 2250000022
2250000057 2250000030
2250000008 2250000018
2250000083 2250000010
1625000065 1625000041
1625000050 1625000036
1625000090 1625000046
1625000094 1625000091
1625000064 1625000046
1625000054 1625000048
1625000020 1625000020
1625000090 1625000095
1625000057 1625000026
1625000041 1625000093
1625000039 1625000009
1625000046 1625000067
1625000040 1625000003
1625000092 1625000034
1625000011 1625000019
1625000089 1625000019
1625000095 1625000012
1625000073 1625000026
1625000075 1625000061
1625000075 1625000078
1625000006 1625000045
1625000078 1625000057
1625000084 1625000010
1625000020 1625000044
1625000039 1625000033
1625000004 1625000094
1625000093 1625000084
1625000019 1625000047
1625000089 1625000065
1625000093 1625000084
1625000001 1625000026
1625000017 1625000079
1625000061 1625000034
1625000007 1625000040
1625000096 1625000038
1625000057 1625000002
1625000023 1625000043
1625000085 1625000021
1625000029 1625000003
1625000060 1625000098
1625000050 1625000004
1625000036 1625000067
1625000068 1625000041
1625000068 1625000084
1625000094 1625000048
1625000007 1625000014
1625000003 1625000019
1625000069 1625000067
1625000096 1625000077
1312500003 1312500061
1312500090 1312500087
1312500053 1312500058
1312500038 1312500006
1312500024 1312500050
1312500016 1312500016
1312500066 1312500017
1312500009 1312500008
1312500082 1312500029
1312500037 1312500018
1312500019 1312500003
1312500096 1312500044
1312500086 1312500008
1312500024 1312500015
1312500080 1312500021
1312500049 1312500042
1312500012 1312500079
1312500028 1312500023
1312500037 1312500081
1312500063 1312500045
1312500022 1312500006
1312500033 1312500007
1312500005 1312500078
1312500025 1312500029
1312500014 1312500028
1312500059 1312500074
1312500047 1312500055
1312500038 1312500065
1312500013 1312500022
1312500058 1312500006
1312500094 1312500082
1312500092 1312500044
1312500067 1312500099
1312500072 1312500094
1312500091 1312500040
1312500041 1312500051
1312500086 1312500059
1312500037 1312500066
1312500023 1312500026
1312500096 1312500084
1312500024 1312500027
1312500090 1312500041
1312500095 1312500052
1312500045 1312500022
1312500094 1312500038
1312500095 1312500070
1312500034 1312500050
1312500056 1312500096
1312500050 1312500082
1156250025 1156250002
1156250018 1156250031
1156250039 1156250077
1156250077 1156250046
1156250051 1156250032
1156250085 1156250098
1156250081 1156250040
1156250014 1156250079
1156250095 1156250026
1156250058 1156250019
1156250043 1156250031
1156250016 1156250082
1156250057 1156250003
1156250080 1156250040
1156250073 1156250014
1156250033 1156250088
1156250093 1156250007
1156250018 1156250068
1156250048 1156250070
1156250005 1156250012
1156250045 1156250071
1156250026 1156250069
1156250083 1156250060
1156250075 1156250042
1156250028 1156250056
1156250068 1156250074
1156250072 1156250095
1156250028 1156250088
1156250065 1156250048
1156250004 1156250075
1156250043 1156250072
1156250015 1156250065
1156250090 1156250015
1156250076 1156250004
1156250022 1156250077
1156250082 1156250044
1156250066 1156250012
1156250081 1156250046
1156250041 1156250029
1156250025 1156250006
1156250021 1156250032
1156250019 1156250036
1156250030 1156250090
1156250074 1156250032
1156250076 1156250039
1156250071 1156250067
1156250098 1156250019
1156250095 1156250013
1156250068 1156250013
1078125049 1078125052
1078125089 1078125092
1078125013 1078125044
1078125050 1078125092
1078125099 1078125004
1078125052 1078125045
1078125097 1078125068
1078125027 1078125036
1078125004 1078125060
1078125023 1078125057
1078125045 1078125010
1078125082 1078125042
1078125072 1078125074
1078125093 1078125043
1078125080 1078125036
1078125055 1078125098
1078125093 1078125043
1078125001 1078125025
1078125059 1078125094
1078125018 1078125059
1078125020 1078125100
1078125041 1078125048
1078125041 1078125051
1078125010 1078125062
1078125007 1078125075
1078125082 1078125086
1078125012 1078125004
1078125095 1078125083
1078125052 1078125056
1078125032 1078125018
1078125034 1078125012
1078125049 1078125016
1078125011 1078125029
1078125008 1078125054
1078125081 1078125036
1078125059 1078125071
1078125094 1078125058
1078125014 1078125007
1078125034 1078125019
1078125094 1078125050
1078125097 1078125083
1078125065 1078125041
1078125078 1078125066
1078125066 1078125017
1078125003 1078125013
1078125025 1078125069
1078125026 1078125055
1078125012 1078125037
1078125013 1078125004
1039062597 1039062590
1039062512 1039062574
1039062572 1039062527
1039062582 1039062600
1039062528 1039062530
1039062586 1039062512
1039062563 1039062535
1039062514 1039062534
1039062581 1039062595
1039062561 1039062583
1039062572 1039062537
1039062543 1039062583
1039062567 1039062590
1039062595 1039062572
1039062558 1039062571
1039062533 1039062513
1039062519 1039062543
1039062591 1039062509
1039062517 1039062512
1039062557 1039062528
1039062504 1039062545
1039062553 1039062549
1039062563 1039062528
1039062571 1039062511
1039062545 1039062579
1039062539 1039062526
1039062518 1039062544
1039062594 1039062526
1039062545 1039062575
1039062553 1039062561
1039062524 1039062583
1039062584 1039062518
1039062555 1039062513
1039062580 1039062534
1039062546 1039062594
1039062574 1039062516
1039062529 1039062585
1039062522 1039062593
1039062561 1039062579
1039062572 1039062566
1039062552 1039062546
1039062538 1039062529
1039062504 1039062576
1039062520 1039062538
1039062598 1039062547
1039062561 1039062529
1039062536 1039062546
1039062538 1039062573
1039062527 1039062560
1019531302 1019531343
1019531273 1019531253
1019531327 1019531264
1019531289 1019531281
1019531324 1019531285
1019531282 1019531252
1019531278 1019531342
1019531301 1019531298
1019531261 1019531253
1019531333 1019531258
1019531300 1019531298
1019531277 1019531287
1019531269 1019531255
1019531323 1019531316
1019531350 1019531311
1019531289 1019531311
1019531348 1019531292
1019531298 1019531327
1019531314 1019531305
1019531293 1019531337
1019531317 1019531262
1019531309 1019531259
1019531286 1019531344
1019531350 1019531287
1019531279 1019531271
1019531324 1019531350
1019531256 1019531266
1019531316 1019531324
1019531290 1019531253
1019531304 1019531312
1019531340 1019531316
1019531270 1019531264
1019531277 1019531299
1019531341 1019531334
1019531316 1019531326
1019531307 1019531344
1019531342 1019531297
1019531265 1019531270
1019531326 1019531316
1019531310 1019531275
1019531307 1019531285
1019531304 1019531260
1019531321 1019531320
1019531273 1019531323
1019531304 1019531281
1019531257 1019531255
1019531305 1019531348
1019531320 1019531329
1019531319 1019531296
1009765686 1009765708
1009765675 1009765671
1009765674 1009765688
1009765672 1009765658
1009765634 1009765642
1009765652 1009765716
1009765725 1009765723
1009765637 1009765712
1009765668 1009765690
1009765690 1009765706
1009765705 1009765717
1009765693 1009765661
1009765705 1009765654
1009765678 1009765665
1009765681 1009765678
1009765631 1009765719
1009765716 1009765683
1009765634 1009765724
1009765694 1009765723
1009765695 1009765695
1009765694 1009765668
1009765650 1009765673
1009765665 1009765669
1009765701 1009765722
1009765714 1009765637
1009765659 1009765704
1009765686 1009765712
1009765673 1009765692
1009765653 1009765719
1009765633 1009765654
1009765677 1009765699
1009765633 1009765683
1009765681 1009765699
1009765645 1009765651
1009765679 1009765683
1009765663 1009765710
1009765699 1009765661
1009765652 1009765691
1009765637 1009765638
1009765644 1009765654
1009765683 1009765676
1009765671 1009765648
1009765714 1009765670
1009765663 1009765709
1009765653 1009765649
1009765665 1009765722
1009765644 1009765637
1009765648 1009765673
1009765665 1009765678
1004882837 1004882867
1004882912 1004882833
1004882828 1004882888
1004882874 1004882846
1004882859 1004882820
1004882854 1004882891
1004882910 1004882819
1004882820 1004882814
1004882878 1004882818
1004882821 1004882902
1004882814 1004882865
1004882870 1004882825
1004882840 1004882867
1004882860 1004882873
1004882847 1004882857
1004882898 1004882848
1004882870 1004882821
1004882828 1004882872
1004882831 1004882854
1004882814 1004882822
1004882840 1004882826
1004882835 1004882892
1004882880 1004882908
1004882818 1004882816
1004882868 1004882899
1004882867 1004882893
1004882881 1004882910
1004882907 1004882864
1004882864 1004882856
1004882854 1004882856
1004882828 1004882813
1004882868 1004882860
1004882849 1004882879
1004882889 1004882818
1004882910 1004882832
1004882907 1004882884
1004882857 1004882858
1004882871 1004882874
1004882897 1004882827
1004882819 1004882836
1004882874 1004882813
1004882903 1004882861
1004882912 1004882823
1004882851 1004882896
1004882909 1004882849
1004882883 1004882883
1004882878 1004882816
1004882872 1004882880
1004882887 1004882874
1002441471 1002441462
1002441485 1002441495
1002441477 1002441497
1002441468 1002441496
1002441489 1002441425
1002441443 1002441476
1002441504 1002441475
1002441470 1002441472
1002441411 1002441487
1002441462 1002441446
1002441428 1002441481
1002441505 1002441452
1002441476 1002441414
1002441493 1002441450
1002441462 1002441417
1002441472 1002441481
1002441453 1002441433
1002441413 1002441411
1002441469 1002441414
1002441477 1002441462
1002441457 1002441470
1002441415 1002441414
1002441454 1002441464
1002441433 1002441478
1002441483 1002441438
1002441481 1002441423
1002441409 1002441503
1002441454 1002441421
1002441496 1002441484
1002441428 1002441410
1002441500 1002441499
1002441449 1002441424
1002441444 1002441413
1002441426 1002441493
1002441477 1002441482
1002441421 1002441413
1002441418 1002441422
1002441416 1002441500
1002441451 1002441430
1002441473 1002441455
1002441504 1002441495
1002441469 1002441424
1002441445 1002441456
1002441414 1002441429
1002441411 1002441490
1002441462 1002441460
1002441444 1002441447
1002441502 1002441492
1002441437 1002441452
1001220736 1001220704
1001220775 1001220736
1001220800 1001220714
1001220743 1001220792
1001220714 1001220726
1001220781 1001220769
1001220731 1001220715
1001220729 1001220716
1001220718 1001220728
1001220716 1001220710
1001220782 1001220707
1001220750 1001220735
1001220704 1001220752
1001220784 1001220750
1001220719 1001220710
1001220752 1001220780
1001220801 1001220738
1001220747 1001220788
1001220728 1001220785
1001220783 1001220724
1001220778 1001220797
1001220797 1001220713
1001220791 1001220751
1001220757 1001220745
1001220774 1001220740
1001220778 1001220779
1001220738 1001220741
1001220764 1001220717
1001220772 1001220798
1001220758 1001220757
1001220781 1001220793
1001220795 1001220791
1001220745 1001220796
1001220764 1001220704
1001220785 1001220778
1001220736 1001220704
1001220708 1001220763
1001220790 1001220742
1001220768 1001220784
1001220795 1001220714
1001220736 1001220756
1001220795 1001220744
1001220784 1001220792
1001220767 1001220790
1001220722 1001220777
1001220751 1001220721
1001220749 1001220781
1001220767 1001220763
1001220728 1001220753
96 48
2 72
10 16
73 98
49 8
2 46
51 70
3 46
43 56
67 51
94 33
67 74
42 60
3 100
6 42
88 25
46 62
23 19
15 80
44 75
37 39
72 8
42 48
34 89
23 1
68 64
7 83
61 11
20 37
48 10
7 71
49 86
89 61
80 74
56 33
86 56
80 42
56 61
100 95
12 61
30 54
91 32
25 63
72 59
30 50
88 89
19 86
60 85
57 94
64 43
46 93
6 38
19 20
90 32
18 16
87 15
77 82
9 40
73 45
3 38
20 82
58 62
41 95
74 49
63 49
6 58
43 74
63 45
79 73
75 82
44 50
83 19
94 55
100 37
28 32
23 2
95 44
6 60
88 72
60 59
71 28
92 72
100 68
99 10
91 21
51 75
52 9
61 6
27 44
32 34
84 78
24 91
53 98
20 93
52 32
85 97
83 82
80 78
97 59
63 84
57 97
28 34
62 53
36 65
10 91
16 37
62 11
99 19
50 68
20 69
79 28
76 86
53 70
4 12
29 94
88 93
93 81
12 3
42 61
45 48
34 63
62 81
5 76
96 81
32 45
77 59
18 11
8 6
9 81
71 2
51 19
89 77
38 51
6 66
18 82
10 38
81 43
12 66
35 66
26 23
6 16
35 60
2 26
64 23
25 95
69 71
96 99
87 24
88 22
19 99
9 73
92 26
40 65
93 78
12 95
69 70
1 4
87 93
37 17
70 65
16 78
92 39
98 73
