# source: JorikJooken
# original path: jj_extract\knapsackProblemInstances-master\problemInstances\n_1200_c_10000000000_g_6_f_0.3_eps_0.1_s_100\test.in
# optimal value: 9937518772
# format: n capacity, then weight value
1200 10000000000
6000000044 6000000073
6000000061 6000000092
6000000099 6000000069
6000000068 6000000045
6000000026 6000000046
6000000014 6000000042
6000000013 6000000088
6000000061 6000000040
6000000097 6000000023
6000000094 6000000047
6000000097 6000000039
6000000018 6000000038
6000000037 6000000061
6000000032 6000000007
6000000004 6000000051
6000000074 6000000082
6000000014 6000000030
6000000050 6000000064
6000000003 6000000069
6000000033 6000000049
6000000037 6000000039
6000000040 6000000047
6000000006 6000000087
6000000093 6000000094
6000000083 6000000043
6000000005 6000000095
6000000091 6000000013
6000000045 6000000009
6000000039 6000000032
6000000024 6000000057
6000000059 6000000075
6000000074 6000000062
6000000046 6000000064
6000000034 6000000034
6000000008 6000000064
6000000017 6000000048
6000000090 6000000070
6000000052 6000000002
6000000020 6000000066
6000000035 6000000092
6000000064 6000000094
6000000048 6000000042
6000000069 6000000084
6000000067 6000000074
6000000025 6000000073
6000000011 6000000047
6000000075 6000000100
6000000002 6000000077
6000000050 6000000002
6000000007 6000000079
6000000075 6000000088
6000000095 6000000013
6000000036 6000000058
6000000100 6000000092
6000000061 6000000084
6000000079 6000000057
6000000012 6000000050
6000000073 6000000017
6000000023 6000000005
6000000022 6000000016
6000000068 6000000079
6000000096 6000000079
6000000017 6000000074
6000000073 6000000032
6000000058 6000000064
6000000049 6000000082
6000000085 6000000067
6000000015 6000000094
6000000049 6000000068
6000000052 6000000023
6000000049 6000000022
6000000033 6000000052
6000000046 6000000014
6000000014 6000000042
6000000064 6000000004
6000000034 6000000013
6000000013 6000000054
6000000012 6000000026
6000000028 6000000093
6000000070 6000000085
6000000079 6000000048
6000000089 6000000050
6000000060 6000000024
6000000064 6000000050
6000000029 6000000033
6000000061 6000000018
6000000097 6000000036
6000000037 6000000084
6000000022 6000000087
6000000090 6000000063
6000000069 6000000006
6000000003 6000000099
6000000025 6000000022
6000000005 6000000043
6000000017 6000000069
6000000006 6000000020
6000000029 6000000005
6000000014 6000000083
6000000080 6000000041
6000000083 6000000074
6000000033 6000000055
6000000045 6000000078
6000000051 6000000058
6000000040 6000000007
6000000040 6000000064
6000000095 6000000001
6000000014 6000000037
6000000003 6000000094
6000000001 6000000093
6000000047 6000000076
6000000067 6000000096
6000000075 6000000083
6000000046 6000000025
6000000041 6000000098
6000000059 6000000018
6000000068 6000000054
6000000077 6000000074
6000000030 6000000002
6000000014 6000000095
6000000029 6000000064
6000000042 6000000036
6000000089 6000000007
6000000018 6000000078
6000000052 6000000010
6000000016 6000000072
6000000058 6000000055
6000000081 6000000068
6000000024 6000000015
6000000088 6000000045
6000000026 6000000082
6000000082 6000000053
6000000068 6000000091
6000000017 6000000062
6000000039 6000000051
6000000100 6000000100
6000000075 6000000032
6000000086 6000000017
6000000087 6000000033
6000000053 6000000069
6000000082 6000000088
6000000013 6000000007
6000000026 6000000039
6000000063 6000000063
6000000066 6000000085
6000000061 6000000073
6000000005 6000000076
6000000080 6000000072
6000000081 6000000065
6000000059 6000000017
6000000066 6000000096
6000000026 6000000031
6000000045 6000000054
6000000100 6000000071
6000000025 6000000036
6000000012 6000000084
6000000065 6000000058
6000000030 6000000078
6000000027 6000000044
6000000038 6000000009
6000000040 6000000035
6000000015 6000000076
6000000030 6000000053
6000000067 6000000064
6000000053 6000000081
6000000042 6000000066
6000000012 6000000042
6000000028 6000000020
6000000065 6000000092
3500000091 3500000010
3500000089 3500000010
3500000061 3500000031
3500000055 3500000048
3500000066 3500000002
3500000088 3500000082
3500000041 3500000045
3500000038 3500000054
3500000010 3500000020
3500000067 3500000063
3500000063 3500000025
3500000046 3500000067
3500000060 3500000037
3500000077 3500000032
3500000070 3500000081
3500000087 3500000003
3500000078 3500000068
3500000013 3500000082
3500000036 3500000065
3500000046 3500000076
3500000088 3500000052
3500000055 3500000093
3500000002 3500000099
3500000079 3500000019
3500000052 3500000066
3500000096 3500000016
3500000019 3500000074
3500000052 3500000082
3500000025 3500000022
3500000094 3500000066
3500000047 3500000088
3500000083 3500000029
3500000025 3500000060
3500000031 3500000039
3500000075 3500000016
3500000046 3500000029
3500000007 3500000014
3500000085 3500000062
3500000004 3500000057
3500000093 3500000066
3500000020 3500000006
3500000003 3500000056
3500000072 3500000015
3500000004 3500000036
3500000090 3500000025
3500000065 3500000014
3500000032 3500000023
3500000069 3500000083
3500000043 3500000021
3500000063 3500000091
3500000071 3500000092
3500000032 3500000058
3500000046 3500000064
3500000072 3500000008
3500000097 3500000052
3500000078 3500000067
3500000055 3500000033
3500000096 3500000076
3500000003 3500000008
3500000078 3500000082
3500000004 3500000052
3500000050 3500000014
3500000083 3500000012
3500000021 3500000078
3500000095 3500000034
3500000087 3500000006
3500000075 3500000066
3500000015 3500000081
3500000063 3500000026
3500000007 3500000092
3500000026 3500000034
3500000013 3500000094
3500000015 3500000050
3500000024 3500000003
3500000095 3500000098
3500000072 3500000016
3500000027 3500000007
3500000012 3500000093
3500000037 3500000009
3500000039 3500000028
3500000021 3500000081
3500000072 3500000025
3500000004 3500000077
3500000071 3500000003
3500000021 3500000027
3500000001 3500000045
3500000056 3500000012
3500000063 3500000048
3500000098 3500000054
3500000015 3500000044
3500000009 3500000023
3500000072 3500000060
3500000099 3500000096
3500000064 3500000009
3500000016 3500000068
3500000097 3500000041
3500000019 3500000006
3500000093 3500000062
3500000070 3500000072
3500000060 3500000094
3500000062 3500000020
3500000076 3500000001
3500000075 3500000002
3500000029 3500000052
3500000018 3500000008
3500000033 3500000090
3500000050 3500000032
3500000096 3500000049
3500000085 3500000013
3500000010 3500000067
3500000083 3500000023
3500000029 3500000029
3500000089 3500000023
3500000053 3500000075
3500000094 3500000016
3500000009 3500000016
3500000036 3500000066
3500000056 3500000033
3500000070 3500000038
3500000030 3500000099
3500000074 3500000032
3500000087 3500000076
3500000048 3500000007
3500000025 3500000097
3500000052 3500000070
3500000015 3500000011
3500000094 3500000089
3500000031 3500000046
3500000094 3500000054
3500000029 3500000027
3500000078 3500000061
3500000035 3500000053
3500000029 3500000053
3500000093 3500000024
3500000050 3500000046
3500000092 3500000080
3500000061 3500000032
3500000051 3500000087
3500000063 3500000026
3500000049 3500000074
3500000061 3500000008
3500000012 3500000066
3500000090 3500000077
3500000087 3500000005
3500000065 3500000020
3500000052 3500000092
3500000056 3500000093
3500000069 3500000065
3500000058 3500000051
3500000036 3500000057
3500000084 3500000014
3500000009 3500000019
3500000057 3500000060
3500000054 3500000093
3500000077 3500000080
3500000048 3500000068
3500000099 3500000074
3500000050 3500000054
3500000036 3500000036
3500000077 3500000039
3500000089 3500000001
3500000100 3500000057
3500000072 3500000031
3500000069 3500000076
3500000017 3500000029
3500000074 3500000073
3500000074 3500000086
3500000030 3500000094
2250000061 2250000044
2250000083 2250000010
2250000075 2250000032
2250000086 2250000028
2250000018 2250000067
2250000034 2250000071
2250000098 2250000029
2250000011 2250000086
2250000040 2250000092
2250000094 2250000058
2250000013 2250000070
2250000031 2250000007
2250000025 2250000097
2250000029 2250000076
2250000070 2250000013
2250000076 2250000046
2250000070 2250000083
2250000022 2250000011
2250000042 2250000099
2250000027 2250000010
2250000027 2250000061
2250000059 2250000066
2250000051 2250000080
2250000022 2250000059
2250000019 2250000098
2250000011 2250000052
2250000047 2250000044
2250000059 2250000037
2250000042 2250000059
2250000085 2250000040
2250000082 2250000003
2250000100 2250000017
2250000034 2250000037
2250000054 2250000002
2250000052 2250000040
2250000047 2250000048
2250000080 2250000048
2250000058 2250000043
2250000093 2250000091
2250000004 2250000073
2250000044 2250000034
2250000059 2250000065
2250000060 2250000063
2250000052 2250000070
2250000045 2250000023
2250000066 2250000047
2250000060 2250000079
2250000037 2250000051
2250000086 2250000004
2250000009 2250000026
2250000079 2250000094
2250000085 2250000072
2250000006 2250000050
2250000052 2250000024
2250000092 2250000042
2250000032 2250000068
2250000019 2250000049
2250000031 2250000012
2250000084 2250000037
2250000027 2250000076
2250000053 2250000078
2250000070 2250000053
2250000076 2250000012
2250000029 2250000053
2250000064 2250000071
2250000034 2250000002
2250000038 2250000075
2250000020 2250000001
2250000022 2250000056
2250000064 2250000001
2250000087 2250000099
2250000057 2250000067
2250000033 2250000059
2250000082 2250000020
2250000095 2250000041
2250000021 2250000055
2250000076 2250000075
2250000091 2250000029
2250000037 2250000064
2250000022 2250000097
2250000021 2250000052
2250000046 2250000074
2250000067 2250000016
2250000068 2250000049
2250000060 2250000012
2250000082 2250000007
2250000015 2250000080
2250000079 2250000078
2250000037 2250000061
2250000084 2250000086
2250000007 2250000022
2250000011 2250000015
2250000010 2250000050
2250000077 2250000098
2250000019 2250000039
2250000088 2250000041
2250000093 2250000075
2250000074 2250000054
2250000063 2250000079
2250000092 2250000028
2250000090 2250000054
2250000077 2250000077
2250000093 2250000007
2250000074 2250000065
2250000031 2250000081
2250000069 2250000063
2250000003 2250000059
2250000060 2250000017
2250000022 2250000002
2250000052 2250000020
2250000072 2250000061
2250000011 2250000050
2250000100 2250000062
2250000100 2250000047
2250000083 2250000063
2250000099 2250000066
2250000048 2250000044
2250000069 2250000028
2250000010 2250000084
2250000065 2250000091
2250000078 2250000056
2250000066 2250000080
2250000084 2250000001
2250000012 2250000042
2250000027 2250000072
2250000001 2250000076
2250000042 2250000080
2250000023 2250000029
2250000008 2250000031
2250000090 2250000019
2250000037 2250000009
2250000008 2250000099
2250000031 2250000001
2250000003 2250000003
2250000048 2250000002
2250000023 2250000024
2250000097 2250000096
2250000096 2250000026
2250000063 2250000079
2250000005 2250000080
2250000039 2250000023
2250000037 2250000058
2250000072 2250000034
2250000085 2250000100
2250000001 2250000011
2250000070 2250000006
2250000023 2250000037
2250000090 2250000098
2250000070 2250000059
2250000076 2250000002
2250000031 2250000058
2250000025 2250000099
2250000048 2250000093
2250000086 2250000005
2250000060 2250000050
2250000018 2250000038
2250000031 2250000022
2250000089 2250000030
2250000051 2250000031
2250000085 2250000052
2250000095 2250000067
2250000017 2250000002
2250000055 2250000089
2250000098 2250000091
2250000100 2250000032
2250000004 2250000080
2250000034 2250000045
2250000062 2250000088
1625000083 1625000094
1625000035 1625000001
1625000026 1625000042
1625000041 1625000023
1625000018 1625000039
1625000020 1625000031
1625000037 1625000061
1625000089 1625000091
1625000031 1625000088
1625000080 1625000034
1625000069 1625000030
1625000088 1625000064
1625000022 1625000016
1625000097 1625000026
1625000085 1625000095
1625000082 1625000022
1625000059 1625000078
1625000064 1625000083
1625000017 1625000092
1625000026 1625000085
1625000019 1625000058
1625000010 1625000061
1625000074 1625000075
1625000059 1625000059
1625000064 1625000027
1625000084 1625000019
1625000080 1625000028
1625000027 1625000030
1625000018 1625000012
1625000064 1625000005
1625000031 1625000035
1625000043 1625000016
1625000096 1625000070
1625000036 1625000075
1625000096 1625000024
1625000022 1625000046
1625000063 1625000022
1625000095 1625000020
1625000071 1625000042
1625000071 1625000041
1625000062 1625000032
1625000087 1625000024
1625000057 1625000067
1625000015 1625000057
1625000040 1625000027
1625000082 1625000012
1625000060 1625000074
1625000074 1625000043
1625000011 1625000046
1625000044 1625000056
1625000090 1625000095
1625000007 1625000061
1625000045 1625000052
1625000087 1625000053
1625000096 1625000018
1625000079 1625000037
1625000046 1625000062
1625000034 1625000049
1625000077 1625000032
1625000077 1625000086
1625000005 1625000010
1625000067 1625000048
1625000042 1625000072
1625000024 1625000086
1625000068 1625000016
1625000055 1625000087
1625000087 1625000024
1625000013 1625000087
1625000059 1625000035
1625000039 1625000060
1625000088 1625000041
1625000040 1625000094
1625000096 1625000098
1625000065 1625000092
1625000071 1625000036
1625000055 1625000065
1625000015 1625000029
1625000036 1625000035
1625000023 1625000022
1625000054 1625000073
1625000094 1625000073
1625000071 1625000099
1625000008 1625000031
1625000090 1625000075
1625000016 1625000063
1625000047 1625000022
1625000099 1625000096
1625000033 1625000099
1625000068 1625000048
1625000014 1625000090
1625000073 1625000082
1625000066 1625000019
1625000023 1625000092
1625000047 1625000060
1625000100 1625000077
1625000028 1625000024
1625000098 1625000020
1625000058 1625000082
1625000046 1625000002
1625000099 1625000010
1625000061 1625000098
1625000038 1625000093
1625000065 1625000092
1625000098 1625000062
1625000004 1625000095
1625000095 1625000048
1625000089 1625000001
1625000017 1625000055
1625000070 1625000057
1625000065 1625000099
1625000041 1625000060
1625000090 1625000060
1625000074 1625000079
1625000080 1625000083
1625000012 1625000033
1625000020 1625000016
1625000024 1625000005
1625000020 1625000001
1625000002 1625000057
1625000041 1625000044
1625000085 1625000010
1625000076 1625000003
1625000085 1625000050
1625000033 1625000080
1625000031 1625000017
1625000061 1625000058
1625000064 1625000089
1625000067 1625000015
1625000073 1625000057
1625000048 1625000053
1625000037 1625000005
1625000038 1625000018
1625000009 1625000086
1625000027 1625000005
1625000011 1625000084
1625000035 1625000018
1625000021 1625000097
1625000029 1625000010
1625000085 1625000059
1625000018 1625000075
1625000077 1625000038
1625000063 1625000039
1625000077 1625000070
1625000029 1625000095
1625000010 1625000061
1625000088 1625000006
1625000009 1625000042
1625000044 1625000001
1625000046 1625000003
1625000097 1625000029
1625000082 1625000021
1625000078 1625000058
1625000049 1625000063
1625000046 1625000072
1625000064 1625000031
1625000021 1625000002
1625000008 1625000013
1625000021 1625000004
1625000070 1625000008
1625000079 1625000086
1625000057 1625000085
1625000085 1625000083
1625000024 1625000083
1625000043 1625000085
1625000036 1625000089
1625000070 1625000006
1625000021 1625000024
1625000046 1625000089
1312500075 1312500075
1312500033 1312500061
1312500021 1312500015
1312500049 1312500091
1312500093 1312500082
1312500039 1312500009
1312500057 1312500033
1312500041 1312500044
1312500037 1312500048
1312500019 1312500074
1312500037 1312500083
1312500069 1312500050
1312500070 1312500006
1312500076 1312500016
1312500007 1312500003
1312500098 1312500081
1312500084 1312500050
1312500089 1312500038
1312500023 1312500004
1312500032 1312500039
1312500022 1312500057
1312500079 1312500068
1312500043 1312500088
1312500022 1312500077
1312500043 1312500013
1312500096 1312500001
1312500078 1312500044
1312500087 1312500044
1312500025 1312500015
1312500023 1312500054
1312500088 1312500074
1312500067 1312500095
1312500069 1312500024
1312500023 1312500010
1312500001 1312500012
1312500087 1312500048
1312500009 1312500025
1312500036 1312500049
1312500028 1312500098
1312500018 1312500058
1312500088 1312500067
1312500048 1312500087
1312500028 1312500073
1312500076 1312500038
1312500068 1312500008
1312500099 1312500013
1312500045 1312500060
1312500038 1312500026
1312500060 1312500015
1312500078 1312500055
1312500034 1312500046
1312500045 1312500001
1312500057 1312500080
1312500002 1312500040
1312500048 1312500072
1312500021 1312500055
1312500005 1312500028
1312500046 1312500031
1312500076 1312500060
1312500019 1312500077
1312500096 1312500058
1312500079 1312500012
1312500059 1312500028
1312500056 1312500047
1312500073 1312500024
1312500019 1312500005
1312500072 1312500017
1312500096 1312500014
1312500079 1312500042
1312500083 1312500067
1312500029 1312500080
1312500098 1312500041
1312500096 1312500071
1312500002 1312500092
1312500016 1312500039
1312500006 1312500035
1312500019 1312500095
1312500048 1312500022
1312500055 1312500099
1312500079 1312500083
1312500069 1312500089
1312500052 1312500048
1312500001 1312500035
1312500075 1312500050
1312500094 1312500037
1312500046 1312500039
1312500082 1312500074
1312500002 1312500017
1312500037 1312500099
1312500053 1312500023
1312500028 1312500046
1312500023 1312500087
1312500084 1312500035
1312500018 1312500006
1312500018 1312500039
1312500054 1312500046
1312500023 1312500023
1312500074 1312500062
1312500049 1312500044
1312500039 1312500051
1312500070 1312500028
1312500083 1312500005
1312500057 1312500087
1312500080 1312500096
1312500021 1312500030
1312500060 1312500054
1312500012 1312500067
1312500003 1312500066
1312500012 1312500089
1312500015 1312500075
1312500028 1312500065
1312500020 1312500099
1312500006 1312500090
1312500025 1312500036
1312500091 1312500059
1312500057 1312500092
1312500026 1312500092
1312500067 1312500088
1312500095 1312500071
1312500038 1312500006
1312500076 1312500023
1312500077 1312500011
1312500073 1312500010
1312500095 1312500029
1312500059 1312500038
1312500016 1312500018
1312500049 1312500066
1312500059 1312500062
1312500020 1312500062
1312500010 1312500049
1312500059 1312500024
1312500005 1312500079
1312500075 1312500069
1312500021 1312500070
1312500020 1312500089
1312500029 1312500032
1312500018 1312500004
1312500015 1312500090
1312500046 1312500065
1312500040 1312500071
1312500021 1312500020
1312500046 1312500029
1312500076 1312500034
1312500065 1312500048
1312500094 1312500057
1312500097 1312500017
1312500090 1312500044
1312500039 1312500003
1312500008 1312500067
1312500023 1312500042
1312500061 1312500060
1312500076 1312500023
1312500020 1312500092
1312500022 1312500040
1312500100 1312500096
1312500001 1312500020
1312500014 1312500080
1312500084 1312500098
1312500057 1312500075
1312500039 1312500024
1312500092 1312500073
1312500046 1312500100
1312500022 1312500069
1312500057 1312500078
1312500073 1312500048
1312500004 1312500005
1312500043 1312500009
1312500073 1312500091
61 6
34 60
75 2
66 32
4 76
53 25
76 94
35 14
4 65
91 90
1 93
53 83
85 27
88 86
79 95
52 78
63 3
96 86
33 85
48 35
19 62
5 38
32 41
100 88
54 41
2 1
49 4
71 10
93 30
9 22
42 60
64 34
54 37
95 12
93 12
30 17
4 78
55 45
40 52
28 35
22 20
60 64
60 45
75 61
21 24
52 56
89 10
36 91
3 93
69 24
89 9
98 95
83 84
3 35
31 65
56 64
69 53
7 93
67 13
99 97
97 80
98 50
41 87
9 92
50 2
93 48
56 30
12 3
1 100
53 79
83 19
87 53
18 80
54 53
39 25
15 58
9 86
5 36
99 51
47 75
66 9
11 22
38 71
59 25
23 69
2 29
38 54
55 70
56 15
33 30
6 85
50 64
5 27
42 46
18 23
61 30
14 21
48 35
17 32
75 94
100 100
86 8
99 45
86 74
1 20
69 94
30 29
44 88
14 72
12 6
78 47
58 71
81 88
65 48
52 76
88 29
51 95
30 73
51 10
45 15
35 51
94 4
36 30
12 82
41 32
67 95
37 67
25 90
30 1
79 19
50 18
90 87
11 28
36 6
29 89
42 43
54 13
95 98
74 15
18 7
5 15
78 89
26 45
83 31
48 9
96 59
75 77
33 58
44 2
38 59
56 85
3 68
32 67
40 20
43 74
90 78
45 74
7 90
64 21
17 25
68 41
97 21
86 30
28 13
72 33
97 76
99 74
84 81
62 3
76 47
35 85
94 37
57 77
96 75
88 1
46 77
18 98
31 34
57 60
73 8
88 53
66 40
48 32
48 96
23 85
8 72
27 30
32 77
49 40
35 95
5 9
84 3
46 81
46 46
43 63
55 87
68 41
50 6
48 32
51 75
60 12
79 45
68 92
83 86
27 41
60 57
40 68
8 61
35 96
3 84
48 14
78 52
40 11
86 94
63 72
84 30
29 57
64 83
52 56
66 5
45 29
29 59
52 96
46 74
28 30
85 40
76 27
67 22
14 95
14 32
84 80
62 84
36 73
45 18
3 1
12 95
67 45
1 47
94 10
77 20
47 11
75 25
1 14
55 77
47 83
52 68
99 12
20 99
27 67
60 73
58 27
43 92
1 11
53 81
7 50
80 10
72 2
8 43
14 55
44 100
53 85
50 93
69 33
83 63
34 16
94 11
84 27
75 99
53 35
63 83
93 70
46 48
48 90
32 17
85 59
65 71
65 41
40 42
22 2
61 22
83 100
5 55
36 73
80 11
44 20
22 21
56 59
1 96
57 3
57 95
26 26
12 43
17 6
80 58
100 82
88 50
83 60
60 15
43 91
60 5
1 66
38 97
52 84
100 91
52 65
7 53
87 5
95 26
19 81
49 87
44 31
77 91
44 97
92 57
25 94
37 72
22 5
77 30
95 98
17 50
96 23
95 48
49 48
68 13
15 6
14 64
70 32
23 35
92 62
64 34
5 96
94 46
81 67
2 84
71 33
35 68
39 51
87 77
93 87
78 57
44 4
89 27
36 85
19 93
64 69
75 29
2 58
30 44
32 37
71 7
20 11
22 81
19 50
29 69
42 62
71 44
24 62
50 77
14 37
98 97
