# source: JorikJooken
# original path: jj_extract\knapsackProblemInstances-master\problemInstances\n_1000_c_100000000_g_14_f_0.3_eps_0.001_s_300\test.in
# optimal value: 100040672
# format: n capacity, then weight value
1000 100000000
50100014 50100123
50100232 50100096
50100256 50100281
50100289 50100085
50100051 50100119
50100231 50100061
50100217 50100129
50100184 50100174
50100041 50100256
50100278 50100003
50100129 50100105
50100086 50100035
50100153 50100137
50100045 50100277
50100250 50100292
50100029 50100286
50100069 50100220
50100300 50100085
50100049 50100066
50100067 50100132
50100195 50100051
50100269 50100063
50100274 50100097
50100123 50100217
50100127 50100031
50100203 50100165
50100271 50100017
50100211 50100102
50100210 50100173
50100061 50100107
50100019 50100274
50100126 50100276
50100081 50100220
50100031 50100002
50100196 50100139
50100055 50100140
50100261 50100283
50100025 50100279
50100292 50100239
50100267 50100268
50100232 50100059
50100111 50100194
50100089 50100145
50100209 50100074
50100022 50100066
50100092 50100065
50100237 50100147
50100140 50100262
50100034 50100040
50100063 50100173
50100018 50100048
50100177 50100107
50100252 50100250
25100258 25100144
25100078 25100209
25100050 25100127
25100291 25100297
25100125 25100226
25100170 25100015
25100020 25100002
25100053 25100021
25100120 25100020
25100182 25100169
25100017 25100016
25100140 25100274
25100195 25100080
25100277 25100072
25100213 25100256
25100081 25100057
25100080 25100185
25100234 25100039
25100009 25100074
25100266 25100288
25100149 25100231
25100107 25100239
25100248 25100188
25100139 25100147
25100203 25100004
25100267 25100014
25100046 25100203
25100002 25100035
25100300 25100256
25100219 25100233
25100163 25100127
25100264 25100152
25100061 25100150
25100067 25100021
25100289 25100017
25100264 25100259
25100214 25100141
25100049 25100231
25100092 25100109
25100177 25100020
25100261 25100236
25100208 25100251
25100173 25100213
25100219 25100170
25100115 25100060
25100209 25100241
25100228 25100290
25100034 25100220
25100115 25100283
25100080 25100210
25100166 25100012
25100207 25100093
25100057 25100269
12600029 12600299
12600138 12600036
12600021 12600241
12600016 12600114
12600062 12600272
12600263 12600086
12600243 12600273
12600201 12600003
12600084 12600291
12600145 12600261
12600059 12600025
12600091 12600184
12600028 12600219
12600177 12600293
12600289 12600009
12600276 12600152
12600172 12600278
12600096 12600228
12600098 12600009
12600266 12600234
12600228 12600182
12600007 12600286
12600074 12600145
12600037 12600230
12600293 12600269
12600292 12600028
12600182 12600151
12600112 12600012
12600031 12600021
12600186 12600288
12600164 12600190
12600136 12600263
12600205 12600025
12600047 12600271
12600238 12600083
12600166 12600040
12600158 12600024
12600009 12600252
12600162 12600074
12600280 12600237
12600057 12600268
12600126 12600198
12600102 12600251
12600243 12600054
12600217 12600247
12600118 12600002
12600065 12600267
12600038 12600174
12600035 12600230
12600095 12600211
12600141 12600023
12600146 12600208
12600065 12600210
6350227 6350226
6350237 6350271
6350069 6350054
6350206 6350246
6350288 6350077
6350173 6350263
6350228 6350106
6350220 6350097
6350043 6350065
6350247 6350256
6350094 6350056
6350072 6350267
6350273 6350291
6350177 6350181
6350081 6350141
6350255 6350088
6350045 6350179
6350271 6350246
6350108 6350060
6350274 6350188
6350126 6350010
6350247 6350260
6350174 6350111
6350097 6350090
6350090 6350153
6350164 6350162
6350094 6350279
6350173 6350042
6350204 6350017
6350226 6350275
6350131 6350017
6350094 6350182
6350142 6350180
6350101 6350291
6350266 6350157
6350254 6350142
6350125 6350173
6350252 6350292
6350110 6350298
6350005 6350249
6350031 6350268
6350261 6350134
6350270 6350259
6350044 6350122
6350155 6350022
6350192 6350041
6350123 6350090
6350185 6350245
6350020 6350044
6350296 6350229
6350061 6350022
6350252 6350159
6350261 6350065
3225188 3225176
3225229 3225178
3225215 3225149
3225120 3225214
3225223 3225267
3225062 3225138
3225131 3225018
3225080 3225298
3225032 3225101
3225283 3225009
3225012 3225117
3225270 3225036
3225006 3225054
3225133 3225118
3225119 3225087
3225174 3225047
3225143 3225296
3225295 3225102
3225208 3225043
3225090 3225257
3225205 3225183
3225058 3225033
3225161 3225292
3225201 3225103
3225036 3225200
3225017 3225010
3225232 3225220
3225113 3225251
3225284 3225058
3225015 3225155
3225150 3225179
3225274 3225005
3225143 3225030
3225120 3225248
3225282 3225066
3225204 3225032
3225173 3225223
3225124 3225135
3225042 3225191
3225017 3225187
3225072 3225130
3225146 3225133
3225118 3225158
3225286 3225199
3225275 3225227
3225035 3225262
3225137 3225251
3225291 3225068
3225237 3225036
3225010 3225239
3225112 3225256
3225145 3225041
3225084 3225208
1662739 1662742
1662518 1662658
1662650 1662528
1662575 1662566
1662541 1662518
1662625 1662516
1662777 1662764
1662695 1662761
1662734 1662771
1662666 1662790
1662546 1662532
1662696 1662661
1662516 1662548
1662764 1662639
1662534 1662678
1662575 1662754
1662669 1662636
1662728 1662692
1662580 1662503
1662634 1662693
1662732 1662553
1662750 1662656
1662559 1662522
1662756 1662799
1662526 1662660
1662793 1662640
1662644 1662508
1662785 1662680
1662544 1662518
1662609 1662714
1662533 1662588
1662554 1662752
1662528 1662724
1662714 1662783
1662661 1662542
1662536 1662731
1662657 1662764
1662716 1662663
1662664 1662786
1662588 1662728
1662522 1662541
1662600 1662662
1662760 1662550
1662772 1662643
1662571 1662713
1662553 1662673
1662694 1662551
1662757 1662679
1662669 1662649
1662782 1662531
1662629 1662788
1662730 1662719
1662567 1662507
881512 881456
881368 881535
881459 881469
881295 881297
881377 881523
881288 881306
881399 881414
881360 881339
881291 881355
881303 881318
881281 881531
881313 881461
881541 881329
881433 881339
881504 881401
881312 881495
881350 881445
881342 881436
881283 881344
881268 881481
881432 881347
881529 881527
881342 881414
881388 881520
881543 881344
881486 881477
881489 881441
881460 881295
881405 881339
881398 881332
881299 881384
881537 881262
881415 881502
881519 881498
881313 881372
881343 881305
881481 881453
881380 881425
881304 881337
881275 881532
881348 881483
881375 881333
881308 881461
881354 881498
881472 881386
881542 881503
881344 881285
881428 881473
881449 881485
881518 881492
881283 881279
881357 881401
881355 881350
490907 490787
490630 490874
490883 490753
490793 490908
490905 490645
490763 490819
490669 490872
490641 490824
490879 490850
490828 490638
490848 490738
490794 490675
490741 490629
490910 490727
490701 490808
490862 490651
490849 490864
490722 490632
490644 490650
490799 490700
490780 490765
490636 490912
490747 490895
490654 490844
490726 490870
490901 490653
490692 490686
490731 490668
490753 490762
490835 490914
490835 490689
490904 490879
490836 490688
490875 490863
490697 490772
490891 490753
490627 490843
490903 490756
490802 490874
490878 490718
490772 490701
490922 490852
490851 490712
490683 490783
490686 490841
490725 490729
490737 490919
490800 490670
490829 490668
490730 490797
490924 490746
490845 490896
490899 490763
295574 295473
295610 295378
295359 295601
295399 295539
295313 295358
295367 295601
295554 295453
295596 295468
295442 295345
295440 295318
295386 295453
295603 295583
295375 295405
295599 295327
295479 295357
295319 295566
295540 295422
295598 295477
295414 295548
295530 295580
295443 295583
295342 295434
295352 295352
295416 295533
295390 295512
295414 295320
295531 295445
295545 295555
295610 295511
295350 295338
295505 295330
295451 295395
295561 295318
295326 295538
295593 295459
295461 295520
295460 295364
295591 295567
295391 295536
295397 295316
295473 295577
295609 295523
295464 295531
295477 295361
295550 295478
295518 295475
295536 295545
295500 295525
295555 295397
295565 295582
295383 295402
295463 295534
295549 295398
197921 197695
197721 197660
197725 197950
197927 197780
197750 197688
197814 197831
197689 197839
197874 197753
197692 197679
197807 197896
197906 197920
197798 197856
197712 197788
197799 197747
197687 197899
197927 197737
197704 197826
197833 197734
197733 197867
197872 197712
197893 197943
197700 197861
197885 197681
197776 197752
197689 197747
197681 197730
197716 197874
197782 197871
197951 197877
197750 197726
197818 197822
197698 197866
197864 197682
197825 197910
197802 197827
197917 197885
197746 197708
197667 197676
197947 197869
197795 197888
197937 197759
197917 197685
197925 197842
197657 197941
197854 197952
197781 197786
197723 197850
197919 197757
197689 197766
197755 197927
197699 197921
197700 197708
197762 197713
148899 148930
148956 148969
148890 149111
148928 149083
148913 148939
148913 149108
148962 149089
149046 149020
149027 148956
149095 149017
148838 148951
149070 148946
148845 149119
149077 149091
148840 148841
148983 148844
148890 148843
148956 148916
148877 148959
148896 148884
149089 148914
149097 149019
148933 149024
148860 148971
149121 149086
148900 148866
148937 148852
149123 149045
149018 149061
148948 149026
148877 148900
149124 148854
148882 149010
148845 148972
148937 148923
148970 148980
149035 149081
148877 148893
148860 148898
149099 149066
149040 148939
148892 148847
149106 149067
148902 149082
148859 149020
149060 148996
148938 148895
148874 148991
148939 149062
148983 148833
149120 149027
148882 149057
149120 149060
124546 124633
124521 124639
124567 124615
124485 124456
124500 124431
124551 124526
124684 124605
124472 124428
124474 124689
124466 124619
124524 124700
124669 124496
124418 124579
124630 124521
124478 124681
124503 124428
124668 124654
124662 124690
124473 124555
124699 124512
124418 124459
124610 124433
124517 124566
124502 124620
124704 124581
124550 124627
124542 124557
124688 124559
124421 124573
124434 124506
124488 124579
124640 124503
124608 124663
124508 124428
124497 124595
124461 124711
124502 124640
124671 124710
124491 124574
124653 124525
124468 124654
124681 124639
124420 124709
124696 124629
124529 124610
124568 124664
124657 124596
124439 124440
124576 124558
124657 124435
124483 124481
124618 124537
124691 124618
112213 112324
112473 112288
112276 112344
112208 112454
112463 112371
112231 112447
112232 112390
112215 112451
112263 112324
112326 112496
112242 112431
112393 112320
112304 112309
112486 112407
112327 112345
112398 112301
112350 112408
112269 112416
112491 112321
112317 112242
112408 112424
112243 112360
112332 112476
112448 112453
112303 112281
112474 112499
112507 112294
112341 112289
112380 112489
112352 112452
112400 112462
112282 112244
112366 112255
112328 112255
112458 112476
112503 112292
112470 112456
112481 112429
112380 112336
112450 112504
112359 112218
112270 112481
112357 112236
112439 112268
112375 112239
112249 112236
112240 112432
112281 112266
112261 112247
112264 112210
112439 112264
112228 112310
112489 112325
232 23
104 28
46 246
71 136
272 135
21 141
77 10
189 170
207 158
113 56
75 195
233 41
253 48
130 161
276 21
1 86
22 286
229 72
50 28
149 4
256 228
155 135
203 187
97 233
14 198
95 289
254 246
214 86
211 102
192 271
134 54
223 49
84 43
9 169
25 285
287 64
233 278
262 156
294 85
9 66
257 202
260 77
68 208
47 56
18 17
96 179
101 91
74 267
78 207
119 31
274 233
241 123
210 26
22 88
36 186
196 18
33 151
43 236
110 153
284 233
195 259
277 15
229 211
88 221
143 198
260 19
174 50
27 195
96 95
283 298
52 173
109 139
263 197
210 113
150 263
126 47
267 173
198 188
138 251
284 132
75 282
200 117
22 53
75 46
218 164
146 260
133 75
141 261
293 300
25 241
211 202
54 110
300 159
1 141
120 200
3 35
178 146
217 141
30 107
26 27
21 146
180 72
116 244
254 285
41 203
117 251
140 158
242 276
242 296
104 284
20 131
20 200
189 14
184 270
234 109
222 136
220 250
2 8
272 185
234 7
178 62
283 217
279 172
190 60
295 196
267 168
247 33
134 84
38 160
166 249
57 36
55 239
155 41
9 182
146 130
170 259
108 179
176 173
205 268
40 63
102 207
43 136
252 131
5 132
164 195
218 166
236 276
154 34
227 165
229 78
147 180
289 47
64 256
11 237
45 174
99 18
98 164
20 3
43 116
288 298
242 88
284 281
281 230
58 184
172 171
31 40
274 179
17 63
82 273
184 285
45 275
263 287
142 32
55 158
40 179
192 231
149 62
201 144
280 219
281 195
54 140
99 121
51 16
139 284
206 179
288 199
132 29
186 190
86 197
101 268
69 124
188 119
8 219
70 153
113 115
32 243
211 85
111 61
220 288
267 122
6 245
184 61
227 101
90 19
111 284
257 177
14 34
276 76
28 6
4 143
130 258
218 261
35 19
17 251
185 127
177 279
252 103
197 155
80 163
293 126
243 255
294 114
203 50
117 21
89 222
185 208
9 276
83 255
19 278
102 211
175 82
117 33
93 286
119 216
139 253
233 201
59 288
267 59
90 264
206 298
167 220
32 297
4 53
133 275
137 72
205 244
78 121
282 280
127 292
289 101
237 122
269 184
137 249
165 49
112 190
6 253
47 111
52 148
74 200
110 91
130 23
71 88
23 22
181 176
54 237
145 233
70 18
179 175
41 128
193 53
161 245
118 18
99 283
55 41
2 170
234 297
147 4
152 297
85 49
218 46
197 296
84 42
226 260
231 59
116 284
235 287
5 258
277 260
153 58
295 265
194 29
62 8
18 165
38 81
76 10
153 54
105 135
108 168
16 137
4 110
66 17
144 191
6 259
247 24
60 76
50 117
239 177
204 284
148 217
71 66
124 154
