# source: JorikJooken
# original path: jj_extract\knapsackProblemInstances-master\problemInstances\n_1200_c_100000000_g_6_f_0.3_eps_0.0001_s_300\test.in
# optimal value: 97248138
# format: n capacity, then weight value
1200 100000000
50010269 50010147
50010024 50010016
50010265 50010157
50010064 50010122
50010240 50010261
50010235 50010292
50010150 50010072
50010201 50010222
50010096 50010281
50010142 50010168
50010001 50010036
50010093 50010032
50010077 50010084
50010001 50010160
50010240 50010156
50010135 50010293
50010208 50010030
50010280 50010210
50010116 50010045
50010111 50010093
50010164 50010271
50010190 50010196
50010056 50010012
50010103 50010156
50010218 50010155
50010046 50010221
50010169 50010078
50010222 50010271
50010025 50010101
50010176 50010097
50010267 50010207
50010217 50010278
50010098 50010081
50010190 50010014
50010300 50010258
50010233 50010002
50010032 50010265
50010224 50010072
50010039 50010097
50010026 50010201
50010042 50010043
50010172 50010175
50010031 50010040
50010236 50010018
50010026 50010269
50010282 50010183
50010282 50010144
50010120 50010001
50010132 50010093
50010091 50010092
50010182 50010166
50010119 50010026
50010037 50010008
50010293 50010139
50010150 50010028
50010110 50010294
50010015 50010206
50010268 50010064
50010276 50010036
50010249 50010077
50010282 50010049
50010150 50010121
50010102 50010014
50010192 50010146
50010131 50010101
50010212 50010300
50010030 50010180
50010259 50010245
50010174 50010251
50010147 50010199
50010183 50010167
50010029 50010292
50010130 50010164
50010268 50010047
50010042 50010049
50010268 50010275
50010197 50010118
50010001 50010048
50010108 50010291
50010202 50010099
50010191 50010299
50010276 50010059
50010239 50010105
50010235 50010161
50010044 50010294
50010183 50010116
50010190 50010168
50010132 50010079
50010126 50010150
50010282 50010124
50010028 50010300
50010185 50010086
50010038 50010079
50010262 50010055
50010108 50010096
50010045 50010096
50010189 50010243
50010203 50010264
50010281 50010297
50010085 50010093
50010131 50010243
50010209 50010109
50010084 50010224
50010101 50010220
50010147 50010270
50010092 50010013
50010061 50010281
50010195 50010216
50010210 50010043
50010269 50010081
50010138 50010232
50010271 50010291
50010244 50010022
50010270 50010007
50010271 50010245
50010150 50010194
50010110 50010219
50010173 50010127
50010096 50010207
50010224 50010215
50010045 50010086
50010167 50010077
50010173 50010276
50010207 50010200
50010263 50010157
50010136 50010181
50010252 50010155
50010017 50010001
50010288 50010262
50010240 50010289
50010287 50010074
50010264 50010165
50010196 50010005
50010185 50010260
50010278 50010240
50010246 50010285
50010237 50010195
50010062 50010067
50010096 50010196
50010033 50010105
50010129 50010102
50010038 50010103
50010078 50010126
50010284 50010052
50010262 50010271
50010038 50010105
50010294 50010155
50010035 50010107
50010208 50010118
50010192 50010001
50010059 50010058
50010010 50010202
50010195 50010206
50010237 50010024
50010031 50010004
50010078 50010166
50010278 50010116
50010288 50010246
50010066 50010068
50010070 50010280
50010009 50010099
50010114 50010106
50010268 50010150
50010068 50010050
50010276 50010202
50010156 50010111
50010139 50010045
50010097 50010227
25010240 25010285
25010264 25010248
25010233 25010273
25010299 25010011
25010206 25010035
25010105 25010212
25010259 25010074
25010067 25010269
25010130 25010145
25010248 25010096
25010227 25010294
25010278 25010294
25010180 25010287
25010172 25010236
25010179 25010043
25010225 25010054
25010041 25010093
25010114 25010145
25010234 25010028
25010118 25010221
25010267 25010059
25010027 25010082
25010194 25010269
25010209 25010286
25010127 25010121
25010204 25010219
25010184 25010003
25010154 25010253
25010017 25010025
25010257 25010277
25010012 25010120
25010205 25010233
25010086 25010171
25010125 25010109
25010179 25010137
25010254 25010187
25010229 25010142
25010053 25010261
25010039 25010119
25010071 25010056
25010151 25010033
25010020 25010189
25010059 25010027
25010160 25010212
25010076 25010095
25010021 25010167
25010178 25010269
25010209 25010290
25010261 25010236
25010251 25010172
25010048 25010090
25010248 25010154
25010146 25010099
25010163 25010030
25010097 25010067
25010118 25010051
25010053 25010181
25010236 25010235
25010281 25010137
25010048 25010127
25010300 25010024
25010040 25010033
25010276 25010239
25010238 25010216
25010248 25010016
25010132 25010154
25010185 25010177
25010293 25010055
25010131 25010287
25010100 25010002
25010147 25010251
25010038 25010274
25010024 25010111
25010103 25010165
25010074 25010124
25010229 25010216
25010098 25010273
25010192 25010171
25010113 25010252
25010279 25010010
25010132 25010142
25010034 25010067
25010060 25010248
25010095 25010155
25010037 25010030
25010112 25010296
25010130 25010300
25010071 25010180
25010091 25010124
25010032 25010045
25010235 25010091
25010035 25010198
25010253 25010284
25010045 25010002
25010162 25010184
25010136 25010033
25010029 25010223
25010156 25010142
25010086 25010005
25010206 25010044
25010041 25010070
25010269 25010291
25010123 25010007
25010171 25010032
25010284 25010056
25010043 25010244
25010223 25010261
25010054 25010016
25010298 25010257
25010112 25010224
25010234 25010052
25010160 25010119
25010257 25010297
25010213 25010020
25010177 25010226
25010235 25010157
25010045 25010063
25010145 25010128
25010295 25010206
25010178 25010290
25010127 25010005
25010241 25010218
25010121 25010091
25010101 25010005
25010273 25010110
25010019 25010157
25010228 25010036
25010124 25010109
25010234 25010227
25010267 25010029
25010282 25010240
25010036 25010080
25010273 25010225
25010155 25010013
25010079 25010167
25010073 25010227
25010222 25010094
25010155 25010109
25010176 25010020
25010089 25010012
25010070 25010195
25010111 25010135
25010181 25010084
25010205 25010249
25010048 25010064
25010093 25010057
25010122 25010114
25010137 25010034
25010200 25010005
25010166 25010088
25010164 25010004
25010297 25010274
25010134 25010138
25010245 25010228
25010206 25010291
25010155 25010078
25010116 25010070
25010115 25010265
25010114 25010235
25010282 25010115
25010292 25010134
25010275 25010195
25010169 25010102
25010201 25010218
25010154 25010262
25010269 25010008
25010072 25010026
25010269 25010188
12510146 12510232
12510273 12510248
12510063 12510203
12510124 12510174
12510157 12510095
12510089 12510220
12510264 12510248
12510011 12510012
12510194 12510195
12510022 12510023
12510051 12510182
12510165 12510184
12510253 12510001
12510058 12510058
12510255 12510185
12510123 12510107
12510223 12510243
12510291 12510295
12510150 12510088
12510217 12510284
12510237 12510099
12510245 12510131
12510291 12510292
12510269 12510028
12510161 12510176
12510241 12510152
12510004 12510289
12510028 12510225
12510296 12510145
12510089 12510272
12510082 12510183
12510209 12510176
12510200 12510027
12510189 12510027
12510203 12510235
12510242 12510290
12510176 12510209
12510191 12510198
12510118 12510235
12510091 12510245
12510226 12510023
12510187 12510051
12510280 12510252
12510067 12510116
12510112 12510143
12510104 12510152
12510188 12510184
12510287 12510025
12510173 12510081
12510057 12510136
12510115 12510213
12510296 12510240
12510197 12510024
12510242 12510246
12510043 12510014
12510014 12510049
12510254 12510235
12510250 12510207
12510040 12510115
12510033 12510271
12510244 12510223
12510165 12510291
12510213 12510194
12510145 12510058
12510196 12510265
12510004 12510234
12510149 12510075
12510191 12510127
12510291 12510184
12510054 12510047
12510122 12510095
12510197 12510179
12510231 12510075
12510233 12510015
12510081 12510187
12510263 12510226
12510210 12510063
12510091 12510292
12510021 12510000
12510129 12510092
12510102 12510073
12510209 12510105
12510171 12510062
12510018 12510028
12510274 12510236
12510080 12510191
12510268 12510000
12510251 12510085
12510148 12510151
12510144 12510005
12510100 12510106
12510033 12510175
12510111 12510018
12510260 12510178
12510155 12510175
12510135 12510141
12510224 12510013
12510200 12510028
12510299 12510103
12510192 12510177
12510089 12510073
12510275 12510025
12510135 12510297
12510228 12510000
12510289 12510246
12510260 12510291
12510215 12510136
12510258 12510098
12510056 12510134
12510156 12510044
12510162 12510132
12510200 12510204
12510060 12510263
12510283 12510128
12510219 12510220
12510208 12510192
12510263 12510019
12510042 12510095
12510265 12510027
12510007 12510281
12510070 12510243
12510182 12510276
12510114 12510016
12510251 12510099
12510089 12510252
12510120 12510131
12510185 12510154
12510137 12510237
12510111 12510086
12510254 12510004
12510045 12510045
12510265 12510093
12510153 12510041
12510293 12510055
12510080 12510046
12510007 12510299
12510005 12510186
12510293 12510072
12510214 12510278
12510194 12510297
12510184 12510086
12510055 12510074
12510030 12510093
12510122 12510226
12510283 12510097
12510163 12510268
12510078 12510078
12510048 12510067
12510131 12510139
12510263 12510139
12510109 12510007
12510136 12510106
12510051 12510145
12510291 12510103
12510022 12510067
12510255 12510127
12510156 12510164
12510041 12510250
12510153 12510215
12510119 12510282
12510146 12510225
12510012 12510250
12510266 12510277
12510264 12510227
12510274 12510226
12510270 12510266
12510125 12510026
12510234 12510095
6260255 6260169
6260153 6260175
6260131 6260088
6260027 6260191
6260172 6260201
6260113 6260024
6260041 6260246
6260300 6260070
6260096 6260086
6260064 6260093
6260091 6260018
6260218 6260263
6260273 6260009
6260057 6260036
6260095 6260098
6260277 6260260
6260289 6260260
6260112 6260265
6260253 6260131
6260180 6260284
6260239 6260070
6260039 6260270
6260057 6260154
6260169 6260058
6260003 6260295
6260262 6260273
6260183 6260064
6260130 6260142
6260046 6260032
6260257 6260146
6260050 6260217
6260108 6260019
6260092 6260278
6260001 6260143
6260018 6260031
6260203 6260018
6260024 6260276
6260100 6260077
6260240 6260042
6260189 6260266
6260007 6260072
6260284 6260064
6260206 6260273
6260059 6260252
6260249 6260252
6260037 6260300
6260036 6260198
6260008 6260047
6260240 6260244
6260134 6260026
6260213 6260108
6260080 6260003
6260259 6260277
6260158 6260189
6260293 6260241
6260144 6260056
6260237 6260161
6260086 6260221
6260125 6260154
6260087 6260051
6260281 6260177
6260244 6260079
6260078 6260060
6260115 6260286
6260082 6260212
6260109 6260190
6260063 6260078
6260132 6260018
6260011 6260268
6260091 6260233
6260138 6260231
6260290 6260005
6260203 6260130
6260166 6260056
6260075 6260040
6260111 6260292
6260085 6260230
6260113 6260098
6260108 6260119
6260091 6260047
6260134 6260157
6260258 6260276
6260226 6260054
6260040 6260056
6260145 6260087
6260231 6260081
6260260 6260170
6260061 6260196
6260125 6260221
6260161 6260171
6260258 6260177
6260284 6260167
6260093 6260276
6260054 6260178
6260098 6260045
6260292 6260026
6260039 6260085
6260216 6260131
6260292 6260182
6260086 6260058
6260043 6260004
6260013 6260207
6260114 6260209
6260268 6260234
6260108 6260122
6260158 6260134
6260083 6260147
6260207 6260190
6260140 6260198
6260230 6260295
6260256 6260189
6260008 6260276
6260121 6260198
6260096 6260126
6260127 6260171
6260168 6260256
6260072 6260081
6260181 6260149
6260098 6260150
6260284 6260063
6260286 6260237
6260218 6260011
6260251 6260248
6260221 6260285
6260077 6260084
6260130 6260273
6260119 6260138
6260059 6260008
6260287 6260192
6260236 6260220
6260240 6260268
6260068 6260161
6260176 6260273
6260019 6260002
6260057 6260265
6260156 6260270
6260074 6260017
6260244 6260046
6260211 6260105
6260090 6260080
6260058 6260180
6260126 6260045
6260043 6260236
6260261 6260265
6260233 6260168
6260063 6260165
6260249 6260168
6260065 6260165
6260078 6260293
6260213 6260002
6260055 6260280
6260245 6260017
6260236 6260126
6260122 6260123
6260008 6260021
6260144 6260198
6260120 6260298
6260167 6260241
6260201 6260183
6260264 6260034
6260168 6260298
6260276 6260056
6260172 6260083
6260285 6260122
6260218 6260067
6260224 6260165
6260277 6260266
6260255 6260251
3135166 3135033
3135221 3135003
3135007 3135040
3135007 3135132
3135253 3135033
3135016 3135189
3135290 3135229
3135139 3135157
3135222 3135007
3135044 3135155
3135047 3135293
3135282 3135282
3135233 3135163
3135057 3135128
3135055 3135159
3135246 3135256
3135013 3135059
3135219 3135161
3135033 3135084
3135180 3135124
3135104 3135281
3135198 3135216
3135110 3135210
3135018 3135277
3135077 3135001
3135068 3135200
3135226 3135238
3135226 3135116
3135180 3135172
3135299 3135196
3135255 3135124
3135296 3135034
3135100 3135012
3135171 3135008
3135097 3135246
3135275 3135043
3135234 3135299
3135069 3135296
3135001 3135040
3135144 3135225
3135191 3135273
3135056 3135130
3135089 3135003
3135167 3135142
3135222 3135106
3135157 3135176
3135256 3135257
3135181 3135152
3135172 3135291
3135090 3135211
3135011 3135102
3135228 3135178
3135065 3135263
3135048 3135222
3135259 3135149
3135052 3135281
3135105 3135012
3135091 3135010
3135051 3135102
3135062 3135228
3135057 3135098
3135234 3135252
3135092 3135239
3135029 3135072
3135163 3135198
3135300 3135133
3135256 3135264
3135213 3135131
3135168 3135284
3135056 3135279
3135189 3135167
3135133 3135039
3135044 3135020
3135059 3135084
3135214 3135033
3135019 3135225
3135159 3135171
3135212 3135071
3135237 3135258
3135215 3135295
3135295 3135179
3135150 3135244
3135228 3135093
3135065 3135242
3135154 3135062
3135287 3135068
3135223 3135265
3135245 3135111
3135110 3135129
3135242 3135263
3135237 3135221
3135109 3135135
3135025 3135126
3135220 3135076
3135202 3135085
3135005 3135128
3135179 3135218
3135142 3135224
3135142 3135297
3135220 3135130
3135286 3135169
3135169 3135225
3135161 3135162
3135175 3135265
3135079 3135032
3135210 3135124
3135079 3135205
3135134 3135114
3135146 3135017
3135110 3135182
3135057 3135003
3135015 3135007
3135249 3135098
3135158 3135207
3135061 3135106
3135212 3135287
3135287 3135093
3135154 3135296
3135155 3135257
3135130 3135222
3135266 3135158
3135160 3135213
3135152 3135009
3135221 3135191
3135235 3135091
3135128 3135169
3135091 3135095
3135194 3135146
3135296 3135128
3135007 3135110
3135064 3135156
3135292 3135074
3135229 3135101
3135215 3135266
3135204 3135077
3135121 3135190
3135170 3135259
3135244 3135065
3135092 3135266
3135153 3135155
3135147 3135089
3135241 3135179
3135247 3135026
3135041 3135128
3135109 3135051
3135202 3135040
3135298 3135242
3135037 3135020
3135126 3135019
3135297 3135077
3135207 3135202
3135248 3135279
3135053 3135012
3135220 3135100
3135087 3135020
3135066 3135276
3135118 3135245
3135039 3135223
3135252 3135165
3135160 3135265
3135153 3135272
3135193 3135207
3135025 3135040
3135187 3135298
3135130 3135113
3135002 3135192
3135005 3135237
3135074 3135199
3 284
166 92
205 242
172 15
237 270
155 191
236 150
241 66
8 281
123 60
271 113
131 31
39 11
283 254
14 231
41 176
253 218
86 254
151 189
183 297
208 62
168 102
191 257
210 33
67 222
7 157
217 218
172 59
255 75
29 292
2 136
13 54
255 149
274 76
166 56
65 291
60 152
207 41
30 101
207 47
189 41
77 242
16 10
67 55
44 15
222 67
157 14
157 135
42 160
83 249
157 141
155 80
181 80
159 141
69 156
103 78
158 17
42 33
154 112
261 242
80 242
232 169
220 284
214 298
103 250
62 281
21 10
123 238
199 96
163 108
2 155
23 300
154 40
240 262
252 178
54 89
49 97
44 189
110 211
195 36
112 93
165 214
291 243
216 204
73 276
175 27
108 181
76 294
177 141
247 2
158 37
287 21
89 203
50 179
108 200
273 81
148 96
197 259
27 193
55 61
274 230
241 91
92 249
63 63
84 27
94 76
266 262
152 147
164 237
121 101
213 126
91 283
239 201
10 247
46 220
24 46
71 248
193 61
180 60
145 153
247 49
121 9
255 33
224 292
239 8
177 228
175 73
71 275
21 260
173 247
166 39
59 70
295 88
64 79
220 183
57 131
289 238
50 224
11 8
151 36
287 198
177 284
3 199
241 200
13 115
122 131
29 42
215 29
135 80
233 152
141 106
265 122
31 232
237 280
174 257
4 105
223 179
164 194
151 70
284 79
254 37
264 171
284 68
270 203
242 29
2 81
252 186
178 241
291 68
40 12
29 83
26 87
130 16
177 171
170 224
36 210
139 122
300 126
239 297
67 259
145 265
225 76
73 134
204 2
276 66
39 25
260 154
238 81
264 187
262 292
62 273
178 47
34 167
80 261
286 247
165 220
78 130
281 122
108 142
251 126
8 226
207 82
273 25
4 46
268 135
111 35
141 218
46 142
222 30
295 71
129 26
171 283
157 1
100 144
48 233
29 214
87 265
97 247
282 197
104 252
260 192
115 222
124 104
148 202
254 286
92 273
229 147
220 151
187 188
18 178
288 264
157 223
173 287
112 37
101 95
36 73
48 239
68 273
162 194
79 33
177 13
140 89
269 180
246 232
223 250
274 297
286 76
44 298
47 230
121 249
168 270
71 26
284 190
239 216
168 289
13 9
222 89
189 231
7 243
274 134
139 284
30 4
194 233
145 271
237 232
3 119
189 8
92 81
268 182
120 238
117 40
129 227
229 189
261 193
89 4
231 95
37 218
64 229
237 213
10 264
7 287
97 179
79 154
93 122
28 104
253 163
72 145
249 68
241 21
238 100
185 186
89 248
126 249
122 256
153 17
194 91
119 230
191 11
261 151
13 134
177 86
171 43
50 244
51 83
277 224
192 74
143 190
112 148
293 57
29 222
152 220
288 240
79 227
44 207
49 205
16 45
100 165
240 270
256 294
275 1
184 111
203 172
246 76
8 47
79 72
155 119
225 256
30 2
15 123
231 154
92 214
236 32
211 118
187 175
235 149
272 172
268 38
156 270
71 139
45 118
93 194
236 102
44 71
119 96
157 270
88 42
131 28
256 224
149 134
124 233
106 172
67 181
112 258
294 269
108 190
66 128
179 257
51 143
61 111
217 194
