# source: JorikJooken
# original path: jj_extract\knapsackProblemInstances-master\problemInstances\n_1000_c_1000000_g_14_f_0.3_eps_0.0001_s_200\test.in
# optimal value: 1025416
# format: n capacity, then weight value
1000 1000000
500112 500178
500164 500287
500212 500113
500148 500119
500202 500150
500240 500149
500101 500174
500151 500233
500198 500262
500220 500153
500269 500246
500127 500133
500250 500250
500143 500198
500178 500151
500133 500152
500147 500101
500246 500289
500197 500186
500300 500174
500164 500252
500114 500130
500229 500217
500208 500109
500258 500233
500203 500149
500125 500172
500293 500260
500177 500196
500244 500271
500165 500249
500143 500274
500255 500176
500157 500181
500120 500282
500227 500220
500239 500295
500125 500263
500235 500204
500229 500195
500236 500277
500272 500260
500156 500248
500287 500243
500117 500235
500274 500167
500250 500234
500196 500229
500140 500216
500274 500275
500119 500119
500175 500217
500214 500166
250115 250221
250198 250223
250125 250177
250115 250291
250213 250194
250237 250156
250222 250174
250216 250164
250290 250215
250297 250291
250108 250123
250213 250125
250194 250146
250103 250142
250207 250143
250282 250281
250214 250269
250102 250281
250235 250136
250137 250159
250188 250269
250247 250186
250234 250236
250198 250225
250182 250209
250205 250183
250236 250146
250267 250184
250198 250109
250244 250165
250211 250234
250106 250195
250154 250270
250131 250279
250102 250270
250243 250177
250131 250280
250155 250113
250248 250211
250215 250152
250186 250260
250138 250140
250117 250181
250257 250167
250286 250108
250106 250230
250171 250138
250260 250117
250286 250138
250294 250289
250193 250281
250134 250195
250132 250254
125264 125183
125244 125180
125110 125281
125251 125145
125236 125212
125192 125252
125149 125165
125214 125124
125241 125146
125153 125282
125207 125219
125111 125192
125138 125110
125266 125114
125210 125288
125146 125235
125240 125122
125119 125169
125260 125145
125131 125174
125171 125135
125205 125259
125181 125171
125170 125209
125221 125239
125175 125269
125263 125113
125142 125219
125262 125158
125104 125173
125298 125268
125109 125181
125164 125111
125219 125274
125139 125113
125102 125230
125119 125151
125205 125244
125153 125195
125159 125289
125146 125281
125119 125293
125165 125108
125125 125212
125149 125265
125115 125230
125214 125271
125253 125295
125114 125103
125248 125256
125172 125136
125113 125192
125161 125260
62689 62670
62799 62755
62628 62716
62722 62779
62663 62786
62658 62640
62610 62798
62630 62782
62745 62678
62747 62739
62712 62742
62635 62799
62650 62642
62606 62636
62678 62670
62789 62684
62681 62693
62675 62632
62690 62743
62773 62708
62726 62715
62684 62608
62739 62769
62652 62694
62615 62799
62792 62749
62686 62688
62646 62774
62615 62616
62754 62627
62784 62707
62655 62674
62729 62628
62662 62724
62677 62677
62748 62618
62616 62645
62686 62648
62759 62730
62694 62761
62738 62654
62793 62778
62605 62763
62609 62606
62717 62610
62645 62726
62608 62686
62656 62718
62793 62625
62791 62611
62615 62619
62638 62676
62644 62783
31397 31472
31455 31457
31361 31435
31471 31351
31539 31446
31541 31393
31520 31377
31544 31385
31395 31439
31516 31543
31397 31361
31361 31462
31488 31351
31483 31390
31487 31390
31451 31470
31487 31533
31536 31418
31490 31447
31432 31511
31402 31364
31498 31473
31371 31469
31383 31428
31468 31461
31486 31475
31477 31351
31469 31502
31396 31431
31450 31407
31497 31545
31432 31548
31520 31400
31491 31372
31459 31392
31497 31489
31447 31380
31520 31495
31456 31426
31495 31442
31464 31397
31387 31373
31496 31352
31408 31501
31550 31435
31380 31472
31473 31383
31414 31424
31383 31462
31392 31403
31411 31401
31379 31479
31409 31370
15732 15899
15818 15727
15899 15833
15833 15828
15768 15765
15756 15744
15920 15761
15829 15765
15771 15925
15918 15798
15894 15846
15730 15727
15863 15885
15815 15821
15915 15840
15731 15890
15835 15783
15748 15791
15821 15769
15851 15796
15735 15732
15768 15852
15903 15815
15872 15909
15737 15806
15750 15744
15749 15845
15922 15833
15860 15898
15737 15905
15807 15896
15855 15817
15754 15743
15750 15870
15871 15902
15742 15746
15912 15919
15770 15925
15831 15774
15778 15782
15781 15812
15922 15778
15855 15918
15886 15865
15795 15871
15745 15907
15832 15852
15748 15874
15784 15744
15730 15904
15794 15854
15892 15865
15772 15750
7983 8033
8067 7930
8000 8092
8058 8050
8069 8035
8023 7938
8026 7922
7944 7920
7960 8007
8017 8076
8015 7959
8074 8110
7999 8051
8083 8053
7984 8068
8047 8032
7916 8105
7966 8102
8087 8070
8049 8067
7931 8068
8073 8088
8088 7922
8099 8010
7971 7948
8022 8039
7995 7920
7987 8055
8061 8059
8067 8040
8010 8020
8030 8068
8068 7915
8081 8075
7990 7959
8024 8068
7943 7915
7959 7924
8067 8100
7999 8096
7969 7954
7944 7917
8023 8105
8059 7990
7951 8103
7991 7972
8036 7969
8022 8051
8055 7950
8015 7965
8079 7987
7941 7941
8011 7965
4146 4131
4144 4167
4127 4197
4125 4058
4087 4155
4084 4040
4166 4092
4150 4094
4036 4192
4037 4085
4101 4173
4098 4065
4008 4098
4172 4041
4025 4039
4178 4115
4021 4079
4198 4137
4141 4191
4060 4193
4053 4178
4158 4072
4159 4072
4178 4201
4040 4105
4070 4045
4159 4065
4095 4052
4092 4056
4105 4058
4147 4094
4175 4086
4128 4160
4168 4075
4013 4077
4163 4148
4162 4160
4166 4205
4175 4136
4158 4157
4154 4074
4110 4111
4011 4200
4013 4085
4138 4110
4092 4112
4149 4197
4104 4041
4027 4093
4180 4142
4083 4091
4092 4039
4045 4175
2242 2093
2237 2231
2172 2215
2242 2242
2240 2246
2208 2151
2077 2176
2070 2190
2085 2240
2061 2173
2134 2104
2083 2058
2168 2195
2092 2143
2059 2132
2212 2175
2054 2146
2192 2235
2253 2086
2217 2121
2087 2104
2057 2184
2245 2156
2101 2170
2075 2156
2120 2067
2169 2118
2179 2163
2224 2106
2137 2072
2127 2212
2172 2163
2180 2207
2087 2199
2182 2218
2058 2163
2221 2141
2111 2243
2189 2079
2159 2054
2129 2201
2124 2127
2159 2128
2056 2109
2240 2211
2202 2100
2078 2235
2240 2226
2104 2167
2237 2092
2243 2081
2206 2142
2209 2165
1226 1203
1105 1111
1088 1086
1118 1184
1228 1224
1255 1144
1161 1235
1245 1255
1202 1189
1155 1187
1129 1223
1158 1226
1119 1221
1114 1168
1172 1108
1167 1118
1121 1119
1260 1201
1268 1206
1191 1247
1247 1230
1165 1142
1094 1079
1240 1217
1260 1134
1275 1099
1162 1083
1209 1084
1167 1192
1125 1156
1240 1268
1086 1148
1084 1123
1223 1116
1165 1269
1163 1260
1235 1152
1235 1080
1274 1217
1134 1255
1230 1153
1191 1174
1196 1139
1123 1102
1092 1172
1093 1166
1214 1229
1148 1125
1137 1172
1226 1254
1183 1243
1265 1133
1271 1123
757 718
620 691
605 765
703 679
779 714
655 769
612 681
758 663
633 631
748 629
639 774
651 618
675 619
774 756
650 596
705 689
771 728
651 655
658 683
706 627
667 699
767 663
674 664
658 736
670 718
646 678
696 666
660 593
612 716
625 730
731 627
675 735
630 759
604 735
654 706
679 752
658 767
707 660
722 679
716 765
645 617
688 759
677 629
603 730
592 616
764 768
657 753
719 619
632 778
682 612
632 668
665 625
641 658
368 395
386 440
462 375
468 422
475 381
542 408
413 497
447 428
540 386
513 370
374 411
465 495
365 508
487 415
505 389
397 514
473 427
438 470
513 399
354 363
499 542
354 481
436 498
498 507
472 532
530 415
524 528
497 360
453 355
352 436
451 492
420 396
469 350
419 484
383 390
442 352
523 484
404 458
483 514
477 401
430 367
367 429
404 386
505 384
458 353
419 537
512 394
419 388
437 469
458 429
378 348
374 525
493 493
406 284
240 226
236 318
223 422
412 235
287 383
347 292
367 254
243 396
327 420
301 301
242 257
332 242
254 286
318 304
335 262
349 412
250 405
371 396
253 235
245 287
271 345
330 368
402 225
291 343
418 343
362 404
276 304
254 288
346 345
346 405
397 343
356 298
268 364
337 384
288 337
317 273
314 361
401 240
389 395
382 341
321 380
224 401
273 276
405 302
270 308
344 272
413 241
278 294
272 252
361 401
329 285
288 226
3 174
55 118
138 60
70 83
56 109
50 91
117 155
63 44
139 56
56 37
186 58
28 11
173 83
18 88
118 96
129 110
62 53
89 73
46 59
128 5
159 97
78 19
1 171
8 68
137 161
162 149
85 122
61 36
144 59
68 114
128 157
174 171
43 53
26 160
107 93
125 86
181 109
154 137
114 3
108 187
44 9
124 59
196 156
24 178
157 162
150 137
40 166
169 90
184 18
84 83
186 104
9 151
126 185
74 134
200 43
51 77
138 80
158 94
55 14
127 43
75 22
135 148
127 161
38 100
32 46
104 164
193 105
179 157
4 198
187 195
179 105
131 44
28 110
55 100
163 20
90 86
193 112
125 162
73 52
176 44
8 138
82 166
132 137
26 123
169 42
131 185
71 184
200 28
72 169
160 182
20 21
178 145
183 21
28 74
116 18
76 5
193 178
130 12
176 51
128 141
23 73
187 38
153 177
34 49
18 29
69 169
5 162
132 91
137 69
187 108
7 121
63 149
80 43
180 36
154 162
74 90
133 78
97 71
200 73
118 180
122 118
40 113
143 111
75 104
112 4
157 75
99 167
155 157
10 199
85 183
87 116
75 52
93 161
76 199
118 164
198 171
128 107
137 60
105 166
109 35
81 63
89 170
177 33
86 65
93 130
199 194
32 132
178 13
7 185
10 191
164 79
92 176
188 45
74 107
171 192
103 50
64 17
104 97
98 68
182 20
33 136
148 113
25 131
123 44
140 14
132 91
131 8
156 96
174 67
36 14
121 137
147 169
25 150
75 71
124 72
65 121
171 60
76 146
60 32
188 11
30 68
109 14
99 104
179 70
182 191
105 102
190 185
147 79
181 119
74 38
30 192
118 66
199 47
163 72
82 60
107 154
70 172
179 32
116 66
90 68
184 193
132 119
170 139
3 159
47 74
14 111
31 22
92 63
146 103
8 172
191 103
182 18
85 92
11 123
140 81
112 193
53 47
103 64
197 79
10 113
143 169
89 131
172 150
143 188
190 138
107 79
57 68
38 142
50 194
23 166
124 25
78 18
4 180
83 113
69 104
100 68
174 141
59 138
175 142
114 196
58 110
197 70
172 127
122 134
125 191
191 116
131 58
100 174
69 24
183 189
80 60
185 191
30 60
102 95
113 52
108 6
114 191
144 126
155 68
74 193
157 80
80 146
111 182
86 176
165 15
57 191
42 28
87 38
78 189
161 186
100 161
15 105
19 199
134 108
133 179
146 164
88 2
101 143
121 157
123 139
100 126
151 131
143 107
51 81
146 195
112 190
143 30
66 149
20 35
123 153
5 149
136 200
10 166
22 13
42 184
25 85
187 184
38 187
193 155
97 21
104 158
149 166
186 122
29 36
147 192
140 171
26 76
65 132
39 126
103 175
41 160
