# source: JorikJooken
# original path: jj_extract\knapsackProblemInstances-master\problemInstances\n_600_c_100000000_g_14_f_0.2_eps_0_s_200\test.in
# optimal value: 100015655
# format: n capacity, then weight value
600 100000000
50000113 50000197
50000130 50000066
50000079 50000129
50000121 50000115
50000176 50000143
50000173 50000016
50000042 50000180
50000159 50000179
50000024 50000156
50000188 50000144
50000035 50000154
50000085 50000156
50000125 50000090
50000023 50000180
50000064 50000037
50000125 50000136
50000135 50000125
50000114 50000053
50000070 50000165
50000172 50000132
50000190 50000019
50000130 50000154
50000138 50000009
50000143 50000042
50000102 50000114
50000048 50000016
50000093 50000174
50000184 50000077
50000147 50000178
50000077 50000173
50000152 50000008
50000191 50000166
50000089 50000151
50000114 50000158
50000197 50000013
50000051 50000061
25000041 25000024
25000101 25000161
25000182 25000063
25000064 25000066
25000197 25000039
25000003 25000155
25000166 25000060
25000009 25000197
25000191 25000188
25000175 25000151
25000010 25000095
25000185 25000046
25000153 25000127
25000074 25000040
25000172 25000162
25000147 25000183
25000014 25000141
25000017 25000066
25000088 25000189
25000056 25000137
25000143 25000148
25000039 25000037
25000054 25000068
25000171 25000098
25000138 25000160
25000066 25000072
25000050 25000007
25000123 25000075
25000093 25000103
25000001 25000038
25000156 25000026
25000028 25000188
25000106 25000146
25000055 25000017
25000193 25000142
25000151 25000009
12500028 12500189
12500098 12500046
12500057 12500100
12500063 12500004
12500200 12500115
12500145 12500184
12500028 12500061
12500144 12500061
12500161 12500135
12500198 12500079
12500121 12500157
12500075 12500019
12500033 12500190
12500190 12500052
12500196 12500111
12500145 12500081
12500081 12500181
12500077 12500033
12500117 12500068
12500087 12500083
12500141 12500087
12500015 12500160
12500090 12500081
12500114 12500077
12500134 12500036
12500045 12500199
12500163 12500018
12500064 12500113
12500032 12500138
12500108 12500109
12500151 12500051
12500106 12500039
12500029 12500067
12500115 12500101
12500151 12500027
12500179 12500161
6250141 6250076
6250115 6250094
6250146 6250004
6250141 6250134
6250166 6250019
6250040 6250087
6250142 6250132
6250149 6250164
6250114 6250169
6250193 6250166
6250081 6250012
6250160 6250154
6250162 6250050
6250174 6250045
6250002 6250175
6250005 6250136
6250086 6250136
6250184 6250125
6250016 6250082
6250064 6250069
6250161 6250133
6250101 6250037
6250097 6250141
6250079 6250039
6250157 6250185
6250030 6250136
6250033 6250085
6250037 6250031
6250175 6250048
6250020 6250149
6250069 6250197
6250058 6250164
6250151 6250195
6250142 6250003
6250129 6250083
6250174 6250062
3125137 3125052
3125173 3125009
3125064 3125069
3125007 3125074
3125092 3125022
3125155 3125024
3125066 3125069
3125100 3125176
3125067 3125014
3125055 3125074
3125083 3125178
3125050 3125124
3125100 3125096
3125148 3125190
3125194 3125156
3125124 3125003
3125060 3125150
3125111 3125131
3125187 3125172
3125070 3125040
3125033 3125185
3125039 3125197
3125082 3125162
3125038 3125165
3125082 3125015
3125037 3125117
3125024 3125199
3125174 3125165
3125010 3125065
3125026 3125110
3125069 3125045
3125126 3125183
3125038 3125134
3125007 3125135
3125150 3125155
3125151 3125014
1562571 1562577
1562669 1562555
1562550 1562639
1562609 1562612
1562699 1562638
1562644 1562604
1562509 1562552
1562548 1562577
1562595 1562611
1562521 1562611
1562523 1562549
1562649 1562681
1562654 1562629
1562643 1562596
1562504 1562620
1562518 1562537
1562693 1562592
1562508 1562534
1562689 1562624
1562523 1562568
1562510 1562598
1562539 1562614
1562595 1562545
1562645 1562603
1562699 1562535
1562549 1562641
1562681 1562588
1562691 1562547
1562517 1562641
1562579 1562598
1562661 1562692
1562556 1562537
1562663 1562659
1562564 1562504
1562661 1562513
1562593 1562569
781442 781323
781425 781350
781329 781263
781295 781331
781372 781347
781296 781281
781374 781367
781435 781409
781381 781410
781432 781372
781268 781447
781331 781356
781434 781347
781271 781346
781280 781415
781322 781343
781427 781259
781406 781442
781298 781372
781332 781297
781260 781333
781384 781392
781279 781444
781411 781289
781419 781327
781400 781395
781382 781419
781441 781394
781429 781312
781384 781360
781282 781267
781325 781324
781323 781417
781295 781254
781339 781269
781312 781444
390815 390723
390768 390760
390770 390716
390709 390803
390658 390744
390686 390704
390756 390807
390697 390707
390820 390825
390739 390704
390820 390651
390690 390710
390775 390680
390641 390791
390725 390627
390630 390719
390682 390814
390769 390765
390819 390815
390680 390629
390669 390706
390643 390630
390765 390626
390699 390713
390660 390670
390645 390774
390818 390741
390728 390797
390822 390758
390817 390777
390653 390731
390776 390686
390666 390743
390735 390736
390700 390809
390763 390678
195369 195481
195318 195331
195400 195362
195418 195415
195442 195415
195494 195393
195348 195316
195432 195331
195502 195334
195500 195447
195333 195477
195314 195366
195454 195428
195467 195358
195447 195398
195464 195459
195437 195354
195340 195385
195490 195437
195442 195442
195411 195378
195404 195453
195465 195332
195356 195352
195375 195355
195368 195506
195380 195341
195447 195471
195383 195507
195492 195337
195442 195347
195505 195424
195400 195477
195373 195439
195342 195472
195496 195374
97673 97757
97659 97720
97833 97702
97812 97823
97719 97810
97850 97810
97839 97697
97688 97726
97697 97807
97808 97765
97842 97830
97737 97677
97785 97759
97808 97709
97836 97790
97722 97701
97792 97722
97831 97854
97784 97704
97838 97809
97713 97679
97661 97783
97720 97783
97849 97806
97736 97794
97711 97842
97778 97714
97665 97779
97834 97713
97771 97732
97855 97848
97745 97706
97683 97753
97839 97748
97679 97800
97737 97805
48862 48935
48865 48829
48901 48849
49012 48884
49023 49022
48978 48987
48846 48875
48999 48855
49020 48962
49014 48865
48991 48947
48889 48878
48941 49009
48945 48981
48955 48884
48833 48984
48932 48980
48966 48876
48959 48860
48971 49000
48975 48903
48922 48865
48861 48854
48968 48933
48918 48956
49024 48911
48832 49004
48889 49017
48913 48885
48888 48903
48884 49008
48879 48861
48983 48877
48893 48998
48967 48856
48853 48856
24521 24593
24603 24423
24444 24519
24531 24543
24585 24428
24526 24511
24449 24579
24490 24436
24569 24579
24423 24431
24569 24516
24431 24470
24451 24465
24541 24433
24538 24588
24554 24523
24593 24517
24510 24418
24587 24490
24508 24487
24465 24433
24491 24428
24530 24434
24427 24454
24438 24537
24443 24584
24463 24553
24440 24417
24594 24481
24522 24507
24562 24473
24540 24592
24546 24611
24516 24613
24541 24481
24502 24523
12341 12406
12367 12389
12277 12245
12284 12288
12368 12331
12288 12398
12343 12244
12356 12314
12226 12382
12354 12366
12282 12307
12221 12209
12223 12384
12360 12352
12362 12330
12235 12243
12292 12282
12305 12377
12241 12235
12341 12208
12228 12322
12351 12299
12261 12245
12256 12377
12306 12263
12229 12227
12232 12291
12224 12348
12406 12365
12306 12325
12218 12236
12220 12260
12289 12331
12346 12317
12334 12314
12208 12242
120 79
140 92
174 90
105 119
9 155
187 17
106 7
63 126
153 85
124 16
92 19
13 71
152 197
137 170
86 127
86 25
74 104
16 135
122 44
156 108
42 134
177 55
11 63
135 188
12 3
149 12
7 15
54 149
53 123
134 161
79 31
108 184
63 173
62 14
123 140
38 90
24 170
142 20
113 27
137 4
67 163
35 197
151 19
153 101
44 87
179 159
137 176
143 72
172 139
20 138
14 174
79 122
4 76
52 168
40 155
138 27
108 141
34 90
31 179
24 167
45 36
14 80
190 168
52 197
98 107
39 108
104 14
187 63
162 151
79 115
102 85
197 51
29 92
75 102
37 182
104 23
191 140
159 4
104 168
145 125
15 5
45 107
96 145
43 111
49 187
150 106
26 184
141 90
65 181
182 87
198 63
123 156
53 56
146 194
9 94
132 17
131 125
149 68
144 129
92 84
112 135
35 155
167 71
120 131
127 109
191 159
84 101
126 8
129 72
133 5
107 38
70 143
55 71
33 31
113 151
68 160
77 163
13 5
15 134
5 114
64 81
105 66
192 93
34 142
54 118
49 70
13 158
42 60
40 56
22 145
149 137
60 125
