# source: JorikJooken
# original path: jj_extract\knapsackProblemInstances-master\problemInstances\n_800_c_1000000_g_6_f_0.3_eps_0.1_s_300\test.in
# optimal value: 1013061
# format: n capacity, then weight value
800 1000000
600148 600209
600254 600143
600154 600059
600031 600284
600199 600038
600241 600052
600083 600053
600197 600264
600056 600124
600186 600021
600255 600172
600156 600220
600285 600276
600182 600284
600090 600181
600060 600060
600139 600079
600040 600280
600241 600243
600085 600300
600267 600158
600098 600152
600002 600018
600163 600128
600177 600053
600187 600276
600158 600264
600041 600129
600133 600022
600107 600024
600043 600005
600184 600186
600231 600080
600300 600169
600070 600293
600033 600271
600164 600264
600254 600026
600098 600015
600217 600174
600007 600138
600171 600168
600086 600189
600001 600222
600230 600058
600045 600173
600279 600126
600287 600290
600076 600107
600093 600113
600276 600230
600192 600063
600263 600254
600120 600282
600214 600083
600271 600178
600157 600044
600105 600065
600199 600062
600129 600272
600027 600156
600298 600258
600152 600059
600171 600150
600157 600053
600150 600149
600200 600219
600058 600037
600001 600070
600084 600104
600063 600286
600045 600117
600017 600019
600070 600237
600084 600167
600263 600081
600117 600026
600139 600042
600189 600156
600069 600270
600250 600294
600207 600095
600170 600181
600277 600230
600066 600266
600125 600196
600155 600024
600110 600090
600158 600291
600164 600124
600157 600007
600267 600036
600197 600169
600146 600169
600270 600289
600035 600218
600048 600017
600207 600022
600012 600074
600218 600068
600272 600282
600097 600273
600181 600148
600174 600004
600269 600006
600145 600090
600203 600076
600084 600094
600191 600209
600239 600025
600250 600220
600152 600269
350226 350277
350085 350008
350056 350136
350137 350157
350202 350217
350036 350038
350202 350175
350087 350013
350283 350187
350242 350138
350077 350146
350223 350068
350094 350013
350251 350078
350292 350275
350219 350011
350147 350234
350294 350032
350181 350197
350017 350137
350257 350119
350082 350273
350071 350143
350155 350250
350123 350063
350273 350252
350085 350053
350293 350035
350014 350056
350168 350266
350237 350110
350019 350139
350223 350263
350033 350284
350118 350251
350123 350065
350067 350274
350295 350118
350157 350063
350203 350263
350055 350094
350111 350106
350224 350190
350291 350272
350143 350060
350150 350243
350103 350205
350097 350058
350064 350011
350090 350057
350123 350086
350095 350222
350063 350173
350259 350160
350071 350005
350153 350058
350203 350061
350029 350079
350188 350032
350039 350099
350258 350117
350297 350162
350056 350043
350194 350215
350181 350267
350044 350051
350003 350189
350136 350053
350149 350297
350168 350094
350210 350292
350039 350273
350108 350018
350052 350145
350003 350247
350050 350114
350127 350110
350113 350041
350157 350250
350276 350156
350162 350137
350272 350045
350003 350026
350009 350227
350198 350093
350243 350121
350079 350228
350129 350075
350034 350154
350087 350209
350211 350237
350191 350165
350060 350044
350058 350271
350041 350076
350014 350169
350171 350237
350111 350077
350269 350108
350031 350207
350149 350051
350300 350100
350030 350228
350238 350079
350176 350045
350207 350107
350223 350235
350126 350031
350274 350008
350275 350136
350072 350140
350242 350256
225043 225053
225146 225182
225107 225241
225024 225265
225015 225156
225173 225111
225231 225057
225197 225224
225025 225243
225228 225212
225140 225229
225165 225095
225136 225206
225044 225122
225012 225281
225282 225288
225125 225255
225094 225022
225098 225291
225100 225052
225145 225226
225074 225018
225248 225085
225172 225057
225094 225195
225104 225101
225064 225187
225188 225204
225030 225148
225267 225300
225117 225138
225049 225283
225145 225053
225109 225283
225254 225172
225120 225241
225108 225135
225152 225279
225078 225266
225276 225276
225229 225281
225226 225128
225300 225279
225026 225238
225240 225257
225123 225001
225009 225016
225112 225218
225214 225028
225233 225189
225137 225215
225203 225293
225082 225071
225268 225176
225198 225243
225012 225041
225286 225221
225018 225019
225144 225156
225222 225195
225283 225184
225218 225120
225300 225019
225248 225139
225181 225231
225034 225133
225272 225237
225248 225129
225164 225149
225041 225180
225272 225214
225188 225113
225263 225013
225297 225171
225288 225057
225248 225288
225182 225083
225280 225282
225230 225116
225027 225118
225279 225261
225246 225262
225240 225033
225117 225077
225098 225227
225076 225065
225250 225297
225267 225217
225294 225015
225155 225035
225103 225285
225027 225128
225046 225267
225121 225026
225152 225003
225206 225226
225157 225156
225246 225277
225062 225181
225055 225117
225204 225134
225080 225222
225240 225138
225027 225126
225263 225068
225082 225210
225211 225219
225275 225070
225209 225140
225181 225007
225230 225222
225078 225188
162598 162757
162653 162758
162580 162638
162569 162533
162550 162568
162538 162793
162706 162684
162780 162665
162771 162679
162710 162749
162615 162702
162577 162546
162557 162614
162521 162778
162598 162589
162736 162687
162795 162636
162506 162725
162506 162689
162506 162646
162549 162677
162677 162575
162612 162504
162635 162796
162790 162800
162794 162687
162613 162783
162641 162767
162608 162656
162739 162633
162663 162648
162582 162707
162602 162506
162556 162685
162620 162753
162743 162661
162785 162593
162553 162717
162620 162568
162705 162796
162758 162542
162543 162744
162597 162626
162790 162640
162534 162565
162690 162754
162611 162774
162525 162649
162514 162510
162776 162788
162758 162795
162509 162513
162755 162793
162699 162584
162552 162678
162784 162526
162720 162551
162728 162502
162743 162647
162675 162516
162554 162765
162508 162579
162595 162731
162537 162685
162751 162735
162607 162633
162507 162508
162585 162571
162720 162795
162612 162681
162765 162631
162518 162578
162536 162610
162795 162629
162529 162550
162514 162635
162526 162623
162753 162765
162617 162630
162674 162626
162800 162747
162567 162683
162529 162615
162791 162540
162744 162612
162798 162640
162613 162590
162591 162524
162674 162689
162798 162625
162783 162532
162735 162744
162721 162755
162776 162790
162683 162777
162606 162691
162513 162583
162519 162546
162576 162629
162630 162631
162653 162641
162708 162554
162796 162605
162764 162706
162610 162741
162652 162777
162794 162517
162664 162676
162778 162568
162620 162598
162693 162768
162799 162750
131463 131289
131444 131491
131432 131446
131414 131259
131409 131318
131345 131395
131359 131418
131401 131537
131492 131538
131400 131385
131437 131457
131356 131337
131337 131354
131535 131406
131347 131417
131509 131337
131332 131393
131259 131260
131517 131469
131322 131358
131343 131490
131265 131290
131435 131258
131511 131511
131387 131536
131537 131368
131375 131531
131522 131476
131403 131443
131264 131261
131545 131290
131490 131540
131381 131528
131436 131374
131493 131267
131294 131326
131399 131270
131260 131389
131427 131499
131496 131522
131413 131322
131442 131432
131417 131322
131533 131532
131489 131341
131306 131441
131398 131511
131457 131253
131420 131265
131481 131362
131417 131385
131382 131372
131495 131465
131532 131534
131456 131309
131312 131545
131486 131318
131507 131495
131487 131253
131467 131271
131276 131502
131450 131420
131481 131359
131391 131476
131373 131314
131546 131358
131399 131517
131520 131408
131272 131328
131271 131345
131265 131457
131331 131262
131476 131368
131352 131464
131417 131471
131441 131506
131332 131311
131441 131533
131353 131512
131490 131299
131476 131254
131378 131539
131285 131540
131293 131415
131268 131382
131505 131312
131440 131346
131524 131379
131485 131471
131271 131499
131416 131284
131520 131414
131411 131446
131542 131385
131315 131489
131429 131379
131356 131530
131471 131280
131544 131290
131409 131519
131505 131319
131457 131342
131430 131499
131433 131531
131251 131444
131362 131251
131405 131541
131487 131515
131409 131404
131478 131330
131406 131388
131454 131522
178 107
143 26
169 19
93 226
238 92
4 293
189 223
136 43
98 75
168 191
123 208
112 124
173 74
7 26
247 200
142 79
25 260
30 99
246 209
18 199
248 14
265 215
3 140
246 232
119 292
162 271
89 264
162 148
128 55
54 144
230 47
74 157
124 126
255 57
177 176
25 227
281 69
61 82
131 272
294 156
260 214
103 42
76 163
68 136
297 33
298 87
165 251
157 33
225 294
42 292
86 254
215 105
45 196
299 78
220 211
263 86
212 243
175 183
284 169
150 205
186 149
16 250
173 246
60 209
144 265
123 5
140 182
172 7
290 266
51 165
216 23
63 202
8 135
111 256
299 91
110 104
173 60
203 196
249 293
128 47
261 211
171 73
149 5
212 172
287 192
178 9
27 133
295 256
262 91
18 79
104 119
15 182
300 167
20 162
89 52
204 30
90 234
29 9
108 261
158 68
125 246
235 128
104 103
48 257
217 205
113 239
297 95
156 66
82 113
40 144
300 181
265 278
194 224
243 47
17 279
14 185
233 70
258 200
215 269
29 135
23 58
280 175
53 119
213 147
268 71
138 81
210 288
202 124
41 11
255 276
29 57
112 141
288 117
198 227
293 72
188 93
209 194
31 227
285 222
173 299
86 200
218 38
123 180
125 202
262 42
49 80
30 263
215 68
8 153
266 94
118 53
253 48
76 139
27 117
6 242
48 141
96 207
250 264
17 272
56 200
230 229
300 224
142 71
173 232
18 207
210 110
83 86
274 81
69 32
214 94
97 108
58 222
182 6
293 187
136 140
59 68
66 274
148 14
88 198
151 237
119 90
142 33
293 299
203 36
82 185
143 286
253 109
172 48
58 199
270 55
8 67
33 129
183 112
298 72
245 213
182 71
179 199
21 224
118 10
82 219
264 161
226 147
199 93
238 227
97 47
24 281
80 255
68 115
51 295
30 50
77 79
250 294
2 237
208 206
50 14
289 241
280 244
266 280
87 18
205 240
116 24
174 95
188 265
10 157
294 231
188 17
160 248
165 154
48 261
73 64
166 2
59 51
260 68
20 201
207 199
300 59
157 93
207 27
44 46
42 175
