# source: JorikJooken
# original path: jj_extract\knapsackProblemInstances-master\problemInstances\n_400_c_10000000000_g_2_f_0.2_eps_0.1_s_100\test.in
# optimal value: 6000004725
# format: n capacity, then weight value
400 10000000000
6000000032 6000000086
6000000090 6000000072
6000000070 6000000075
6000000098 6000000048
6000000020 6000000027
6000000091 6000000014
6000000004 6000000030
6000000025 6000000037
6000000054 6000000027
6000000033 6000000061
6000000071 6000000023
6000000029 6000000078
6000000024 6000000065
6000000007 6000000098
6000000027 6000000058
6000000095 6000000014
6000000042 6000000051
6000000069 6000000050
6000000035 6000000044
6000000002 6000000001
6000000065 6000000026
6000000040 6000000092
6000000048 6000000027
6000000043 6000000027
6000000091 6000000075
6000000070 6000000088
6000000019 6000000014
6000000002 6000000029
6000000052 6000000012
6000000080 6000000055
6000000090 6000000004
6000000049 6000000078
6000000006 6000000024
6000000069 6000000042
6000000015 6000000057
6000000056 6000000004
6000000020 6000000041
6000000049 6000000027
6000000001 6000000008
6000000014 6000000099
6000000075 6000000060
6000000079 6000000048
6000000080 6000000007
6000000037 6000000044
6000000055 6000000081
6000000086 6000000062
6000000026 6000000037
6000000022 6000000035
6000000064 6000000025
6000000020 6000000069
6000000039 6000000001
6000000068 6000000091
6000000091 6000000090
6000000056 6000000088
6000000083 6000000033
6000000015 6000000034
6000000011 6000000094
6000000001 6000000002
6000000044 6000000074
6000000061 6000000084
6000000023 6000000060
6000000055 6000000004
6000000096 6000000076
6000000070 6000000015
6000000026 6000000015
6000000064 6000000014
6000000082 6000000089
6000000049 6000000059
6000000075 6000000015
6000000015 6000000002
6000000066 6000000012
6000000034 6000000087
6000000053 6000000021
6000000028 6000000047
6000000087 6000000062
6000000094 6000000066
6000000008 6000000095
6000000088 6000000089
6000000080 6000000082
6000000002 6000000007
6000000037 6000000049
6000000074 6000000055
6000000056 6000000084
6000000076 6000000079
6000000083 6000000073
6000000035 6000000039
6000000090 6000000084
6000000040 6000000072
6000000020 6000000053
6000000003 6000000041
6000000050 6000000058
6000000050 6000000040
6000000085 6000000061
6000000070 6000000013
6000000041 6000000061
6000000083 6000000088
6000000082 6000000021
6000000100 6000000028
6000000093 6000000043
6000000057 6000000076
6000000057 6000000050
6000000026 6000000023
6000000007 6000000081
6000000062 6000000083
6000000066 6000000028
6000000058 6000000061
6000000060 6000000045
6000000086 6000000095
6000000069 6000000085
6000000005 6000000055
6000000018 6000000098
6000000032 6000000065
6000000099 6000000027
6000000085 6000000021
6000000049 6000000046
6000000067 6000000029
6000000080 6000000082
6000000029 6000000097
6000000022 6000000070
6000000038 6000000016
6000000009 6000000002
6000000039 6000000016
6000000054 6000000020
6000000027 6000000046
6000000058 6000000016
6000000079 6000000098
6000000081 6000000001
6000000003 6000000051
6000000043 6000000049
6000000097 6000000042
6000000021 6000000074
6000000028 6000000085
6000000064 6000000084
6000000056 6000000060
6000000057 6000000090
6000000079 6000000062
6000000073 6000000075
6000000080 6000000012
6000000031 6000000022
6000000032 6000000089
6000000010 6000000055
6000000039 6000000068
6000000024 6000000015
6000000089 6000000048
6000000017 6000000085
6000000047 6000000023
6000000012 6000000004
6000000050 6000000015
6000000035 6000000097
6000000064 6000000086
6000000040 6000000083
6000000023 6000000018
6000000051 6000000097
6000000089 6000000004
6000000062 6000000020
6000000069 6000000065
6000000082 6000000063
6000000089 6000000082
6000000099 6000000030
6000000077 6000000091
6000000038 6000000033
6000000077 6000000036
6000000069 6000000005
6000000048 6000000097
6000000005 6000000045
6000000094 6000000045
6000000085 6000000049
6000000058 6000000066
6000000098 6000000057
6000000003 6000000075
6000000041 6000000027
6000000060 6000000061
6000000027 6000000079
6000000015 6000000002
6000000058 6000000023
6000000030 6000000022
6000000029 6000000004
6000000097 6000000097
6000000048 6000000062
6000000050 6000000085
6000000095 6000000051
6000000100 6000000053
6000000052 6000000022
6000000062 6000000032
6000000043 6000000056
6000000002 6000000071
6000000020 6000000078
6000000067 6000000044
6000000035 6000000099
6000000004 6000000003
6000000010 6000000036
6000000052 6000000016
6000000055 6000000032
6000000059 6000000023
6000000096 6000000078
6000000067 6000000028
6000000059 6000000015
6000000079 6000000065
6000000099 6000000056
6000000058 6000000076
6000000010 6000000072
6000000094 6000000071
6000000022 6000000050
6000000086 6000000024
6000000054 6000000080
6000000012 6000000049
6000000005 6000000096
6000000017 6000000028
6000000092 6000000080
6000000005 6000000014
6000000059 6000000022
6000000064 6000000005
6000000076 6000000023
6000000018 6000000074
6000000047 6000000034
6000000072 6000000011
6000000044 6000000041
6000000039 6000000080
6000000054 6000000042
6000000001 6000000054
6000000090 6000000005
6000000033 6000000076
6000000031 6000000055
6000000012 6000000070
6000000100 6000000078
6000000026 6000000050
6000000003 6000000006
6000000073 6000000079
6000000097 6000000027
6000000013 6000000004
6000000003 6000000009
6000000058 6000000050
6000000023 6000000056
6000000020 6000000004
6000000051 6000000098
6000000014 6000000023
6000000048 6000000020
6000000075 6000000023
6000000069 6000000061
6000000022 6000000070
6000000087 6000000070
6000000090 6000000024
6000000051 6000000012
6000000039 6000000095
6000000085 6000000089
6000000073 6000000059
6000000023 6000000044
6000000017 6000000023
6000000097 6000000001
6000000072 6000000072
6000000015 6000000026
6000000028 6000000096
6000000007 6000000056
6000000054 6000000042
6000000024 6000000039
6000000026 6000000078
6000000064 6000000019
6000000093 6000000017
6000000044 6000000004
6000000042 6000000044
6000000084 6000000097
6000000100 6000000099
6000000087 6000000017
6000000068 6000000042
6000000050 6000000009
6000000087 6000000048
6000000042 6000000048
6000000007 6000000072
6000000066 6000000039
6000000026 6000000098
6000000096 6000000069
6000000052 6000000087
6000000063 6000000097
6000000058 6000000051
6000000071 6000000090
6000000034 6000000095
6000000003 6000000092
6000000078 6000000056
6000000092 6000000046
6000000006 6000000007
6000000064 6000000082
6000000018 6000000033
6000000032 6000000043
6000000031 6000000056
6000000019 6000000022
6000000050 6000000029
6000000019 6000000090
6000000050 6000000090
6000000031 6000000065
6000000023 6000000024
6000000023 6000000001
6000000083 6000000097
6000000100 6000000007
6000000075 6000000012
6000000029 6000000044
6000000014 6000000078
6000000012 6000000049
6000000034 6000000057
6000000006 6000000051
6000000008 6000000077
6000000069 6000000072
6000000022 6000000032
6000000080 6000000011
6000000090 6000000094
6000000022 6000000054
6000000061 6000000027
6000000096 6000000062
6000000091 6000000071
6000000054 6000000080
6000000083 6000000051
6000000070 6000000043
6000000004 6000000044
6000000078 6000000016
6000000009 6000000021
6000000038 6000000075
6000000025 6000000029
6000000081 6000000066
6000000050 6000000001
6000000043 6000000029
6000000028 6000000065
72 88
23 82
60 30
66 93
90 7
60 58
34 75
19 78
73 99
52 56
4 38
67 6
82 97
29 98
70 77
88 70
42 63
11 5
77 36
50 34
51 77
46 93
87 43
43 31
33 65
6 51
21 50
69 94
37 91
84 99
14 20
51 11
77 64
87 38
35 57
93 77
73 65
24 54
61 88
31 41
60 57
51 78
27 38
77 90
94 40
4 11
40 33
88 71
59 63
71 31
59 40
52 84
48 6
65 82
67 61
90 5
46 33
39 25
93 71
61 89
97 41
31 75
33 100
15 14
80 75
24 27
40 62
46 48
96 92
32 81
61 59
15 7
70 86
75 37
70 59
96 86
81 58
76 93
47 59
79 60
