# source: JorikJooken
# original path: jj_extract\knapsackProblemInstances-master\problemInstances\n_1200_c_1000000_g_2_f_0.2_eps_0.1_s_300\test.in
# optimal value: 636624
# format: n capacity, then weight value
1200 1000000
600062 600268
600066 600173
600072 600030
600044 600215
600176 600222
600156 600292
600057 600202
600072 600018
600059 600119
600095 600276
600030 600102
600201 600059
600156 600051
600095 600240
600082 600281
600070 600227
600072 600068
600008 600117
600243 600187
600049 600055
600199 600099
600197 600238
600255 600262
600205 600244
600124 600017
600209 600038
600106 600240
600071 600288
600195 600249
600225 600175
600102 600229
600224 600223
600257 600195
600008 600030
600299 600043
600061 600050
600148 600204
600225 600214
600025 600103
600300 600278
600135 600098
600262 600238
600180 600198
600137 600154
600093 600117
600097 600181
600176 600159
600109 600080
600070 600129
600119 600258
600217 600223
600118 600157
600171 600257
600069 600199
600234 600012
600060 600178
600018 600004
600011 600251
600131 600057
600123 600103
600019 600118
600115 600154
600173 600272
600243 600199
600208 600299
600088 600105
600060 600015
600265 600148
600203 600291
600286 600295
600011 600223
600183 600031
600145 600239
600241 600111
600002 600286
600006 600009
600185 600080
600190 600064
600240 600162
600217 600280
600005 600178
600185 600140
600223 600258
600282 600120
600232 600008
600223 600069
600266 600299
600270 600123
600120 600107
600245 600073
600077 600246
600210 600288
600079 600068
600287 600169
600185 600252
600223 600022
600224 600047
600161 600247
600134 600180
600178 600261
600290 600286
600282 600221
600047 600231
600141 600300
600158 600178
600108 600237
600238 600144
600226 600023
600134 600182
600072 600273
600018 600048
600078 600019
600021 600258
600161 600185
600030 600254
600053 600099
600265 600215
600003 600183
600135 600196
600175 600105
600221 600060
600293 600279
600124 600029
600197 600042
600224 600149
600240 600007
600196 600195
600276 600056
600011 600172
600098 600024
600009 600113
600041 600201
600161 600122
600084 600023
600107 600245
600112 600106
600049 600023
600148 600093
600189 600090
600236 600117
600263 600047
600252 600071
600255 600189
600186 600154
600246 600023
600025 600014
600247 600247
600259 600155
600198 600176
600060 600051
600019 600044
600203 600012
600007 600049
600166 600058
600187 600174
600142 600057
600197 600142
600062 600118
600198 600290
600237 600212
600215 600269
600280 600092
600149 600197
600021 600223
600249 600018
600204 600216
600248 600191
600089 600139
600115 600047
600108 600197
600031 600240
600267 600100
600062 600173
600147 600021
600237 600126
600134 600164
600135 600035
600096 600188
600243 600177
600210 600221
600054 600080
600072 600257
600209 600275
600229 600107
600252 600126
600168 600179
600184 600114
600282 600193
600094 600146
600051 600117
600254 600255
600022 600042
600141 600151
600126 600113
600121 600242
600068 600172
600160 600298
600190 600048
600126 600233
600154 600122
600219 600121
600258 600084
600031 600188
600295 600145
600169 600072
600146 600296
600286 600107
600294 600169
600277 600073
600031 600225
600212 600146
600204 600037
600122 600149
600270 600214
600295 600014
600258 600012
600113 600288
600258 600163
600208 600129
600193 600014
600060 600153
600208 600251
600017 600259
600253 600134
600299 600250
600126 600174
600283 600048
600121 600065
600298 600251
600206 600136
600074 600241
600199 600122
600043 600096
600134 600004
600093 600237
600195 600188
600186 600098
600252 600245
600268 600011
600025 600203
600015 600074
600120 600267
600226 600173
600077 600087
600209 600088
600300 600058
600047 600188
600142 600270
600045 600059
600242 600219
600004 600153
600182 600284
600209 600296
600232 600004
600009 600142
600141 600110
600054 600162
600234 600061
600182 600190
600018 600059
600173 600005
600010 600174
600159 600230
600056 600006
600158 600225
600226 600141
600139 600084
600241 600144
600150 600165
600267 600187
600108 600211
600056 600195
600060 600019
600213 600153
600138 600008
600093 600153
600090 600041
600232 600118
600039 600274
600236 600256
600106 600018
600022 600183
600001 600072
600149 600278
600246 600071
600114 600117
600258 600159
600268 600041
600075 600020
600210 600250
600022 600099
600123 600170
600257 600028
600291 600213
600149 600271
600017 600093
600077 600249
600098 600259
600052 600127
600143 600212
600123 600129
600037 600207
600051 600124
600245 600178
600044 600050
600130 600093
600106 600023
600034 600287
600201 600098
600204 600183
600273 600200
600027 600127
600124 600175
600034 600218
600269 600137
600298 600138
600263 600261
600077 600071
600239 600175
600250 600100
600127 600185
600294 600080
600206 600126
600239 600098
600297 600043
600099 600245
600203 600068
600252 600123
600053 600014
600248 600208
600299 600287
600130 600060
600017 600101
600059 600278
600173 600161
600132 600008
600169 600239
600165 600214
600141 600096
600043 600261
600075 600216
600245 600215
600273 600053
600038 600115
600075 600298
600131 600173
600194 600131
600100 600153
600268 600268
600069 600038
600053 600250
600242 600026
600288 600037
600169 600147
600161 600250
600010 600217
600282 600300
600237 600108
600122 600077
600118 600121
600097 600058
600282 600140
600178 600215
600042 600034
600024 600050
600045 600215
600167 600269
600164 600284
600214 600277
600111 600015
600279 600087
600109 600003
600161 600269
600220 600033
600197 600073
600055 600067
600261 600102
600139 600094
600229 600062
600051 600129
600134 600199
600004 600070
600242 600197
600057 600231
600016 600212
600138 600278
600272 600076
600110 600080
600239 600232
600180 600300
600242 600007
600202 600077
600169 600102
600088 600039
600095 600236
600240 600143
600142 600213
600059 600200
600069 600160
600130 600147
600256 600108
600284 600006
600212 600296
600272 600250
600205 600054
600162 600190
600151 600050
600287 600129
600051 600282
600289 600144
600001 600192
600010 600222
600106 600286
600221 600054
600300 600156
600023 600072
600199 600248
600042 600137
600038 600240
600244 600075
600006 600282
600134 600094
600138 600120
600071 600208
600093 600266
600071 600221
600041 600053
600295 600058
600188 600013
600107 600134
600288 600046
600056 600102
600038 600132
600209 600256
600094 600187
600235 600167
600105 600025
600138 600219
600131 600086
600231 600093
600037 600110
600260 600036
600011 600037
600260 600182
600138 600102
600108 600186
600150 600091
600270 600190
600109 600048
600051 600004
600265 600205
600092 600116
600167 600265
600061 600190
600271 600010
600156 600018
600165 600255
600131 600235
600094 600288
600008 600087
600278 600182
600110 600235
600053 600009
600069 600221
600225 600142
600069 600222
600283 600269
600140 600080
600267 600294
600300 600150
600105 600033
600256 600064
600056 600198
600112 600042
600089 600164
600295 600063
600244 600183
600289 600008
600163 600030
600273 600100
600263 600088
600249 600109
600164 600036
600140 600260
600169 600193
600271 600045
600202 600055
600184 600043
600147 600258
600280 600227
600227 600157
600007 600086
600158 600254
600264 600047
600254 600295
600198 600196
600144 600253
600088 600254
600076 600015
600254 600105
600074 600174
600275 600078
600211 600068
600148 600272
600051 600045
600055 600095
600013 600081
600143 600265
600138 600244
600127 600281
600179 600115
600161 600096
600144 600278
600280 600051
600057 600160
600149 600286
600270 600005
600059 600219
600027 600207
600123 600146
600104 600137
600293 600095
600293 600198
600245 600139
600069 600102
600107 600116
600108 600108
600019 600122
600020 600176
600190 600083
600225 600192
600057 600153
600206 600275
600091 600175
600088 600130
600299 600188
600062 600014
600275 600256
600188 600151
600003 600225
600262 600107
600109 600287
600019 600044
600080 600237
600070 600247
600187 600117
600146 600229
600280 600177
600253 600062
600056 600095
600186 600273
600192 600297
600266 600254
600030 600053
600098 600278
600288 600145
600097 600165
600056 600021
600207 600288
600291 600052
600190 600198
600110 600276
600032 600193
600042 600035
600119 600286
600223 600040
600170 600164
600257 600281
600200 600160
600197 600255
600041 600261
600098 600107
600035 600040
600244 600051
600115 600044
600042 600267
600104 600039
600037 600252
600202 600197
600053 600174
600028 600122
600028 600278
600249 600246
600030 600031
600227 600263
600161 600010
600168 600040
600296 600295
600001 600206
600065 600035
600138 600113
600128 600004
600026 600046
600061 600211
600129 600271
600152 600207
600174 600029
600077 600199
600243 600168
600061 600041
600243 600098
600055 600166
600264 600113
600175 600244
600197 600023
600093 600021
600204 600145
600234 600184
600009 600299
600052 600090
600096 600102
600060 600029
600244 600126
600160 600105
600118 600222
600114 600287
600036 600115
600116 600010
600232 600262
600129 600133
600104 600100
600114 600235
600136 600116
600127 600264
600057 600009
600128 600292
600278 600278
600090 600013
600101 600298
600161 600033
600072 600177
600101 600291
600206 600121
600095 600153
600020 600160
600156 600071
600298 600033
600007 600058
600098 600108
600086 600112
600204 600198
600036 600053
600201 600037
600096 600188
600235 600018
600132 600133
600102 600269
600096 600212
600152 600119
600279 600238
600181 600297
600242 600061
600084 600193
600067 600043
600037 600104
600164 600144
600133 600038
600240 600259
600035 600056
600232 600046
600257 600196
600001 600038
600049 600132
600055 600269
600050 600287
600007 600288
600055 600176
600214 600231
600263 600192
600277 600290
600300 600108
600059 600224
600104 600102
600249 600151
600296 600211
600241 600064
600265 600209
600266 600116
600091 600042
600159 600022
600014 600268
600106 600020
600065 600150
600077 600063
600025 600234
600128 600182
600074 600152
600106 600133
600253 600265
600087 600109
600030 600015
600078 600108
600015 600190
600270 600054
600043 600160
600185 600181
600063 600064
600211 600244
600075 600169
600288 600206
600022 600149
600030 600016
600164 600022
600239 600085
600251 600236
600185 600158
600098 600197
600239 600171
600229 600054
600042 600196
600119 600107
600087 600281
600265 600111
600264 600022
600245 600042
600274 600131
600235 600090
600278 600147
600252 600256
600002 600086
600174 600046
600217 600174
600205 600096
600059 600209
600131 600281
600232 600220
600300 600008
600203 600020
600002 600080
600182 600175
600104 600106
600247 600021
600152 600152
600200 600001
600006 600001
600217 600176
600197 600075
600270 600150
600288 600285
600271 600281
600090 600023
600257 600203
600192 600024
600162 600261
600189 600284
600096 600023
600212 600060
600235 600053
600217 600011
600203 600109
600118 600261
600228 600294
600036 600054
600037 600018
600200 600023
600170 600069
600245 600259
600133 600177
600091 600038
600115 600191
600125 600251
600228 600036
600138 600194
600249 600295
600245 600139
600112 600229
600258 600034
600167 600048
600202 600266
600264 600007
600118 600225
600101 600041
600145 600246
600195 600114
600021 600154
600284 600043
600005 600121
600183 600268
600139 600019
600252 600042
600076 600121
600096 600070
600070 600284
600148 600153
600143 600280
600268 600132
600112 600039
600174 600183
600089 600116
600169 600099
600176 600139
600152 600064
600259 600251
600219 600174
600077 600174
600059 600194
600127 600222
600257 600154
600187 600143
600209 600022
600251 600224
600064 600177
600148 600148
600097 600147
600239 600026
600279 600149
600288 600289
600175 600074
600009 600291
600076 600022
600144 600115
600153 600219
600081 600190
600231 600001
600180 600295
600009 600243
600164 600041
600016 600185
600219 600095
600057 600054
600270 600196
600017 600142
600030 600082
600097 600257
600195 600057
600110 600038
600278 600100
600184 600157
600086 600232
600147 600065
600270 600296
600009 600099
600030 600021
600137 600014
600090 600116
600243 600260
600002 600113
600175 600278
600077 600138
600031 600107
600118 600170
600153 600238
600277 600082
600035 600228
600253 600125
600069 600130
600186 600123
600109 600299
600175 600099
600027 600001
600135 600261
600097 600284
600161 600206
600083 600153
600180 600123
600177 600262
600032 600294
600138 600080
600181 600063
600231 600089
600271 600212
600126 600182
600226 600033
600146 600279
600149 600012
600007 600031
600065 600203
600215 600180
600235 600132
600195 600186
600045 600247
600220 600186
600003 600110
600279 600246
600086 600150
600262 600185
600208 600187
600060 600209
600040 600272
600250 600114
600062 600287
600276 600231
600095 600297
600254 600296
600146 600069
600126 600117
600175 600059
600159 600052
600098 600017
600131 600076
600242 600299
600250 600064
600056 600154
600176 600009
600094 600022
600007 600198
600231 600267
600133 600203
600159 600149
600221 600133
600089 600275
600253 600170
600166 600286
600137 600138
600108 600186
600013 600252
600075 600127
600183 600131
600132 600012
600184 600098
600089 600230
600151 600108
600270 600169
600167 600053
600263 600275
600050 600029
600076 600197
600107 600297
600172 600119
600072 600011
600020 600156
600300 600179
600038 600151
600064 600205
600072 600147
600047 600051
600026 600075
600016 600230
600014 600172
600072 600167
600150 600146
600277 600114
600031 600070
600296 600244
600285 600051
600300 600193
600135 600079
600052 600213
600093 600230
600243 600213
600031 600091
600199 600166
600179 600004
600178 600178
600213 600019
600189 600099
600295 600191
600181 600289
600036 600167
600064 600021
600110 600192
600296 600152
600256 600091
600074 600061
600224 600188
600216 600267
600216 600297
600223 600069
600001 600045
600092 600183
234 194
67 267
115 287
240 103
65 50
29 253
197 18
105 64
220 265
27 43
166 107
157 233
86 15
49 25
291 93
149 110
211 278
233 2
69 167
43 178
228 1
191 172
77 38
48 36
139 233
259 279
178 122
212 193
115 115
11 23
206 238
189 131
288 196
242 179
89 167
59 100
53 119
109 125
166 69
272 144
185 194
186 246
55 95
273 239
127 73
101 204
23 92
37 29
278 1
230 105
197 139
277 217
206 44
53 169
160 153
38 298
28 40
293 141
40 55
222 259
216 285
219 246
288 39
110 130
257 269
127 243
247 5
185 289
247 6
86 19
246 295
180 260
68 280
119 146
118 240
242 162
24 1
18 38
121 193
279 248
260 3
15 282
251 74
159 25
286 3
181 193
114 31
106 173
134 54
154 118
107 279
270 251
34 130
234 199
13 32
295 35
61 121
131 29
36 54
212 208
96 114
222 134
293 89
192 73
277 253
189 276
248 99
159 235
124 65
18 79
278 42
78 149
287 265
209 273
48 48
271 95
278 263
273 283
229 51
210 190
200 149
245 156
190 204
24 127
76 164
196 179
6 203
118 159
243 105
16 288
74 172
86 158
19 86
236 293
47 247
295 201
6 175
263 48
182 232
210 29
63 223
265 274
67 166
111 23
37 233
287 276
209 68
123 227
108 219
139 50
234 233
71 95
239 175
82 102
44 291
220 187
121 202
221 53
295 11
263 260
134 20
13 208
141 238
160 66
98 270
274 243
176 230
223 241
78 212
36 86
64 141
3 282
150 44
260 126
77 286
285 44
81 197
19 194
192 3
129 115
218 105
252 42
202 247
35 221
39 136
105 175
180 161
238 72
213 241
128 139
202 119
191 123
214 241
219 237
284 249
270 274
163 121
173 59
68 197
110 135
292 75
120 258
272 26
143 149
185 218
46 89
5 83
232 280
251 211
16 42
3 73
140 227
281 26
78 140
225 160
118 48
278 61
57 297
200 229
282 65
218 228
225 159
221 254
9 152
176 190
23 18
109 63
254 141
294 89
203 109
219 126
144 270
139 197
229 285
250 18
122 56
282 164
17 281
289 239
194 256
