# source: JorikJooken
# original path: jj_extract\knapsackProblemInstances-master\problemInstances\n_1000_c_1000000_g_2_f_0.1_eps_0.1_s_100\test.in
# optimal value: 605344
# format: n capacity, then weight value
1000 1000000
600016 600079
600056 600008
600083 600022
600033 600038
600061 600061
600003 600061
600089 600075
600039 600027
600100 600098
600058 600064
600027 600056
600050 600010
600040 600046
600027 600064
600023 600002
600037 600087
600092 600076
600029 600087
600034 600061
600022 600041
600090 600059
600009 600038
600043 600029
600081 600050
600033 600021
600054 600062
600003 600008
600085 600027
600008 600048
600001 600055
600060 600053
600021 600099
600057 600065
600058 600068
600074 600082
600032 600089
600001 600006
600021 600020
600019 600091
600042 600048
600025 600027
600032 600025
600059 600081
600061 600093
600013 600087
600043 600094
600037 600060
600009 600087
600035 600070
600070 600073
600037 600046
600081 600008
600061 600024
600059 600055
600057 600001
600032 600084
600059 600002
600063 600016
600065 600083
600087 600054
600087 600045
600038 600066
600067 600048
600096 600020
600088 600072
600063 600068
600028 600003
600037 600023
600051 600019
600083 600024
600075 600024
600098 600017
600002 600041
600022 600077
600088 600075
600088 600031
600032 600088
600051 600033
600031 600086
600004 600068
600036 600022
600081 600007
600083 600041
600031 600068
600059 600034
600093 600058
600037 600024
600078 600053
600005 600008
600088 600048
600069 600001
600085 600068
600095 600049
600067 600001
600060 600089
600003 600061
600100 600030
600020 600057
600056 600060
600065 600083
600011 600090
600007 600072
600029 600066
600021 600064
600057 600007
600069 600074
600038 600018
600048 600007
600059 600050
600018 600052
600053 600031
600043 600053
600066 600042
600075 600081
600018 600100
600071 600025
600006 600082
600018 600009
600017 600072
600051 600012
600042 600064
600100 600013
600056 600037
600046 600030
600021 600019
600088 600019
600054 600081
600046 600084
600099 600070
600062 600024
600002 600011
600009 600050
600054 600052
600092 600035
600042 600075
600087 600075
600037 600085
600018 600026
600026 600072
600001 600065
600033 600100
600005 600086
600013 600089
600078 600001
600044 600042
600072 600049
600051 600067
600033 600063
600061 600050
600067 600042
600060 600067
600081 600080
600041 600083
600046 600056
600062 600065
600028 600068
600008 600069
600082 600051
600086 600027
600065 600035
600021 600047
600039 600028
600096 600073
600074 600029
600042 600009
600061 600020
600014 600010
600038 600083
600042 600009
600001 600019
600034 600075
600052 600071
600093 600029
600080 600033
600007 600014
600083 600091
600013 600092
600037 600088
600091 600001
600073 600073
600036 600082
600041 600048
600049 600027
600041 600019
600047 600029
600011 600002
600017 600062
600064 600021
600065 600009
600026 600042
600063 600007
600042 600055
600057 600028
600084 600020
600037 600070
600093 600081
600096 600087
600029 600010
600070 600082
600046 600080
600017 600035
600049 600032
600032 600022
600070 600010
600011 600039
600074 600086
600032 600060
600089 600027
600001 600005
600008 600025
600061 600023
600094 600071
600056 600017
600031 600018
600032 600018
600034 600088
600053 600057
600051 600056
600016 600058
600047 600031
600014 600091
600098 600052
600006 600026
600002 600042
600036 600015
600025 600029
600025 600014
600025 600038
600013 600037
600081 600064
600091 600028
600067 600093
600067 600019
600023 600083
600007 600080
600088 600079
600052 600008
600078 600088
600091 600010
600067 600039
600073 600058
600015 600068
600084 600055
600027 600004
600091 600026
600079 600066
600054 600038
600055 600062
600068 600088
600063 600062
600043 600067
600069 600066
600058 600086
600047 600034
600093 600059
600078 600033
600051 600050
600097 600039
600070 600006
600063 600015
600081 600080
600006 600003
600049 600057
600005 600100
600086 600060
600039 600088
600021 600066
600100 600028
600049 600022
600053 600052
600052 600039
600023 600050
600023 600023
600100 600075
600010 600010
600004 600073
600093 600072
600090 600016
600035 600043
600066 600076
600035 600056
600024 600070
600073 600095
600056 600035
600007 600032
600047 600029
600048 600074
600049 600072
600090 600007
600052 600052
600020 600030
600061 600049
600011 600032
600047 600098
600022 600077
600039 600007
600084 600020
600008 600062
600019 600097
600034 600009
600073 600021
600012 600087
600003 600058
600026 600045
600060 600006
600062 600083
600001 600018
600096 600073
600063 600026
600053 600078
600017 600079
600099 600027
600079 600061
600090 600095
600016 600043
600099 600030
600080 600044
600046 600019
600027 600073
600071 600052
600077 600040
600053 600088
600058 600033
600018 600014
600067 600079
600022 600067
600023 600016
600059 600025
600086 600068
600038 600080
600039 600077
600008 600084
600071 600021
600093 600057
600100 600083
600009 600069
600037 600035
600017 600095
600076 600092
600019 600071
600087 600051
600021 600052
600023 600026
600036 600024
600017 600014
600045 600052
600007 600012
600035 600033
600042 600097
600006 600069
600051 600021
600095 600006
600040 600073
600044 600061
600099 600082
600063 600033
600032 600065
600014 600033
600036 600074
600060 600094
600042 600096
600008 600009
600067 600021
600071 600084
600022 600060
600024 600083
600053 600053
600014 600003
600066 600021
600057 600038
600067 600016
600056 600083
600003 600073
600041 600027
600026 600075
600009 600027
600090 600085
600007 600069
600086 600041
600022 600054
600067 600100
600001 600056
600057 600034
600096 600023
600057 600005
600024 600089
600045 600043
600022 600086
600002 600067
600092 600080
600086 600010
600021 600061
600097 600076
600097 600066
600051 600089
600028 600045
600039 600031
600095 600015
600042 600077
600042 600020
600021 600092
600024 600047
600090 600012
600040 600079
600015 600067
600065 600010
600086 600085
600024 600054
600074 600076
600051 600069
600010 600099
600100 600071
600047 600036
600093 600083
600075 600082
600046 600075
600099 600052
600086 600045
600093 600016
600057 600003
600075 600091
600067 600006
600009 600040
600052 600068
600028 600003
600012 600072
600069 600030
600003 600028
600027 600030
600088 600070
600065 600084
600053 600048
600033 600055
600048 600031
600094 600042
600089 600064
600043 600015
600083 600089
600044 600098
600082 600034
600066 600031
600089 600009
600100 600096
600035 600070
600058 600095
600085 600096
600041 600013
600034 600099
600055 600091
600089 600099
600085 600094
600077 600006
600062 600013
600052 600084
600031 600032
600091 600098
600022 600063
600042 600027
600086 600073
600038 600025
600035 600066
600028 600040
600062 600009
600078 600054
600048 600078
600047 600076
600030 600049
600071 600096
600036 600017
600058 600065
600060 600064
600072 600007
600039 600001
600073 600087
600014 600090
600059 600079
600081 600064
600067 600053
600079 600028
600067 600094
600038 600018
600078 600042
600042 600067
600023 600094
600088 600028
600002 600023
600073 600091
600090 600082
600081 600004
600002 600052
600013 600006
600056 600027
600049 600061
600056 600092
600016 600068
600017 600066
600078 600020
600009 600014
600041 600032
600084 600073
600097 600012
600041 600012
600054 600051
600097 600100
600051 600056
600026 600033
600066 600091
600020 600085
600005 600036
600056 600042
600023 600003
600002 600002
600085 600054
600056 600088
600045 600014
600089 600035
600091 600053
600060 600076
600077 600088
600066 600092
600030 600072
600020 600031
600041 600071
600048 600099
600061 600080
600025 600024
600020 600014
600024 600035
600028 600075
600016 600099
600035 600026
600080 600010
600073 600044
600021 600016
600002 600011
600020 600088
600062 600048
600092 600051
600018 600023
600008 600090
600036 600043
600043 600060
600012 600005
600077 600011
600027 600100
600096 600066
600089 600095
600034 600058
600098 600052
600056 600032
600047 600094
600035 600095
600008 600009
600049 600034
600009 600043
600023 600039
600066 600034
600085 600033
600029 600065
600074 600077
600087 600041
600075 600038
600064 600093
600077 600080
600084 600013
600084 600074
600081 600006
600024 600048
600024 600036
600046 600093
600089 600026
600036 600004
600051 600027
600069 600048
600047 600063
600010 600069
600072 600039
600090 600022
600062 600028
600050 600023
600022 600099
600021 600037
600048 600084
600038 600067
600030 600001
600073 600012
600020 600043
600091 600016
600092 600089
600083 600098
600065 600034
600052 600011
600007 600090
600065 600005
600056 600015
600072 600078
600018 600073
600007 600038
600100 600054
600099 600090
600011 600058
600014 600075
600081 600006
600093 600038
600092 600011
600098 600016
600034 600055
600064 600035
600062 600067
600001 600071
600036 600051
600024 600072
600060 600085
600097 600011
600075 600012
600077 600064
600072 600064
600088 600019
600053 600095
600095 600042
600084 600033
600028 600039
600042 600093
600064 600032
600057 600041
600008 600022
600038 600057
600054 600027
600064 600072
600054 600073
600018 600069
600001 600048
600042 600045
600080 600078
600063 600010
600094 600096
600054 600043
600091 600066
600062 600090
600072 600055
600051 600015
600045 600042
600066 600075
600077 600024
600048 600068
600017 600044
600082 600069
600053 600086
600053 600041
600043 600048
600051 600058
600034 600065
600017 600007
600096 600036
600009 600088
600017 600027
600053 600008
600081 600069
600058 600062
600062 600096
600088 600039
600077 600067
600073 600087
600069 600095
600028 600082
600078 600066
600008 600001
600026 600043
600071 600092
600009 600004
600085 600037
600084 600072
600073 600040
600096 600006
600019 600047
600051 600097
600091 600081
600090 600066
600048 600011
600033 600008
600055 600058
600073 600098
600072 600075
600052 600075
600087 600096
600043 600034
600065 600013
600086 600096
600021 600026
600085 600096
600089 600100
600042 600076
600036 600063
600057 600097
600052 600030
600050 600066
600065 600094
600033 600033
600009 600086
600017 600096
600069 600017
600086 600078
600059 600043
600030 600064
600027 600075
600082 600005
600039 600099
600018 600018
600061 600046
600096 600100
600089 600076
600074 600093
600049 600003
600004 600053
600076 600032
600053 600052
600011 600028
600066 600087
600072 600068
600043 600056
600056 600046
600008 600042
600036 600046
600071 600072
600053 600063
600054 600049
600086 600037
600092 600056
600059 600084
600051 600020
600092 600066
600064 600015
600092 600075
600079 600073
600036 600084
600061 600083
600045 600034
600082 600031
600084 600018
600003 600053
600081 600028
600039 600097
600005 600006
600057 600069
600042 600036
600057 600008
600069 600091
600048 600084
600057 600064
600052 600059
600089 600032
600022 600090
600037 600041
600042 600060
600032 600041
600019 600077
600025 600084
600018 600056
600071 600062
600049 600059
600080 600010
600091 600001
600097 600060
600031 600094
600067 600056
600069 600022
600095 600045
600010 600099
600055 600035
600049 600045
600080 600069
600030 600004
600099 600026
600023 600077
600052 600080
600081 600085
600023 600059
600081 600088
600024 600028
600024 600007
600004 600066
600022 600089
600015 600034
600065 600067
600058 600013
600083 600001
600035 600054
600081 600095
600030 600041
600012 600042
600060 600047
600065 600048
600043 600084
600079 600095
600008 600041
600022 600064
600077 600008
600065 600085
600048 600019
600074 600012
600074 600004
600079 600067
600043 600007
600044 600049
600089 600049
600055 600046
600009 600069
600025 600078
600026 600093
600014 600004
600057 600009
600094 600072
600038 600024
600026 600034
600046 600023
600098 600098
600045 600018
600022 600065
600067 600001
600007 600100
600039 600002
600048 600078
600041 600006
600071 600033
600066 600014
600021 600023
600074 600019
600036 600080
600069 600031
600069 600058
600001 600052
600097 600077
600022 600016
600089 600074
600067 600016
600047 600069
600004 600038
600061 600051
600049 600035
600037 600038
600058 600095
600083 600045
600057 600003
600018 600058
600082 600091
600050 600025
600099 600068
600018 600023
600088 600050
600053 600048
600049 600028
600029 600092
600057 600019
600088 600075
600009 600025
600052 600076
600089 600033
600068 600045
600057 600055
600087 600042
600011 600053
600030 600017
600046 600039
600010 600035
600013 600068
600063 600006
600043 600063
600060 600063
600016 600004
600021 600014
600079 600035
600013 600041
600081 600004
600057 600027
600090 600033
600033 600088
600083 600035
600005 600097
600022 600011
600028 600007
600008 600083
600077 600016
600003 600025
600047 600059
600088 600071
600026 600088
600002 600043
600028 600026
600085 600023
600072 600012
600014 600041
600048 600004
600079 600058
600086 600070
600100 600043
600003 600048
600011 600029
600027 600063
600081 600030
600046 600080
96 99
38 88
52 97
5 1
49 33
56 89
56 47
61 85
80 90
28 5
50 86
39 30
58 9
29 32
78 12
22 75
6 20
58 5
57 92
62 73
25 13
63 95
36 52
32 93
69 91
32 6
77 12
58 52
37 49
97 66
30 71
89 100
31 51
35 43
92 31
91 91
51 77
42 40
36 89
97 27
80 63
87 53
75 65
7 82
67 69
48 78
18 53
46 91
47 12
59 39
29 42
16 88
95 82
3 81
40 96
24 80
56 91
29 5
43 82
29 9
92 96
1 69
23 20
85 89
68 6
54 30
26 35
50 28
58 1
9 59
7 17
4 84
71 87
35 86
20 22
42 67
26 88
39 96
21 31
71 62
49 15
40 75
61 21
51 31
53 3
25 70
49 42
99 52
9 26
39 45
1 64
72 2
34 56
53 1
94 39
51 7
22 79
93 23
15 4
36 38
