# source: JorikJooken
# original path: jj_extract\knapsackProblemInstances-master\problemInstances\n_600_c_1000000_g_14_f_0.2_eps_0.0001_s_300\test.in
# optimal value: 1022524
# format: n capacity, then weight value
600 1000000
500133 500303
500231 500239
500274 500116
500109 500244
500219 500273
500236 500163
500389 500107
500142 500164
500195 500192
500360 500341
500204 500242
500245 500257
500371 500189
500264 500111
500204 500302
500147 500110
500195 500264
500345 500184
500342 500182
500305 500244
500180 500374
500256 500303
500184 500361
500395 500160
500249 500301
500164 500114
500376 500144
500337 500369
500367 500287
500210 500396
500361 500354
500194 500101
500274 500312
500127 500202
500366 500391
500151 500133
250115 250167
250143 250107
250280 250193
250273 250157
250116 250325
250103 250364
250274 250357
250203 250196
250328 250370
250104 250343
250176 250325
250126 250136
250191 250360
250230 250372
250334 250292
250334 250291
250328 250281
250274 250384
250273 250185
250266 250194
250279 250342
250311 250205
250166 250142
250160 250286
250127 250361
250243 250381
250178 250379
250175 250295
250220 250185
250178 250348
250300 250240
250254 250147
250225 250227
250318 250203
250298 250320
250252 250292
125175 125368
125133 125305
125206 125245
125301 125266
125319 125353
125318 125190
125273 125360
125331 125372
125241 125398
125285 125264
125244 125189
125158 125278
125301 125330
125135 125191
125224 125139
125173 125312
125265 125136
125150 125265
125159 125172
125345 125118
125225 125173
125231 125288
125150 125134
125169 125307
125164 125392
125370 125329
125295 125338
125334 125370
125261 125136
125252 125227
125396 125193
125314 125251
125311 125201
125374 125235
125336 125365
125196 125194
62793 62892
62722 62719
62603 62616
62602 62755
62655 62789
62816 62876
62856 62782
62823 62761
62692 62775
62798 62834
62848 62864
62838 62631
62729 62671
62716 62632
62663 62609
62806 62654
62897 62764
62756 62828
62791 62814
62616 62686
62626 62787
62628 62899
62811 62891
62856 62612
62740 62662
62807 62762
62686 62774
62755 62617
62889 62694
62820 62754
62668 62642
62806 62861
62698 62810
62673 62829
62715 62678
62825 62877
31619 31600
31585 31418
31598 31388
31364 31384
31541 31639
31373 31554
31405 31386
31572 31570
31624 31583
31598 31402
31449 31395
31572 31549
31642 31628
31565 31434
31471 31636
31611 31504
31559 31473
31488 31435
31406 31516
31627 31544
31526 31617
31638 31385
31525 31618
31355 31553
31357 31413
31480 31441
31458 31472
31517 31547
31600 31536
31501 31464
31448 31498
31544 31588
31597 31508
31518 31545
31473 31454
31373 31565
15935 15901
16012 15971
15869 15745
15857 15996
15823 15982
15726 15830
15807 15850
15845 15768
15844 16001
15785 15759
15970 15984
15931 15897
15902 15903
15947 15927
15808 15986
15760 15908
15800 15834
15971 15750
15799 15918
15870 15975
15847 15741
15857 15791
15798 15785
15941 15877
15984 15835
15752 15897
15833 15908
15979 15888
15885 15762
15928 15899
15859 15730
15947 15980
15769 15981
15804 15792
16005 15985
15943 15871
7931 8129
8190 8012
8071 8003
8016 8059
8166 7982
7975 8025
8021 7991
7938 8091
8012 8008
8127 7919
8020 8015
8206 8026
8052 8196
8027 7952
7942 8191
8071 8089
8045 8212
8118 8069
8196 8177
8183 8192
8070 8138
7995 8049
8039 7969
8013 8191
8172 7968
7938 8170
7991 7949
8088 7947
8048 8122
8072 8067
7989 8012
7979 8197
8147 8025
7966 8043
8119 8070
7929 8175
4125 4189
4133 4105
4120 4127
4239 4084
4236 4295
4060 4080
4205 4297
4187 4289
4130 4221
4147 4148
4015 4106
4306 4067
4251 4232
4221 4167
4008 4136
4244 4123
4198 4108
4039 4117
4282 4066
4027 4210
4048 4128
4276 4267
4022 4247
4141 4238
4196 4152
4156 4060
4098 4220
4071 4276
4279 4200
4137 4125
4129 4101
4192 4298
4099 4178
4253 4118
4079 4238
4165 4131
2342 2141
2255 2265
2150 2145
2317 2058
2091 2349
2054 2102
2236 2251
2224 2064
2314 2226
2244 2107
2293 2214
2199 2333
2205 2091
2188 2208
2317 2054
2054 2132
2103 2321
2059 2315
2117 2322
2236 2165
2075 2232
2141 2323
2202 2073
2082 2316
2181 2059
2258 2115
2169 2352
2133 2164
2064 2246
2100 2162
2333 2336
2078 2210
2297 2163
2188 2273
2252 2166
2245 2118
1188 1215
1314 1261
1226 1119
1101 1209
1220 1250
1089 1258
1368 1126
1125 1105
1097 1179
1358 1224
1115 1207
1285 1202
1261 1162
1101 1105
1269 1221
1183 1376
1312 1328
1214 1344
1180 1238
1348 1281
1105 1138
1266 1255
1237 1136
1142 1160
1202 1231
1234 1224
1318 1328
1246 1302
1305 1080
1305 1252
1366 1182
1282 1152
1164 1245
1307 1364
1252 1290
1205 1081
648 803
800 625
818 873
789 618
712 823
648 838
865 739
677 596
852 765
870 655
817 818
614 652
686 804
648 606
736 606
729 825
730 880
637 603
736 742
638 867
875 840
716 717
839 710
842 774
857 653
621 751
665 805
664 623
691 715
639 853
667 884
736 882
687 739
774 739
797 787
619 614
425 462
506 529
412 435
596 427
561 354
586 505
440 369
476 584
357 582
455 552
544 621
420 585
415 368
408 397
543 361
358 593
561 597
561 474
508 568
598 414
627 379
555 481
539 574
581 433
552 399
526 520
441 398
512 518
589 382
617 473
508 636
464 634
610 479
599 613
368 482
364 534
364 315
251 428
317 373
308 287
481 462
435 506
279 305
343 488
337 423
412 245
455 342
486 250
323 444
351 453
494 504
397 315
336 515
404 327
304 365
477 413
365 225
339 228
496 476
371 424
461 500
293 458
455 354
449 504
497 394
421 362
285 339
507 371
498 262
406 280
287 507
500 424
99 50
114 17
66 275
147 102
264 283
7 211
17 171
97 224
260 208
73 127
195 101
72 261
139 212
187 146
191 298
19 186
72 12
60 7
43 43
275 117
290 177
230 149
165 100
82 213
240 109
80 147
293 120
43 164
121 231
57 235
144 298
141 83
226 262
291 287
265 181
300 270
32 10
198 71
1 37
40 79
269 91
186 117
37 80
118 66
245 87
168 48
93 50
225 194
35 175
111 76
100 253
47 143
138 174
107 49
282 23
57 255
195 224
250 58
44 294
22 109
211 197
102 165
63 242
98 169
208 95
290 48
66 54
165 152
285 80
209 126
156 155
276 274
271 269
58 207
204 204
157 46
118 1
25 154
263 117
197 271
92 102
25 227
25 68
103 290
153 78
170 290
128 3
169 70
280 242
256 165
292 259
23 137
108 33
284 149
5 222
220 69
226 175
199 31
263 227
221 41
218 160
234 205
1 1
177 134
23 56
152 37
80 22
251 247
130 42
126 46
123 149
225 126
7 176
140 230
149 210
46 254
187 75
279 29
16 21
196 121
266 187
239 269
168 150
203 246
109 48
231 99
280 238
77 199
173 167
146 199
115 256
16 28
