# source: JorikJooken
# original path: jj_extract\knapsackProblemInstances-master\problemInstances\n_400_c_100000000_g_6_f_0.2_eps_0.1_s_100\test.in
# optimal value: 99379367
# format: n capacity, then weight value
400 100000000
60000013 60000027
60000078 60000041
60000027 60000076
60000025 60000058
60000021 60000062
60000086 60000003
60000092 60000084
60000032 60000065
60000008 60000030
60000044 60000056
60000003 60000082
60000071 60000018
60000030 60000067
60000094 60000079
60000003 60000053
60000035 60000008
60000042 60000047
60000016 60000026
60000015 60000001
60000053 60000076
60000012 60000057
60000037 60000086
60000058 60000078
60000002 60000013
60000033 60000021
60000086 60000038
60000004 60000047
60000070 60000007
60000022 60000046
60000033 60000055
60000013 60000042
60000069 60000008
60000048 60000019
60000028 60000075
60000068 60000034
60000081 60000017
60000012 60000051
60000074 60000091
60000014 60000053
60000088 60000051
60000006 60000085
60000088 60000009
60000068 60000055
60000074 60000099
60000075 60000061
60000086 60000013
60000014 60000039
60000086 60000042
60000072 60000088
60000007 60000098
60000063 60000070
60000096 60000013
60000100 60000078
60000099 60000031
60000059 60000086
60000071 60000089
60000015 60000089
60000021 60000013
60000017 60000034
60000041 60000092
60000070 60000047
60000038 60000022
60000052 60000043
60000030 60000070
35000089 35000090
35000034 35000021
35000055 35000056
35000079 35000078
35000036 35000092
35000006 35000066
35000010 35000072
35000085 35000039
35000037 35000052
35000086 35000082
35000069 35000050
35000018 35000021
35000011 35000082
35000024 35000004
35000063 35000057
35000055 35000058
35000094 35000043
35000099 35000082
35000057 35000092
35000041 35000080
35000007 35000041
35000060 35000086
35000090 35000005
35000060 35000035
35000064 35000025
35000019 35000095
35000096 35000049
35000073 35000093
35000083 35000017
35000085 35000071
35000051 35000037
35000088 35000090
35000092 35000073
35000032 35000034
35000090 35000001
35000026 35000077
35000013 35000093
35000021 35000092
35000056 35000054
35000096 35000007
35000075 35000015
35000060 35000097
35000084 35000098
35000093 35000022
35000069 35000051
35000077 35000052
35000074 35000012
35000039 35000079
35000089 35000055
35000082 35000045
35000098 35000062
35000018 35000006
35000009 35000023
35000022 35000011
35000015 35000002
35000031 35000052
35000090 35000033
35000047 35000007
35000067 35000078
35000068 35000052
35000022 35000014
35000093 35000042
35000099 35000070
35000040 35000019
22500096 22500040
22500050 22500058
22500077 22500058
22500090 22500038
22500099 22500068
22500097 22500008
22500007 22500038
22500029 22500047
22500078 22500089
22500089 22500027
22500032 22500021
22500004 22500019
22500069 22500069
22500088 22500092
22500066 22500059
22500046 22500026
22500025 22500037
22500057 22500096
22500007 22500088
22500090 22500036
22500040 22500037
22500005 22500016
22500046 22500079
22500071 22500076
22500039 22500044
22500073 22500008
22500032 22500031
22500003 22500076
22500031 22500028
22500069 22500070
22500066 22500061
22500074 22500024
22500007 22500002
22500024 22500045
22500062 22500039
22500006 22500077
22500099 22500013
22500086 22500080
22500045 22500033
22500065 22500008
22500082 22500032
22500024 22500015
22500088 22500076
22500070 22500024
22500013 22500039
22500037 22500095
22500012 22500066
22500096 22500045
22500020 22500085
22500060 22500091
22500019 22500097
22500037 22500036
22500044 22500048
22500016 22500042
22500028 22500018
22500047 22500006
22500049 22500083
22500022 22500066
22500043 22500021
22500077 22500012
22500076 22500021
22500031 22500092
22500033 22500048
22500057 22500033
16250064 16250032
16250074 16250092
16250055 16250046
16250050 16250015
16250080 16250067
16250091 16250007
16250014 16250013
16250004 16250042
16250078 16250084
16250088 16250008
16250065 16250081
16250038 16250024
16250020 16250084
16250047 16250084
16250060 16250050
16250017 16250098
16250009 16250029
16250010 16250016
16250009 16250083
16250053 16250017
16250097 16250057
16250036 16250073
16250057 16250017
16250002 16250035
16250020 16250091
16250047 16250001
16250046 16250044
16250028 16250096
16250054 16250022
16250067 16250016
16250066 16250041
16250098 16250025
16250067 16250010
16250078 16250014
16250067 16250021
16250054 16250100
16250078 16250004
16250061 16250049
16250016 16250004
16250056 16250050
16250071 16250080
16250096 16250085
16250060 16250036
16250025 16250066
16250091 16250067
16250086 16250011
16250081 16250079
16250041 16250059
16250034 16250066
16250013 16250069
16250021 16250037
16250010 16250012
16250092 16250063
16250025 16250016
16250022 16250066
16250078 16250099
16250046 16250091
16250057 16250004
16250052 16250018
16250061 16250016
16250075 16250073
16250025 16250019
16250009 16250090
16250018 16250089
13125073 13125010
13125048 13125017
13125045 13125037
13125020 13125044
13125055 13125024
13125072 13125013
13125057 13125086
13125032 13125038
13125027 13125020
13125028 13125064
13125031 13125017
13125043 13125027
13125020 13125088
13125038 13125067
13125036 13125025
13125009 13125079
13125081 13125075
13125004 13125043
13125059 13125079
13125032 13125015
13125066 13125013
13125022 13125050
13125076 13125053
13125030 13125071
13125038 13125093
13125060 13125039
13125030 13125051
13125083 13125049
13125036 13125035
13125020 13125030
13125034 13125052
13125013 13125053
13125012 13125098
13125011 13125083
13125088 13125062
13125093 13125015
13125098 13125084
13125091 13125023
13125028 13125090
13125080 13125021
13125089 13125076
13125014 13125024
13125023 13125055
13125097 13125035
13125045 13125048
13125010 13125001
13125060 13125076
13125055 13125059
13125004 13125045
13125017 13125015
13125081 13125035
13125096 13125082
13125075 13125098
13125053 13125029
13125046 13125039
13125060 13125019
13125022 13125033
13125088 13125054
13125025 13125063
13125048 13125078
13125077 13125052
13125063 13125085
13125068 13125078
13125074 13125049
48 14
83 20
1 72
48 64
83 62
66 60
59 4
75 48
68 67
11 43
5 100
31 87
51 62
70 58
87 49
30 57
19 6
88 25
17 77
50 7
98 81
7 90
77 40
78 88
47 93
41 99
21 65
38 5
3 6
83 73
29 10
1 14
27 52
37 11
15 32
39 60
67 50
94 67
54 63
43 72
3 56
75 43
8 58
70 100
69 19
44 13
27 59
50 22
98 77
79 35
8 92
73 11
39 15
71 96
93 97
91 13
90 59
53 9
81 56
44 27
75 39
69 70
8 36
82 61
68 36
30 69
1 72
88 35
18 17
96 91
45 17
4 34
10 8
57 58
26 52
55 81
12 74
51 3
1 50
91 61
