# source: JorikJooken
# original path: jj_extract\knapsackProblemInstances-master\problemInstances\n_600_c_1000000_g_10_f_0.3_eps_0.01_s_300\test.in
# optimal value: 1017027
# format: n capacity, then weight value
600 1000000
510226 510133
510253 510118
510075 510100
510056 510297
510237 510134
510245 510058
510086 510111
510147 510050
510234 510267
510184 510249
510120 510190
510106 510035
510111 510215
510063 510232
510041 510294
510195 510044
510104 510234
510120 510001
510054 510059
510177 510278
510012 510250
510069 510200
510109 510299
510229 510294
510193 510064
510291 510285
510205 510270
510099 510154
510062 510218
510025 510261
510077 510190
510006 510036
510290 510013
510150 510044
510082 510226
510059 510169
510188 510287
510068 510267
510078 510009
510065 510228
510105 510015
510026 510278
510125 510068
510105 510166
510172 510107
510132 510128
260130 260095
260102 260086
260037 260031
260299 260190
260201 260015
260038 260264
260178 260290
260231 260158
260093 260092
260090 260154
260021 260274
260299 260216
260274 260017
260253 260293
260203 260109
260264 260280
260266 260280
260185 260035
260139 260278
260275 260090
260198 260147
260289 260049
260287 260173
260178 260222
260135 260054
260199 260300
260274 260086
260012 260106
260050 260230
260131 260142
260109 260112
260150 260047
260202 260142
260021 260206
260251 260222
260244 260263
260073 260064
260255 260239
260289 260141
260297 260219
260173 260297
260056 260118
260090 260167
260033 260046
260195 260108
260224 260171
135244 135282
135245 135192
135286 135041
135202 135154
135067 135026
135057 135009
135159 135052
135040 135102
135028 135019
135218 135168
135260 135024
135140 135257
135266 135075
135158 135175
135197 135241
135237 135015
135186 135109
135194 135125
135296 135110
135213 135204
135289 135037
135086 135271
135014 135134
135280 135139
135151 135051
135142 135266
135175 135114
135056 135167
135055 135001
135287 135133
135180 135195
135166 135132
135072 135158
135112 135201
135006 135093
135048 135128
135185 135266
135018 135272
135230 135265
135180 135209
135260 135069
135142 135147
135042 135280
135247 135192
135216 135064
135299 135095
72591 72732
72609 72512
72793 72746
72681 72718
72617 72710
72599 72568
72701 72614
72674 72577
72614 72593
72544 72742
72665 72635
72657 72697
72556 72717
72728 72579
72752 72613
72596 72568
72719 72567
72713 72695
72589 72791
72766 72681
72762 72652
72766 72593
72758 72696
72687 72732
72726 72759
72557 72738
72611 72713
72634 72641
72585 72746
72568 72717
72749 72580
72757 72593
72628 72541
72705 72715
72686 72614
72691 72546
72536 72733
72677 72679
72783 72635
72720 72774
72553 72512
72504 72746
72726 72702
72578 72591
72613 72600
72509 72761
41463 41366
41457 41321
41372 41467
41527 41438
41517 41432
41541 41379
41470 41518
41333 41322
41452 41452
41524 41514
41429 41439
41537 41427
41259 41279
41430 41324
41268 41472
41263 41456
41366 41437
41487 41519
41281 41516
41294 41481
41419 41334
41326 41398
41532 41529
41541 41510
41446 41537
41520 41548
41450 41546
41448 41525
41251 41481
41461 41409
41306 41405
41304 41276
41289 41320
41466 41340
41537 41364
41384 41315
41465 41415
41345 41411
41345 41290
41385 41523
41420 41318
41391 41504
41254 41506
41437 41453
41428 41393
41466 41447
25922 25644
25874 25891
25885 25648
25684 25670
25656 25773
25712 25632
25784 25878
25741 25729
25655 25710
25859 25914
25685 25630
25793 25828
25790 25865
25900 25883
25890 25732
25832 25777
25904 25855
25704 25799
25782 25634
25903 25685
25858 25840
25874 25815
25910 25632
25733 25865
25728 25834
25872 25893
25722 25681
25919 25909
25919 25849
25663 25683
25679 25745
25892 25795
25666 25919
25821 25737
25815 25792
25756 25656
25764 25739
25715 25720
25678 25737
25729 25797
25772 25708
25647 25787
25846 25755
25731 25719
25848 25757
25742 25881
18109 17928
17908 17970
17849 17980
17844 17979
17985 18057
18059 17934
17936 17997
17827 17908
17906 17817
18060 17945
17831 17999
17933 17967
17890 18109
17936 17884
17917 18034
18052 17907
17953 18097
18066 18024
17953 18020
17879 17988
17861 17872
17889 17938
18000 17890
17887 18072
18095 18005
17815 17926
17882 17869
17869 18030
17868 18056
18042 18108
17981 18026
17846 17999
18016 18092
17817 17885
17832 18031
17837 18024
18000 17991
17965 18071
17869 18028
17843 17897
17854 17817
17943 17934
17908 18106
17953 18093
18015 17910
18109 18104
13969 13998
13910 14016
14031 13972
14022 13966
14186 14086
14015 14099
13996 14075
14005 14045
14174 14175
13924 13984
13992 14027
14139 14064
14152 13917
13997 14169
13993 14160
14011 14125
14188 14187
14096 14078
14085 14033
13931 14196
14114 13949
13926 14102
13958 14164
14009 14075
13926 14060
13932 14002
14023 14059
13931 13949
14006 14158
14163 14006
14032 14041
14104 14035
13947 13940
14053 14202
14180 14077
14104 13908
13982 14166
13990 13967
14184 14181
14010 14137
14038 13909
14042 14143
14077 13970
14143 14038
13934 14123
14198 13927
12150 12235
11971 12250
12116 12076
12193 12172
12191 12082
12224 12004
12193 12080
12125 12237
12010 11995
11978 12006
12217 12036
12022 12116
12152 12251
12100 12146
12167 11990
12105 12026
11964 12231
11972 12162
11996 12198
12014 11994
12008 12049
12027 12149
11970 12234
12138 12121
12113 12180
12077 12085
12014 11980
12137 11962
12043 12134
12199 12093
12063 12147
12069 12075
11995 11994
12016 11971
12070 12094
12115 12078
12183 12135
12001 12250
12058 12167
12146 12097
12120 12135
12246 11971
12073 12181
12092 12159
12209 12157
11981 11970
221 211
58 124
139 63
167 71
109 258
254 40
204 268
258 6
132 244
150 85
257 192
166 165
33 36
213 137
2 247
60 263
245 271
120 234
66 252
45 120
273 51
192 26
270 214
6 267
286 10
248 109
200 53
10 164
153 283
281 223
10 239
252 182
276 180
44 187
225 119
172 106
262 232
296 136
12 214
297 220
167 96
11 159
71 30
13 52
118 197
220 200
300 229
9 281
204 107
244 93
277 236
161 102
133 187
168 81
138 277
193 219
254 4
107 265
28 222
217 120
209 60
135 148
272 253
138 27
157 177
44 69
157 153
165 154
82 139
199 37
235 136
155 103
222 94
83 40
292 83
177 74
107 161
63 18
215 147
147 70
53 24
39 71
43 6
208 101
165 291
120 292
296 190
178 68
209 17
184 224
186 268
243 230
69 2
41 249
180 15
285 265
159 278
203 50
62 34
277 129
247 115
189 226
90 200
142 32
146 22
118 158
95 113
230 65
97 205
223 145
138 181
31 46
219 230
124 99
249 22
243 213
134 210
130 219
209 229
80 53
46 160
137 150
147 173
125 211
60 4
206 220
49 125
121 236
271 131
93 132
19 175
71 236
275 219
286 258
117 218
17 188
259 124
190 124
263 209
204 260
40 114
107 206
293 121
276 19
79 32
45 166
225 108
189 173
297 204
123 24
201 69
19 268
36 168
44 197
89 55
132 117
215 127
288 121
169 105
131 30
40 6
220 42
276 293
236 4
70 107
103 298
169 77
51 290
60 145
94 110
33 22
230 237
205 177
110 173
192 265
225 181
172 126
295 56
136 295
106 81
226 2
263 76
193 60
238 115
20 75
281 43
