# source: JorikJooken
# original path: jj_extract\knapsackProblemInstances-master\problemInstances\n_600_c_1000000_g_2_f_0.2_eps_1e-05_s_200\test.in
# optimal value: 512253
# format: n capacity, then weight value
600 1000000
500200 500192
500194 500079
500158 500040
500098 500080
500201 500061
500128 500173
500205 500133
500054 500091
500050 500086
500124 500172
500163 500039
500143 500208
500122 500019
500064 500028
500049 500205
500096 500110
500112 500189
500010 500147
500073 500036
500135 500080
500108 500026
500130 500175
500162 500013
500075 500012
500024 500037
500136 500020
500133 500153
500058 500121
500194 500045
500090 500162
500178 500203
500141 500076
500039 500172
500104 500158
500177 500125
500140 500021
500105 500039
500043 500102
500023 500064
500108 500129
500059 500142
500069 500169
500128 500147
500197 500015
500114 500147
500082 500023
500049 500052
500146 500094
500155 500016
500077 500014
500183 500203
500158 500103
500208 500015
500199 500111
500075 500185
500076 500042
500024 500020
500077 500189
500179 500198
500188 500090
500146 500178
500151 500156
500156 500049
500116 500166
500136 500049
500011 500086
500047 500184
500155 500030
500051 500037
500108 500037
500084 500067
500173 500083
500203 500101
500023 500061
500091 500046
500088 500044
500201 500062
500033 500017
500074 500150
500136 500105
500100 500082
500027 500073
500036 500087
500076 500098
500159 500120
500128 500131
500140 500019
500200 500027
500139 500138
500114 500055
500177 500206
500090 500189
500049 500023
500020 500071
500055 500170
500178 500107
500102 500135
500027 500089
500077 500042
500018 500021
500069 500147
500161 500038
500152 500187
500188 500154
500071 500121
500176 500018
500149 500027
500071 500153
500093 500189
500147 500143
500207 500208
500024 500106
500042 500102
500122 500066
500123 500145
500143 500173
500143 500100
500159 500013
500050 500077
500040 500201
500120 500174
500016 500031
500090 500087
500044 500180
500188 500030
500015 500096
500144 500097
500070 500119
500140 500125
500205 500044
500040 500181
500064 500034
500138 500191
500090 500205
500137 500039
500036 500117
500145 500117
500093 500089
500084 500020
500041 500179
500204 500065
500164 500086
500195 500150
500079 500043
500059 500130
500162 500106
500014 500046
500020 500084
500144 500181
500012 500188
500083 500176
500138 500089
500163 500015
500107 500114
500116 500049
500143 500051
500094 500099
500105 500140
500161 500060
500100 500020
500035 500038
500040 500032
500103 500158
500126 500183
500090 500145
500181 500021
500069 500129
500020 500086
500040 500193
500021 500037
500010 500088
500172 500192
500025 500037
500131 500124
500131 500187
500045 500203
500052 500206
500176 500185
500160 500206
500031 500056
500159 500131
500195 500086
500119 500018
500150 500194
500059 500084
500067 500174
500137 500065
500104 500022
500033 500186
500170 500120
500088 500156
500045 500186
500142 500142
500170 500086
500187 500120
500015 500117
500108 500114
500154 500097
500100 500069
500139 500151
500087 500022
500132 500019
500112 500025
500199 500036
500190 500146
500057 500176
500126 500104
500193 500201
500049 500169
500053 500043
500071 500125
500021 500015
500062 500116
500139 500207
500025 500066
500038 500062
500208 500124
500206 500019
500088 500083
500201 500030
500104 500132
500187 500117
500093 500202
500033 500126
500117 500189
500099 500037
500025 500079
500166 500076
500021 500098
500200 500149
500093 500137
500165 500048
500183 500126
500135 500157
500046 500082
500135 500203
500106 500173
500019 500063
500088 500062
500091 500093
500052 500155
500018 500095
500178 500180
500063 500100
500183 500116
500104 500145
500199 500085
500074 500169
500029 500196
500065 500160
500098 500075
500180 500071
500145 500016
500132 500131
500091 500165
500116 500170
500021 500065
500094 500143
500179 500043
500209 500113
500185 500015
500200 500208
500193 500123
500019 500055
500181 500117
500010 500045
500173 500078
500142 500096
500209 500209
500180 500091
500128 500083
500047 500196
500053 500199
500078 500049
500053 500057
500156 500122
500188 500116
500164 500060
500037 500081
500141 500139
500020 500073
500123 500127
500085 500195
500068 500160
500164 500134
500018 500203
500071 500191
500026 500133
500063 500187
500099 500031
500192 500184
500119 500057
500173 500057
500203 500158
500016 500027
500038 500174
500022 500079
500131 500115
500028 500109
500081 500203
500119 500057
500034 500112
500192 500191
500149 500139
500126 500031
500017 500096
500198 500140
500022 500128
500190 500045
500094 500084
500068 500152
500085 500157
500071 500037
500175 500156
500136 500142
500064 500039
500136 500121
500046 500132
500207 500086
500175 500204
500175 500128
500129 500163
500131 500207
500143 500038
500097 500046
500011 500089
500038 500180
500044 500080
500168 500030
500039 500115
500120 500184
500030 500116
500206 500201
500171 500208
500180 500196
500032 500082
500067 500150
500150 500040
500173 500150
500098 500207
500102 500068
500057 500120
500125 500107
500074 500071
500070 500027
500027 500199
500138 500167
500012 500051
500056 500121
500090 500030
500128 500019
500072 500084
500143 500049
500189 500160
500087 500182
500145 500110
500106 500120
500196 500063
500170 500061
500013 500089
500112 500017
500048 500144
500179 500203
500012 500054
500038 500114
500051 500040
500171 500164
500094 500129
500193 500199
500081 500088
500070 500113
500119 500099
500069 500046
500189 500050
500062 500067
500050 500159
500060 500181
500109 500103
500134 500085
500117 500040
500174 500181
500021 500154
500127 500019
500149 500191
500200 500115
500162 500098
500037 500032
500105 500174
500056 500184
500203 500164
500027 500048
500169 500172
500030 500189
500081 500162
500170 500019
500068 500139
500196 500113
500174 500203
500089 500160
500063 500128
500064 500077
500162 500139
500178 500192
500138 500144
500117 500057
500145 500044
500198 500037
500019 500098
500050 500156
500168 500130
500083 500181
500147 500134
500023 500179
500058 500181
500142 500096
500097 500194
500138 500178
500069 500183
500073 500126
500017 500130
500041 500093
500158 500156
500120 500125
500017 500151
500039 500085
500072 500193
500084 500160
500071 500016
500092 500194
500143 500182
500082 500053
500038 500046
500149 500182
500063 500192
500168 500029
500159 500015
500077 500163
500208 500031
500165 500196
500207 500071
500203 500153
500087 500070
500054 500081
500054 500081
500156 500060
500107 500111
500117 500155
500197 500167
500153 500193
500080 500208
500055 500168
500129 500193
500208 500166
500032 500194
500185 500087
500151 500019
500096 500028
500085 500138
500036 500064
500011 500013
500071 500096
500084 500155
500014 500018
500159 500145
500045 500029
500176 500193
500060 500043
500186 500126
500025 500194
500027 500201
500038 500176
500063 500016
500110 500123
500025 500082
500080 500021
500150 500208
500062 500113
500146 500132
500187 500125
500157 500092
91 31
195 130
12 40
126 36
199 154
22 60
20 177
86 190
5 119
86 119
180 159
161 32
185 113
143 70
118 100
132 48
63 157
16 196
31 56
125 46
148 188
11 172
139 77
18 170
147 184
103 157
142 107
89 111
177 179
134 165
90 78
128 15
178 11
68 78
121 72
138 195
170 115
94 4
181 178
108 46
137 2
87 97
64 59
173 87
69 196
176 136
100 118
127 132
19 51
169 141
168 8
150 10
98 49
197 169
100 55
91 116
187 9
26 149
156 186
94 65
191 49
18 187
192 21
113 100
135 174
173 5
179 125
4 55
148 2
143 110
110 74
16 160
132 194
63 145
37 78
179 82
72 12
8 184
50 99
8 70
194 116
72 103
200 183
4 163
126 2
4 134
28 27
90 87
101 111
185 45
79 106
184 31
41 174
10 68
198 135
5 106
52 184
184 162
143 198
161 48
44 158
54 98
98 11
108 13
67 144
101 59
177 81
71 30
194 140
37 161
107 36
153 46
89 200
6 149
99 47
30 16
149 94
185 72
115 20
125 190
