# source: JorikJooken
# original path: jj_extract\knapsackProblemInstances-master\problemInstances\n_1200_c_100000000_g_6_f_0.2_eps_0.001_s_200\test.in
# optimal value: 100005289
# format: n capacity, then weight value
1200 100000000
50100091 50100193
50100136 50100065
50100195 50100049
50100066 50100178
50100143 50100024
50100021 50100109
50100056 50100008
50100062 50100126
50100185 50100096
50100189 50100132
50100135 50100011
50100128 50100155
50100030 50100132
50100016 50100041
50100149 50100155
50100134 50100112
50100041 50100093
50100150 50100132
50100195 50100155
50100121 50100008
50100044 50100140
50100133 50100148
50100077 50100186
50100067 50100194
50100116 50100025
50100131 50100057
50100024 50100043
50100146 50100147
50100017 50100148
50100167 50100130
50100028 50100165
50100015 50100200
50100009 50100050
50100151 50100140
50100135 50100119
50100033 50100159
50100107 50100079
50100042 50100192
50100020 50100038
50100113 50100178
50100195 50100199
50100010 50100085
50100192 50100019
50100188 50100041
50100131 50100132
50100172 50100123
50100023 50100072
50100177 50100085
50100103 50100067
50100177 50100089
50100137 50100056
50100049 50100153
50100079 50100035
50100024 50100011
50100081 50100096
50100063 50100024
50100169 50100148
50100096 50100192
50100043 50100190
50100080 50100101
50100035 50100154
50100084 50100150
50100061 50100044
50100070 50100088
50100003 50100111
50100134 50100065
50100115 50100070
50100199 50100073
50100121 50100003
50100030 50100125
50100162 50100026
50100124 50100109
50100130 50100030
50100113 50100030
50100027 50100108
50100161 50100174
50100109 50100116
50100144 50100017
50100093 50100093
50100099 50100130
50100039 50100133
50100087 50100121
50100117 50100047
50100135 50100035
50100199 50100171
50100097 50100049
50100192 50100038
50100166 50100138
50100085 50100139
50100066 50100133
50100100 50100186
50100186 50100150
50100168 50100105
50100167 50100117
50100081 50100092
50100194 50100031
50100020 50100112
50100111 50100070
50100198 50100171
50100103 50100150
50100136 50100148
50100114 50100107
50100079 50100077
50100046 50100145
50100170 50100024
50100193 50100143
50100108 50100064
50100051 50100165
50100123 50100064
50100019 50100163
50100177 50100147
50100050 50100182
50100164 50100067
50100137 50100137
50100117 50100039
50100096 50100045
50100146 50100196
50100007 50100035
50100188 50100100
50100004 50100024
50100192 50100118
50100114 50100130
50100038 50100084
50100058 50100001
50100035 50100008
50100096 50100057
50100184 50100077
50100096 50100181
50100048 50100139
50100192 50100136
50100036 50100067
50100070 50100006
50100122 50100107
50100166 50100143
50100141 50100033
50100191 50100146
50100169 50100026
50100068 50100027
50100060 50100039
50100156 50100112
50100143 50100048
50100199 50100134
50100146 50100142
50100060 50100171
50100057 50100170
50100170 50100192
50100126 50100095
50100009 50100148
50100178 50100089
50100030 50100130
50100163 50100059
50100049 50100131
50100065 50100149
50100156 50100062
50100122 50100130
50100030 50100043
50100073 50100170
50100144 50100200
50100105 50100124
50100047 50100094
50100055 50100177
50100132 50100014
50100061 50100164
50100068 50100128
50100161 50100198
50100156 50100181
50100110 50100080
50100057 50100089
50100007 50100098
50100039 50100092
50100164 50100091
50100130 50100038
50100079 50100104
50100199 50100173
50100139 50100098
50100180 50100136
50100137 50100065
50100188 50100178
50100055 50100119
50100048 50100081
50100146 50100136
50100101 50100069
50100029 50100073
50100116 50100189
50100074 50100185
50100198 50100008
50100152 50100139
50100149 50100041
50100178 50100145
50100077 50100099
50100034 50100066
50100099 50100150
25100026 25100182
25100169 25100052
25100199 25100103
25100016 25100080
25100132 25100178
25100171 25100070
25100030 25100007
25100007 25100043
25100059 25100068
25100082 25100066
25100063 25100062
25100108 25100127
25100188 25100046
25100072 25100169
25100131 25100059
25100170 25100191
25100168 25100193
25100169 25100012
25100053 25100089
25100009 25100120
25100112 25100039
25100123 25100155
25100064 25100006
25100195 25100153
25100071 25100153
25100170 25100150
25100119 25100145
25100144 25100001
25100093 25100151
25100062 25100157
25100103 25100046
25100021 25100074
25100047 25100024
25100021 25100054
25100095 25100143
25100059 25100067
25100071 25100141
25100110 25100187
25100095 25100086
25100089 25100081
25100028 25100194
25100086 25100200
25100101 25100071
25100006 25100003
25100073 25100006
25100186 25100144
25100177 25100128
25100165 25100099
25100006 25100092
25100068 25100154
25100075 25100020
25100072 25100180
25100143 25100102
25100178 25100036
25100011 25100001
25100162 25100109
25100112 25100164
25100117 25100034
25100196 25100105
25100025 25100118
25100110 25100074
25100069 25100062
25100175 25100018
25100196 25100131
25100095 25100082
25100060 25100174
25100068 25100191
25100141 25100134
25100188 25100137
25100156 25100093
25100193 25100079
25100136 25100095
25100132 25100136
25100155 25100199
25100182 25100188
25100111 25100147
25100184 25100031
25100148 25100038
25100009 25100036
25100025 25100173
25100156 25100037
25100044 25100136
25100016 25100001
25100115 25100095
25100090 25100066
25100126 25100041
25100027 25100198
25100058 25100048
25100072 25100016
25100111 25100097
25100035 25100009
25100063 25100016
25100013 25100124
25100073 25100139
25100150 25100176
25100074 25100173
25100154 25100144
25100184 25100138
25100083 25100038
25100086 25100192
25100188 25100077
25100092 25100185
25100003 25100125
25100010 25100138
25100188 25100115
25100122 25100006
25100035 25100123
25100105 25100145
25100055 25100170
25100079 25100197
25100039 25100133
25100198 25100125
25100124 25100077
25100164 25100096
25100131 25100016
25100121 25100068
25100086 25100150
25100131 25100169
25100025 25100113
25100040 25100147
25100014 25100008
25100136 25100109
25100072 25100017
25100029 25100150
25100128 25100116
25100157 25100110
25100188 25100167
25100183 25100107
25100191 25100108
25100026 25100112
25100010 25100182
25100080 25100050
25100099 25100045
25100099 25100033
25100176 25100019
25100052 25100177
25100076 25100188
25100176 25100159
25100100 25100172
25100096 25100142
25100183 25100108
25100162 25100033
25100137 25100034
25100125 25100001
25100184 25100078
25100009 25100081
25100178 25100195
25100145 25100200
25100133 25100029
25100127 25100164
25100175 25100112
25100014 25100037
25100055 25100064
25100195 25100080
25100145 25100044
25100075 25100180
25100117 25100155
25100200 25100021
25100184 25100177
25100153 25100122
25100200 25100085
25100071 25100052
25100160 25100037
25100097 25100190
25100011 25100125
25100053 25100066
25100141 25100085
25100187 25100022
25100163 25100074
25100093 25100092
25100135 25100188
25100049 25100013
25100168 25100078
25100140 25100025
25100199 25100044
25100058 25100087
25100144 25100084
25100127 25100145
25100158 25100083
25100014 25100162
25100179 25100119
25100158 25100147
25100014 25100063
25100124 25100037
25100011 25100192
25100029 25100031
25100182 25100065
25100125 25100186
25100026 25100032
25100173 25100058
25100025 25100198
25100142 25100191
12600063 12600143
12600166 12600083
12600130 12600171
12600113 12600134
12600017 12600105
12600164 12600157
12600191 12600084
12600032 12600103
12600035 12600150
12600154 12600052
12600186 12600190
12600087 12600010
12600117 12600162
12600143 12600125
12600009 12600188
12600087 12600078
12600046 12600130
12600024 12600088
12600091 12600096
12600159 12600088
12600076 12600072
12600144 12600062
12600062 12600120
12600152 12600085
12600061 12600111
12600037 12600017
12600169 12600026
12600145 12600005
12600004 12600032
12600042 12600081
12600113 12600032
12600168 12600149
12600143 12600063
12600116 12600017
12600115 12600018
12600074 12600146
12600019 12600093
12600197 12600196
12600091 12600049
12600164 12600010
12600194 12600030
12600055 12600018
12600139 12600182
12600108 12600040
12600156 12600105
12600009 12600066
12600133 12600103
12600106 12600076
12600022 12600113
12600110 12600169
12600160 12600105
12600188 12600039
12600149 12600022
12600056 12600052
12600102 12600184
12600130 12600002
12600160 12600178
12600197 12600177
12600174 12600080
12600162 12600147
12600070 12600057
12600190 12600106
12600162 12600020
12600104 12600119
12600149 12600106
12600129 12600021
12600060 12600031
12600112 12600183
12600140 12600184
12600051 12600016
12600076 12600120
12600128 12600065
12600022 12600153
12600054 12600166
12600079 12600087
12600199 12600054
12600038 12600110
12600130 12600060
12600018 12600085
12600196 12600191
12600194 12600124
12600119 12600069
12600108 12600043
12600090 12600103
12600199 12600044
12600003 12600165
12600179 12600051
12600152 12600030
12600190 12600061
12600091 12600148
12600136 12600128
12600021 12600011
12600036 12600199
12600198 12600151
12600126 12600001
12600069 12600018
12600010 12600088
12600054 12600041
12600026 12600149
12600156 12600034
12600047 12600083
12600073 12600147
12600169 12600164
12600104 12600077
12600044 12600155
12600146 12600004
12600155 12600014
12600108 12600136
12600006 12600101
12600049 12600172
12600039 12600122
12600171 12600012
12600052 12600048
12600157 12600121
12600048 12600026
12600036 12600142
12600142 12600015
12600145 12600143
12600160 12600030
12600117 12600194
12600200 12600034
12600174 12600165
12600004 12600051
12600188 12600003
12600051 12600136
12600033 12600193
12600089 12600051
12600072 12600093
12600026 12600045
12600199 12600029
12600180 12600063
12600117 12600049
12600115 12600009
12600123 12600133
12600071 12600015
12600045 12600036
12600160 12600034
12600141 12600084
12600172 12600085
12600021 12600134
12600026 12600067
12600188 12600127
12600144 12600110
12600052 12600195
12600077 12600183
12600174 12600054
12600113 12600175
12600124 12600148
12600140 12600138
12600071 12600094
12600109 12600060
12600124 12600010
12600196 12600173
12600160 12600039
12600129 12600099
12600153 12600138
12600181 12600136
12600037 12600134
12600053 12600096
12600164 12600150
12600145 12600199
12600087 12600011
12600028 12600088
12600123 12600071
12600111 12600153
12600036 12600183
12600191 12600059
12600108 12600077
12600129 12600024
12600127 12600118
12600195 12600197
12600100 12600186
12600112 12600055
12600134 12600184
12600096 12600091
12600158 12600087
12600144 12600010
12600050 12600167
12600040 12600082
12600027 12600181
12600194 12600010
12600085 12600139
12600198 12600120
12600178 12600010
12600179 12600170
12600169 12600192
12600161 12600143
12600144 12600130
12600184 12600029
12600058 12600163
12600061 12600033
12600097 12600115
6350152 6350101
6350012 6350114
6350082 6350052
6350124 6350055
6350024 6350107
6350072 6350143
6350109 6350129
6350056 6350107
6350036 6350056
6350193 6350184
6350008 6350112
6350064 6350129
6350187 6350065
6350134 6350016
6350100 6350004
6350105 6350165
6350109 6350140
6350005 6350036
6350091 6350191
6350115 6350107
6350033 6350066
6350091 6350167
6350164 6350157
6350093 6350164
6350009 6350013
6350043 6350044
6350008 6350089
6350153 6350190
6350095 6350176
6350172 6350009
6350011 6350047
6350110 6350093
6350172 6350095
6350103 6350072
6350148 6350112
6350067 6350024
6350027 6350082
6350036 6350142
6350089 6350109
6350004 6350137
6350022 6350052
6350016 6350162
6350091 6350028
6350127 6350104
6350177 6350118
6350172 6350180
6350199 6350047
6350041 6350193
6350043 6350114
6350150 6350103
6350025 6350176
6350127 6350059
6350086 6350045
6350059 6350048
6350017 6350021
6350019 6350170
6350077 6350162
6350146 6350031
6350171 6350154
6350089 6350157
6350119 6350095
6350195 6350062
6350069 6350026
6350167 6350039
6350085 6350105
6350045 6350029
6350077 6350200
6350068 6350132
6350112 6350080
6350014 6350020
6350159 6350014
6350149 6350009
6350087 6350067
6350059 6350126
6350130 6350019
6350115 6350151
6350030 6350128
6350041 6350063
6350063 6350043
6350052 6350039
6350067 6350008
6350048 6350066
6350092 6350171
6350014 6350104
6350176 6350141
6350001 6350178
6350192 6350182
6350157 6350010
6350116 6350017
6350133 6350060
6350107 6350131
6350151 6350057
6350103 6350098
6350017 6350156
6350147 6350195
6350124 6350024
6350072 6350089
6350045 6350020
6350125 6350169
6350102 6350185
6350151 6350020
6350177 6350029
6350153 6350072
6350179 6350095
6350087 6350178
6350183 6350096
6350115 6350008
6350014 6350099
6350194 6350089
6350067 6350073
6350096 6350122
6350106 6350068
6350006 6350017
6350033 6350014
6350069 6350049
6350077 6350026
6350079 6350105
6350126 6350099
6350157 6350090
6350198 6350070
6350197 6350194
6350038 6350098
6350151 6350060
6350105 6350170
6350142 6350193
6350109 6350120
6350040 6350015
6350199 6350144
6350011 6350075
6350130 6350053
6350158 6350167
6350010 6350140
6350090 6350110
6350074 6350069
6350145 6350021
6350066 6350080
6350012 6350052
6350138 6350132
6350095 6350099
6350031 6350093
6350183 6350112
6350146 6350193
6350096 6350161
6350151 6350103
6350161 6350051
6350033 6350196
6350088 6350021
6350162 6350168
6350041 6350134
6350165 6350072
6350108 6350194
6350048 6350193
6350055 6350093
6350127 6350149
6350133 6350021
6350116 6350059
6350036 6350123
6350171 6350086
6350081 6350027
6350017 6350013
6350020 6350178
6350189 6350074
6350124 6350071
6350050 6350179
6350189 6350061
6350128 6350009
6350004 6350138
6350024 6350066
6350127 6350093
6350092 6350112
6350160 6350087
6350009 6350043
6350117 6350177
6350001 6350026
6350145 6350178
6350137 6350181
6350120 6350060
6350181 6350164
6350180 6350040
6350128 6350079
6350032 6350161
6350015 6350138
6350041 6350109
6350198 6350128
6350005 6350112
6350137 6350067
6350036 6350103
6350019 6350154
6350054 6350018
6350079 6350186
6350125 6350137
6350021 6350177
3225068 3225169
3225066 3225108
3225189 3225104
3225030 3225045
3225125 3225048
3225149 3225055
3225133 3225010
3225024 3225111
3225004 3225189
3225071 3225004
3225139 3225019
3225026 3225076
3225069 3225033
3225027 3225188
3225004 3225154
3225085 3225085
3225111 3225187
3225024 3225059
3225045 3225187
3225142 3225179
3225065 3225081
3225179 3225046
3225186 3225025
3225129 3225031
3225168 3225112
3225196 3225017
3225009 3225001
3225029 3225196
3225006 3225131
3225154 3225190
3225156 3225193
3225028 3225183
3225188 3225041
3225114 3225139
3225007 3225182
3225110 3225080
3225154 3225194
3225130 3225110
3225014 3225053
3225171 3225004
3225034 3225045
3225104 3225123
3225046 3225163
3225128 3225051
3225169 3225128
3225106 3225070
3225037 3225103
3225033 3225084
3225076 3225109
3225154 3225083
3225057 3225099
3225082 3225026
3225114 3225173
3225124 3225084
3225083 3225057
3225069 3225179
3225083 3225121
3225121 3225145
3225111 3225064
3225015 3225109
3225049 3225142
3225198 3225085
3225197 3225137
3225156 3225162
3225195 3225040
3225106 3225163
3225173 3225022
3225012 3225086
3225045 3225142
3225106 3225157
3225197 3225090
3225027 3225116
3225022 3225119
3225015 3225193
3225066 3225052
3225055 3225092
3225129 3225178
3225180 3225012
3225189 3225013
3225077 3225135
3225047 3225125
3225155 3225022
3225023 3225071
3225065 3225109
3225164 3225062
3225104 3225190
3225103 3225026
3225118 3225066
3225162 3225168
3225187 3225199
3225090 3225072
3225009 3225028
3225070 3225173
3225092 3225082
3225099 3225001
3225095 3225084
3225181 3225074
3225081 3225168
3225009 3225120
3225185 3225179
3225181 3225150
3225131 3225103
3225062 3225158
3225116 3225109
3225136 3225029
3225148 3225166
3225094 3225079
3225159 3225148
3225194 3225146
3225048 3225065
3225089 3225015
3225092 3225185
3225040 3225160
3225102 3225136
3225184 3225101
3225180 3225091
3225106 3225145
3225151 3225049
3225200 3225198
3225071 3225107
3225082 3225192
3225112 3225168
3225090 3225146
3225189 3225198
3225020 3225142
3225144 3225155
3225006 3225116
3225121 3225070
3225194 3225028
3225107 3225100
3225045 3225095
3225011 3225134
3225187 3225038
3225189 3225067
3225122 3225095
3225133 3225165
3225169 3225137
3225074 3225080
3225185 3225104
3225164 3225087
3225024 3225070
3225142 3225087
3225066 3225148
3225197 3225015
3225145 3225105
3225137 3225200
3225132 3225056
3225057 3225101
3225146 3225157
3225117 3225154
3225031 3225172
3225049 3225188
3225093 3225015
3225097 3225141
3225100 3225145
3225047 3225080
3225088 3225081
3225148 3225038
3225001 3225009
3225173 3225189
3225061 3225066
3225100 3225195
3225068 3225057
3225187 3225046
3225138 3225197
3225148 3225094
3225022 3225155
3225055 3225103
3225070 3225056
3225054 3225182
3225085 3225192
3225169 3225164
3225152 3225155
3225033 3225088
3225098 3225088
3225118 3225095
3225087 3225047
3225067 3225194
3225043 3225109
3225120 3225060
3225002 3225049
3225155 3225012
3225079 3225179
3225084 3225085
3225010 3225038
3225181 3225095
3225181 3225142
3225142 3225124
3225046 3225012
3225008 3225143
3225029 3225152
3225063 3225088
129 115
61 101
47 130
117 155
86 18
160 189
125 83
114 52
84 15
186 176
76 144
178 12
131 65
171 70
66 141
30 72
99 102
89 57
128 103
63 153
11 134
120 53
100 104
56 118
7 37
137 74
115 153
118 74
76 5
119 143
195 34
188 18
165 68
198 149
85 180
166 80
183 173
24 160
123 34
58 128
115 91
101 160
181 116
191 116
197 164
159 104
173 14
184 141
152 167
23 103
35 169
189 46
142 172
100 163
126 27
95 92
95 195
157 6
152 39
36 130
95 61
75 155
98 141
129 140
126 170
184 186
101 38
32 188
97 118
196 118
106 92
132 98
84 106
167 146
33 8
114 73
140 119
193 137
183 125
70 148
6 171
123 76
104 53
73 108
129 39
55 47
199 64
153 133
15 7
22 188
143 189
127 60
41 31
108 190
90 191
182 145
115 14
111 146
100 85
189 44
122 92
77 175
175 195
95 99
172 179
24 139
43 74
195 54
13 141
49 145
14 149
8 35
116 173
28 67
49 101
16 163
112 93
51 84
107 139
62 199
118 152
61 156
11 144
155 168
8 1
113 177
59 112
121 33
164 25
15 41
78 79
80 34
102 14
90 121
34 14
41 100
175 53
103 130
98 129
77 84
25 54
69 94
50 195
152 164
100 147
23 27
113 10
153 73
77 78
97 142
184 3
86 58
144 41
90 190
91 28
134 141
194 179
45 82
157 2
152 58
149 193
77 165
61 90
180 60
75 123
61 192
103 175
173 107
74 153
196 104
102 115
186 13
25 127
91 176
123 34
65 119
97 119
188 26
176 24
130 76
148 139
120 102
155 200
75 62
194 29
20 118
18 76
173 57
58 12
4 189
111 129
176 43
135 136
74 177
17 121
93 108
94 39
134 47
16 105
178 169
78 31
198 156
80 141
178 97
30 143
113 127
10 36
84 66
138 100
88 173
29 45
14 140
156 149
144 186
160 164
167 50
75 92
104 59
134 104
25 151
150 55
155 121
198 37
59 179
152 75
27 87
160 23
108 32
184 11
169 167
137 106
70 152
196 39
174 144
39 164
164 161
133 15
14 115
47 105
103 113
