# source: JorikJooken
# original path: jj_extract\knapsackProblemInstances-master\problemInstances\n_400_c_1000000_g_14_f_0.2_eps_1e-05_s_200\test.in
# optimal value: 1008366
# format: n capacity, then weight value
400 1000000
500132 500176
500200 500153
500138 500111
500184 500192
500209 500196
500097 500186
500182 500028
500136 500140
500116 500162
500202 500055
500108 500012
500116 500121
500034 500169
500206 500198
500110 500012
500071 500128
500121 500068
500078 500030
500078 500025
500175 500081
500140 500060
500039 500098
500061 500200
500186 500115
250062 250164
250139 250166
250021 250178
250058 250178
250028 250026
250036 250096
250145 250108
250130 250117
250032 250061
250064 250064
250179 250195
250047 250182
250099 250040
250106 250182
250152 250103
250042 250084
250120 250109
250176 250111
250133 250057
250209 250138
250107 250207
250039 250051
250056 250094
250110 250039
125162 125053
125101 125052
125086 125168
125194 125028
125205 125060
125075 125030
125098 125155
125120 125189
125178 125054
125210 125121
125058 125163
125112 125011
125133 125091
125122 125136
125117 125182
125054 125048
125105 125088
125127 125026
125205 125182
125025 125032
125119 125198
125150 125168
125112 125198
125206 125058
62582 62534
62518 62660
62559 62575
62563 62535
62678 62609
62614 62689
62613 62614
62613 62550
62679 62584
62680 62688
62661 62510
62611 62678
62597 62512
62567 62678
62537 62700
62643 62708
62652 62682
62636 62698
62526 62666
62666 62531
62639 62512
62579 62568
62593 62514
62561 62513
31337 31317
31377 31355
31382 31263
31388 31320
31394 31380
31410 31383
31368 31290
31293 31453
31442 31329
31383 31391
31423 31429
31416 31328
31420 31442
31381 31317
31369 31325
31421 31319
31342 31382
31307 31337
31303 31316
31384 31296
31351 31391
31370 31451
31385 31301
31389 31416
15777 15772
15671 15738
15794 15656
15695 15693
15831 15637
15824 15743
15690 15752
15682 15732
15677 15652
15748 15731
15673 15709
15660 15673
15705 15752
15683 15757
15807 15829
15663 15644
15750 15823
15769 15665
15656 15699
15835 15799
15765 15705
15775 15730
15709 15829
15792 15652
7922 7919
7875 7983
7949 7996
7874 7904
7887 8006
7934 7976
8017 7880
7863 7922
7833 7936
7866 7873
7932 7908
7979 7986
7903 7883
7933 7864
7838 7944
7914 8006
7881 7877
7993 7908
7922 7957
7934 7951
7932 7871
7833 7925
7956 7983
7853 7835
3938 3933
4112 4087
4014 4035
3990 3923
4076 4034
4058 4098
3984 4062
4082 3936
4018 3992
3930 4091
4049 3971
3945 4064
3921 3934
4081 4002
4105 4061
4076 3997
3936 3942
4094 3995
4056 4029
4049 3984
4093 4004
4016 4072
4044 4105
3977 4112
2036 1966
2071 2126
2082 1967
2104 1975
2002 2039
2028 2022
2060 2016
1995 2023
2050 1984
2062 2145
2135 2056
2151 2113
2147 2127
1965 1986
2000 2039
2081 2091
2046 2000
2030 1987
2156 2066
2064 1994
2095 2048
2108 1974
2149 2136
2074 1981
1131 1069
1151 991
1174 995
1089 1079
1181 1013
1019 1040
1099 1096
1091 1088
1146 1157
1004 1181
1112 1075
1030 1018
1048 1045
1127 1103
1028 1123
1032 1059
1149 1068
1049 1024
1048 1023
1124 1026
1181 1004
1071 1139
1128 992
1145 1120
581 614
665 504
586 564
595 564
655 611
620 676
588 507
515 597
631 623
627 665
652 619
645 642
650 500
587 648
594 670
678 575
655 601
620 691
676 524
573 604
525 608
536 680
547 563
539 528
325 282
365 382
380 431
436 425
356 337
277 346
348 272
398 363
270 318
315 272
287 368
358 302
311 407
438 312
397 439
298 269
312 386
375 303
305 356
406 382
399 340
419 388
328 345
309 359
267 235
158 202
144 173
184 195
160 281
216 231
293 277
326 187
247 323
261 134
134 170
202 178
297 212
266 168
218 307
272 162
160 202
326 140
141 164
136 217
282 174
280 312
174 196
157 149
74 82
145 5
148 13
101 55
48 49
75 66
60 196
97 127
101 87
46 35
76 108
124 1
80 180
38 195
126 8
126 23
2 109
130 65
56 60
194 34
64 73
54 6
17 148
152 100
178 3
66 199
144 51
3 77
174 17
136 63
54 115
185 143
122 6
114 198
70 25
9 165
17 172
193 18
8 173
88 118
7 136
133 43
94 110
91 13
131 29
18 144
183 39
83 117
149 119
132 48
142 62
185 188
16 82
102 39
143 81
82 50
171 38
34 157
98 167
183 60
145 182
172 157
119 137
119 193
99 151
67 63
32 82
70 67
32 40
102 3
105 108
47 6
199 54
182 175
36 57
159 98
182 83
118 110
92 108
172 168
68 67
154 13
103 30
146 157
121 7
6 28
60 32
31 6
