# source: JorikJooken
# original path: jj_extract\knapsackProblemInstances-master\problemInstances\n_600_c_100000000_g_6_f_0.2_eps_0_s_100\test.in
# optimal value: 96884083
# format: n capacity, then weight value
600 100000000
50000042 50000062
50000037 50000066
50000083 50000007
50000096 50000035
50000064 50000068
50000052 50000053
50000037 50000052
50000062 50000086
50000065 50000055
50000098 50000030
50000014 50000033
50000042 50000091
50000036 50000006
50000018 50000074
50000032 50000007
50000063 50000037
50000051 50000100
50000025 50000033
50000042 50000092
50000074 50000062
50000025 50000003
50000048 50000011
50000092 50000018
50000022 50000007
50000027 50000014
50000017 50000006
50000010 50000073
50000016 50000052
50000048 50000017
50000031 50000031
50000058 50000003
50000028 50000076
50000033 50000016
50000038 50000099
50000003 50000016
50000028 50000014
50000071 50000084
50000065 50000091
50000005 50000024
50000044 50000032
50000054 50000085
50000003 50000072
50000075 50000065
50000014 50000011
50000006 50000002
50000092 50000024
50000080 50000071
50000007 50000068
50000035 50000062
50000095 50000067
50000066 50000074
50000053 50000060
50000095 50000081
50000002 50000045
50000017 50000052
50000012 50000060
50000033 50000035
50000010 50000060
50000041 50000047
50000066 50000026
50000053 50000034
50000065 50000066
50000043 50000050
50000063 50000080
50000077 50000058
50000003 50000019
50000063 50000063
50000070 50000030
50000065 50000095
50000037 50000089
50000066 50000038
50000064 50000012
50000011 50000020
50000013 50000047
50000080 50000007
50000036 50000067
50000029 50000001
50000076 50000041
50000034 50000057
50000009 50000078
50000096 50000045
50000012 50000006
50000013 50000038
50000016 50000019
50000030 50000049
50000016 50000093
50000062 50000031
50000054 50000031
50000061 50000035
50000017 50000080
50000062 50000023
50000090 50000009
50000025 50000079
50000083 50000023
50000037 50000075
50000077 50000068
25000028 25000036
25000025 25000081
25000070 25000063
25000057 25000034
25000039 25000013
25000016 25000092
25000045 25000007
25000025 25000080
25000001 25000044
25000008 25000047
25000039 25000064
25000074 25000049
25000087 25000051
25000033 25000051
25000059 25000053
25000078 25000024
25000088 25000061
25000035 25000073
25000028 25000014
25000066 25000031
25000042 25000059
25000016 25000024
25000057 25000057
25000089 25000052
25000089 25000004
25000071 25000071
25000083 25000039
25000094 25000034
25000005 25000024
25000069 25000099
25000028 25000093
25000086 25000060
25000016 25000007
25000034 25000006
25000069 25000029
25000099 25000019
25000095 25000007
25000070 25000085
25000040 25000023
25000082 25000088
25000053 25000017
25000057 25000095
25000068 25000098
25000025 25000061
25000011 25000038
25000010 25000041
25000003 25000046
25000042 25000051
25000093 25000013
25000057 25000013
25000088 25000012
25000009 25000048
25000065 25000018
25000022 25000047
25000088 25000059
25000074 25000031
25000016 25000082
25000052 25000074
25000073 25000052
25000056 25000015
25000092 25000091
25000032 25000074
25000072 25000011
25000036 25000075
25000084 25000046
25000024 25000051
25000049 25000012
25000025 25000061
25000035 25000008
25000085 25000078
25000031 25000045
25000046 25000096
25000034 25000008
25000054 25000008
25000010 25000017
25000024 25000014
25000019 25000081
25000094 25000076
25000042 25000062
25000021 25000087
25000044 25000066
25000009 25000089
25000018 25000060
25000036 25000095
25000007 25000060
25000008 25000042
25000059 25000089
25000023 25000039
25000041 25000065
25000034 25000018
25000064 25000015
25000097 25000048
25000035 25000082
25000055 25000034
25000060 25000010
25000079 25000094
12500017 12500077
12500093 12500017
12500049 12500100
12500002 12500012
12500084 12500021
12500067 12500100
12500080 12500041
12500092 12500041
12500077 12500026
12500079 12500054
12500037 12500011
12500039 12500074
12500090 12500001
12500061 12500015
12500021 12500071
12500046 12500097
12500032 12500092
12500085 12500061
12500008 12500078
12500092 12500092
12500062 12500021
12500055 12500059
12500097 12500070
12500053 12500054
12500016 12500093
12500029 12500050
12500085 12500077
12500017 12500057
12500078 12500084
12500100 12500061
12500031 12500092
12500052 12500001
12500098 12500026
12500064 12500026
12500057 12500041
12500054 12500093
12500040 12500067
12500010 12500011
12500022 12500097
12500010 12500017
12500100 12500067
12500057 12500024
12500032 12500085
12500051 12500040
12500012 12500018
12500069 12500093
12500081 12500027
12500080 12500079
12500041 12500004
12500055 12500014
12500096 12500076
12500016 12500003
12500041 12500042
12500061 12500078
12500068 12500071
12500048 12500073
12500081 12500093
12500025 12500016
12500071 12500013
12500010 12500032
12500012 12500037
12500013 12500028
12500019 12500021
12500022 12500008
12500037 12500040
12500017 12500058
12500035 12500086
12500071 12500093
12500006 12500077
12500050 12500030
12500075 12500077
12500018 12500028
12500021 12500069
12500037 12500010
12500060 12500032
12500038 12500028
12500014 12500005
12500053 12500080
12500043 12500072
12500036 12500072
12500088 12500052
12500090 12500037
12500089 12500025
12500085 12500003
12500030 12500039
12500001 12500024
12500017 12500050
12500053 12500057
12500049 12500065
12500087 12500023
12500008 12500067
12500050 12500068
12500042 12500021
12500070 12500004
12500019 12500004
12500044 12500049
6250085 6250016
6250075 6250064
6250017 6250087
6250051 6250035
6250083 6250014
6250060 6250078
6250088 6250076
6250008 6250043
6250043 6250078
6250055 6250086
6250036 6250024
6250013 6250073
6250055 6250077
6250098 6250058
6250019 6250086
6250073 6250023
6250043 6250041
6250067 6250095
6250042 6250026
6250086 6250012
6250022 6250019
6250085 6250077
6250081 6250009
6250025 6250054
6250062 6250031
6250080 6250038
6250045 6250094
6250060 6250098
6250031 6250004
6250020 6250023
6250066 6250055
6250006 6250017
6250095 6250098
6250010 6250043
6250060 6250070
6250078 6250027
6250028 6250010
6250001 6250030
6250081 6250032
6250051 6250030
6250068 6250070
6250097 6250084
6250085 6250022
6250044 6250072
6250059 6250063
6250062 6250015
6250022 6250048
6250006 6250087
6250009 6250044
6250086 6250069
6250018 6250005
6250028 6250033
6250034 6250070
6250081 6250045
6250095 6250018
6250031 6250063
6250054 6250083
6250022 6250069
6250007 6250049
6250082 6250066
6250064 6250024
6250003 6250053
6250001 6250040
6250095 6250069
6250095 6250089
6250074 6250018
6250049 6250004
6250024 6250017
6250003 6250006
6250029 6250045
6250043 6250001
6250064 6250013
6250099 6250025
6250097 6250098
6250069 6250022
6250031 6250013
6250011 6250065
6250075 6250005
6250037 6250042
6250047 6250034
6250062 6250081
6250020 6250094
6250036 6250034
6250068 6250077
6250013 6250084
6250095 6250046
6250037 6250085
6250022 6250050
6250044 6250080
6250083 6250029
6250040 6250061
6250087 6250003
6250064 6250025
6250018 6250084
6250043 6250010
6250042 6250094
3125038 3125028
3125046 3125021
3125047 3125005
3125074 3125001
3125015 3125024
3125029 3125056
3125087 3125074
3125044 3125028
3125050 3125001
3125012 3125032
3125061 3125013
3125098 3125063
3125090 3125031
3125099 3125097
3125045 3125079
3125077 3125033
3125050 3125090
3125049 3125037
3125026 3125100
3125080 3125078
3125012 3125084
3125094 3125005
3125045 3125004
3125059 3125004
3125090 3125059
3125045 3125070
3125066 3125083
3125095 3125042
3125038 3125077
3125015 3125061
3125060 3125002
3125088 3125069
3125034 3125082
3125065 3125004
3125032 3125012
3125018 3125083
3125061 3125036
3125055 3125025
3125010 3125069
3125036 3125048
3125017 3125024
3125064 3125071
3125029 3125074
3125092 3125025
3125024 3125047
3125028 3125040
3125029 3125064
3125027 3125012
3125042 3125010
3125022 3125075
3125092 3125061
3125005 3125097
3125024 3125059
3125036 3125047
3125018 3125082
3125090 3125009
3125022 3125044
3125057 3125047
3125048 3125099
3125068 3125081
3125031 3125052
3125009 3125041
3125094 3125013
3125075 3125054
3125043 3125094
3125061 3125048
3125042 3125043
3125026 3125086
3125093 3125088
3125032 3125080
3125017 3125002
3125083 3125020
3125055 3125048
3125020 3125027
3125033 3125001
3125051 3125062
3125043 3125098
3125080 3125028
3125050 3125020
3125027 3125014
3125066 3125069
3125063 3125020
3125076 3125067
3125025 3125091
3125037 3125017
3125063 3125013
3125052 3125054
3125056 3125034
3125087 3125045
3125086 3125011
3125037 3125052
3125084 3125085
3125016 3125028
3125079 3125005
3125051 3125026
3125051 3125031
34 83
48 28
21 60
79 35
53 50
96 90
25 85
27 54
71 90
14 76
96 70
49 30
46 93
64 49
95 32
51 57
72 62
95 14
25 51
45 97
71 88
7 1
20 49
33 52
43 27
74 90
85 80
48 47
69 95
77 97
7 23
92 48
64 45
99 1
63 44
100 28
44 49
49 91
74 34
52 45
8 29
13 87
56 92
21 51
51 71
49 66
57 70
17 49
65 7
50 7
22 48
72 86
60 71
56 13
84 13
66 7
52 21
19 67
8 17
42 62
41 78
23 91
19 26
16 58
70 100
36 89
82 42
43 77
12 49
97 34
50 41
64 66
3 41
90 95
98 18
17 74
52 47
59 73
91 19
67 64
4 22
33 54
71 69
8 100
51 39
84 67
66 44
56 87
11 21
49 37
86 94
91 83
61 48
80 92
35 22
44 66
54 71
48 99
78 51
66 22
3 79
58 2
37 26
48 9
85 40
98 65
62 66
60 53
67 65
64 57
74 44
28 62
61 98
83 80
2 19
49 18
96 84
97 31
81 79
19 26
