# source: JorikJooken
# original path: jj_extract\knapsackProblemInstances-master\problemInstances\n_400_c_1000000_g_10_f_0.1_eps_1e-05_s_200\test.in
# optimal value: 1008373
# format: n capacity, then weight value
400 1000000
500127 500063
500086 500036
500035 500046
500062 500151
500022 500075
500168 500072
500111 500043
500062 500147
500119 500167
500162 500160
500086 500094
500087 500162
500045 500179
500134 500165
500043 500149
500052 500086
500189 500110
500105 500136
500150 500149
500037 500091
500157 500025
500034 500062
500128 500178
500082 500034
500012 500087
500108 500167
500100 500089
500013 500025
500187 500061
500200 500059
500063 500188
500201 500203
500136 500064
500168 500126
500155 500187
500100 500189
500084 500168
500171 500041
500141 500040
500082 500154
250066 250133
250091 250015
250060 250031
250125 250116
250174 250117
250025 250109
250049 250154
250168 250172
250097 250148
250186 250016
250100 250056
250155 250135
250035 250088
250077 250139
250022 250081
250083 250144
250048 250114
250058 250068
250142 250087
250043 250062
250156 250163
250120 250185
250141 250164
250130 250106
250124 250063
250186 250178
250208 250094
250063 250115
250207 250099
250059 250022
250023 250095
250181 250028
250119 250111
250026 250158
250155 250011
250048 250154
250194 250166
250016 250189
250012 250144
250087 250161
125168 125178
125205 125074
125041 125169
125134 125171
125045 125192
125062 125155
125109 125066
125075 125173
125144 125089
125044 125210
125099 125154
125210 125186
125016 125122
125157 125043
125109 125044
125126 125081
125189 125068
125191 125084
125198 125026
125116 125042
125122 125058
125127 125155
125055 125120
125026 125197
125065 125152
125183 125080
125047 125061
125026 125208
125031 125093
125177 125139
125021 125191
125123 125016
125056 125207
125186 125033
125123 125023
125125 125136
125065 125175
125084 125206
125042 125076
125200 125055
62641 62704
62632 62631
62570 62632
62521 62560
62640 62631
62640 62657
62586 62700
62629 62640
62668 62554
62556 62572
62565 62621
62683 62648
62578 62536
62552 62584
62688 62677
62676 62516
62558 62561
62560 62608
62624 62697
62627 62644
62626 62708
62617 62598
62551 62567
62680 62579
62618 62685
62680 62669
62604 62625
62597 62657
62613 62574
62571 62520
62567 62545
62662 62576
62589 62615
62560 62702
62598 62616
62626 62607
62681 62563
62582 62640
62594 62544
62686 62582
31432 31332
31267 31460
31427 31447
31388 31417
31453 31362
31419 31394
31441 31347
31393 31366
31453 31298
31346 31384
31413 31269
31321 31402
31416 31407
31357 31390
31298 31366
31341 31399
31360 31289
31401 31419
31261 31328
31267 31304
31261 31435
31394 31460
31373 31299
31399 31302
31404 31398
31367 31386
31416 31265
31351 31263
31401 31340
31279 31344
31273 31344
31271 31432
31456 31344
31329 31380
31354 31271
31405 31337
31417 31376
31386 31353
31354 31380
31424 31389
15774 15698
15741 15763
15704 15742
15732 15771
15761 15796
15678 15828
15834 15805
15831 15677
15703 15827
15741 15652
15669 15730
15689 15699
15740 15641
15711 15820
15685 15672
15703 15834
15801 15669
15753 15679
15782 15764
15656 15664
15830 15675
15742 15646
15809 15786
15645 15698
15681 15663
15644 15724
15794 15823
15770 15690
15690 15786
15754 15656
15821 15780
15757 15637
15750 15813
15666 15834
15670 15684
15744 15782
15807 15727
15679 15684
15760 15746
15773 15835
7913 7998
7972 7857
7843 7923
7841 7889
8021 7833
7869 7996
7912 7978
7848 7835
7908 7891
7960 7895
7886 8005
7883 7994
7978 7857
8010 7961
7836 7981
7857 7983
7931 7892
7977 7894
7968 7908
7975 7912
7959 7853
8007 7951
7844 7846
7951 7962
7920 7930
7961 7948
7840 7940
7968 7855
7847 7856
7857 7967
7827 7897
7825 7895
7914 7895
7884 7963
7851 7978
7894 7831
7913 7949
7937 7985
7897 7952
7978 7981
3940 3976
3996 4009
4012 4062
4109 4031
4032 4013
4020 3952
3961 4005
4035 4051
4043 4089
3926 4076
4049 4020
4060 3993
3951 3972
3921 4106
3927 3974
4073 3989
3976 4103
4098 4112
4019 4033
3977 4013
3936 4067
4116 3973
4049 3973
4031 3953
3935 3936
4102 4064
3976 3951
4000 3960
4035 4041
4040 4055
4115 4055
4101 4116
3917 4113
4084 4106
3959 4049
3957 4076
3983 3997
3971 4102
4062 4012
3929 4027
2003 2038
2029 2163
1982 2112
1995 2137
2150 2134
1983 2132
2122 2033
2064 2000
2116 2009
2144 2131
2138 2020
2149 2001
2124 2065
2065 2034
1992 2045
2095 2043
1998 2063
1984 2044
1991 2077
2056 2021
1979 2145
2003 2045
2105 2134
2137 2086
1969 2024
2046 2099
1985 1974
2004 2121
2118 2158
2146 2136
2035 1971
1964 2117
2077 2132
2153 2023
2127 2073
2038 1986
2103 2095
2059 2024
2159 2085
2136 2082
187 163
109 92
62 60
165 82
26 40
193 93
161 52
66 116
195 75
79 96
82 93
45 14
122 35
30 97
2 25
20 195
144 136
138 194
81 10
140 29
138 175
24 59
123 145
18 57
132 44
41 58
181 108
197 111
177 2
71 4
200 48
195 40
174 28
111 126
126 127
51 197
70 145
33 140
45 131
122 131
