# source: JorikJooken
# original path: jj_extract\knapsackProblemInstances-master\problemInstances\n_600_c_100000000_g_2_f_0.1_eps_0.1_s_300\test.in
# optimal value: 60009020
# format: n capacity, then weight value
600 100000000
60000188 60000197
60000105 60000112
60000099 60000201
60000177 60000274
60000150 60000003
60000236 60000062
60000197 60000238
60000276 60000141
60000163 60000073
60000015 60000125
60000264 60000014
60000108 60000087
60000108 60000045
60000062 60000069
60000225 60000283
60000099 60000075
60000284 60000157
60000119 60000154
60000038 60000240
60000265 60000104
60000255 60000241
60000163 60000105
60000091 60000257
60000089 60000031
60000267 60000114
60000166 60000056
60000159 60000297
60000223 60000141
60000042 60000225
60000178 60000213
60000049 60000236
60000032 60000196
60000125 60000101
60000015 60000113
60000070 60000270
60000080 60000181
60000068 60000222
60000106 60000257
60000286 60000127
60000098 60000154
60000226 60000200
60000058 60000134
60000245 60000095
60000021 60000103
60000002 60000229
60000300 60000249
60000171 60000020
60000272 60000232
60000079 60000037
60000264 60000117
60000151 60000146
60000204 60000148
60000188 60000037
60000004 60000271
60000118 60000114
60000136 60000232
60000117 60000047
60000233 60000128
60000189 60000009
60000222 60000088
60000151 60000179
60000249 60000174
60000079 60000242
60000078 60000287
60000236 60000093
60000035 60000028
60000216 60000283
60000102 60000159
60000060 60000045
60000179 60000145
60000103 60000109
60000273 60000046
60000239 60000165
60000268 60000070
60000075 60000140
60000071 60000209
60000001 60000075
60000097 60000132
60000256 60000076
60000090 60000168
60000288 60000278
60000048 60000054
60000025 60000024
60000275 60000187
60000227 60000101
60000288 60000150
60000014 60000093
60000003 60000046
60000176 60000279
60000284 60000262
60000124 60000241
60000028 60000042
60000058 60000018
60000164 60000218
60000229 60000276
60000141 60000276
60000295 60000285
60000023 60000126
60000250 60000084
60000178 60000004
60000124 60000247
60000115 60000227
60000279 60000277
60000109 60000243
60000197 60000093
60000079 60000288
60000059 60000008
60000116 60000177
60000083 60000036
60000297 60000040
60000173 60000200
60000223 60000295
60000102 60000168
60000277 60000033
60000200 60000245
60000237 60000125
60000049 60000248
60000035 60000150
60000231 60000102
60000186 60000285
60000093 60000053
60000283 60000272
60000031 60000107
60000126 60000235
60000288 60000275
60000280 60000219
60000123 60000039
60000258 60000049
60000162 60000132
60000144 60000077
60000199 60000285
60000278 60000251
60000154 60000069
60000202 60000192
60000077 60000102
60000081 60000083
60000237 60000198
60000020 60000290
60000038 60000240
60000051 60000160
60000171 60000124
60000053 60000261
60000005 60000180
60000107 60000022
60000247 60000179
60000164 60000262
60000235 60000031
60000109 60000101
60000195 60000283
60000152 60000054
60000169 60000053
60000052 60000292
60000013 60000085
60000125 60000092
60000234 60000028
60000245 60000142
60000091 60000179
60000053 60000112
60000095 60000287
60000058 60000229
60000085 60000177
60000196 60000019
60000034 60000236
60000077 60000039
60000021 60000275
60000146 60000048
60000149 60000210
60000110 60000088
60000124 60000058
60000267 60000226
60000156 60000252
60000289 60000292
60000260 60000078
60000117 60000090
60000228 60000132
60000296 60000256
60000026 60000285
60000282 60000032
60000151 60000150
60000158 60000216
60000066 60000250
60000088 60000049
60000252 60000173
60000117 60000250
60000238 60000214
60000150 60000223
60000133 60000172
60000262 60000199
60000185 60000245
60000293 60000097
60000087 60000097
60000207 60000234
60000074 60000142
60000183 60000026
60000266 60000001
60000051 60000289
60000179 60000155
60000252 60000064
60000168 60000120
60000175 60000216
60000122 60000277
60000112 60000029
60000139 60000298
60000095 60000027
60000028 60000116
60000244 60000072
60000284 60000071
60000001 60000010
60000042 60000012
60000216 60000087
60000070 60000261
60000117 60000048
60000150 60000164
60000252 60000039
60000007 60000294
60000076 60000120
60000197 60000174
60000100 60000021
60000019 60000224
60000274 60000213
60000144 60000102
60000012 60000164
60000083 60000196
60000002 60000219
60000018 60000273
60000222 60000218
60000083 60000167
60000239 60000264
60000020 60000065
60000066 60000137
60000045 60000063
60000067 60000114
60000040 60000262
60000218 60000059
60000279 60000211
60000148 60000170
60000281 60000172
60000154 60000285
60000051 60000016
60000178 60000019
60000059 60000189
60000277 60000121
60000270 60000064
60000047 60000164
60000151 60000186
60000248 60000219
60000203 60000240
60000120 60000159
60000216 60000045
60000254 60000151
60000275 60000222
60000152 60000091
60000179 60000190
60000173 60000035
60000178 60000274
60000143 60000165
60000177 60000170
60000126 60000017
60000285 60000297
60000297 60000255
60000068 60000292
60000274 60000221
60000099 60000023
60000099 60000013
60000152 60000065
60000283 60000125
60000110 60000219
60000014 60000277
60000274 60000156
60000031 60000141
60000033 60000038
60000199 60000118
60000271 60000080
60000074 60000239
60000070 60000233
60000062 60000201
60000267 60000085
60000012 60000120
60000036 60000172
60000095 60000253
60000086 60000148
60000032 60000166
60000176 60000132
60000200 60000168
60000060 60000023
60000037 60000015
60000026 60000266
60000241 60000196
60000108 60000020
60000177 60000165
60000205 60000024
60000183 60000253
60000009 60000019
60000298 60000125
60000085 60000117
60000073 60000081
60000034 60000298
60000189 60000236
60000149 60000126
60000161 60000161
60000106 60000018
60000042 60000091
60000024 60000020
60000139 60000269
60000022 60000154
60000012 60000237
60000063 60000039
60000296 60000237
60000099 60000193
60000174 60000101
60000182 60000057
60000197 60000104
60000198 60000135
60000185 60000059
60000211 60000092
60000019 60000102
60000297 60000297
60000112 60000090
60000257 60000086
60000071 60000040
60000226 60000051
60000166 60000061
60000157 60000241
60000102 60000256
60000240 60000129
60000070 60000185
60000035 60000161
60000099 60000013
60000058 60000059
60000296 60000141
60000082 60000271
60000140 60000138
60000273 60000019
60000213 60000161
60000155 60000235
60000194 60000296
60000170 60000208
60000084 60000127
60000148 60000260
60000243 60000062
60000257 60000133
60000040 60000171
60000268 60000165
60000227 60000237
60000127 60000121
60000283 60000156
60000190 60000054
60000063 60000138
60000077 60000291
60000027 60000017
60000114 60000294
60000117 60000289
60000236 60000097
60000266 60000035
60000033 60000284
60000241 60000031
60000228 60000212
60000017 60000172
60000132 60000082
60000123 60000056
60000161 60000162
60000010 60000261
60000074 60000254
60000289 60000160
60000082 60000096
60000241 60000262
60000290 60000178
60000131 60000208
60000181 60000263
60000255 60000127
60000185 60000286
60000299 60000205
60000017 60000082
60000270 60000203
60000211 60000099
60000006 60000098
60000094 60000189
60000223 60000085
60000040 60000239
60000186 60000222
60000137 60000290
60000276 60000001
60000139 60000198
60000253 60000042
60000015 60000287
60000048 60000086
60000112 60000221
60000273 60000221
60000134 60000048
60000135 60000089
60000207 60000177
60000072 60000130
60000183 60000036
60000007 60000177
60000161 60000245
60000231 60000217
60000190 60000117
60000296 60000265
60000155 60000283
60000217 60000212
60000094 60000201
60000006 60000199
60000063 60000107
60000212 60000191
60000154 60000096
60000135 60000003
60000213 60000284
60000163 60000027
60000224 60000131
60000050 60000118
60000294 60000104
60000243 60000172
60000046 60000169
60000038 60000009
60000293 60000020
60000178 60000185
60000240 60000200
60000222 60000285
60000034 60000134
60000212 60000125
60000102 60000070
60000103 60000201
60000075 60000107
60000079 60000169
60000188 60000039
60000241 60000068
60000151 60000137
60000258 60000106
60000048 60000009
60000221 60000213
60000036 60000211
60000070 60000013
60000209 60000033
60000286 60000136
60000219 60000285
60000096 60000123
60000265 60000077
60000152 60000233
60000282 60000091
60000151 60000006
60000142 60000102
60000283 60000077
60000095 60000109
60000039 60000036
60000085 60000279
60000230 60000054
60000169 60000192
60000144 60000205
60000093 60000129
60000150 60000063
60000266 60000186
60000072 60000251
60000258 60000295
60000283 60000099
60000274 60000253
60000255 60000235
60000277 60000066
60000096 60000286
60000190 60000150
60000259 60000047
60000192 60000031
60000295 60000152
60000291 60000099
60000066 60000027
60000289 60000160
60000116 60000015
60000198 60000272
60000162 60000186
60000070 60000136
60000005 60000078
60000168 60000235
60000115 60000280
60000294 60000078
60000019 60000104
60000252 60000007
60000214 60000047
60000142 60000235
60000142 60000139
60000200 60000203
60000033 60000181
60000286 60000180
60000242 60000126
60000277 60000148
60000228 60000295
60000026 60000273
60000029 60000156
60000182 60000274
60000063 60000105
60000259 60000147
60000122 60000235
60000223 60000067
60000114 60000240
60000240 60000158
60000057 60000089
60000179 60000012
60000193 60000155
60000237 60000023
60000249 60000090
60000233 60000092
60000017 60000102
60000107 60000278
60000135 60000214
60000083 60000051
60000186 60000170
60000143 60000164
60000262 60000095
60000125 60000250
60000152 60000137
60000275 60000263
60000222 60000038
60000020 60000185
60000128 60000148
60000019 60000237
60000200 60000289
60000010 60000023
60000162 60000294
60000151 60000190
60000297 60000075
60000135 60000194
60000226 60000010
60000043 60000274
60000160 60000287
60000271 60000077
60000001 60000203
60000238 60000228
60000292 60000102
60000209 60000027
60000065 60000169
60000005 60000262
60000228 60000274
60000250 60000248
60000130 60000178
60000171 60000226
60000195 60000062
60000162 60000242
60000009 60000178
60000060 60000166
60000275 60000189
60000060 60000280
60000015 60000277
165 177
133 197
279 5
200 282
122 213
5 250
222 14
251 214
155 5
135 190
64 171
273 251
124 270
43 277
272 185
30 218
51 274
290 118
103 77
238 169
273 22
50 57
115 38
194 243
155 33
127 183
1 104
103 8
247 190
145 102
188 245
208 43
103 135
276 246
292 180
109 254
188 137
68 237
8 222
85 53
86 105
76 217
132 255
115 78
14 13
189 122
93 148
27 67
262 2
240 156
49 104
151 288
299 59
102 52
149 13
50 29
42 116
127 260
245 192
271 157
