# source: JorikJooken
# original path: jj_extract\knapsackProblemInstances-master\problemInstances\n_600_c_1000000_g_2_f_0.3_eps_0.0001_s_300\test.in
# optimal value: 528574
# format: n capacity, then weight value
600 1000000
500224 500162
500381 500248
500216 500361
500205 500251
500142 500360
500178 500199
500396 500391
500194 500387
500318 500166
500102 500364
500278 500205
500316 500102
500171 500255
500207 500240
500307 500122
500153 500392
500337 500185
500375 500351
500260 500111
500161 500385
500137 500327
500398 500133
500360 500151
500319 500252
500231 500190
500243 500119
500231 500319
500105 500300
500237 500145
500286 500207
500234 500372
500356 500264
500266 500253
500305 500380
500372 500323
500348 500225
500294 500400
500107 500213
500275 500329
500259 500198
500279 500109
500141 500104
500294 500313
500296 500211
500212 500209
500265 500238
500104 500316
500241 500270
500325 500324
500127 500386
500291 500137
500238 500239
500224 500191
500340 500103
500374 500363
500274 500389
500367 500196
500188 500275
500101 500129
500165 500365
500198 500202
500251 500365
500112 500199
500102 500165
500386 500217
500289 500240
500190 500247
500372 500300
500170 500195
500183 500101
500140 500145
500241 500201
500334 500280
500350 500268
500192 500190
500375 500289
500137 500355
500261 500363
500274 500111
500312 500336
500152 500324
500214 500373
500325 500119
500209 500223
500239 500346
500386 500355
500181 500238
500179 500200
500273 500143
500110 500180
500368 500193
500227 500254
500105 500375
500158 500394
500314 500122
500350 500110
500170 500209
500165 500219
500207 500113
500188 500178
500114 500346
500235 500255
500325 500182
500201 500258
500154 500217
500169 500117
500372 500264
500185 500304
500142 500392
500253 500347
500287 500326
500129 500126
500283 500163
500308 500334
500165 500325
500314 500165
500239 500394
500120 500188
500279 500284
500124 500366
500190 500236
500160 500107
500380 500357
500139 500305
500206 500265
500378 500133
500388 500321
500195 500259
500308 500141
500207 500213
500179 500323
500314 500319
500241 500223
500337 500232
500275 500214
500141 500211
500202 500395
500343 500116
500179 500320
500392 500329
500212 500300
500346 500390
500153 500317
500266 500156
500174 500145
500339 500197
500293 500200
500381 500365
500364 500315
500334 500351
500279 500310
500184 500395
500286 500375
500187 500138
500351 500350
500160 500206
500224 500340
500295 500161
500309 500323
500330 500144
500337 500151
500322 500379
500284 500161
500319 500115
500307 500239
500173 500283
500209 500135
500365 500194
500356 500326
500187 500301
500306 500232
500398 500338
500276 500232
500217 500226
500290 500293
500119 500293
500312 500322
500238 500207
500335 500286
500125 500359
500323 500140
500341 500219
500321 500131
500115 500352
500136 500125
500380 500139
500390 500390
500298 500309
500365 500387
500341 500210
500324 500200
500223 500153
500319 500155
500380 500279
500211 500269
500129 500216
500321 500341
500325 500112
500302 500234
500291 500230
500217 500237
500272 500112
500167 500238
500310 500165
500118 500265
500223 500360
500321 500161
500178 500224
500347 500308
500132 500151
500370 500296
500131 500298
500305 500145
500129 500221
500320 500125
500149 500273
500361 500238
500196 500116
500285 500102
500143 500134
500210 500188
500312 500361
500189 500398
500135 500195
500399 500271
500205 500109
500329 500246
500202 500153
500102 500182
500389 500135
500233 500144
500308 500178
500228 500282
500373 500357
500151 500276
500364 500175
500396 500139
500384 500194
500269 500391
500103 500216
500101 500351
500192 500355
500320 500170
500136 500296
500380 500228
500281 500194
500107 500217
500146 500155
500182 500122
500162 500387
500296 500159
500137 500390
500144 500238
500172 500168
500390 500337
500167 500393
500147 500150
500177 500372
500266 500136
500250 500392
500199 500372
500395 500330
500165 500231
500154 500335
500389 500362
500352 500306
500208 500234
500124 500268
500254 500343
500237 500246
500367 500267
500112 500142
500156 500240
500148 500166
500116 500177
500392 500196
500306 500244
500263 500228
500144 500229
500150 500145
500332 500303
500204 500106
500356 500366
500274 500249
500316 500394
500176 500241
500265 500129
500325 500343
500108 500310
500115 500313
500213 500352
500285 500158
500312 500365
500128 500205
500126 500169
500376 500186
500171 500260
500166 500360
500307 500267
500363 500218
500331 500387
500378 500172
500371 500209
500167 500120
500246 500334
500340 500279
500224 500358
500376 500378
500234 500185
500380 500175
500208 500217
500268 500209
500294 500321
500129 500221
500232 500161
500234 500304
500386 500321
500121 500168
500378 500166
500191 500373
500265 500275
500101 500346
500127 500369
500198 500338
500286 500297
500237 500356
500112 500328
500127 500334
500250 500261
500109 500223
500385 500157
500155 500271
500225 500205
500395 500302
500143 500359
500195 500124
500221 500309
500270 500145
500390 500398
500102 500133
500371 500148
500153 500247
500296 500361
500237 500351
500398 500285
500302 500274
500335 500160
500226 500267
500288 500256
500219 500192
500270 500242
500329 500285
500240 500152
500184 500293
500177 500115
500180 500282
500271 500115
500113 500383
500222 500148
500129 500277
500295 500118
500339 500346
500263 500197
500258 500223
500249 500223
500395 500201
500381 500161
500138 500342
500342 500286
500391 500180
500125 500202
500148 500127
500356 500338
500204 500228
500328 500225
500170 500284
500174 500278
500366 500160
500161 500132
500191 500339
500164 500307
500208 500361
500360 500110
500185 500105
500279 500263
500144 500292
500128 500201
500303 500170
500306 500280
500134 500386
500211 500303
500230 500205
500212 500229
500195 500197
500218 500315
500133 500292
500126 500325
500250 500290
500292 500320
500389 500270
500327 500351
500359 500298
500175 500199
500139 500369
500204 500360
500124 500400
500380 500396
500309 500180
500189 500310
500232 500369
500298 500223
500286 500338
500383 500364
500117 500138
500145 500385
500383 500339
500202 500297
500305 500135
500106 500213
500340 500370
235 190
53 285
47 106
278 121
109 51
20 63
105 105
225 173
163 237
283 290
152 259
20 68
51 220
201 289
73 101
213 239
164 200
297 200
293 42
44 296
72 29
32 246
109 187
151 26
174 257
100 14
101 206
251 247
126 174
139 195
25 292
28 236
56 134
122 103
74 275
264 140
208 82
110 172
18 257
98 176
211 142
193 101
212 90
42 115
36 8
120 241
215 106
172 42
276 81
57 97
25 264
71 157
46 202
143 206
251 78
292 20
69 182
52 250
15 294
226 298
16 102
29 228
104 287
134 50
268 154
181 280
39 203
51 274
119 256
277 18
296 262
137 258
245 2
265 234
183 256
231 77
296 131
65 280
222 255
244 136
295 66
90 300
65 40
110 43
276 1
237 93
3 270
110 255
294 85
116 165
133 139
108 15
31 103
37 264
81 215
67 49
33 40
219 146
10 239
197 259
118 72
136 255
201 300
218 247
134 129
218 148
122 89
125 147
158 193
160 37
176 166
286 29
224 292
231 46
56 296
209 279
26 62
205 85
151 110
127 163
46 267
89 284
262 128
3 193
148 150
35 96
240 291
3 83
148 89
223 184
178 262
239 146
237 19
256 38
116 23
274 59
186 118
110 279
61 230
26 108
171 200
258 262
113 34
41 19
212 87
209 296
297 180
15 278
73 201
21 238
66 47
177 107
84 103
181 236
145 70
62 142
262 157
287 292
192 197
267 1
140 2
90 244
14 140
114 275
99 17
30 125
9 67
215 60
35 87
278 69
149 183
133 114
172 17
154 180
288 109
208 201
84 88
96 87
117 76
82 207
