# source: JorikJooken
# original path: jj_extract\knapsackProblemInstances-master\problemInstances\n_1200_c_1000000_g_6_f_0.2_eps_0.01_s_100\test.in
# optimal value: 1005442
# format: n capacity, then weight value
1200 1000000
510019 510051
510021 510041
510017 510056
510021 510099
510077 510085
510066 510049
510025 510054
510051 510031
510087 510094
510040 510043
510084 510014
510093 510052
510038 510078
510073 510001
510003 510010
510051 510027
510053 510011
510035 510042
510063 510096
510034 510046
510009 510066
510020 510018
510044 510043
510095 510049
510072 510032
510092 510030
510012 510097
510063 510030
510039 510015
510074 510074
510077 510066
510062 510042
510013 510066
510031 510099
510049 510091
510019 510010
510010 510066
510083 510031
510094 510067
510089 510083
510076 510042
510100 510059
510030 510074
510021 510012
510003 510088
510048 510003
510018 510003
510056 510022
510091 510068
510079 510076
510041 510035
510012 510081
510054 510021
510051 510023
510040 510050
510039 510076
510089 510054
510061 510040
510074 510062
510099 510098
510036 510068
510006 510088
510048 510073
510072 510037
510013 510059
510093 510006
510008 510074
510077 510058
510059 510003
510010 510042
510036 510003
510050 510060
510025 510010
510073 510099
510097 510075
510069 510024
510018 510006
510086 510045
510005 510064
510041 510037
510030 510006
510072 510009
510007 510004
510024 510065
510076 510026
510051 510084
510023 510086
510094 510095
510007 510076
510010 510026
510015 510062
510023 510075
510094 510073
510063 510071
510015 510030
510085 510071
510060 510076
510039 510081
510060 510049
510087 510034
510094 510052
510001 510087
510039 510097
510008 510082
510100 510021
510092 510071
510047 510031
510065 510006
510001 510093
510036 510084
510006 510062
510093 510055
510055 510036
510068 510036
510067 510046
510100 510079
510086 510094
510054 510055
510003 510065
510094 510058
510077 510070
510016 510006
510042 510068
510094 510016
510016 510031
510018 510075
510001 510085
510083 510052
510075 510024
510004 510020
510098 510002
510097 510047
510013 510043
510050 510043
510023 510100
510041 510024
510033 510083
510043 510070
510074 510085
510018 510069
510097 510066
510001 510051
510027 510065
510084 510085
510041 510007
510090 510093
510094 510011
510081 510015
510036 510074
510005 510051
510089 510017
510057 510054
510017 510099
510073 510027
510100 510082
510073 510038
510060 510042
510065 510005
510038 510099
510099 510067
510078 510042
510010 510081
510077 510017
510066 510054
510051 510088
510076 510094
510066 510053
510100 510086
510011 510059
510031 510019
510028 510029
510062 510046
510055 510039
510084 510061
510084 510094
510056 510039
510041 510075
510067 510093
510005 510007
510053 510018
510062 510019
510066 510032
510076 510075
510022 510098
510001 510098
510053 510012
510072 510032
510041 510031
510049 510024
510040 510057
510040 510015
510038 510072
260032 260084
260022 260076
260089 260012
260075 260069
260049 260056
260010 260032
260058 260087
260029 260085
260011 260090
260015 260030
260081 260098
260090 260072
260060 260062
260071 260043
260093 260005
260009 260070
260065 260042
260044 260020
260009 260057
260074 260056
260038 260015
260022 260098
260083 260059
260071 260036
260039 260018
260090 260010
260061 260001
260072 260003
260063 260045
260070 260017
260009 260047
260032 260024
260051 260090
260003 260039
260019 260095
260048 260026
260044 260081
260011 260025
260055 260029
260062 260016
260081 260034
260019 260012
260089 260032
260052 260062
260064 260050
260043 260062
260070 260039
260060 260016
260038 260092
260071 260081
260098 260048
260044 260017
260093 260025
260089 260078
260084 260058
260095 260006
260053 260007
260064 260058
260075 260043
260030 260037
260083 260094
260055 260060
260009 260039
260100 260059
260073 260005
260061 260065
260033 260095
260066 260094
260050 260022
260071 260048
260046 260096
260082 260031
260017 260061
260031 260014
260035 260065
260081 260008
260056 260007
260017 260016
260027 260029
260091 260009
260006 260074
260016 260078
260036 260057
260053 260036
260014 260049
260051 260047
260067 260038
260021 260058
260097 260020
260084 260079
260090 260041
260042 260087
260023 260078
260017 260019
260036 260072
260043 260081
260055 260082
260002 260050
260034 260076
260030 260060
260084 260050
260044 260011
260017 260001
260039 260027
260090 260011
260036 260098
260058 260022
260086 260063
260081 260032
260096 260024
260029 260047
260087 260079
260090 260094
260091 260100
260019 260080
260098 260040
260090 260092
260073 260008
260061 260094
260059 260062
260098 260014
260096 260012
260012 260037
260068 260002
260048 260074
260097 260023
260032 260077
260075 260023
260027 260081
260073 260076
260030 260014
260057 260039
260050 260075
260011 260097
260089 260056
260095 260016
260053 260072
260056 260064
260092 260033
260012 260081
260022 260007
260063 260088
260058 260008
260011 260068
260037 260082
260037 260037
260018 260071
260015 260062
260066 260032
260080 260027
260007 260096
260024 260063
260023 260025
260066 260089
260031 260030
260075 260035
260089 260072
260089 260014
260014 260040
260034 260084
260050 260081
260073 260030
260043 260004
260011 260037
260091 260060
260006 260032
260034 260063
260044 260089
260058 260043
260019 260077
260072 260071
260047 260060
260098 260071
260039 260029
260005 260079
260020 260079
260040 260053
260040 260023
260062 260094
260007 260041
260093 260010
260011 260076
260077 260094
260066 260053
260036 260013
260007 260100
260100 260099
260008 260011
260004 260085
260027 260044
260095 260038
260017 260047
135004 135088
135067 135001
135074 135099
135049 135007
135034 135027
135044 135008
135083 135037
135025 135042
135059 135100
135026 135085
135049 135032
135011 135093
135088 135086
135083 135012
135018 135042
135035 135031
135069 135100
135018 135018
135040 135018
135048 135094
135002 135017
135057 135050
135098 135061
135025 135037
135038 135076
135074 135034
135099 135002
135089 135003
135019 135081
135053 135066
135053 135001
135058 135052
135006 135044
135099 135098
135066 135028
135091 135018
135049 135024
135051 135004
135093 135078
135087 135037
135016 135097
135006 135026
135001 135066
135030 135094
135081 135027
135079 135087
135029 135098
135084 135024
135097 135069
135088 135035
135030 135058
135098 135042
135010 135027
135001 135087
135084 135078
135008 135069
135058 135037
135027 135083
135067 135058
135025 135059
135045 135085
135047 135045
135069 135049
135042 135026
135089 135074
135073 135056
135020 135073
135030 135066
135064 135071
135090 135061
135031 135097
135063 135070
135087 135032
135090 135036
135058 135009
135074 135056
135068 135075
135014 135029
135099 135065
135061 135005
135085 135063
135007 135035
135090 135033
135028 135012
135073 135054
135086 135014
135051 135030
135077 135025
135049 135058
135081 135033
135017 135100
135030 135034
135037 135045
135002 135076
135071 135009
135044 135089
135040 135017
135049 135015
135035 135097
135062 135052
135031 135075
135005 135090
135005 135041
135010 135029
135053 135060
135009 135035
135081 135056
135013 135091
135065 135008
135025 135008
135058 135014
135029 135057
135092 135075
135004 135084
135080 135070
135018 135100
135004 135032
135010 135013
135020 135087
135031 135045
135009 135021
135094 135027
135065 135044
135067 135060
135095 135050
135015 135093
135051 135081
135011 135078
135100 135092
135018 135006
135046 135065
135036 135078
135014 135047
135068 135048
135090 135061
135062 135003
135017 135065
135011 135003
135061 135058
135032 135094
135067 135024
135085 135015
135091 135089
135013 135062
135040 135026
135035 135096
135095 135028
135080 135053
135023 135014
135063 135005
135048 135041
135032 135097
135091 135025
135099 135077
135024 135076
135053 135052
135065 135034
135011 135095
135082 135090
135026 135072
135075 135019
135005 135077
135094 135083
135085 135076
135024 135025
135036 135087
135024 135014
135004 135030
135092 135046
135007 135063
135098 135010
135014 135009
135066 135033
135065 135078
135019 135021
135032 135001
135048 135075
135098 135023
135015 135069
135091 135077
135060 135045
135014 135087
135055 135068
135052 135026
135005 135097
135034 135057
135029 135094
135082 135008
135086 135012
135038 135035
135077 135001
135078 135046
72516 72542
72543 72600
72543 72502
72580 72503
72552 72526
72568 72518
72557 72590
72574 72590
72537 72569
72509 72534
72525 72518
72539 72526
72519 72581
72598 72529
72550 72589
72555 72598
72521 72591
72514 72596
72559 72519
72553 72513
72575 72590
72595 72571
72529 72558
72554 72573
72564 72592
72524 72590
72600 72511
72568 72584
72535 72590
72600 72540
72582 72594
72554 72582
72528 72552
72522 72537
72569 72598
72572 72567
72528 72583
72567 72536
72527 72546
72508 72559
72545 72590
72575 72573
72539 72594
72529 72545
72575 72518
72576 72516
72506 72575
72588 72540
72574 72535
72528 72599
72597 72583
72558 72521
72559 72584
72533 72514
72511 72532
72599 72583
72522 72527
72574 72554
72570 72574
72580 72502
72596 72590
72544 72529
72529 72511
72504 72559
72595 72519
72549 72552
72557 72560
72547 72563
72587 72569
72553 72538
72502 72585
72507 72578
72546 72522
72575 72555
72534 72580
72545 72530
72575 72547
72574 72532
72569 72597
72598 72512
72534 72532
72585 72571
72524 72567
72555 72554
72506 72566
72550 72543
72503 72522
72559 72524
72567 72589
72593 72528
72567 72555
72501 72574
72544 72592
72532 72506
72576 72552
72583 72562
72501 72598
72517 72598
72521 72590
72525 72528
72513 72556
72531 72596
72501 72501
72526 72576
72586 72540
72572 72588
72548 72554
72551 72599
72586 72537
72595 72583
72564 72553
72520 72514
72596 72572
72550 72532
72513 72527
72525 72595
72560 72585
72501 72514
72519 72593
72514 72594
72505 72524
72545 72514
72503 72538
72519 72520
72542 72581
72517 72599
72589 72593
72504 72528
72552 72549
72545 72501
72523 72514
72557 72507
72501 72599
72513 72516
72599 72509
72543 72531
72600 72557
72587 72552
72549 72534
72584 72514
72569 72533
72548 72572
72587 72555
72587 72597
72501 72582
72599 72599
72545 72529
72543 72517
72547 72580
72566 72509
72555 72588
72524 72582
72574 72521
72547 72560
72504 72590
72512 72563
72596 72591
72505 72521
72521 72504
72526 72557
72553 72529
72506 72569
72583 72595
72579 72583
72570 72574
72569 72546
72525 72503
72505 72536
72532 72600
72508 72510
72538 72507
72530 72571
72519 72565
72516 72555
72594 72570
72548 72531
72560 72513
72597 72585
72522 72531
72508 72576
72581 72512
72511 72584
72505 72502
72581 72587
72529 72555
72501 72570
72510 72552
72595 72511
72574 72600
72588 72573
72518 72552
72528 72567
41262 41296
41305 41322
41295 41288
41343 41326
41311 41327
41288 41287
41293 41333
41274 41321
41328 41345
41255 41314
41279 41321
41345 41258
41345 41305
41269 41332
41309 41257
41283 41346
41264 41350
41299 41304
41270 41264
41270 41337
41294 41310
41297 41346
41347 41346
41300 41333
41285 41261
41340 41340
41315 41334
41337 41316
41347 41283
41338 41263
41252 41295
41289 41340
41295 41280
41344 41306
41334 41277
41259 41303
41328 41327
41310 41263
41309 41294
41320 41265
41285 41287
41304 41277
41318 41327
41263 41261
41323 41269
41310 41332
41283 41301
41314 41302
41349 41274
41336 41290
41300 41287
41269 41265
41346 41311
41313 41327
41342 41299
41255 41255
41336 41288
41339 41344
41288 41334
41260 41332
41315 41349
41267 41288
41266 41303
41251 41286
41350 41269
41345 41293
41333 41311
41261 41260
41278 41311
41292 41287
41305 41318
41256 41269
41326 41260
41335 41285
41323 41339
41319 41309
41298 41306
41327 41340
41316 41289
41264 41310
41331 41255
41254 41333
41254 41333
41327 41274
41319 41278
41310 41317
41287 41300
41315 41341
41262 41311
41270 41255
41334 41322
41286 41327
41272 41272
41266 41255
41327 41346
41287 41268
41335 41268
41307 41275
41314 41304
41285 41291
41329 41308
41330 41270
41293 41340
41257 41253
41325 41314
41283 41306
41347 41256
41301 41286
41258 41263
41302 41268
41277 41252
41338 41332
41340 41348
41276 41346
41339 41341
41275 41267
41269 41303
41345 41270
41314 41337
41349 41303
41277 41304
41340 41331
41294 41252
41319 41274
41292 41275
41309 41333
41303 41349
41287 41316
41293 41263
41302 41285
41283 41328
41254 41296
41311 41343
41263 41312
41256 41296
41315 41277
41299 41320
41339 41278
41299 41325
41346 41304
41271 41289
41257 41264
41337 41264
41301 41254
41256 41304
41343 41331
41311 41317
41297 41288
41344 41323
41349 41266
41305 41285
41334 41275
41301 41295
41333 41326
41302 41282
41337 41275
41291 41283
41273 41271
41324 41328
41314 41338
41311 41310
41253 41289
41319 41294
41270 41334
41258 41309
41309 41287
41280 41282
41306 41328
41291 41272
41340 41347
41344 41295
41272 41332
41271 41342
41309 41333
41298 41300
41262 41330
41258 41341
41324 41340
41268 41282
41288 41308
41274 41344
41270 41268
41335 41319
41279 41346
41325 41318
41286 41334
41258 41268
41329 41339
41271 41332
41285 41320
41266 41299
41286 41323
8 1
20 95
13 71
61 24
23 8
1 22
80 39
13 35
81 16
34 6
26 50
27 31
37 87
80 46
83 32
45 96
55 83
89 68
18 66
44 89
44 63
77 59
10 80
1 33
43 96
88 56
30 43
12 48
25 49
86 11
48 81
84 6
90 59
6 76
22 71
30 25
89 95
69 42
17 27
60 94
17 60
64 77
65 35
6 93
58 40
63 38
89 87
3 72
66 76
38 70
53 31
29 66
46 38
1 39
14 40
20 10
56 35
78 24
36 12
46 86
91 99
27 92
83 66
99 93
10 100
33 31
32 93
4 78
48 11
59 58
75 77
56 36
66 52
27 52
93 47
76 56
78 13
52 30
57 22
37 35
59 97
32 97
13 37
84 23
47 32
85 20
97 44
79 8
25 25
4 92
28 26
20 18
40 47
10 50
81 59
35 9
14 61
23 86
82 90
85 64
61 89
5 87
19 54
90 21
39 36
24 73
6 21
3 79
80 16
37 7
71 33
71 53
59 81
85 45
17 75
10 12
13 7
73 61
91 9
26 99
87 85
52 44
31 97
22 27
51 20
100 60
94 45
61 95
65 77
67 24
26 47
37 48
22 41
100 95
96 81
51 88
22 100
67 73
56 26
3 100
49 17
49 53
87 89
6 60
99 73
13 66
80 79
5 59
15 56
33 40
78 44
33 33
22 46
64 49
38 47
20 86
100 35
2 42
74 77
69 43
18 53
88 90
54 72
71 45
68 24
28 16
48 73
50 77
90 85
49 18
75 74
60 24
78 80
25 60
18 12
1 68
43 73
84 35
53 62
92 59
44 70
97 3
23 71
31 7
10 34
23 81
79 41
88 2
84 100
88 4
91 56
42 58
59 22
57 88
54 19
35 54
94 50
23 63
88 83
21 37
14 30
35 76
18 94
95 84
94 61
63 32
81 2
49 58
13 19
40 29
74 67
73 11
75 76
46 29
1 15
33 84
11 75
93 44
23 38
41 85
50 66
16 55
41 46
39 1
20 50
13 94
5 92
59 22
87 42
16 57
32 81
94 15
5 11
5 8
81 52
7 27
27 8
5 3
51 76
100 46
