# source: JorikJooken
# original path: jj_extract\knapsackProblemInstances-master\problemInstances\n_600_c_100000000_g_14_f_0.3_eps_1e-05_s_300\test.in
# optimal value: 100019426
# format: n capacity, then weight value
600 100000000
50001273 50001145
50001012 50001149
50001052 50001116
50001017 50001031
50001005 50001018
50001294 50001161
50001238 50001093
50001073 50001226
50001205 50001221
50001141 50001101
50001090 50001058
50001105 50001270
50001277 50001135
50001148 50001291
50001183 50001062
50001216 50001276
50001047 50001269
50001049 50001169
50001241 50001240
50001062 50001099
50001288 50001260
50001102 50001106
50001086 50001004
50001269 50001250
50001258 50001078
50001024 50001233
50001296 50001115
50001257 50001294
50001054 50001141
50001008 50001207
50001025 50001039
50001216 50001117
25001167 25001119
25001291 25001214
25001082 25001289
25001093 25001032
25001111 25001015
25001250 25001206
25001031 25001017
25001157 25001009
25001175 25001160
25001258 25001271
25001177 25001204
25001150 25001271
25001247 25001151
25001241 25001142
25001089 25001276
25001280 25001021
25001249 25001219
25001026 25001235
25001253 25001054
25001126 25001262
25001004 25001034
25001067 25001205
25001071 25001292
25001242 25001056
25001290 25001145
25001041 25001251
25001122 25001127
25001129 25001141
25001009 25001259
25001251 25001012
25001142 25001262
25001062 25001177
12501026 12501222
12501100 12501019
12501066 12501174
12501250 12501234
12501212 12501048
12501143 12501090
12501096 12501190
12501172 12501052
12501063 12501113
12501022 12501096
12501278 12501132
12501152 12501137
12501075 12501097
12501134 12501143
12501281 12501206
12501144 12501234
12501176 12501074
12501138 12501092
12501299 12501048
12501134 12501044
12501124 12501098
12501050 12501272
12501110 12501064
12501179 12501269
12501105 12501035
12501288 12501268
12501140 12501299
12501229 12501140
12501252 12501230
12501256 12501093
12501267 12501107
12501154 12501098
6251290 6251024
6251146 6251264
6251039 6251133
6251044 6251063
6251128 6251205
6251057 6251070
6251087 6251251
6251220 6251231
6251027 6251028
6251208 6251028
6251298 6251272
6251248 6251105
6251248 6251008
6251282 6251261
6251194 6251244
6251108 6251260
6251064 6251196
6251256 6251284
6251240 6251251
6251126 6251079
6251036 6251281
6251131 6251069
6251222 6251074
6251094 6251186
6251242 6251193
6251241 6251024
6251260 6251190
6251281 6251263
6251110 6251155
6251293 6251052
6251284 6251038
6251054 6251259
3126194 3126270
3126279 3126201
3126026 3126118
3126149 3126232
3126176 3126261
3126086 3126038
3126117 3126040
3126049 3126159
3126051 3126040
3126076 3126231
3126038 3126287
3126128 3126021
3126278 3126240
3126226 3126192
3126252 3126236
3126027 3126236
3126067 3126024
3126171 3126178
3126186 3126002
3126072 3126050
3126012 3126021
3126025 3126273
3126041 3126128
3126156 3126015
3126091 3126167
3126123 3126221
3126067 3126091
3126158 3126250
3126183 3126179
3126174 3126034
3126291 3126096
3126127 3126268
1563549 1563675
1563789 1563646
1563758 1563531
1563650 1563554
1563663 1563511
1563632 1563730
1563539 1563775
1563631 1563725
1563799 1563564
1563621 1563585
1563793 1563510
1563714 1563626
1563593 1563799
1563703 1563655
1563670 1563751
1563713 1563743
1563574 1563553
1563725 1563574
1563720 1563698
1563595 1563637
1563526 1563666
1563550 1563572
1563714 1563622
1563696 1563711
1563654 1563553
1563755 1563659
1563744 1563543
1563725 1563538
1563612 1563570
1563539 1563540
1563534 1563692
1563730 1563792
782343 782470
782289 782419
782308 782383
782516 782347
782324 782334
782482 782377
782442 782271
782531 782354
782467 782456
782406 782441
782451 782495
782543 782367
782364 782499
782279 782288
782476 782509
782408 782442
782549 782353
782328 782261
782340 782432
782287 782459
782520 782282
782488 782391
782398 782309
782339 782532
782525 782335
782464 782311
782456 782292
782256 782333
782504 782366
782418 782370
782410 782255
782324 782322
391852 391865
391829 391777
391630 391793
391905 391630
391716 391915
391746 391755
391729 391890
391821 391795
391856 391704
391854 391757
391828 391672
391740 391797
391890 391897
391834 391896
391779 391901
391653 391653
391865 391847
391765 391706
391723 391757
391917 391871
391728 391677
391913 391798
391841 391888
391790 391886
391795 391911
391697 391754
391838 391893
391871 391632
391776 391777
391875 391828
391780 391888
391886 391846
196332 196337
196350 196472
196316 196388
196584 196563
196360 196378
196557 196611
196314 196370
196488 196429
196475 196335
196600 196500
196534 196396
196597 196467
196508 196597
196379 196369
196331 196583
196379 196378
196499 196441
196424 196493
196411 196428
196435 196579
196495 196510
196547 196525
196464 196609
196584 196550
196588 196460
196332 196531
196481 196334
196353 196318
196602 196497
196399 196401
196529 196464
196477 196491
98857 98841
98887 98911
98785 98725
98691 98940
98925 98901
98763 98744
98879 98763
98848 98880
98704 98659
98795 98765
98790 98906
98922 98730
98754 98845
98666 98920
98709 98804
98684 98707
98792 98733
98782 98810
98712 98762
98800 98800
98779 98928
98903 98834
98924 98859
98709 98699
98942 98888
98834 98911
98864 98860
98830 98888
98804 98835
98658 98922
98768 98800
98950 98667
49986 49829
49896 49852
50024 50067
49975 50114
49838 50098
49929 49843
50037 49902
50050 50085
50099 49944
50105 50111
49887 49869
50056 49962
49952 49909
50062 50060
49955 49852
49887 49855
49871 50113
50069 50126
49893 49834
50077 49983
49915 49930
49837 49898
49959 50027
49928 49999
50014 49887
49998 50023
49918 50001
50087 50008
49892 50090
49993 49852
50071 50115
49939 50038
25540 25491
25531 25467
25712 25418
25641 25662
25610 25594
25652 25627
25525 25469
25686 25436
25560 25514
25615 25441
25469 25633
25702 25639
25455 25710
25669 25577
25467 25555
25498 25568
25560 25607
25660 25660
25543 25593
25481 25583
25493 25420
25567 25620
25590 25569
25709 25628
25521 25579
25441 25624
25567 25709
25637 25674
25522 25484
25575 25663
25632 25624
25607 25522
13292 13435
13379 13494
13507 13316
13310 13453
13472 13354
13455 13320
13352 13234
13464 13281
13441 13259
13329 13473
13395 13452
13445 13452
13457 13269
13414 13300
13445 13439
13233 13348
13457 13505
13233 13309
13284 13357
13409 13215
13422 13469
13461 13326
13363 13478
13378 13493
13398 13244
13295 13288
13462 13264
13259 13278
13498 13216
13491 13360
13495 13239
13341 13247
45 92
296 175
283 293
290 61
32 161
111 119
71 67
159 255
300 239
221 140
259 46
112 133
130 284
269 253
109 71
25 29
213 136
64 145
152 148
94 84
42 150
90 19
39 242
163 193
169 62
35 41
292 105
62 114
208 118
212 181
296 94
54 194
170 128
172 205
68 52
250 184
273 63
230 115
11 187
264 109
278 191
119 84
28 177
253 214
232 33
168 287
213 18
15 128
169 293
133 97
270 201
210 202
196 46
125 74
71 102
267 92
244 208
282 25
23 49
29 93
182 43
123 113
219 120
132 254
259 90
178 34
96 210
150 70
224 65
36 165
30 212
205 112
148 258
288 288
291 98
94 2
40 159
217 207
208 7
46 1
112 68
154 25
139 18
158 22
209 273
44 70
59 33
109 125
239 280
109 109
70 161
234 118
48 52
51 88
11 230
52 22
38 29
102 60
268 163
76 158
294 25
32 125
86 80
28 149
60 94
182 259
73 197
191 199
110 89
107 142
189 67
36 31
190 162
6 99
17 24
166 123
131 184
233 138
121 163
171 134
217 298
71 20
68 159
205 284
69 49
172 66
120 108
258 141
141 205
121 286
70 184
218 91
143 297
231 116
188 66
165 175
147 73
92 40
226 1
217 120
142 204
121 22
173 268
152 128
10 165
101 240
32 221
256 154
36 69
273 174
202 232
119 78
24 226
131 95
206 193
105 82
111 111
183 179
272 137
85 215
68 126
281 38
290 155
217 185
176 271
153 228
35 270
220 16
210 113
163 25
295 212
102 111
67 115
148 98
237 16
205 290
193 76
131 184
38 8
249 144
193 78
188 235
51 26
66 17
