# source: JorikJooken
# original path: jj_extract\knapsackProblemInstances-master\problemInstances\n_400_c_1000000_g_14_f_0.1_eps_0.01_s_100\test.in
# optimal value: 1003948
# format: n capacity, then weight value
400 1000000
510065 510082
510069 510005
510092 510019
510009 510009
510009 510032
510024 510014
510016 510100
510028 510038
510088 510016
510045 510066
510057 510002
510090 510048
510006 510030
510048 510063
510097 510028
510061 510051
510018 510006
510012 510069
510088 510003
510058 510091
510005 510080
510011 510028
510018 510030
510056 510088
510014 510057
510063 510067
510029 510051
260058 260002
260063 260028
260037 260082
260051 260005
260008 260001
260029 260080
260049 260071
260058 260010
260060 260018
260039 260050
260098 260079
260096 260046
260095 260033
260014 260099
260026 260045
260054 260085
260047 260009
260087 260082
260052 260063
260009 260078
260035 260001
260074 260080
260002 260003
260020 260072
260002 260077
260034 260058
260057 260023
135021 135029
135017 135027
135012 135082
135041 135021
135067 135045
135094 135064
135100 135083
135068 135008
135085 135026
135038 135011
135005 135091
135027 135075
135061 135075
135089 135062
135081 135050
135091 135006
135044 135055
135051 135066
135050 135041
135028 135049
135025 135089
135022 135068
135056 135060
135058 135009
135003 135031
135017 135070
135005 135077
72580 72584
72573 72501
72596 72538
72507 72598
72551 72512
72528 72523
72564 72546
72538 72517
72583 72532
72572 72507
72501 72515
72587 72579
72501 72541
72576 72575
72549 72557
72570 72596
72505 72518
72524 72507
72596 72597
72559 72546
72565 72581
72505 72551
72514 72581
72528 72596
72522 72573
72596 72584
72571 72518
41278 41287
41295 41288
41308 41252
41323 41327
41277 41285
41329 41302
41261 41343
41308 41284
41261 41305
41289 41296
41296 41326
41276 41316
41331 41278
41344 41320
41273 41265
41338 41334
41312 41277
41295 41287
41269 41269
41309 41289
41306 41256
41256 41318
41292 41332
41301 41305
41333 41291
41330 41339
41340 41282
25681 25725
25724 25663
25676 25655
25638 25669
25698 25647
25651 25703
25697 25637
25665 25680
25698 25643
25701 25660
25659 25704
25719 25666
25629 25696
25689 25717
25697 25669
25686 25657
25631 25677
25659 25701
25692 25677
25654 25723
25680 25710
25706 25656
25712 25722
25648 25636
25683 25700
25667 25714
25679 25682
17896 17857
17829 17850
17854 17872
17862 17889
17859 17827
17893 17834
17895 17883
17908 17830
17849 17912
17875 17829
17828 17904
17814 17889
17832 17893
17818 17813
17814 17839
17889 17837
17897 17883
17820 17825
17862 17891
17891 17839
17876 17824
17822 17857
17897 17882
17911 17886
17879 17853
17820 17884
17837 17832
13911 13911
13980 14006
13934 13925
13929 13945
13989 13921
14000 13936
13970 13938
13933 13978
13995 13949
13969 13959
13976 13947
13954 13967
13922 13979
13974 13991
13970 14004
13936 13933
13990 13977
13917 13948
14002 13978
13943 13985
13978 14005
13960 13974
13965 13914
13934 13978
13908 13976
13934 13972
13954 14003
11968 11977
11988 11982
12013 12029
11984 12029
11961 11998
11998 12038
11988 11963
12053 12002
12030 11977
12045 12035
12000 12007
12042 12025
11990 12044
11955 11972
12033 12032
11984 12032
12050 12001
12032 12052
12029 12049
12012 12049
11954 12000
12022 11958
12027 12032
12006 12020
11993 11996
12016 11987
11994 12022
11021 11057
11041 10999
11036 11033
11018 11069
11064 11020
11067 11073
11040 10997
11031 10982
10981 11006
11017 11009
11017 11028
11065 11025
11073 10988
11009 10983
10988 11068
11019 11011
11041 10999
11037 10996
10989 11055
11051 11015
10985 10993
10981 11027
11070 11016
11025 11020
11007 11048
11053 11031
10977 11025
10515 10552
10501 10579
10522 10555
10519 10502
10557 10585
10574 10535
10531 10541
10566 10552
10496 10585
10586 10555
10547 10580
10521 10503
10490 10510
10528 10508
10554 10513
10498 10557
10554 10500
10542 10588
10568 10587
10516 10490
10509 10561
10518 10553
10495 10508
10510 10538
10585 10522
10546 10502
10490 10504
10340 10289
10285 10321
10287 10295
10330 10248
10293 10263
10321 10288
10313 10255
10265 10316
10310 10287
10313 10316
10257 10327
10330 10250
10271 10253
10263 10283
10280 10309
10294 10282
10342 10310
10335 10305
10296 10253
10339 10245
10343 10301
10295 10251
10260 10273
10322 10320
10273 10311
10259 10276
10273 10261
10172 10171
10206 10142
10191 10131
10143 10178
10166 10199
10160 10127
10170 10147
10219 10126
10212 10132
10179 10194
10206 10178
10138 10168
10164 10172
10131 10162
10212 10142
10129 10195
10141 10159
10204 10189
10130 10137
10204 10180
10174 10153
10183 10153
10185 10176
10158 10218
10209 10169
10204 10177
10210 10159
76 45
69 91
16 9
91 2
35 64
81 84
34 22
71 23
72 70
35 91
58 60
78 36
45 30
21 15
24 62
55 98
86 9
80 27
36 42
29 11
58 97
45 76
55 86
14 100
83 15
67 71
7 89
13 96
81 45
6 1
56 93
69 28
5 52
15 74
27 77
73 23
88 83
59 48
74 42
31 45
87 39
32 6
86 44
96 97
76 52
28 6
46 20
96 89
66 37
