# source: JorikJooken
# original path: jj_extract\knapsackProblemInstances-master\problemInstances\n_800_c_100000000_g_10_f_0.1_eps_0.01_s_300\test.in
# optimal value: 100013423
# format: n capacity, then weight value
800 100000000
51000056 51000171
51000149 51000032
51000015 51000252
51000260 51000067
51000024 51000127
51000130 51000225
51000050 51000243
51000061 51000122
51000002 51000224
51000283 51000228
51000165 51000175
51000207 51000293
51000017 51000172
51000267 51000058
51000233 51000213
51000146 51000184
51000088 51000257
51000019 51000240
51000236 51000036
51000240 51000059
51000221 51000250
51000023 51000121
51000152 51000042
51000103 51000276
51000254 51000237
51000044 51000217
51000098 51000218
51000196 51000246
51000230 51000110
51000024 51000181
51000142 51000191
51000084 51000106
51000269 51000065
51000279 51000097
51000109 51000065
51000126 51000292
51000158 51000253
51000291 51000226
51000026 51000244
51000013 51000151
51000253 51000289
51000183 51000048
51000257 51000105
51000212 51000018
51000036 51000271
51000069 51000023
51000207 51000001
51000193 51000059
51000156 51000258
51000055 51000089
51000267 51000115
51000030 51000285
51000205 51000105
51000295 51000141
51000224 51000281
51000137 51000286
51000246 51000168
51000171 51000215
51000155 51000091
51000088 51000152
51000293 51000185
51000089 51000001
51000054 51000275
51000203 51000288
51000098 51000291
51000072 51000289
51000273 51000128
51000186 51000248
51000257 51000106
51000016 51000032
51000162 51000082
51000300 51000152
51000226 51000003
51000061 51000175
51000037 51000054
51000017 51000288
51000245 51000225
51000169 51000237
51000245 51000210
51000103 51000089
26000212 26000101
26000070 26000005
26000267 26000146
26000217 26000174
26000240 26000067
26000198 26000177
26000070 26000025
26000065 26000162
26000214 26000135
26000163 26000121
26000078 26000252
26000062 26000005
26000159 26000284
26000198 26000126
26000272 26000013
26000050 26000183
26000230 26000157
26000272 26000124
26000185 26000055
26000060 26000254
26000143 26000167
26000175 26000059
26000034 26000001
26000298 26000255
26000150 26000178
26000152 26000162
26000090 26000083
26000299 26000022
26000053 26000116
26000001 26000169
26000171 26000076
26000079 26000188
26000148 26000178
26000044 26000121
26000043 26000202
26000106 26000215
26000072 26000245
26000282 26000090
26000208 26000013
26000144 26000171
26000179 26000145
26000022 26000037
26000265 26000203
26000262 26000154
26000189 26000265
26000213 26000188
26000050 26000115
26000095 26000293
26000190 26000282
26000031 26000150
26000100 26000016
26000081 26000299
26000226 26000237
26000293 26000145
26000189 26000084
26000172 26000053
26000152 26000045
26000033 26000176
26000115 26000288
26000143 26000297
26000050 26000162
26000196 26000199
26000263 26000217
26000203 26000238
26000174 26000206
26000087 26000201
26000193 26000129
26000045 26000080
26000269 26000170
26000056 26000229
26000251 26000045
26000246 26000297
26000257 26000172
26000085 26000291
26000264 26000219
26000101 26000022
26000248 26000131
26000025 26000049
26000232 26000149
26000030 26000085
13500066 13500280
13500065 13500125
13500086 13500208
13500143 13500107
13500168 13500108
13500214 13500046
13500117 13500236
13500033 13500224
13500100 13500221
13500070 13500071
13500166 13500098
13500260 13500128
13500043 13500047
13500286 13500064
13500161 13500276
13500177 13500004
13500133 13500042
13500176 13500199
13500031 13500270
13500204 13500299
13500043 13500079
13500241 13500134
13500231 13500232
13500271 13500277
13500252 13500012
13500065 13500192
13500198 13500172
13500187 13500045
13500282 13500106
13500098 13500008
13500140 13500198
13500268 13500058
13500072 13500219
13500219 13500022
13500289 13500209
13500102 13500193
13500125 13500161
13500195 13500219
13500216 13500036
13500106 13500024
13500015 13500071
13500161 13500261
13500003 13500294
13500175 13500073
13500257 13500295
13500145 13500114
13500291 13500046
13500025 13500183
13500264 13500284
13500089 13500235
13500226 13500142
13500076 13500003
13500152 13500211
13500057 13500105
13500255 13500136
13500033 13500132
13500109 13500102
13500189 13500074
13500109 13500249
13500128 13500288
13500209 13500014
13500237 13500269
13500196 13500029
13500086 13500110
13500174 13500150
13500178 13500179
13500297 13500281
13500128 13500120
13500114 13500279
13500023 13500161
13500158 13500273
13500287 13500052
13500063 13500197
13500060 13500048
13500278 13500235
13500018 13500092
13500257 13500289
13500240 13500066
13500052 13500114
13500241 13500106
7250146 7250270
7250050 7250123
7250124 7250268
7250106 7250006
7250192 7250270
7250235 7250015
7250192 7250126
7250081 7250006
7250265 7250071
7250147 7250056
7250135 7250223
7250146 7250104
7250247 7250263
7250222 7250284
7250101 7250168
7250154 7250132
7250166 7250109
7250192 7250083
7250263 7250167
7250262 7250097
7250182 7250100
7250037 7250192
7250074 7250105
7250114 7250245
7250278 7250157
7250090 7250009
7250125 7250036
7250150 7250192
7250190 7250003
7250118 7250196
7250168 7250236
7250154 7250000
7250280 7250050
7250000 7250005
7250265 7250225
7250097 7250249
7250241 7250143
7250032 7250255
7250143 7250189
7250157 7250169
7250115 7250115
7250195 7250015
7250130 7250046
7250134 7250263
7250233 7250228
7250185 7250071
7250108 7250186
7250084 7250179
7250293 7250256
7250230 7250280
7250031 7250169
7250254 7250227
7250192 7250052
7250080 7250244
7250021 7250205
7250143 7250024
7250169 7250110
7250103 7250140
7250078 7250120
7250031 7250226
7250259 7250130
7250184 7250234
7250056 7250146
7250191 7250040
7250031 7250136
7250058 7250172
7250000 7250019
7250273 7250264
7250086 7250148
7250284 7250201
7250168 7250027
7250142 7250176
7250140 7250112
7250239 7250229
7250045 7250241
7250071 7250025
7250030 7250218
7250106 7250111
7250091 7250020
7250284 7250127
4125144 4125049
4125155 4125297
4125072 4125090
4125040 4125078
4125214 4125112
4125187 4125173
4125195 4125114
4125299 4125069
4125196 4125049
4125264 4125141
4125293 4125026
4125098 4125244
4125101 4125246
4125050 4125187
4125071 4125167
4125166 4125239
4125209 4125075
4125121 4125007
4125219 4125206
4125172 4125052
4125121 4125238
4125200 4125193
4125064 4125198
4125186 4125091
4125142 4125071
4125111 4125124
4125179 4125291
4125279 4125148
4125234 4125242
4125282 4125123
4125281 4125275
4125192 4125202
4125024 4125200
4125170 4125198
4125009 4125183
4125198 4125066
4125192 4125157
4125008 4125221
4125185 4125204
4125075 4125237
4125005 4125015
4125052 4125045
4125065 4125157
4125113 4125216
4125099 4125173
4125101 4125139
4125182 4125286
4125081 4125009
4125047 4125282
4125011 4125043
4125166 4125127
4125280 4125104
4125157 4125084
4125011 4125129
4125223 4125208
4125197 4125170
4125270 4125211
4125178 4125025
4125180 4125218
4125104 4125203
4125122 4125197
4125250 4125019
4125243 4125256
4125153 4125165
4125283 4125166
4125196 4125243
4125046 4125219
4125168 4125009
4125156 4125187
4125148 4125175
4125097 4125029
4125040 4125232
4125063 4125153
4125115 4125224
4125188 4125026
4125242 4125126
4125257 4125247
4125154 4125196
4125116 4125077
4125131 4125215
2562697 2562679
2562735 2562553
2562641 2562524
2562698 2562534
2562655 2562681
2562629 2562664
2562546 2562598
2562564 2562777
2562634 2562599
2562731 2562562
2562723 2562694
2562646 2562722
2562610 2562537
2562790 2562523
2562709 2562544
2562566 2562595
2562680 2562534
2562540 2562672
2562514 2562646
2562726 2562575
2562640 2562747
2562771 2562641
2562618 2562571
2562538 2562632
2562514 2562558
2562541 2562688
2562688 2562613
2562673 2562681
2562564 2562549
2562580 2562666
2562610 2562621
2562692 2562602
2562694 2562758
2562612 2562641
2562544 2562797
2562530 2562616
2562621 2562580
2562669 2562713
2562503 2562685
2562618 2562709
2562616 2562603
2562756 2562610
2562648 2562669
2562657 2562675
2562564 2562667
2562525 2562556
2562591 2562719
2562532 2562745
2562688 2562659
2562711 2562617
2562721 2562654
2562527 2562671
2562723 2562599
2562533 2562516
2562734 2562514
2562506 2562522
2562591 2562501
2562787 2562691
2562562 2562661
2562700 2562620
2562584 2562562
2562646 2562682
2562655 2562614
2562749 2562505
2562693 2562765
2562689 2562767
2562532 2562776
2562773 2562738
2562725 2562645
2562630 2562689
2562700 2562533
2562773 2562711
2562664 2562709
2562577 2562794
2562640 2562603
2562580 2562737
2562739 2562614
2562607 2562524
2562634 2562599
2562529 2562588
1781346 1781469
1781446 1781302
1781332 1781442
1781521 1781468
1781381 1781532
1781322 1781489
1781349 1781458
1781533 1781408
1781544 1781458
1781394 1781526
1781382 1781465
1781260 1781354
1781448 1781397
1781379 1781322
1781271 1781298
1781545 1781504
1781474 1781363
1781483 1781548
1781362 1781340
1781412 1781269
1781471 1781407
1781454 1781455
1781520 1781454
1781422 1781368
1781479 1781496
1781292 1781352
1781303 1781546
1781473 1781490
1781415 1781336
1781271 1781257
1781261 1781499
1781467 1781459
1781297 1781361
1781485 1781323
1781447 1781400
1781468 1781513
1781389 1781430
1781521 1781519
1781256 1781434
1781537 1781537
1781448 1781429
1781381 1781517
1781536 1781380
1781257 1781510
1781262 1781418
1781287 1781316
1781417 1781362
1781466 1781269
1781548 1781299
1781378 1781413
1781364 1781432
1781438 1781301
1781318 1781491
1781424 1781515
1781479 1781374
1781549 1781417
1781514 1781515
1781365 1781386
1781470 1781428
1781271 1781440
1781265 1781380
1781424 1781322
1781270 1781387
1781531 1781304
1781311 1781506
1781465 1781388
1781270 1781310
1781408 1781355
1781542 1781369
1781342 1781368
1781423 1781333
1781427 1781392
1781303 1781514
1781399 1781528
1781438 1781469
1781375 1781545
1781282 1781375
1781519 1781386
1781434 1781260
1781538 1781516
1390666 1390776
1390776 1390628
1390827 1390882
1390712 1390697
1390780 1390911
1390669 1390855
1390749 1390685
1390855 1390797
1390734 1390653
1390784 1390868
1390919 1390886
1390694 1390679
1390728 1390895
1390829 1390630
1390728 1390807
1390659 1390800
1390627 1390848
1390839 1390657
1390799 1390911
1390844 1390813
1390633 1390787
1390695 1390766
1390820 1390850
1390674 1390857
1390906 1390762
1390642 1390806
1390673 1390792
1390806 1390759
1390821 1390741
1390863 1390630
1390731 1390913
1390869 1390783
1390646 1390812
1390790 1390859
1390657 1390811
1390867 1390889
1390700 1390850
1390896 1390891
1390885 1390791
1390723 1390798
1390738 1390653
1390692 1390697
1390810 1390809
1390780 1390668
1390832 1390911
1390651 1390715
1390873 1390676
1390644 1390682
1390629 1390681
1390744 1390738
1390854 1390907
1390918 1390767
1390858 1390749
1390703 1390691
1390903 1390710
1390731 1390700
1390640 1390744
1390655 1390865
1390711 1390822
1390789 1390883
1390786 1390641
1390691 1390866
1390677 1390815
1390768 1390837
1390780 1390806
1390755 1390892
1390905 1390698
1390730 1390754
1390913 1390900
1390825 1390788
1390800 1390788
1390875 1390743
1390825 1390708
1390661 1390869
1390901 1390784
1390767 1390816
1390783 1390647
1390874 1390825
1390654 1390868
1390896 1390629
1195371 1195456
1195436 1195375
1195541 1195473
1195591 1195319
1195381 1195464
1195606 1195350
1195429 1195485
1195369 1195416
1195531 1195552
1195471 1195600
1195512 1195352
1195531 1195505
1195332 1195420
1195411 1195457
1195548 1195430
1195313 1195454
1195358 1195507
1195452 1195552
1195433 1195486
1195443 1195364
1195534 1195439
1195537 1195493
1195565 1195421
1195570 1195333
1195591 1195317
1195589 1195396
1195531 1195333
1195599 1195554
1195505 1195488
1195588 1195477
1195489 1195462
1195384 1195383
1195611 1195569
1195391 1195313
1195434 1195363
1195488 1195559
1195444 1195565
1195588 1195451
1195484 1195337
1195538 1195543
1195540 1195353
1195346 1195449
1195457 1195356
1195493 1195462
1195400 1195597
1195478 1195439
1195396 1195526
1195361 1195513
1195361 1195528
1195333 1195502
1195479 1195364
1195568 1195469
1195464 1195468
1195492 1195439
1195397 1195532
1195328 1195456
1195376 1195547
1195483 1195514
1195343 1195525
1195602 1195523
1195475 1195444
1195558 1195359
1195570 1195321
1195356 1195392
1195343 1195325
1195519 1195452
1195434 1195534
1195590 1195353
1195341 1195552
1195527 1195399
1195590 1195571
1195444 1195464
1195324 1195334
1195412 1195554
1195580 1195525
1195497 1195474
1195453 1195448
1195454 1195597
1195523 1195377
1195411 1195480
25 49
117 16
85 123
30 145
241 210
255 176
96 117
85 6
299 292
161 186
230 259
67 22
150 88
249 42
11 251
238 291
287 120
282 224
200 39
169 216
38 173
115 280
259 231
47 239
294 190
181 123
159 298
131 276
133 93
143 25
284 290
151 90
7 68
25 124
151 76
27 282
261 7
259 251
192 113
35 242
294 139
252 107
276 173
128 147
262 181
182 203
110 272
38 55
296 88
12 209
108 132
212 191
228 30
79 171
137 82
121 58
92 51
163 251
252 10
44 64
247 120
274 46
28 28
29 71
282 109
230 111
108 175
75 159
237 86
83 205
149 82
65 83
186 247
9 226
27 10
186 19
81 64
201 110
187 168
153 39
