# source: JorikJooken
# original path: jj_extract\knapsackProblemInstances-master\problemInstances\n_400_c_100000000_g_14_f_0.3_eps_0_s_100\test.in
# optimal value: 100003233
# format: n capacity, then weight value
400 100000000
50000076 50000084
50000038 50000040
50000086 50000093
50000039 50000095
50000081 50000020
50000059 50000090
50000089 50000051
50000056 50000004
50000059 50000046
50000055 50000080
50000062 50000021
50000091 50000076
50000038 50000072
50000022 50000010
50000037 50000028
50000086 50000071
50000038 50000090
50000048 50000003
50000013 50000034
50000047 50000093
50000039 50000066
25000068 25000073
25000002 25000034
25000017 25000019
25000004 25000005
25000041 25000074
25000046 25000062
25000011 25000100
25000012 25000068
25000026 25000040
25000084 25000012
25000026 25000041
25000035 25000080
25000080 25000024
25000052 25000035
25000088 25000077
25000039 25000023
25000060 25000092
25000070 25000065
25000074 25000030
25000088 25000025
25000029 25000037
12500086 12500029
12500003 12500059
12500086 12500089
12500054 12500045
12500086 12500011
12500091 12500010
12500046 12500040
12500074 12500030
12500073 12500018
12500100 12500056
12500059 12500003
12500053 12500032
12500015 12500048
12500055 12500027
12500060 12500059
12500059 12500041
12500043 12500040
12500090 12500008
12500060 12500092
12500043 12500087
12500065 12500050
6250095 6250037
6250064 6250039
6250100 6250050
6250041 6250100
6250044 6250017
6250013 6250063
6250011 6250010
6250070 6250029
6250006 6250084
6250018 6250087
6250097 6250038
6250033 6250086
6250047 6250088
6250009 6250014
6250008 6250100
6250079 6250044
6250059 6250083
6250017 6250081
6250048 6250091
6250051 6250079
6250100 6250008
3125080 3125047
3125058 3125016
3125094 3125055
3125078 3125064
3125087 3125076
3125055 3125014
3125033 3125011
3125076 3125040
3125078 3125056
3125065 3125088
3125046 3125097
3125080 3125079
3125065 3125031
3125069 3125052
3125017 3125039
3125003 3125069
3125046 3125020
3125018 3125074
3125013 3125041
3125085 3125090
3125012 3125044
1562587 1562503
1562556 1562556
1562525 1562551
1562544 1562536
1562532 1562506
1562566 1562573
1562558 1562538
1562522 1562518
1562566 1562574
1562585 1562558
1562524 1562537
1562540 1562549
1562503 1562506
1562535 1562507
1562503 1562514
1562572 1562519
1562567 1562533
1562536 1562536
1562541 1562557
1562533 1562531
1562598 1562532
781316 781259
781318 781266
781294 781300
781272 781307
781323 781286
781255 781333
781326 781346
781264 781278
781343 781255
781287 781322
781297 781283
781292 781280
781302 781339
781324 781331
781345 781307
781311 781347
781304 781318
781278 781275
781340 781274
781266 781268
781269 781304
390639 390628
390690 390646
390648 390689
390695 390701
390649 390715
390696 390650
390697 390675
390674 390634
390715 390716
390654 390633
390713 390697
390630 390693
390654 390722
390710 390669
390636 390706
390701 390635
390709 390712
390638 390719
390627 390685
390702 390720
390672 390714
195326 195370
195400 195365
195389 195325
195400 195344
195329 195340
195320 195324
195337 195392
195349 195371
195368 195407
195322 195376
195374 195356
195399 195381
195342 195393
195337 195366
195340 195334
195381 195383
195375 195348
195354 195412
195323 195375
195350 195366
195359 195317
97665 97663
97752 97747
97743 97685
97746 97753
97658 97709
97659 97743
97677 97663
97745 97716
97705 97744
97716 97677
97756 97733
97746 97673
97669 97735
97704 97725
97686 97717
97676 97720
97741 97706
97701 97739
97683 97718
97739 97716
97739 97689
48912 48913
48844 48927
48906 48855
48876 48861
48865 48843
48833 48920
48852 48891
48928 48879
48851 48921
48845 48915
48916 48913
48906 48853
48891 48906
48851 48864
48875 48849
48925 48893
48869 48864
48869 48918
48843 48919
48864 48861
48918 48836
24421 24429
24456 24513
24433 24490
24510 24473
24429 24415
24451 24420
24453 24475
24478 24425
24468 24447
24484 24504
24428 24501
24469 24511
24509 24417
24451 24437
24456 24431
24478 24464
24429 24429
24437 24435
24449 24447
24446 24505
24488 24417
12234 12245
12242 12279
12288 12304
12264 12273
12221 12272
12307 12250
12213 12258
12285 12287
12294 12237
12225 12250
12278 12265
12214 12224
12245 12243
12214 12263
12258 12253
12269 12236
12252 12215
12241 12267
12256 12260
12239 12296
12241 12276
100 100
61 56
12 17
51 77
88 64
55 56
57 1
83 100
78 63
98 13
40 30
39 18
74 22
92 29
3 64
32 49
83 73
15 59
76 69
25 44
59 1
23 7
92 65
3 43
19 69
6 93
54 84
69 36
56 41
46 55
67 48
89 80
21 85
84 67
93 81
34 11
20 62
30 1
51 4
71 62
75 36
23 19
59 79
100 69
28 74
82 7
100 71
2 54
25 39
69 75
89 41
79 7
5 52
53 91
90 37
25 27
14 32
66 55
85 68
77 92
59 68
81 69
69 14
55 88
7 82
55 63
52 15
25 81
89 28
85 16
17 19
57 56
37 66
56 27
83 61
57 16
96 47
54 52
53 42
27 62
41 41
66 6
14 36
69 84
60 65
77 29
60 58
46 19
3 17
14 62
77 1
58 57
63 87
87 95
61 26
85 68
28 32
81 47
45 7
95 89
24 3
24 74
42 37
93 46
95 67
45 68
100 69
60 80
17 80
12 66
8 68
86 40
3 6
89 60
85 81
94 62
39 96
78 29
13 81
26 37
16 94
40 78
80 90
23 60
36 64
25 7
45 80
