# source: JorikJooken
# original path: jj_extract\knapsackProblemInstances-master\problemInstances\n_1200_c_100000000_g_6_f_0.1_eps_0.01_s_300\test.in
# optimal value: 99769693
# format: n capacity, then weight value
1200 100000000
51000188 51000257
51000094 51000187
51000190 51000226
51000062 51000262
51000224 51000109
51000290 51000200
51000091 51000206
51000078 51000243
51000023 51000107
51000134 51000033
51000065 51000172
51000047 51000034
51000010 51000224
51000281 51000015
51000194 51000067
51000289 51000068
51000003 51000004
51000300 51000192
51000035 51000245
51000293 51000029
51000228 51000136
51000013 51000179
51000159 51000057
51000214 51000181
51000045 51000123
51000187 51000009
51000031 51000248
51000255 51000045
51000079 51000003
51000169 51000155
51000279 51000144
51000020 51000036
51000083 51000158
51000059 51000211
51000043 51000217
51000204 51000222
51000027 51000254
51000232 51000060
51000188 51000086
51000186 51000254
51000240 51000067
51000284 51000162
51000129 51000079
51000208 51000200
51000220 51000035
51000259 51000078
51000229 51000059
51000149 51000263
51000150 51000229
51000160 51000066
51000038 51000120
51000161 51000231
51000068 51000095
51000024 51000042
51000095 51000008
51000173 51000050
51000002 51000215
51000093 51000207
51000248 51000070
51000203 51000075
51000125 51000230
51000150 51000056
51000085 51000014
51000009 51000080
51000218 51000147
51000104 51000065
51000159 51000272
51000263 51000137
51000134 51000066
51000266 51000224
51000287 51000097
51000214 51000148
51000266 51000286
51000181 51000139
51000057 51000147
51000101 51000141
51000211 51000297
51000081 51000030
51000022 51000142
51000062 51000158
51000139 51000263
51000215 51000234
51000228 51000260
51000008 51000259
51000075 51000202
51000294 51000091
51000254 51000153
51000108 51000075
51000186 51000045
51000040 51000139
51000145 51000132
51000159 51000251
51000230 51000007
51000133 51000113
51000100 51000292
51000007 51000212
51000248 51000163
51000079 51000252
51000255 51000100
51000217 51000099
51000081 51000102
51000007 51000042
51000281 51000169
51000239 51000155
51000008 51000151
51000231 51000266
51000300 51000106
51000113 51000218
51000051 51000090
51000016 51000274
51000053 51000272
51000133 51000010
51000007 51000212
51000135 51000251
51000038 51000294
51000228 51000228
51000120 51000080
51000112 51000006
51000010 51000065
51000244 51000043
51000148 51000059
51000028 51000231
51000160 51000016
51000075 51000124
51000276 51000054
51000017 51000163
51000163 51000040
51000007 51000236
51000081 51000294
51000244 51000141
51000266 51000118
51000226 51000001
51000228 51000181
51000077 51000041
51000227 51000106
51000025 51000155
51000211 51000181
51000032 51000067
51000234 51000218
51000268 51000082
51000032 51000053
51000261 51000034
51000062 51000223
51000179 51000178
51000033 51000187
51000266 51000139
51000106 51000132
51000288 51000077
51000248 51000291
51000257 51000074
51000123 51000119
51000199 51000100
51000107 51000226
51000160 51000082
51000291 51000159
51000204 51000133
51000019 51000097
51000150 51000256
51000132 51000223
51000061 51000015
51000049 51000271
51000273 51000270
51000098 51000006
51000060 51000044
51000012 51000143
51000258 51000125
51000253 51000099
51000030 51000016
51000019 51000069
51000250 51000205
51000083 51000097
51000053 51000119
51000294 51000231
51000174 51000106
51000069 51000011
51000107 51000169
51000053 51000052
51000197 51000163
51000019 51000156
51000020 51000181
51000206 51000262
51000142 51000266
51000026 51000152
51000165 51000049
51000198 51000257
51000151 51000191
51000015 51000260
51000155 51000265
51000256 51000225
51000224 51000158
51000051 51000084
51000173 51000222
51000136 51000190
51000192 51000251
51000082 51000034
51000031 51000070
51000008 51000224
51000170 51000237
51000191 51000175
51000068 51000152
51000202 51000087
51000087 51000161
51000267 51000110
51000124 51000167
51000156 51000125
51000243 51000283
51000018 51000296
51000023 51000105
51000237 51000091
51000084 51000232
51000109 51000152
51000042 51000236
51000222 51000006
51000130 51000272
51000038 51000133
51000184 51000225
26000193 26000081
26000104 26000254
26000216 26000104
26000111 26000296
26000073 26000016
26000220 26000124
26000287 26000176
26000142 26000300
26000118 26000014
26000241 26000290
26000161 26000175
26000136 26000251
26000284 26000081
26000180 26000066
26000125 26000242
26000098 26000027
26000060 26000156
26000128 26000014
26000046 26000038
26000013 26000236
26000006 26000054
26000094 26000232
26000255 26000003
26000230 26000222
26000275 26000229
26000086 26000178
26000023 26000204
26000113 26000167
26000137 26000129
26000105 26000155
26000045 26000052
26000285 26000270
26000287 26000195
26000136 26000018
26000245 26000093
26000131 26000268
26000030 26000014
26000238 26000124
26000149 26000012
26000242 26000253
26000177 26000050
26000014 26000119
26000244 26000272
26000015 26000124
26000067 26000243
26000273 26000222
26000028 26000133
26000161 26000086
26000137 26000155
26000082 26000128
26000166 26000065
26000244 26000062
26000180 26000128
26000050 26000287
26000199 26000193
26000088 26000280
26000174 26000042
26000084 26000137
26000204 26000177
26000188 26000127
26000117 26000061
26000027 26000192
26000240 26000174
26000266 26000046
26000107 26000071
26000280 26000178
26000190 26000143
26000174 26000288
26000112 26000245
26000176 26000175
26000070 26000100
26000219 26000059
26000161 26000248
26000007 26000230
26000019 26000125
26000041 26000097
26000109 26000123
26000291 26000190
26000197 26000028
26000237 26000034
26000001 26000157
26000177 26000074
26000228 26000160
26000095 26000124
26000112 26000232
26000181 26000209
26000134 26000235
26000201 26000131
26000136 26000053
26000229 26000092
26000284 26000002
26000128 26000137
26000137 26000209
26000082 26000245
26000185 26000106
26000082 26000135
26000216 26000196
26000293 26000295
26000217 26000110
26000130 26000271
26000199 26000070
26000214 26000129
26000114 26000174
26000109 26000245
26000042 26000139
26000004 26000186
26000018 26000279
26000076 26000090
26000039 26000211
26000064 26000155
26000029 26000100
26000041 26000016
26000284 26000112
26000050 26000034
26000172 26000172
26000258 26000111
26000071 26000269
26000090 26000034
26000286 26000243
26000263 26000195
26000153 26000256
26000019 26000249
26000282 26000287
26000280 26000075
26000194 26000089
26000128 26000233
26000065 26000219
26000298 26000163
26000248 26000209
26000038 26000056
26000008 26000278
26000222 26000020
26000050 26000031
26000202 26000031
26000162 26000033
26000276 26000132
26000025 26000207
26000260 26000175
26000241 26000278
26000259 26000163
26000062 26000086
26000182 26000300
26000027 26000116
26000205 26000115
26000291 26000260
26000296 26000172
26000199 26000252
26000029 26000218
26000064 26000231
26000096 26000257
26000035 26000116
26000090 26000222
26000247 26000061
26000266 26000148
26000083 26000055
26000165 26000279
26000025 26000287
26000105 26000234
26000176 26000178
26000151 26000088
26000135 26000177
26000214 26000049
26000061 26000297
26000285 26000172
26000125 26000013
26000298 26000238
26000009 26000072
26000191 26000122
26000063 26000280
26000128 26000107
26000165 26000293
26000242 26000010
26000042 26000014
26000246 26000010
26000009 26000046
26000237 26000200
26000059 26000197
26000244 26000254
26000180 26000287
26000251 26000291
26000213 26000229
26000257 26000163
26000257 26000285
26000120 26000230
26000086 26000283
26000240 26000017
26000290 26000171
26000295 26000154
26000082 26000139
26000228 26000098
26000173 26000194
26000083 26000128
26000068 26000118
26000254 26000150
26000277 26000125
26000094 26000232
26000163 26000074
26000114 26000281
26000004 26000171
26000281 26000239
26000260 26000064
26000186 26000111
26000060 26000227
26000044 26000023
26000290 26000210
26000247 26000128
26000251 26000014
26000090 26000119
26000050 26000182
26000124 26000263
26000288 26000214
26000109 26000111
26000164 26000038
26000244 26000300
26000014 26000290
26000278 26000288
13500299 13500148
13500256 13500027
13500084 13500230
13500258 13500009
13500058 13500029
13500074 13500273
13500193 13500023
13500267 13500225
13500028 13500192
13500235 13500137
13500235 13500220
13500009 13500013
13500130 13500069
13500117 13500046
13500169 13500300
13500014 13500120
13500213 13500223
13500093 13500133
13500271 13500021
13500186 13500117
13500026 13500166
13500216 13500134
13500261 13500244
13500185 13500099
13500005 13500081
13500024 13500199
13500169 13500056
13500135 13500010
13500172 13500207
13500126 13500296
13500192 13500166
13500298 13500202
13500277 13500230
13500215 13500117
13500089 13500057
13500153 13500220
13500081 13500260
13500127 13500244
13500269 13500247
13500296 13500030
13500144 13500175
13500083 13500046
13500199 13500218
13500149 13500283
13500255 13500116
13500113 13500118
13500051 13500124
13500126 13500245
13500107 13500101
13500100 13500074
13500103 13500041
13500294 13500263
13500187 13500145
13500065 13500278
13500278 13500230
13500261 13500017
13500062 13500106
13500221 13500058
13500102 13500140
13500280 13500100
13500262 13500143
13500149 13500265
13500187 13500089
13500266 13500107
13500097 13500009
13500076 13500047
13500112 13500078
13500212 13500152
13500012 13500198
13500055 13500271
13500028 13500121
13500005 13500178
13500178 13500065
13500298 13500288
13500148 13500220
13500215 13500085
13500022 13500075
13500144 13500127
13500119 13500196
13500088 13500184
13500107 13500215
13500208 13500284
13500104 13500295
13500036 13500132
13500247 13500037
13500005 13500299
13500003 13500172
13500208 13500300
13500202 13500162
13500002 13500007
13500037 13500106
13500054 13500165
13500298 13500032
13500295 13500285
13500018 13500264
13500124 13500157
13500237 13500209
13500109 13500054
13500116 13500074
13500174 13500098
13500239 13500221
13500078 13500225
13500256 13500284
13500019 13500050
13500043 13500024
13500247 13500017
13500182 13500042
13500018 13500262
13500026 13500198
13500292 13500233
13500083 13500129
13500254 13500292
13500091 13500083
13500134 13500237
13500043 13500130
13500209 13500035
13500265 13500128
13500084 13500164
13500205 13500274
13500193 13500234
13500077 13500044
13500194 13500294
13500146 13500105
13500081 13500107
13500280 13500099
13500050 13500250
13500121 13500181
13500063 13500011
13500250 13500117
13500001 13500200
13500094 13500298
13500209 13500010
13500022 13500042
13500095 13500175
13500154 13500276
13500003 13500243
13500204 13500097
13500085 13500070
13500109 13500289
13500285 13500148
13500230 13500284
13500109 13500142
13500123 13500121
13500036 13500155
13500263 13500022
13500205 13500093
13500039 13500035
13500139 13500056
13500189 13500199
13500271 13500127
13500169 13500128
13500033 13500106
13500262 13500006
13500039 13500145
13500218 13500275
13500144 13500181
13500124 13500142
13500225 13500272
13500093 13500208
13500219 13500137
13500298 13500225
13500139 13500079
13500042 13500024
13500032 13500273
13500245 13500053
13500282 13500048
13500226 13500047
13500056 13500102
13500126 13500222
13500210 13500268
13500069 13500215
13500148 13500080
13500113 13500246
13500287 13500073
13500292 13500274
13500219 13500155
13500277 13500092
13500064 13500213
13500081 13500235
13500224 13500200
13500285 13500262
13500139 13500174
13500076 13500032
13500148 13500210
13500246 13500131
13500053 13500201
13500168 13500134
13500030 13500197
13500167 13500003
13500096 13500171
13500120 13500226
13500289 13500102
13500092 13500220
13500292 13500097
13500137 13500112
13500149 13500036
13500125 13500085
13500270 13500069
13500059 13500205
13500265 13500282
13500201 13500191
13500221 13500095
13500189 13500015
13500147 13500058
13500153 13500051
13500216 13500013
13500056 13500221
13500113 13500035
13500270 13500220
13500209 13500211
13500272 13500177
13500007 13500073
13500114 13500042
13500083 13500097
13500178 13500226
13500154 13500162
7250049 7250168
7250015 7250104
7250024 7250264
7250101 7250225
7250079 7250020
7250024 7250278
7250125 7250071
7250252 7250127
7250197 7250252
7250275 7250053
7250274 7250131
7250107 7250210
7250070 7250004
7250101 7250058
7250050 7250225
7250299 7250116
7250017 7250117
7250291 7250235
7250063 7250082
7250073 7250132
7250111 7250209
7250254 7250120
7250138 7250178
7250281 7250289
7250043 7250026
7250053 7250072
7250257 7250152
7250200 7250185
7250290 7250271
7250290 7250208
7250291 7250091
7250145 7250261
7250010 7250274
7250027 7250013
7250051 7250096
7250004 7250257
7250202 7250055
7250133 7250052
7250234 7250087
7250079 7250064
7250001 7250215
7250292 7250042
7250123 7250086
7250210 7250118
7250123 7250166
7250138 7250069
7250278 7250153
7250184 7250281
7250160 7250187
7250139 7250232
7250058 7250233
7250084 7250054
7250286 7250097
7250177 7250119
7250259 7250112
7250259 7250066
7250035 7250171
7250259 7250265
7250215 7250291
7250281 7250078
7250289 7250239
7250202 7250203
7250116 7250001
7250220 7250176
7250188 7250244
7250014 7250180
7250108 7250089
7250151 7250133
7250253 7250200
7250081 7250059
7250231 7250093
7250296 7250296
7250063 7250248
7250297 7250138
7250298 7250171
7250164 7250068
7250243 7250238
7250135 7250055
7250183 7250285
7250120 7250252
7250265 7250050
7250285 7250097
7250006 7250057
7250207 7250040
7250173 7250043
7250277 7250124
7250132 7250124
7250099 7250007
7250284 7250027
7250140 7250294
7250041 7250228
7250141 7250141
7250168 7250167
7250070 7250065
7250043 7250144
7250017 7250172
7250019 7250034
7250032 7250175
7250124 7250164
7250251 7250195
7250059 7250145
7250112 7250254
7250075 7250019
7250246 7250207
7250276 7250255
7250110 7250199
7250042 7250234
7250237 7250295
7250025 7250093
7250010 7250260
7250171 7250266
7250046 7250159
7250061 7250087
7250252 7250004
7250212 7250221
7250269 7250055
7250114 7250243
7250175 7250152
7250232 7250133
7250167 7250291
7250169 7250107
7250255 7250217
7250261 7250067
7250109 7250042
7250227 7250031
7250101 7250262
7250088 7250185
7250190 7250073
7250023 7250162
7250278 7250218
7250038 7250065
7250091 7250046
7250035 7250174
7250179 7250200
7250080 7250148
7250173 7250188
7250241 7250045
7250025 7250013
7250130 7250155
7250040 7250218
7250209 7250245
7250179 7250165
7250085 7250258
7250003 7250037
7250236 7250231
7250090 7250017
7250295 7250270
7250203 7250077
7250199 7250270
7250289 7250188
7250231 7250014
7250274 7250161
7250229 7250055
7250125 7250070
7250059 7250148
7250147 7250195
7250043 7250109
7250265 7250131
7250156 7250180
7250171 7250024
7250246 7250021
7250234 7250182
7250289 7250267
7250090 7250238
7250008 7250210
7250091 7250103
7250297 7250119
7250168 7250202
7250283 7250047
7250074 7250123
7250162 7250173
7250179 7250278
7250174 7250247
7250082 7250010
7250038 7250276
7250193 7250059
7250230 7250064
7250155 7250157
7250202 7250071
7250258 7250193
7250118 7250273
7250244 7250284
7250074 7250263
7250286 7250128
7250274 7250183
7250043 7250086
7250206 7250266
7250070 7250124
7250240 7250146
7250140 7250164
7250257 7250061
7250262 7250296
7250007 7250077
7250041 7250212
7250038 7250147
7250065 7250068
7250149 7250134
7250265 7250170
7250289 7250172
7250081 7250111
7250273 7250120
7250167 7250111
7250170 7250260
7250110 7250110
7250238 7250172
7250244 7250238
7250198 7250138
7250128 7250006
7250008 7250171
7250127 7250297
7250274 7250059
7250131 7250240
7250197 7250265
7250238 7250172
7250150 7250033
7250078 7250012
4125134 4125174
4125206 4125188
4125009 4125229
4125220 4125190
4125101 4125135
4125280 4125057
4125220 4125185
4125040 4125002
4125027 4125194
4125095 4125270
4125271 4125074
4125135 4125291
4125257 4125259
4125290 4125081
4125105 4125133
4125073 4125261
4125200 4125141
4125137 4125119
4125062 4125264
4125220 4125112
4125206 4125258
4125065 4125149
4125158 4125202
4125292 4125203
4125298 4125299
4125151 4125228
4125123 4125052
4125212 4125082
4125048 4125028
4125155 4125014
4125175 4125068
4125241 4125243
4125256 4125138
4125260 4125070
4125259 4125085
4125099 4125098
4125224 4125116
4125081 4125163
4125174 4125171
4125214 4125047
4125191 4125257
4125122 4125179
4125280 4125119
4125140 4125122
4125048 4125115
4125203 4125297
4125221 4125048
4125245 4125270
4125138 4125171
4125058 4125046
4125257 4125081
4125238 4125060
4125180 4125128
4125017 4125126
4125062 4125100
4125296 4125207
4125185 4125125
4125071 4125277
4125147 4125122
4125010 4125090
4125288 4125216
4125081 4125244
4125054 4125273
4125266 4125270
4125280 4125300
4125197 4125203
4125051 4125270
4125229 4125207
4125171 4125170
4125243 4125030
4125205 4125247
4125182 4125035
4125025 4125045
4125006 4125019
4125242 4125066
4125206 4125238
4125164 4125170
4125156 4125034
4125006 4125134
4125145 4125072
4125063 4125122
4125199 4125104
4125285 4125299
4125149 4125289
4125014 4125201
4125143 4125087
4125182 4125068
4125020 4125138
4125123 4125139
4125165 4125099
4125290 4125024
4125278 4125046
4125198 4125098
4125184 4125296
4125056 4125230
4125038 4125078
4125291 4125179
4125034 4125271
4125161 4125058
4125229 4125201
4125115 4125191
4125069 4125193
4125176 4125145
4125286 4125143
4125024 4125085
4125290 4125040
4125144 4125196
4125017 4125275
4125234 4125244
4125003 4125266
4125272 4125014
4125280 4125119
4125207 4125285
4125029 4125199
4125111 4125163
4125085 4125055
4125272 4125202
4125268 4125146
4125048 4125083
4125290 4125206
4125159 4125015
4125283 4125267
4125235 4125102
4125174 4125221
4125196 4125174
4125057 4125132
4125104 4125204
4125202 4125097
4125103 4125236
4125211 4125236
4125203 4125141
4125115 4125063
4125016 4125125
4125045 4125217
4125268 4125141
4125281 4125250
4125086 4125184
4125180 4125040
4125140 4125159
4125228 4125102
4125296 4125168
4125032 4125216
4125282 4125263
4125208 4125133
4125029 4125126
4125238 4125075
4125031 4125126
4125022 4125074
4125022 4125055
4125208 4125292
4125234 4125232
4125237 4125164
4125127 4125110
4125290 4125073
4125198 4125250
4125054 4125291
4125033 4125087
4125181 4125002
4125037 4125285
4125134 4125053
4125113 4125267
4125135 4125076
4125167 4125178
4125164 4125138
4125150 4125279
4125158 4125154
4125200 4125030
4125109 4125248
4125142 4125124
4125122 4125217
4125203 4125029
4125275 4125072
4125262 4125216
4125011 4125043
4125237 4125268
4125061 4125133
4125144 4125231
4125244 4125045
4125275 4125180
4125209 4125057
4125268 4125283
4125244 4125094
4125112 4125293
4125264 4125072
4125096 4125072
4125287 4125198
4125263 4125142
4125268 4125140
4125163 4125224
4125224 4125061
4125095 4125079
4125178 4125230
4125089 4125022
4125166 4125276
4125027 4125172
4125156 4125191
4125004 4125167
4125284 4125123
4125064 4125098
4125002 4125299
4125220 4125247
4125260 4125155
4125151 4125286
4125005 4125130
4125086 4125157
4125127 4125036
4125187 4125261
4125067 4125095
4125097 4125027
4125252 4125251
4125232 4125095
4125122 4125143
4125169 4125200
4125008 4125170
4125024 4125085
4125151 4125261
151 284
91 188
226 259
53 169
68 293
130 125
198 163
292 61
156 69
49 128
127 182
51 204
20 290
15 131
214 243
115 70
31 162
88 7
283 30
127 153
153 87
252 255
275 17
245 25
51 178
292 95
73 149
55 149
258 200
244 118
121 150
53 250
110 38
38 130
49 119
77 53
63 205
129 138
264 40
284 164
131 236
33 254
144 124
17 71
175 241
119 67
201 292
29 191
107 55
100 221
172 229
158 1
273 9
287 80
6 231
239 227
294 57
284 238
55 144
120 115
250 272
282 281
16 161
36 167
275 245
222 53
99 194
253 17
69 259
292 264
150 131
236 118
240 145
285 110
166 27
154 172
273 211
135 252
205 233
224 156
21 205
252 93
28 80
122 221
294 247
243 116
118 45
3 40
64 193
240 51
195 268
78 52
246 134
131 153
299 221
140 296
286 7
291 166
25 273
263 227
6 10
204 129
148 93
165 23
201 55
173 127
294 288
125 285
55 6
257 180
42 207
94 147
103 220
100 39
101 192
220 74
76 153
236 17
86 116
104 123
