# source: JorikJooken
# original path: jj_extract\knapsackProblemInstances-master\problemInstances\n_1200_c_1000000_g_14_f_0.1_eps_0.001_s_100\test.in
# optimal value: 1011657
# format: n capacity, then weight value
1200 1000000
501004 501063
501053 501042
501016 501023
501018 501094
501094 501041
501068 501054
501047 501018
501018 501067
501080 501094
501032 501097
501033 501057
501084 501066
501079 501067
501041 501040
501057 501038
501054 501050
501079 501053
501072 501033
501010 501084
501029 501016
501044 501013
501012 501017
501030 501085
501013 501006
501027 501099
501075 501009
501039 501015
501091 501041
501069 501090
501083 501082
501030 501005
501054 501090
501062 501002
501025 501047
501021 501060
501055 501037
501097 501065
501067 501033
501032 501001
501038 501095
501045 501030
501019 501069
501073 501059
501047 501093
501043 501079
501041 501067
501075 501046
501083 501004
501040 501017
501073 501075
501071 501060
501024 501034
501084 501094
501002 501080
501024 501038
501005 501066
501093 501085
501059 501036
501003 501037
501035 501041
501011 501057
501091 501068
501016 501058
501061 501027
501019 501097
501026 501090
501035 501058
501091 501085
501004 501066
501095 501032
501082 501079
501018 501016
501038 501083
501036 501093
501086 501041
501052 501077
501051 501062
501042 501065
501049 501019
501050 501098
501087 501050
501028 501033
501053 501067
251093 251042
251095 251002
251034 251098
251079 251033
251071 251011
251095 251086
251035 251081
251077 251015
251091 251009
251086 251093
251067 251085
251060 251096
251040 251059
251021 251038
251073 251059
251100 251045
251059 251032
251013 251056
251066 251100
251040 251060
251047 251041
251028 251087
251090 251094
251025 251017
251027 251037
251036 251043
251065 251067
251034 251070
251081 251058
251075 251046
251038 251028
251060 251003
251089 251051
251085 251056
251014 251074
251081 251024
251100 251022
251041 251061
251054 251056
251064 251076
251069 251057
251083 251098
251067 251057
251077 251073
251009 251068
251087 251046
251056 251042
251092 251047
251015 251002
251054 251064
251042 251067
251027 251089
251093 251062
251060 251095
251007 251077
251087 251019
251037 251080
251083 251001
251036 251077
251020 251081
251070 251043
251031 251096
251026 251003
251059 251091
251041 251010
251063 251065
251061 251086
251053 251004
251083 251056
251092 251072
251092 251035
251012 251052
251091 251076
251054 251052
251004 251017
251037 251068
251012 251088
251080 251009
251077 251064
251002 251053
251034 251077
251004 251098
251047 251047
126093 126093
126062 126064
126005 126052
126042 126019
126008 126011
126084 126041
126035 126034
126008 126094
126044 126009
126078 126011
126088 126094
126050 126067
126026 126004
126097 126033
126096 126088
126084 126014
126005 126088
126042 126091
126016 126027
126027 126081
126008 126071
126014 126003
126010 126029
126070 126074
126023 126015
126041 126010
126023 126031
126042 126052
126076 126045
126055 126084
126028 126051
126069 126067
126031 126008
126097 126053
126050 126024
126089 126071
126044 126057
126086 126077
126032 126045
126090 126070
126099 126050
126002 126002
126064 126026
126041 126057
126028 126042
126051 126053
126035 126079
126093 126028
126003 126098
126022 126095
126005 126047
126099 126043
126061 126002
126042 126056
126075 126056
126046 126079
126073 126028
126046 126017
126061 126057
126060 126016
126008 126059
126013 126096
126078 126089
126023 126029
126031 126060
126028 126028
126034 126086
126043 126002
126050 126073
126028 126035
126048 126094
126081 126046
126081 126040
126044 126090
126078 126051
126031 126040
126070 126075
126038 126021
126062 126020
126063 126032
126093 126066
126042 126051
126069 126006
63590 63531
63527 63591
63510 63600
63507 63527
63529 63573
63549 63575
63590 63529
63599 63561
63510 63538
63522 63595
63547 63510
63577 63549
63559 63578
63509 63503
63510 63552
63581 63513
63505 63600
63592 63508
63571 63532
63510 63516
63551 63578
63507 63552
63597 63560
63508 63576
63503 63596
63575 63551
63580 63506
63555 63599
63515 63579
63579 63541
63507 63510
63590 63540
63556 63589
63543 63523
63509 63556
63599 63530
63502 63598
63567 63563
63535 63558
63542 63580
63544 63542
63556 63517
63506 63515
63545 63538
63594 63561
63536 63545
63557 63580
63552 63567
63517 63515
63505 63517
63514 63548
63528 63555
63541 63561
63536 63582
63506 63520
63501 63545
63583 63517
63507 63587
63590 63513
63509 63523
63591 63582
63529 63524
63517 63550
63577 63591
63510 63564
63573 63555
63534 63506
63517 63527
63589 63582
63540 63535
63515 63580
63551 63524
63510 63536
63599 63557
63579 63582
63543 63596
63598 63516
63510 63516
63584 63512
63541 63571
63540 63585
63563 63579
63514 63502
32256 32276
32300 32252
32308 32295
32317 32307
32282 32345
32348 32341
32334 32340
32283 32305
32256 32271
32320 32346
32314 32285
32260 32275
32348 32255
32306 32331
32302 32314
32313 32348
32305 32310
32259 32261
32275 32296
32297 32277
32334 32342
32316 32338
32273 32254
32318 32296
32262 32317
32271 32274
32326 32283
32251 32308
32272 32257
32341 32309
32316 32264
32341 32341
32331 32334
32254 32292
32306 32291
32315 32330
32253 32291
32340 32286
32332 32311
32260 32337
32327 32315
32343 32311
32256 32346
32278 32263
32289 32316
32331 32315
32324 32287
32291 32253
32324 32333
32274 32342
32326 32290
32346 32339
32311 32315
32299 32339
32301 32315
32271 32251
32291 32280
32343 32339
32344 32252
32329 32272
32343 32319
32320 32263
32349 32347
32314 32344
32307 32342
32258 32326
32294 32260
32288 32291
32315 32300
32300 32312
32294 32287
32323 32277
32285 32252
32310 32303
32312 32311
32327 32252
32335 32265
32346 32297
32275 32262
32267 32269
32330 32312
32291 32265
32332 32319
16626 16629
16707 16668
16685 16683
16638 16643
16649 16715
16687 16696
16725 16668
16683 16675
16714 16647
16699 16644
16674 16725
16628 16641
16672 16672
16670 16648
16656 16681
16639 16711
16638 16707
16722 16660
16647 16648
16721 16661
16631 16640
16653 16669
16721 16705
16691 16667
16666 16678
16700 16659
16629 16632
16715 16651
16629 16638
16648 16671
16706 16683
16633 16653
16667 16707
16676 16669
16696 16666
16706 16678
16632 16636
16663 16671
16677 16651
16673 16681
16679 16640
16633 16711
16687 16635
16667 16711
16631 16659
16650 16662
16715 16722
16665 16665
16713 16672
16681 16703
16704 16653
16704 16653
16714 16672
16702 16628
16681 16640
16664 16711
16655 16642
16682 16652
16695 16643
16712 16687
16692 16637
16668 16707
16697 16662
16659 16708
16696 16638
16691 16661
16658 16713
16694 16693
16664 16724
16705 16674
16724 16705
16633 16640
16646 16701
16660 16699
16722 16675
16639 16655
16652 16681
16683 16702
16640 16701
16700 16658
16671 16685
16700 16633
16668 16667
8883 8819
8879 8815
8875 8861
8912 8852
8877 8873
8888 8886
8829 8866
8870 8838
8863 8909
8906 8833
8867 8838
8837 8834
8884 8890
8895 8865
8821 8818
8839 8862
8888 8873
8912 8866
8883 8873
8832 8862
8903 8853
8874 8898
8856 8898
8887 8825
8881 8868
8819 8828
8901 8879
8867 8828
8894 8837
8831 8841
8898 8823
8887 8842
8907 8828
8863 8853
8911 8849
8817 8833
8900 8828
8847 8875
8897 8874
8840 8854
8846 8842
8852 8838
8860 8911
8848 8876
8887 8828
8907 8825
8888 8843
8886 8843
8867 8817
8908 8879
8912 8901
8852 8894
8867 8816
8865 8825
8893 8830
8873 8857
8822 8860
8873 8848
8843 8827
8822 8861
8864 8818
8910 8882
8865 8831
8859 8872
8881 8874
8818 8910
8818 8899
8829 8815
8832 8904
8900 8901
8868 8839
8898 8877
8897 8828
8839 8888
8884 8838
8900 8867
8853 8830
8881 8845
8834 8857
8906 8897
8832 8834
8824 8835
8902 8815
4938 4918
4947 4911
4930 4920
4971 4956
4945 4931
4915 4916
4920 4955
4977 4960
4910 4960
4989 4989
4965 4990
4997 4939
5000 4995
4942 4982
4921 4908
5001 4967
4923 4984
4947 4932
4911 4916
4998 4960
4983 4953
4926 4970
4912 4936
4915 4944
4962 4998
5000 4928
4914 4928
4994 4925
4936 4999
4916 4988
4979 4964
4993 4938
4996 4969
4931 4995
4934 4913
4981 4986
4938 4916
4936 4909
4951 4997
4918 4938
4928 5005
4960 4927
4920 4976
4928 4967
4931 4915
4910 4939
4912 4931
4942 4988
4993 4909
4951 4910
4907 4983
4993 4980
4984 4955
4933 4980
4962 4916
4968 4924
4983 4936
4997 4992
4991 4936
4979 4935
4936 4909
4973 4955
4951 5005
4918 4948
4974 4940
4940 4949
4945 4948
4935 4975
5000 4966
4964 4929
4940 4908
4999 4914
4908 4915
4949 4986
5005 4994
4976 4908
4967 4959
4990 4922
4956 4942
4953 4965
4915 4925
4969 4978
4933 5001
2984 3002
3053 3045
2984 2996
2976 2972
2956 2977
3051 3001
2955 3032
3043 2996
3005 2988
3022 3007
3042 3053
3009 3030
2962 2982
3029 3022
3025 2992
3041 3025
3052 2999
3048 3012
3018 2980
2970 3033
2979 2993
3013 3021
3035 2987
3051 2969
2986 3051
3006 3006
2988 3022
2973 2984
2999 3006
2986 3037
3045 3017
3028 3039
3026 3013
2997 2984
2959 3011
2968 3024
3045 2986
3004 3008
3021 2970
3003 2993
2964 3049
2959 2996
3045 2970
3035 2989
3030 3038
3015 2963
2985 2986
2995 3007
2989 3027
2967 3040
3021 2963
2984 3001
3008 2977
2956 2973
3045 2983
2987 3016
2999 3012
2958 3030
2986 2964
3045 3052
3006 3049
3052 2995
3008 3038
2980 2980
2974 2988
3016 3050
3048 2959
2966 3014
3032 2992
2998 3004
3022 2998
2959 2970
2980 3006
3047 2991
3042 3043
3050 2960
3048 2957
3002 3014
2986 3018
2991 3051
2963 3047
3002 3046
3024 3035
2060 2062
2011 2019
2026 1986
1983 2060
2010 2023
1987 2068
2045 1996
2041 2057
2058 2053
1987 2005
2007 1983
1996 2027
2005 2074
2075 1991
2059 2009
2022 2061
2041 2005
2022 2069
2076 2011
2044 2067
2064 2047
2048 2068
1990 2004
1996 2032
2013 2002
1979 2039
2012 1980
2035 2039
2016 1986
2025 1995
2019 1983
2037 2005
2069 2062
1986 2013
2073 2016
2023 2012
2063 1983
2050 1999
2046 2035
2026 2073
2042 2054
2047 2076
1980 1983
1995 1982
1997 2071
2054 1988
2047 2055
1988 1977
2011 2033
2052 2053
1994 2075
2055 2023
2008 2058
2001 2050
2058 2055
2014 2020
2008 2063
2013 1983
2005 1994
2051 1978
2039 2059
2002 2051
1983 1990
2009 2035
2042 2062
2038 1993
2054 1996
2044 2019
2040 2037
1987 1992
2004 2000
2008 2017
1995 2071
2018 1979
2019 2049
2032 1999
2041 2071
1979 2035
1999 2064
2016 2060
1996 2023
2026 2010
2051 1978
1529 1512
1555 1499
1560 1489
1493 1490
1558 1507
1508 1560
1560 1496
1572 1505
1549 1514
1575 1572
1500 1532
1513 1544
1504 1510
1505 1535
1550 1502
1588 1557
1515 1514
1533 1568
1537 1566
1494 1567
1521 1540
1513 1548
1568 1522
1514 1514
1557 1564
1540 1551
1561 1511
1556 1515
1549 1501
1555 1516
1529 1581
1537 1584
1586 1568
1495 1495
1555 1510
1557 1543
1516 1522
1507 1565
1494 1497
1565 1521
1522 1496
1575 1530
1527 1588
1574 1496
1562 1501
1493 1556
1518 1524
1536 1570
1497 1584
1565 1558
1545 1518
1581 1527
1521 1492
1561 1533
1514 1583
1583 1584
1512 1542
1549 1576
1540 1574
1565 1571
1547 1489
1560 1509
1558 1498
1520 1544
1507 1501
1550 1558
1529 1508
1576 1508
1550 1548
1533 1489
1571 1580
1501 1535
1578 1502
1517 1584
1497 1494
1544 1518
1537 1528
1553 1495
1560 1585
1518 1516
1585 1530
1543 1505
1528 1500
1248 1252
1300 1294
1297 1276
1293 1283
1259 1249
1299 1320
1338 1286
1263 1344
1338 1321
1322 1333
1274 1272
1301 1297
1287 1317
1332 1283
1249 1269
1250 1332
1261 1334
1337 1320
1247 1254
1284 1310
1309 1317
1259 1261
1313 1327
1276 1258
1330 1325
1264 1336
1277 1280
1339 1266
1256 1251
1294 1341
1252 1300
1254 1269
1253 1291
1254 1284
1273 1327
1325 1309
1277 1327
1264 1292
1333 1282
1260 1259
1279 1297
1285 1316
1276 1278
1339 1277
1315 1289
1328 1301
1301 1302
1287 1266
1305 1313
1320 1279
1310 1268
1313 1286
1299 1334
1249 1277
1280 1279
1267 1308
1318 1323
1263 1285
1271 1332
1288 1312
1305 1249
1309 1273
1250 1276
1287 1275
1322 1260
1331 1330
1342 1279
1336 1302
1322 1305
1320 1252
1340 1252
1321 1282
1329 1262
1290 1250
1302 1289
1338 1284
1292 1254
1340 1295
1287 1284
1333 1340
1264 1260
1270 1315
1263 1249
1215 1192
1145 1204
1152 1214
1133 1203
1168 1185
1128 1210
1134 1138
1194 1192
1124 1160
1193 1180
1178 1152
1123 1129
1156 1218
1175 1220
1198 1134
1199 1220
1153 1162
1191 1144
1157 1158
1194 1142
1158 1221
1161 1198
1204 1159
1151 1219
1146 1171
1186 1154
1208 1149
1143 1156
1169 1221
1200 1169
1217 1130
1219 1165
1216 1217
1151 1220
1168 1177
1213 1198
1142 1169
1129 1134
1213 1175
1187 1156
1187 1214
1123 1202
1143 1170
1131 1158
1138 1145
1131 1127
1213 1127
1193 1200
1174 1173
1169 1164
1128 1179
1209 1176
1141 1144
1128 1190
1184 1141
1219 1216
1162 1154
1150 1149
1180 1151
1160 1149
1150 1161
1133 1162
1141 1156
1156 1167
1146 1165
1162 1169
1157 1214
1197 1221
1184 1207
1150 1131
1153 1136
1187 1172
1200 1198
1152 1156
1177 1218
1123 1189
1142 1185
1169 1132
1156 1147
1193 1130
1211 1130
1135 1209
1156 1215
59 53
39 30
69 61
84 34
63 4
72 4
17 24
15 75
20 13
4 93
21 59
94 15
79 9
36 71
44 60
46 63
84 14
87 75
31 59
99 42
94 13
65 69
89 94
47 59
77 56
19 52
50 17
68 68
92 23
19 22
48 62
97 29
30 15
41 92
36 55
11 10
57 66
94 93
96 9
75 17
65 24
76 15
33 88
15 85
90 86
63 17
84 91
87 54
71 52
71 98
92 78
70 61
30 27
1 35
74 13
12 66
79 70
14 96
7 30
6 25
84 72
50 32
54 21
6 55
33 25
8 90
26 58
39 50
45 16
9 56
65 21
70 98
82 46
30 66
2 79
71 77
30 66
68 72
47 62
76 54
24 8
83 69
87 35
95 50
58 77
38 99
91 95
3 100
53 54
29 41
57 59
25 15
71 88
94 90
64 16
35 36
32 43
43 15
18 53
8 55
25 93
40 39
5 22
11 98
64 71
89 84
83 29
80 38
84 77
94 59
81 60
62 52
97 57
7 17
76 8
11 96
31 55
50 11
93 86
60 100
1 2
