# source: JorikJooken
# original path: jj_extract\knapsackProblemInstances-master\problemInstances\n_400_c_100000000_g_2_f_0.3_eps_0.1_s_200\test.in
# optimal value: 60011852
# format: n capacity, then weight value
400 100000000
60000175 60000046
60000049 60000154
60000126 60000147
60000125 60000036
60000085 60000037
60000098 60000072
60000153 60000189
60000024 60000051
60000082 60000042
60000020 60000149
60000013 60000166
60000108 60000079
60000141 60000050
60000064 60000149
60000182 60000115
60000173 60000183
60000140 60000129
60000004 60000181
60000151 60000116
60000183 60000171
60000001 60000152
60000071 60000077
60000199 60000027
60000174 60000037
60000087 60000172
60000172 60000003
60000095 60000126
60000147 60000147
60000115 60000015
60000094 60000138
60000111 60000027
60000009 60000088
60000063 60000119
60000104 60000120
60000140 60000111
60000053 60000098
60000057 60000148
60000148 60000054
60000186 60000098
60000140 60000031
60000032 60000121
60000139 60000147
60000177 60000065
60000026 60000092
60000040 60000106
60000009 60000132
60000160 60000085
60000126 60000132
60000065 60000006
60000052 60000030
60000031 60000019
60000136 60000168
60000055 60000067
60000052 60000161
60000123 60000116
60000082 60000089
60000143 60000046
60000029 60000062
60000099 60000072
60000163 60000005
60000195 60000105
60000078 60000011
60000083 60000184
60000028 60000174
60000014 60000039
60000023 60000193
60000091 60000166
60000196 60000103
60000016 60000040
60000063 60000137
60000065 60000084
60000153 60000034
60000118 60000130
60000043 60000077
60000003 60000028
60000192 60000093
60000047 60000061
60000015 60000106
60000197 60000061
60000109 60000046
60000079 60000084
60000188 60000073
60000075 60000052
60000118 60000037
60000052 60000059
60000171 60000110
60000141 60000195
60000163 60000063
60000063 60000019
60000087 60000100
60000171 60000181
60000147 60000040
60000152 60000144
60000119 60000185
60000110 60000183
60000012 60000100
60000188 60000025
60000017 60000170
60000125 60000115
60000116 60000143
60000075 60000058
60000013 60000124
60000150 60000146
60000193 60000171
60000028 60000083
60000170 60000188
60000005 60000190
60000062 60000016
60000062 60000030
60000106 60000175
60000137 60000103
60000152 60000080
60000173 60000169
60000052 60000072
60000133 60000153
60000012 60000117
60000074 60000124
60000104 60000098
60000004 60000192
60000071 60000135
60000090 60000151
60000059 60000196
60000127 60000023
60000131 60000022
60000035 60000068
60000064 60000130
60000112 60000178
60000080 60000149
60000086 60000020
60000026 60000065
60000184 60000164
60000028 60000171
60000177 60000107
60000183 60000091
60000109 60000190
60000107 60000145
60000113 60000135
60000103 60000187
60000057 60000117
60000117 60000073
60000200 60000194
60000083 60000192
60000105 60000143
60000161 60000084
60000163 60000078
60000046 60000021
60000049 60000090
60000041 60000011
60000018 60000197
60000100 60000142
60000024 60000077
60000127 60000197
60000165 60000139
60000190 60000176
60000003 60000010
60000137 60000167
60000182 60000192
60000163 60000122
60000188 60000154
60000087 60000125
60000016 60000080
60000122 60000165
60000189 60000062
60000173 60000059
60000088 60000179
60000131 60000130
60000189 60000040
60000065 60000054
60000103 60000169
60000072 60000167
60000027 60000146
60000026 60000179
60000064 60000173
60000109 60000137
60000109 60000175
60000157 60000070
60000118 60000016
60000142 60000037
60000052 60000188
60000184 60000022
60000189 60000035
60000166 60000175
60000064 60000059
60000181 60000046
60000125 60000183
60000164 60000186
60000113 60000170
60000177 60000078
60000186 60000116
60000194 60000025
60000073 60000049
60000108 60000021
60000047 60000122
60000124 60000075
60000057 60000179
60000091 60000140
60000168 60000182
60000052 60000021
60000154 60000073
60000118 60000029
60000040 60000199
60000186 60000055
60000138 60000136
60000110 60000016
60000143 60000049
60000179 60000037
60000016 60000142
60000196 60000058
60000095 60000058
60000062 60000147
60000013 60000118
60000089 60000135
60000179 60000039
60000013 60000136
60000007 60000181
60000160 60000089
60000011 60000118
60000067 60000084
60000116 60000168
60000037 60000111
60000025 60000136
60000183 60000143
60000097 60000094
60000197 60000010
60000145 60000180
60000060 60000153
60000135 60000038
60000092 60000060
60000110 60000130
60000066 60000111
60000171 60000145
60000114 60000109
60000103 60000030
60000093 60000016
60000185 60000130
60000011 60000192
60000088 60000063
60000045 60000113
60000066 60000144
60000085 60000066
60000056 60000188
60000140 60000022
60000147 60000116
60000152 60000055
60000095 60000031
60000095 60000073
60000172 60000008
60000112 60000160
60000068 60000023
60000165 60000142
60000119 60000121
60000121 60000139
60000183 60000144
60000131 60000058
60000135 60000035
60000022 60000019
60000041 60000193
60000042 60000027
60000119 60000101
60000176 60000145
60000105 60000022
60000014 60000071
60000091 60000167
60000127 60000126
60000003 60000037
60000092 60000199
60000139 60000110
60000176 60000052
60000190 60000038
60000155 60000196
60000031 60000081
60000082 60000057
60000090 60000022
60000089 60000147
60000140 60000189
60000199 60000193
60000004 60000191
60000091 60000180
60000115 60000114
60000054 60000021
113 93
88 187
107 164
186 170
23 98
125 100
134 22
6 23
89 107
107 173
85 60
82 137
102 156
163 104
145 197
7 62
188 178
102 76
184 137
59 38
59 55
30 44
167 162
153 166
56 126
43 48
93 108
123 42
38 8
89 112
191 63
180 100
44 39
30 4
25 137
108 35
102 16
130 17
106 83
122 69
86 143
181 200
52 117
48 148
7 94
198 81
185 64
113 15
143 42
26 24
165 55
131 24
184 167
20 102
78 198
103 72
62 124
79 126
156 14
37 33
184 23
71 56
80 176
15 32
28 25
160 37
167 107
121 70
131 50
108 21
52 193
48 147
198 21
66 61
21 14
74 136
132 77
8 68
42 12
48 183
179 8
71 72
116 187
152 130
53 121
22 10
46 184
86 51
124 55
24 66
165 197
173 128
101 75
169 142
61 53
25 132
110 173
5 72
96 28
87 84
101 167
1 32
190 131
37 115
31 36
102 199
68 118
79 144
51 147
200 143
39 151
88 183
18 171
67 31
108 196
30 58
67 137
126 140
125 173
150 145
