# source: JorikJooken
# original path: jj_extract\knapsackProblemInstances-master\problemInstances\n_1000_c_100000000_g_14_f_0.1_eps_0.001_s_200\test.in
# optimal value: 100022181
# format: n capacity, then weight value
1000 100000000
50100168 50100127
50100164 50100120
50100190 50100056
50100085 50100060
50100141 50100075
50100179 50100073
50100136 50100017
50100186 50100082
50100199 50100153
50100047 50100130
50100158 50100171
50100058 50100186
50100177 50100058
50100073 50100170
50100179 50100045
50100034 50100055
50100127 50100062
50100188 50100045
50100031 50100127
50100003 50100191
50100036 50100140
50100040 50100037
50100044 50100164
50100193 50100028
50100118 50100077
50100067 50100170
50100074 50100123
50100015 50100130
50100006 50100048
50100112 50100128
50100172 50100099
50100092 50100103
50100131 50100134
50100182 50100192
50100056 50100117
50100193 50100028
50100144 50100081
50100181 50100196
50100112 50100123
50100116 50100193
50100029 50100022
50100076 50100034
50100030 50100046
50100142 50100008
50100192 50100144
50100098 50100106
50100101 50100186
50100138 50100117
50100019 50100141
50100011 50100181
50100018 50100161
50100038 50100068
50100060 50100186
50100113 50100122
50100126 50100005
50100034 50100175
50100016 50100083
50100172 50100010
50100022 50100007
50100147 50100123
50100079 50100012
50100095 50100182
50100191 50100011
50100169 50100152
50100044 50100175
50100167 50100145
50100078 50100128
50100094 50100084
50100144 50100191
25100125 25100027
25100028 25100075
25100095 25100029
25100113 25100066
25100117 25100188
25100129 25100194
25100194 25100136
25100116 25100127
25100123 25100003
25100167 25100128
25100067 25100098
25100193 25100020
25100120 25100090
25100160 25100087
25100078 25100155
25100186 25100153
25100147 25100189
25100140 25100159
25100137 25100142
25100113 25100039
25100102 25100153
25100055 25100113
25100129 25100124
25100147 25100098
25100051 25100176
25100194 25100184
25100162 25100038
25100161 25100013
25100086 25100030
25100134 25100088
25100063 25100030
25100034 25100007
25100017 25100009
25100193 25100077
25100100 25100175
25100015 25100166
25100077 25100127
25100015 25100015
25100155 25100136
25100068 25100152
25100066 25100199
25100087 25100129
25100088 25100097
25100093 25100153
25100030 25100156
25100048 25100055
25100046 25100118
25100126 25100195
25100052 25100061
25100171 25100045
25100178 25100167
25100102 25100035
25100069 25100154
25100177 25100075
25100171 25100017
25100092 25100183
25100188 25100076
25100068 25100113
25100052 25100052
25100012 25100145
25100111 25100059
25100136 25100047
25100060 25100199
25100020 25100035
25100090 25100141
25100063 25100007
25100130 25100054
25100025 25100004
25100143 25100087
12600013 12600179
12600020 12600186
12600021 12600078
12600074 12600066
12600142 12600017
12600187 12600141
12600137 12600109
12600152 12600199
12600101 12600060
12600070 12600040
12600140 12600189
12600157 12600057
12600157 12600015
12600145 12600145
12600175 12600165
12600164 12600196
12600078 12600164
12600120 12600065
12600009 12600126
12600151 12600126
12600052 12600051
12600048 12600167
12600056 12600029
12600178 12600060
12600181 12600056
12600066 12600143
12600007 12600166
12600188 12600010
12600195 12600022
12600126 12600097
12600119 12600015
12600118 12600067
12600077 12600106
12600122 12600178
12600199 12600052
12600088 12600066
12600121 12600032
12600073 12600074
12600135 12600079
12600104 12600127
12600148 12600092
12600017 12600060
12600052 12600151
12600038 12600031
12600119 12600043
12600044 12600142
12600161 12600024
12600112 12600163
12600044 12600062
12600193 12600043
12600002 12600025
12600161 12600039
12600183 12600026
12600183 12600026
12600063 12600171
12600012 12600107
12600131 12600041
12600177 12600101
12600095 12600100
12600055 12600142
12600173 12600112
12600048 12600182
12600151 12600102
12600142 12600075
12600085 12600154
12600144 12600166
12600074 12600182
12600117 12600093
12600026 12600062
6350149 6350161
6350135 6350025
6350150 6350178
6350003 6350073
6350172 6350123
6350116 6350067
6350011 6350107
6350111 6350088
6350108 6350047
6350001 6350093
6350052 6350018
6350048 6350107
6350102 6350033
6350189 6350051
6350158 6350097
6350077 6350070
6350013 6350070
6350045 6350004
6350065 6350027
6350065 6350073
6350049 6350014
6350167 6350023
6350046 6350192
6350145 6350091
6350145 6350167
6350086 6350021
6350103 6350157
6350029 6350187
6350168 6350148
6350011 6350076
6350137 6350041
6350047 6350115
6350129 6350064
6350086 6350049
6350091 6350096
6350019 6350027
6350114 6350151
6350153 6350065
6350192 6350105
6350024 6350072
6350185 6350041
6350106 6350193
6350071 6350123
6350136 6350149
6350034 6350050
6350082 6350144
6350200 6350053
6350084 6350084
6350136 6350093
6350064 6350077
6350147 6350124
6350053 6350150
6350193 6350103
6350195 6350160
6350073 6350143
6350005 6350122
6350171 6350126
6350034 6350171
6350076 6350095
6350073 6350123
6350072 6350136
6350184 6350126
6350013 6350071
6350067 6350181
6350029 6350117
6350019 6350013
6350036 6350149
6350093 6350012
6350111 6350007
3225022 3225043
3225179 3225195
3225113 3225067
3225172 3225043
3225141 3225002
3225048 3225038
3225195 3225093
3225103 3225101
3225087 3225185
3225015 3225088
3225185 3225029
3225018 3225149
3225116 3225146
3225190 3225028
3225099 3225103
3225039 3225123
3225125 3225121
3225045 3225152
3225028 3225037
3225117 3225160
3225037 3225055
3225115 3225004
3225021 3225162
3225143 3225115
3225140 3225015
3225012 3225176
3225109 3225044
3225122 3225137
3225094 3225136
3225046 3225018
3225076 3225063
3225099 3225121
3225047 3225173
3225198 3225122
3225148 3225096
3225133 3225077
3225033 3225193
3225176 3225073
3225072 3225176
3225107 3225053
3225168 3225124
3225129 3225159
3225162 3225148
3225023 3225129
3225120 3225078
3225118 3225117
3225095 3225197
3225069 3225173
3225195 3225063
3225192 3225020
3225059 3225029
3225131 3225186
3225098 3225151
3225160 3225191
3225027 3225048
3225114 3225134
3225149 3225185
3225092 3225094
3225005 3225200
3225039 3225115
3225196 3225129
3225182 3225064
3225059 3225109
3225025 3225161
3225135 3225088
3225093 3225097
3225183 3225039
3225142 3225082
3225145 3225101
1662588 1662548
1662674 1662598
1662597 1662536
1662600 1662528
1662505 1662571
1662659 1662682
1662510 1662675
1662588 1662534
1662650 1662662
1662521 1662692
1662619 1662633
1662538 1662699
1662559 1662679
1662514 1662550
1662629 1662513
1662596 1662601
1662536 1662506
1662698 1662503
1662610 1662690
1662700 1662633
1662574 1662519
1662663 1662597
1662628 1662544
1662619 1662699
1662588 1662599
1662626 1662596
1662509 1662700
1662582 1662515
1662529 1662525
1662660 1662518
1662575 1662653
1662542 1662548
1662574 1662628
1662621 1662589
1662613 1662516
1662674 1662679
1662591 1662603
1662540 1662571
1662670 1662618
1662562 1662571
1662647 1662541
1662687 1662536
1662641 1662579
1662619 1662604
1662645 1662589
1662590 1662577
1662688 1662633
1662514 1662564
1662544 1662617
1662510 1662696
1662573 1662601
1662590 1662632
1662663 1662551
1662575 1662587
1662576 1662642
1662625 1662535
1662586 1662587
1662536 1662696
1662650 1662521
1662669 1662637
1662600 1662607
1662666 1662597
1662578 1662633
1662515 1662568
1662688 1662603
1662563 1662514
1662684 1662579
1662662 1662615
1662520 1662564
881448 881291
881388 881300
881268 881406
881275 881264
881363 881327
881358 881373
881305 881434
881381 881389
881411 881327
881278 881359
881317 881288
881407 881366
881337 881369
881257 881324
881370 881357
881362 881437
881337 881327
881367 881382
881375 881323
881272 881447
881412 881434
881281 881304
881324 881432
881346 881291
881393 881270
881419 881346
881269 881420
881299 881444
881302 881259
881370 881265
881338 881300
881327 881373
881258 881350
881376 881406
881279 881306
881409 881368
881281 881351
881364 881436
881278 881415
881412 881341
881435 881425
881340 881420
881301 881322
881381 881406
881364 881419
881314 881285
881379 881282
881448 881265
881258 881373
881448 881334
881301 881345
881448 881317
881444 881308
881369 881341
881365 881382
881389 881448
881394 881325
881444 881415
881411 881336
881434 881425
881322 881291
881373 881379
881314 881313
881435 881332
881356 881380
881285 881310
881305 881444
881321 881259
881379 881276
490726 490692
490808 490802
490730 490693
490737 490627
490715 490717
490673 490809
490785 490627
490796 490754
490748 490676
490780 490674
490648 490741
490806 490735
490674 490655
490702 490678
490740 490714
490781 490742
490723 490767
490727 490740
490637 490751
490797 490672
490764 490814
490728 490725
490679 490708
490791 490804
490809 490648
490639 490655
490685 490635
490799 490780
490792 490717
490790 490726
490723 490740
490766 490657
490798 490655
490678 490783
490781 490803
490701 490726
490705 490759
490631 490647
490766 490820
490697 490807
490691 490737
490789 490733
490739 490631
490653 490768
490640 490814
490813 490760
490710 490788
490687 490713
490821 490716
490717 490661
490720 490790
490671 490690
490726 490825
490681 490825
490812 490663
490659 490815
490678 490811
490675 490749
490774 490771
490725 490810
490763 490767
490736 490818
490687 490726
490710 490813
490682 490689
490681 490647
490627 490713
490700 490773
490781 490779
295368 295479
295474 295413
295351 295323
295387 295404
295331 295333
295370 295481
295411 295326
295396 295386
295381 295460
295449 295442
295374 295421
295336 295495
295313 295373
295487 295328
295457 295402
295489 295349
295358 295439
295441 295399
295392 295354
295357 295389
295372 295380
295465 295489
295484 295430
295371 295358
295485 295325
295382 295348
295333 295466
295458 295383
295403 295369
295462 295444
295326 295356
295473 295483
295404 295364
295387 295454
295504 295417
295355 295396
295489 295386
295397 295356
295393 295387
295367 295431
295385 295467
295434 295374
295458 295455
295378 295470
295331 295352
295454 295482
295389 295430
295439 295484
295352 295481
295346 295462
295327 295441
295469 295482
295313 295466
295334 295394
295323 295370
295384 295336
295454 295340
295462 295454
295455 295463
295337 295428
295359 295444
295335 295404
295461 295380
295410 295377
295320 295345
295453 295512
295395 295507
295338 295459
295442 295470
197847 197832
197724 197778
197726 197794
197819 197760
197689 197825
197687 197672
197752 197750
197755 197725
197664 197670
197733 197697
197774 197657
197694 197701
197807 197756
197669 197766
197776 197774
197810 197787
197726 197695
197757 197837
197811 197838
197843 197853
197703 197762
197688 197747
197761 197712
197708 197658
197856 197768
197660 197773
197756 197708
197854 197773
197732 197846
197677 197705
197765 197781
197729 197829
197823 197705
197718 197712
197848 197745
197688 197668
197724 197765
197698 197704
197755 197810
197792 197832
197688 197750
197739 197851
197693 197778
197838 197661
197715 197753
197699 197828
197826 197763
197827 197834
197729 197785
197811 197806
197818 197699
197740 197765
197722 197728
197786 197834
197764 197691
197818 197754
197676 197702
197823 197802
197665 197730
197776 197785
197675 197754
197749 197712
197756 197731
197820 197745
197757 197828
197849 197812
197710 197679
197792 197712
197801 197770
148920 148911
148985 148925
148920 148870
148900 148846
149017 148905
148943 149004
148967 149009
148845 148984
148998 148937
148948 148862
148876 148836
148953 148934
148989 148897
148915 148843
148928 148876
148845 149004
148853 148958
148910 148994
148939 148889
149019 148936
148871 148917
148951 148855
148953 148868
148856 148891
148895 148938
148956 148958
148993 148965
148975 149022
148871 148956
148895 148940
148990 148858
148952 148931
149017 149025
148893 148868
148890 148939
148968 149015
148890 148922
148917 148917
148928 149009
148876 149003
148896 148990
149016 148995
148930 148845
148944 148928
148897 149025
148845 148902
148909 148977
148888 148857
148840 148928
148890 148935
148854 148856
148876 148865
148859 148842
148875 148921
148853 148947
148951 148987
148904 149008
148979 149024
148985 148906
148904 148832
148977 148831
148933 148861
148901 148973
148939 149012
148860 148899
148842 148876
149005 148882
148901 148888
148983 148831
124598 124453
124435 124443
124434 124557
124443 124463
124441 124475
124483 124418
124614 124611
124585 124511
124466 124463
124568 124544
124477 124593
124507 124597
124430 124416
124609 124437
124441 124541
124451 124425
124514 124509
124424 124597
124547 124514
124583 124545
124434 124575
124485 124572
124544 124487
124501 124509
124484 124416
124602 124614
124524 124590
124581 124492
124544 124446
124575 124467
124521 124573
124493 124549
124418 124503
124550 124446
124519 124605
124493 124463
124518 124549
124469 124429
124491 124438
124571 124553
124416 124606
124482 124438
124540 124461
124534 124439
124449 124535
124572 124558
124445 124434
124576 124461
124556 124572
124584 124571
124555 124536
124504 124531
124481 124451
124416 124522
124487 124572
124584 124513
124519 124530
124461 124531
124547 124553
124443 124485
124461 124607
124505 124612
124454 124601
124607 124493
124585 124558
124423 124562
124599 124433
124440 124510
124586 124576
112304 112299
112285 112261
112262 112337
112385 112368
112233 112208
112404 112272
112272 112210
112260 112397
112239 112267
112237 112368
112402 112255
112331 112288
112308 112333
112221 112227
112286 112243
112278 112391
112291 112330
112278 112318
112389 112313
112276 112348
112367 112257
112283 112216
112369 112364
112247 112341
112395 112387
112371 112274
112215 112287
112381 112276
112219 112371
112345 112222
112300 112391
112329 112251
112223 112330
112244 112292
112292 112252
112218 112310
112281 112229
112222 112342
112221 112353
112245 112244
112225 112244
112320 112280
112352 112366
112220 112309
112272 112286
112345 112339
112270 112282
112329 112368
112222 112247
112406 112281
112299 112268
112330 112209
112260 112210
112208 112272
112297 112384
112221 112329
112328 112235
112214 112223
112329 112298
112210 112258
112391 112253
112278 112377
112328 112400
112318 112382
112387 112319
112313 112363
112374 112326
112339 112368
112393 112392
63 19
114 84
130 79
107 110
87 113
49 165
84 187
149 182
40 12
145 10
160 142
31 80
141 150
86 80
155 31
183 34
28 99
159 11
5 163
119 131
177 50
128 65
199 3
27 80
57 52
162 68
43 80
89 59
36 75
139 171
103 7
64 13
125 17
75 5
171 29
105 199
85 34
63 54
21 191
169 120
108 25
75 87
72 173
73 72
14 90
199 195
127 69
171 154
36 193
130 89
156 10
28 96
118 60
138 106
98 81
129 42
30 167
176 197
133 59
67 150
17 176
80 94
106 29
29 100
39 199
111 141
185 52
40 136
20 200
153 117
47 164
164 83
101 71
117 169
137 161
178 190
100 150
25 76
39 110
185 120
103 198
124 172
84 61
20 144
33 118
121 34
116 115
6 130
34 149
18 176
200 57
110 149
85 81
170 84
47 58
3 79
118 156
40 9
63 71
85 22
148 153
120 13
148 98
