# source: JorikJooken
# original path: jj_extract\knapsackProblemInstances-master\problemInstances\n_800_c_1000000_g_14_f_0.1_eps_1e-05_s_300\test.in
# optimal value: 1028600
# format: n capacity, then weight value
800 1000000
500193 500010
500046 500144
500147 500030
500149 500226
500180 500010
500027 500150
500260 500190
500151 500208
500142 500119
500061 500095
500091 500015
500175 500235
500262 500067
500129 500123
500223 500246
500226 500095
500272 500202
500064 500091
500087 500227
500118 500258
500232 500215
500290 500289
500048 500035
500205 500107
500046 500060
500152 500130
500134 500286
500242 500200
500164 500056
500213 500223
500199 500120
500163 500074
500185 500038
500209 500034
500129 500132
500022 500244
500082 500048
500125 500157
500304 500165
500020 500260
500110 500126
500121 500301
500011 500235
500250 500153
500058 500306
500111 500169
500091 500063
500273 500286
500299 500046
500249 500218
500300 500143
500237 500070
500015 500024
500198 500151
500194 500091
250132 250271
250116 250168
250267 250150
250098 250199
250083 250037
250116 250269
250202 250012
250263 250293
250104 250162
250018 250095
250290 250299
250295 250136
250044 250015
250179 250137
250254 250034
250231 250112
250159 250227
250063 250092
250263 250076
250096 250136
250046 250165
250060 250243
250130 250200
250080 250286
250094 250111
250116 250098
250149 250101
250283 250251
250013 250177
250070 250283
250161 250023
250068 250160
250256 250079
250218 250022
250105 250100
250293 250200
250157 250086
250240 250091
250078 250157
250228 250146
250248 250244
250156 250199
250051 250122
250252 250119
250287 250297
250019 250302
250136 250054
250015 250131
250216 250288
250178 250053
250115 250076
250280 250170
250298 250112
250053 250185
250112 250060
125229 125078
125286 125237
125209 125133
125230 125030
125262 125122
125241 125041
125298 125145
125161 125242
125132 125172
125087 125274
125122 125152
125231 125228
125262 125105
125291 125041
125199 125045
125161 125271
125170 125018
125119 125219
125293 125296
125151 125061
125107 125173
125241 125213
125107 125119
125022 125179
125143 125058
125038 125301
125129 125202
125069 125247
125266 125092
125093 125092
125159 125059
125042 125094
125097 125092
125113 125116
125183 125178
125305 125288
125114 125152
125244 125237
125016 125211
125099 125252
125143 125031
125264 125132
125267 125301
125175 125088
125287 125245
125207 125260
125068 125018
125254 125267
125013 125137
125272 125144
125245 125243
125207 125290
125278 125168
125214 125082
125179 125189
62519 62538
62796 62699
62772 62756
62666 62574
62609 62682
62682 62614
62536 62520
62605 62658
62592 62626
62703 62742
62647 62610
62646 62723
62728 62691
62572 62555
62638 62599
62580 62612
62610 62551
62590 62567
62651 62557
62763 62513
62726 62611
62778 62738
62698 62601
62717 62765
62590 62530
62626 62537
62765 62544
62614 62645
62530 62754
62729 62600
62647 62555
62540 62747
62650 62623
62783 62686
62686 62786
62748 62653
62758 62612
62783 62686
62738 62629
62701 62647
62571 62521
62684 62794
62578 62735
62556 62783
62644 62525
62580 62540
62706 62690
62551 62579
62798 62632
62716 62722
62802 62578
62671 62651
62571 62638
62600 62628
62781 62536
31537 31396
31531 31458
31405 31517
31354 31287
31305 31278
31350 31442
31353 31439
31419 31490
31537 31479
31429 31497
31315 31446
31531 31333
31423 31532
31450 31330
31386 31389
31526 31514
31541 31554
31287 31391
31537 31458
31393 31518
31381 31556
31476 31457
31297 31542
31361 31511
31393 31313
31263 31532
31369 31546
31396 31271
31271 31543
31445 31422
31422 31520
31523 31399
31481 31339
31385 31282
31521 31332
31469 31504
31359 31519
31308 31521
31525 31324
31397 31521
31393 31454
31338 31427
31461 31547
31388 31539
31366 31556
31453 31416
31395 31348
31388 31376
31265 31509
31322 31275
31487 31500
31503 31557
31363 31380
31352 31318
31467 31447
15917 15787
15807 15934
15828 15921
15648 15881
15661 15751
15690 15926
15849 15702
15750 15743
15928 15878
15935 15848
15826 15758
15825 15768
15917 15813
15662 15642
15932 15637
15884 15876
15893 15882
15906 15813
15900 15921
15867 15698
15779 15688
15901 15663
15685 15760
15823 15867
15687 15677
15656 15701
15682 15672
15771 15933
15723 15709
15897 15669
15705 15689
15709 15717
15843 15753
15673 15835
15802 15885
15810 15891
15886 15867
15722 15764
15831 15926
15789 15801
15778 15794
15734 15799
15636 15700
15908 15805
15683 15844
15827 15849
15761 15846
15901 15829
15738 15863
15905 15894
15657 15880
15692 15675
15776 15846
15668 15746
15797 15838
8061 8005
8100 8107
7892 7837
8002 8016
7834 7824
7974 8119
7934 7929
8012 7936
8005 8053
8031 8122
8026 8061
7955 8122
7830 7953
7979 8011
8078 7880
8024 7970
7859 8058
8075 7910
8097 8007
7905 8122
8081 7976
8109 8037
7937 8083
7895 7937
8101 8061
7957 8115
7927 8108
8122 8092
8058 8040
8033 8086
7959 7890
7977 8038
8048 7866
8058 7874
7902 8086
8026 8085
8022 7916
7829 7866
7879 7966
7953 8122
8105 7914
8107 8033
7848 8110
7845 8102
7893 7996
8103 7862
8091 8112
7870 8104
7935 8084
8118 7849
8084 7954
8092 8071
7981 7967
7996 8110
7973 8046
3919 3945
3979 4210
3971 4180
4142 4128
4177 4114
4000 4089
4111 3937
4205 4198
4183 4210
4053 3926
3942 4025
4111 3948
4200 4178
4161 4151
3954 3947
3998 4183
3934 4159
3957 4004
4089 4087
4214 4138
4082 3955
4012 4013
4020 4028
4038 3995
4092 4049
4162 4131
4078 3981
4034 3968
4007 4067
4043 3923
4130 3943
4016 4192
4119 4184
4182 4111
4202 4124
3989 3928
4099 4156
3970 4118
3974 4157
4168 4044
3971 4052
4209 4045
4023 4037
4151 4001
4203 4153
4017 4160
3949 4002
4140 4085
4051 4006
4185 4204
4041 4095
4041 4212
3978 4032
3997 4077
4055 4004
2254 2223
1974 2005
2092 2242
1981 2001
2190 2028
1999 2094
2064 2190
2196 2048
2108 2239
2114 2230
2238 2057
2045 2158
2038 2048
2260 2223
2221 2202
2146 2201
1983 2137
2238 2260
2209 2068
2029 2057
2200 2002
2009 2048
2198 2026
2182 2161
2248 2152
2153 2203
2206 2137
2175 2049
2093 2118
2015 2149
1984 2154
2193 2132
2072 2193
2237 2244
2084 1995
2106 2263
2123 1964
2124 2205
2161 2100
2228 2202
1994 1989
2186 2120
2112 2138
2039 2225
2112 1968
2201 2130
2140 1995
2098 2149
2236 1978
2249 2150
2184 2207
2184 2048
2091 2104
2134 2131
2021 2199
1136 1203
1064 1011
1266 1160
1162 1205
1099 1286
1079 1100
1105 1080
1260 1055
1271 1266
1137 1171
1050 1037
1064 1134
1189 1275
1148 1225
1056 1284
1179 1118
1158 1286
1108 1078
1090 1135
1245 1124
1008 1137
1007 1167
1054 1073
1014 1011
1012 1192
1251 1133
1268 1046
1076 1194
1226 1132
1232 1080
1050 1151
1240 1206
1013 1281
1129 1080
1062 1064
1154 1092
1270 1283
1120 1005
1142 1183
1264 1283
1207 1153
1089 1057
1124 1034
1215 1009
1192 1088
1271 1220
1133 1110
1149 1059
1122 1272
1271 1175
1019 1203
1132 1149
1187 999
1043 1154
1044 993
682 657
725 627
772 735
579 706
570 780
500 508
791 670
667 631
618 677
711 634
574 619
639 774
546 575
612 737
561 512
527 659
719 713
727 723
522 678
705 766
641 627
787 604
742 692
560 658
694 708
648 709
670 618
671 748
756 514
737 595
506 679
571 561
623 592
739 643
736 562
560 603
640 786
690 759
509 665
789 765
652 616
553 535
628 741
510 764
764 772
627 751
704 682
648 602
518 614
619 747
608 790
773 619
785 662
657 757
794 611
354 488
504 387
373 526
269 417
278 444
273 372
359 523
418 518
518 528
379 323
439 543
483 412
514 423
259 383
458 347
528 443
388 408
545 410
311 447
499 350
428 257
412 378
551 470
301 266
511 289
478 263
397 418
345 409
341 378
316 537
463 325
540 554
379 470
448 489
431 554
272 420
512 424
295 410
468 291
264 367
477 503
289 322
271 369
476 503
435 278
290 504
316 398
266 393
501 527
513 517
393 320
441 291
276 551
464 273
538 536
376 414
405 146
407 333
344 150
282 157
335 137
397 339
301 195
240 229
362 157
159 421
223 420
290 300
175 279
159 175
146 316
339 322
162 408
301 243
312 265
217 153
280 156
173 311
178 261
195 289
421 314
217 343
153 230
295 342
297 163
380 212
148 292
152 339
271 280
316 143
392 402
138 403
341 243
253 248
391 249
252 141
143 170
227 417
227 301
334 312
251 259
233 359
313 372
300 157
171 411
308 343
429 398
380 170
264 317
376 312
4 276
296 281
274 114
262 89
229 29
116 10
294 251
274 137
290 255
246 56
251 28
16 207
286 215
11 187
38 214
225 110
37 15
120 188
54 219
113 290
34 100
95 134
131 163
36 10
116 55
148 67
32 233
169 250
55 16
294 194
225 107
121 93
143 149
234 234
36 86
240 136
42 256
21 79
219 144
283 191
118 220
136 126
16 189
134 27
292 80
141 128
37 171
212 288
262 59
196 129
293 219
39 100
6 11
212 71
64 259
130 147
233 238
218 4
221 250
63 292
57 255
200 48
33 4
215 188
12 217
204 221
77 222
8 4
275 183
48 92
276 281
146 39
194 265
156 222
293 39
98 289
10 271
216 244
258 77
215 167
40 185
207 41
120 130
165 244
163 43
