# source: JorikJooken
# original path: jj_extract\knapsackProblemInstances-master\problemInstances\n_1000_c_100000000_g_6_f_0.3_eps_0.1_s_200\test.in
# optimal value: 99406824
# format: n capacity, then weight value
1000 100000000
60000170 60000080
60000194 60000077
60000027 60000001
60000146 60000139
60000004 60000180
60000049 60000097
60000028 60000035
60000097 60000092
60000117 60000002
60000098 60000166
60000012 60000129
60000193 60000027
60000097 60000138
60000058 60000145
60000013 60000088
60000083 60000129
60000003 60000161
60000036 60000112
60000103 60000098
60000059 60000068
60000042 60000192
60000145 60000035
60000099 60000146
60000080 60000112
60000080 60000065
60000056 60000017
60000075 60000060
60000054 60000190
60000097 60000180
60000004 60000059
60000012 60000147
60000189 60000078
60000115 60000189
60000061 60000077
60000151 60000094
60000038 60000080
60000031 60000198
60000159 60000162
60000174 60000008
60000133 60000051
60000120 60000188
60000082 60000100
60000003 60000059
60000056 60000050
60000128 60000017
60000125 60000021
60000153 60000147
60000095 60000030
60000136 60000100
60000073 60000130
60000084 60000125
60000054 60000027
60000091 60000128
60000003 60000008
60000184 60000037
60000048 60000177
60000177 60000088
60000106 60000140
60000173 60000093
60000158 60000112
60000122 60000138
60000117 60000092
60000041 60000186
60000015 60000014
60000099 60000086
60000152 60000083
60000058 60000138
60000068 60000154
60000058 60000116
60000074 60000146
60000088 60000154
60000174 60000185
60000099 60000132
60000131 60000042
60000199 60000190
60000017 60000045
60000097 60000182
60000160 60000190
60000112 60000195
60000043 60000182
60000128 60000162
60000053 60000124
60000090 60000010
60000126 60000097
60000106 60000042
60000160 60000082
60000164 60000124
60000032 60000197
60000035 60000082
60000007 60000179
60000008 60000159
60000052 60000186
60000037 60000095
60000101 60000176
60000095 60000179
60000189 60000113
60000113 60000165
60000115 60000155
60000127 60000036
60000005 60000020
60000140 60000011
60000176 60000197
60000158 60000058
60000019 60000029
60000013 60000073
60000173 60000199
60000097 60000129
60000071 60000114
60000189 60000102
60000091 60000169
60000095 60000057
60000074 60000152
60000132 60000183
60000112 60000156
60000016 60000123
60000027 60000077
60000038 60000057
60000182 60000097
60000113 60000029
60000173 60000079
60000094 60000191
60000173 60000098
60000160 60000013
60000154 60000045
60000138 60000068
60000038 60000077
60000020 60000047
60000139 60000200
60000090 60000109
60000187 60000131
60000173 60000090
60000074 60000149
60000135 60000028
60000098 60000137
60000153 60000181
60000095 60000066
60000128 60000039
60000191 60000012
60000051 60000078
60000043 60000105
35000025 35000027
35000012 35000157
35000081 35000155
35000157 35000107
35000111 35000042
35000002 35000136
35000154 35000025
35000052 35000109
35000041 35000159
35000196 35000191
35000048 35000193
35000043 35000117
35000094 35000115
35000185 35000133
35000143 35000139
35000122 35000179
35000168 35000078
35000052 35000163
35000160 35000181
35000198 35000016
35000044 35000147
35000173 35000173
35000122 35000170
35000130 35000131
35000146 35000035
35000089 35000084
35000136 35000006
35000097 35000130
35000037 35000082
35000100 35000157
35000096 35000062
35000173 35000125
35000003 35000181
35000135 35000190
35000006 35000194
35000135 35000047
35000086 35000057
35000086 35000007
35000072 35000030
35000033 35000159
35000082 35000125
35000160 35000041
35000065 35000145
35000175 35000173
35000198 35000175
35000013 35000174
35000026 35000026
35000054 35000059
35000098 35000068
35000099 35000061
35000121 35000061
35000119 35000069
35000160 35000119
35000195 35000109
35000088 35000116
35000086 35000149
35000004 35000079
35000092 35000068
35000164 35000194
35000178 35000099
35000044 35000148
35000085 35000172
35000017 35000087
35000035 35000023
35000193 35000043
35000176 35000158
35000117 35000076
35000164 35000045
35000103 35000144
35000094 35000105
35000056 35000121
35000090 35000171
35000194 35000158
35000184 35000183
35000161 35000112
35000009 35000069
35000169 35000011
35000023 35000154
35000145 35000177
35000134 35000164
35000168 35000052
35000014 35000139
35000087 35000133
35000018 35000161
35000026 35000159
35000146 35000092
35000016 35000072
35000161 35000075
35000152 35000085
35000131 35000146
35000088 35000170
35000147 35000095
35000154 35000177
35000007 35000105
35000118 35000141
35000107 35000167
35000128 35000012
35000029 35000093
35000014 35000116
35000195 35000157
35000108 35000186
35000077 35000145
35000034 35000098
35000004 35000026
35000136 35000047
35000002 35000078
35000199 35000158
35000168 35000029
35000082 35000081
35000117 35000148
35000100 35000121
35000139 35000055
35000169 35000132
35000039 35000083
35000146 35000062
35000020 35000115
35000030 35000018
35000139 35000024
35000179 35000196
35000077 35000169
35000069 35000077
35000125 35000144
35000177 35000024
35000182 35000063
35000102 35000060
35000167 35000105
35000131 35000078
35000160 35000145
35000075 35000078
35000039 35000113
35000004 35000009
35000082 35000174
35000196 35000102
35000065 35000126
35000199 35000053
35000157 35000050
35000075 35000181
35000192 35000033
35000032 35000169
35000148 35000087
22500036 22500088
22500032 22500113
22500129 22500181
22500179 22500118
22500137 22500182
22500194 22500175
22500081 22500041
22500005 22500003
22500101 22500190
22500129 22500119
22500030 22500043
22500165 22500081
22500137 22500112
22500151 22500189
22500100 22500064
22500014 22500132
22500079 22500105
22500174 22500103
22500007 22500180
22500108 22500155
22500161 22500024
22500110 22500165
22500128 22500062
22500146 22500118
22500188 22500044
22500144 22500129
22500112 22500100
22500069 22500184
22500097 22500135
22500107 22500003
22500091 22500070
22500145 22500054
22500086 22500125
22500166 22500031
22500069 22500178
22500134 22500004
22500049 22500115
22500157 22500187
22500062 22500127
22500065 22500062
22500021 22500019
22500141 22500013
22500194 22500183
22500027 22500069
22500186 22500116
22500191 22500053
22500149 22500103
22500155 22500032
22500150 22500006
22500173 22500155
22500188 22500084
22500068 22500141
22500011 22500024
22500114 22500124
22500025 22500046
22500125 22500143
22500149 22500194
22500160 22500184
22500155 22500143
22500010 22500082
22500113 22500080
22500142 22500006
22500023 22500025
22500175 22500173
22500033 22500040
22500196 22500011
22500171 22500182
22500108 22500095
22500041 22500097
22500157 22500129
22500074 22500061
22500154 22500120
22500120 22500200
22500130 22500149
22500181 22500083
22500171 22500114
22500011 22500037
22500077 22500200
22500022 22500033
22500187 22500132
22500178 22500172
22500082 22500182
22500112 22500113
22500132 22500062
22500179 22500092
22500164 22500123
22500125 22500104
22500054 22500079
22500166 22500196
22500107 22500151
22500056 22500010
22500052 22500071
22500023 22500055
22500142 22500111
22500093 22500155
22500185 22500032
22500155 22500178
22500141 22500109
22500113 22500116
22500186 22500171
22500116 22500025
22500138 22500162
22500125 22500094
22500004 22500061
22500086 22500180
22500180 22500134
22500131 22500019
22500150 22500053
22500112 22500014
22500129 22500158
22500113 22500002
22500106 22500171
22500086 22500146
22500092 22500109
22500187 22500086
22500099 22500160
22500151 22500046
22500094 22500052
22500048 22500009
22500146 22500073
22500089 22500101
22500175 22500149
22500152 22500034
22500033 22500063
22500066 22500188
22500180 22500023
22500167 22500038
22500061 22500191
22500149 22500014
22500064 22500070
22500113 22500185
22500111 22500045
22500169 22500151
22500071 22500109
22500057 22500178
22500138 22500062
22500003 22500060
22500161 22500074
22500131 22500042
22500018 22500134
16250111 16250065
16250051 16250199
16250077 16250116
16250172 16250138
16250039 16250070
16250010 16250182
16250064 16250168
16250198 16250098
16250126 16250030
16250080 16250060
16250105 16250115
16250056 16250047
16250010 16250085
16250043 16250104
16250034 16250031
16250011 16250033
16250179 16250152
16250101 16250147
16250014 16250087
16250120 16250066
16250187 16250178
16250182 16250015
16250129 16250161
16250170 16250106
16250171 16250143
16250074 16250069
16250071 16250042
16250049 16250076
16250001 16250176
16250107 16250077
16250140 16250098
16250012 16250104
16250127 16250121
16250001 16250109
16250108 16250165
16250023 16250193
16250174 16250075
16250055 16250135
16250029 16250029
16250140 16250012
16250130 16250025
16250076 16250034
16250090 16250104
16250114 16250035
16250019 16250130
16250196 16250003
16250128 16250033
16250151 16250066
16250138 16250025
16250119 16250134
16250183 16250145
16250005 16250083
16250097 16250032
16250137 16250114
16250115 16250091
16250137 16250054
16250125 16250102
16250171 16250150
16250070 16250028
16250069 16250003
16250109 16250166
16250049 16250150
16250157 16250123
16250179 16250080
16250020 16250196
16250141 16250043
16250185 16250083
16250056 16250024
16250079 16250040
16250060 16250108
16250025 16250122
16250092 16250128
16250049 16250044
16250149 16250183
16250164 16250045
16250070 16250041
16250052 16250031
16250081 16250122
16250064 16250122
16250136 16250009
16250104 16250119
16250032 16250176
16250099 16250085
16250051 16250104
16250080 16250055
16250156 16250141
16250138 16250160
16250009 16250137
16250034 16250026
16250075 16250016
16250072 16250153
16250058 16250043
16250051 16250099
16250016 16250017
16250095 16250040
16250026 16250104
16250067 16250038
16250044 16250134
16250049 16250167
16250142 16250137
16250190 16250118
16250132 16250031
16250124 16250039
16250159 16250161
16250195 16250078
16250143 16250152
16250118 16250001
16250109 16250003
16250063 16250028
16250077 16250053
16250104 16250068
16250069 16250086
16250196 16250109
16250010 16250116
16250178 16250142
16250063 16250118
16250098 16250171
16250184 16250110
16250076 16250005
16250091 16250092
16250103 16250041
16250022 16250181
16250178 16250097
16250028 16250071
16250031 16250093
16250126 16250009
16250001 16250011
16250112 16250153
16250198 16250134
16250047 16250074
16250041 16250106
16250133 16250147
16250121 16250057
16250115 16250007
16250079 16250166
16250120 16250009
16250191 16250069
16250132 16250121
16250125 16250083
16250079 16250179
13125141 13125027
13125172 13125030
13125040 13125072
13125090 13125051
13125087 13125182
13125049 13125024
13125137 13125192
13125018 13125129
13125162 13125022
13125108 13125030
13125085 13125057
13125010 13125117
13125139 13125048
13125175 13125171
13125122 13125153
13125139 13125061
13125142 13125176
13125183 13125121
13125119 13125172
13125062 13125184
13125075 13125121
13125150 13125127
13125194 13125008
13125192 13125049
13125159 13125054
13125140 13125114
13125152 13125021
13125183 13125082
13125008 13125128
13125036 13125091
13125033 13125180
13125180 13125009
13125053 13125074
13125004 13125057
13125135 13125052
13125024 13125199
13125068 13125193
13125062 13125068
13125169 13125080
13125162 13125102
13125191 13125067
13125010 13125134
13125134 13125165
13125043 13125072
13125156 13125073
13125074 13125016
13125081 13125124
13125021 13125171
13125179 13125062
13125135 13125036
13125122 13125020
13125007 13125129
13125042 13125166
13125052 13125072
13125042 13125191
13125106 13125024
13125058 13125193
13125135 13125154
13125053 13125067
13125038 13125126
13125107 13125143
13125136 13125193
13125036 13125063
13125058 13125024
13125141 13125033
13125147 13125200
13125122 13125123
13125013 13125010
13125173 13125023
13125094 13125150
13125108 13125039
13125032 13125099
13125053 13125103
13125160 13125132
13125050 13125025
13125076 13125152
13125103 13125158
13125059 13125099
13125097 13125162
13125095 13125064
13125158 13125038
13125131 13125049
13125168 13125125
13125064 13125067
13125069 13125200
13125088 13125194
13125064 13125142
13125058 13125152
13125171 13125156
13125032 13125121
13125099 13125102
13125088 13125178
13125035 13125059
13125070 13125148
13125119 13125162
13125097 13125197
13125150 13125056
13125138 13125112
13125169 13125200
13125077 13125007
13125078 13125117
13125116 13125065
13125074 13125157
13125184 13125114
13125162 13125057
13125099 13125163
13125128 13125056
13125182 13125110
13125109 13125054
13125092 13125088
13125132 13125173
13125096 13125052
13125200 13125045
13125019 13125037
13125199 13125024
13125063 13125111
13125106 13125175
13125160 13125038
13125002 13125147
13125097 13125168
13125083 13125047
13125081 13125022
13125140 13125200
13125024 13125127
13125085 13125093
13125073 13125073
13125090 13125157
13125184 13125027
13125068 13125168
13125004 13125165
13125127 13125036
13125130 13125001
13125016 13125132
13125021 13125036
13125112 13125188
13125177 13125003
13125143 13125129
13125118 13125076
13125029 13125026
13125012 13125192
112 34
5 36
65 145
31 48
86 199
3 191
161 110
50 18
103 153
139 151
16 132
125 77
196 38
162 172
180 57
78 161
178 165
91 7
57 95
76 190
45 10
186 131
156 142
118 63
172 193
92 11
163 42
85 80
173 180
175 7
190 189
49 107
2 7
50 66
25 79
40 6
101 7
133 75
69 59
11 166
76 104
88 168
99 89
142 69
139 49
97 178
109 71
39 123
38 99
109 3
56 113
177 19
159 94
185 45
151 133
87 161
15 157
36 15
47 162
131 191
171 135
121 98
20 105
148 197
105 179
124 75
164 5
85 146
83 142
4 168
86 85
114 87
68 75
180 101
76 195
84 109
176 78
116 96
112 75
66 189
192 131
167 168
115 26
191 29
69 121
173 42
137 161
190 198
126 146
113 144
90 67
48 99
123 192
191 1
192 74
28 19
144 110
79 148
175 95
68 158
133 195
155 137
36 24
167 130
94 156
95 39
134 99
122 23
15 20
54 53
194 47
15 60
172 148
18 89
14 19
115 132
17 183
165 129
118 121
51 34
44 191
6 34
138 134
21 197
40 80
160 83
81 186
184 133
198 168
30 53
63 125
48 125
191 34
95 146
175 139
96 31
41 80
172 140
72 181
108 140
134 14
44 113
177 13
140 200
3 155
22 43
162 5
145 187
158 70
75 4
143 67
132 157
36 164
166 72
46 23
112 98
38 44
74 68
134 159
185 118
24 85
79 153
30 4
167 143
185 161
9 97
80 143
119 17
103 19
49 8
138 109
35 143
128 120
99 67
200 51
76 104
97 19
197 200
157 94
112 174
131 93
182 45
163 135
158 131
147 191
114 15
10 175
184 188
55 54
143 82
39 185
49 86
171 105
148 34
128 131
152 164
187 183
115 36
186 120
102 117
102 141
47 164
71 129
11 192
156 30
162 25
96 46
140 159
56 123
156 114
131 116
160 74
149 9
85 70
71 10
44 103
14 122
44 59
90 189
38 40
158 13
137 109
144 20
189 163
31 168
41 47
124 194
25 97
200 15
27 184
105 163
160 37
80 17
170 78
54 180
103 171
165 166
110 131
79 143
75 13
115 143
6 130
117 130
112 168
21 67
91 88
96 120
59 176
124 7
13 123
149 80
61 181
163 42
48 49
11 100
43 27
35 186
80 131
19 36
115 140
165 199
62 186
47 149
61 184
91 92
153 126
16 13
15 38
153 79
136 39
10 175
111 2
18 125
109 73
141 37
181 104
185 81
198 140
20 139
68 186
100 17
8 158
144 165
11 151
76 53
10 45
74 180
121 61
90 185
162 68
52 17
44 110
142 122
121 177
33 132
52 68
25 162
123 169
79 6
61 159
