# source: JorikJooken
# original path: jj_extract\knapsackProblemInstances-master\problemInstances\n_1200_c_10000000000_g_2_f_0.3_eps_1e-05_s_100\test.in
# optimal value: 5000118147
# format: n capacity, then weight value
1200 10000000000
5000100031 5000100001
5000100016 5000100052
5000100028 5000100034
5000100099 5000100081
5000100095 5000100044
5000100094 5000100036
5000100043 5000100068
5000100052 5000100071
5000100068 5000100039
5000100051 5000100029
5000100093 5000100044
5000100077 5000100097
5000100062 5000100037
5000100065 5000100051
5000100096 5000100092
5000100054 5000100051
5000100019 5000100096
5000100063 5000100011
5000100047 5000100008
5000100002 5000100011
5000100064 5000100048
5000100066 5000100004
5000100089 5000100018
5000100077 5000100049
5000100038 5000100098
5000100031 5000100084
5000100047 5000100014
5000100039 5000100027
5000100044 5000100095
5000100010 5000100056
5000100009 5000100100
5000100053 5000100038
5000100017 5000100089
5000100085 5000100004
5000100041 5000100032
5000100078 5000100095
5000100024 5000100042
5000100100 5000100036
5000100014 5000100047
5000100014 5000100064
5000100027 5000100056
5000100012 5000100028
5000100065 5000100080
5000100048 5000100041
5000100095 5000100026
5000100031 5000100007
5000100041 5000100045
5000100015 5000100088
5000100047 5000100062
5000100018 5000100082
5000100009 5000100076
5000100097 5000100053
5000100091 5000100023
5000100089 5000100071
5000100073 5000100035
5000100032 5000100049
5000100093 5000100035
5000100039 5000100049
5000100036 5000100090
5000100075 5000100031
5000100031 5000100079
5000100017 5000100028
5000100008 5000100057
5000100042 5000100061
5000100005 5000100075
5000100100 5000100032
5000100093 5000100031
5000100031 5000100094
5000100064 5000100046
5000100021 5000100036
5000100063 5000100060
5000100001 5000100014
5000100017 5000100069
5000100094 5000100009
5000100041 5000100012
5000100024 5000100043
5000100098 5000100099
5000100034 5000100049
5000100013 5000100006
5000100004 5000100020
5000100020 5000100016
5000100084 5000100066
5000100084 5000100100
5000100083 5000100061
5000100074 5000100034
5000100096 5000100022
5000100007 5000100008
5000100020 5000100083
5000100072 5000100063
5000100040 5000100078
5000100099 5000100052
5000100048 5000100074
5000100012 5000100036
5000100024 5000100069
5000100019 5000100075
5000100040 5000100009
5000100024 5000100070
5000100073 5000100066
5000100081 5000100036
5000100032 5000100100
5000100031 5000100058
5000100099 5000100059
5000100087 5000100081
5000100080 5000100078
5000100078 5000100034
5000100019 5000100060
5000100034 5000100045
5000100026 5000100078
5000100031 5000100099
5000100042 5000100029
5000100054 5000100030
5000100009 5000100072
5000100041 5000100092
5000100029 5000100090
5000100059 5000100036
5000100045 5000100090
5000100001 5000100086
5000100008 5000100009
5000100003 5000100029
5000100046 5000100049
5000100058 5000100053
5000100089 5000100030
5000100006 5000100001
5000100019 5000100049
5000100067 5000100038
5000100090 5000100073
5000100026 5000100052
5000100038 5000100006
5000100003 5000100089
5000100068 5000100084
5000100063 5000100091
5000100100 5000100035
5000100047 5000100050
5000100098 5000100033
5000100094 5000100038
5000100047 5000100098
5000100083 5000100079
5000100006 5000100015
5000100003 5000100068
5000100036 5000100062
5000100092 5000100005
5000100094 5000100009
5000100006 5000100039
5000100040 5000100099
5000100014 5000100004
5000100016 5000100095
5000100078 5000100073
5000100028 5000100063
5000100054 5000100032
5000100100 5000100098
5000100001 5000100033
5000100008 5000100026
5000100085 5000100091
5000100057 5000100082
5000100021 5000100004
5000100087 5000100024
5000100072 5000100029
5000100065 5000100070
5000100082 5000100060
5000100007 5000100070
5000100016 5000100005
5000100035 5000100041
5000100026 5000100002
5000100078 5000100003
5000100100 5000100076
5000100042 5000100051
5000100022 5000100012
5000100017 5000100058
5000100078 5000100007
5000100011 5000100024
5000100063 5000100009
5000100036 5000100079
5000100020 5000100032
5000100070 5000100097
5000100097 5000100098
5000100070 5000100024
5000100087 5000100004
5000100057 5000100054
5000100053 5000100089
5000100037 5000100091
5000100055 5000100061
5000100073 5000100066
5000100031 5000100076
5000100021 5000100002
5000100047 5000100067
5000100013 5000100035
5000100083 5000100095
5000100072 5000100044
5000100096 5000100064
5000100056 5000100036
5000100086 5000100065
5000100034 5000100013
5000100054 5000100040
5000100059 5000100051
5000100081 5000100042
5000100032 5000100097
5000100084 5000100071
5000100064 5000100003
5000100006 5000100053
5000100082 5000100026
5000100066 5000100067
5000100075 5000100056
5000100082 5000100039
5000100083 5000100062
5000100072 5000100068
5000100024 5000100019
5000100086 5000100077
5000100042 5000100024
5000100088 5000100086
5000100080 5000100036
5000100036 5000100094
5000100034 5000100072
5000100033 5000100071
5000100060 5000100094
5000100068 5000100077
5000100095 5000100083
5000100075 5000100083
5000100087 5000100078
5000100079 5000100014
5000100061 5000100094
5000100089 5000100054
5000100015 5000100077
5000100092 5000100073
5000100032 5000100060
5000100064 5000100040
5000100072 5000100100
5000100099 5000100017
5000100098 5000100044
5000100022 5000100031
5000100027 5000100037
5000100075 5000100095
5000100017 5000100056
5000100001 5000100072
5000100004 5000100072
5000100071 5000100049
5000100004 5000100009
5000100095 5000100100
5000100012 5000100079
5000100067 5000100011
5000100100 5000100014
5000100048 5000100039
5000100039 5000100040
5000100051 5000100080
5000100034 5000100041
5000100093 5000100064
5000100098 5000100063
5000100091 5000100039
5000100077 5000100089
5000100040 5000100066
5000100051 5000100074
5000100093 5000100084
5000100080 5000100055
5000100011 5000100082
5000100065 5000100051
5000100080 5000100036
5000100008 5000100085
5000100080 5000100016
5000100041 5000100062
5000100056 5000100038
5000100010 5000100077
5000100068 5000100032
5000100074 5000100035
5000100022 5000100046
5000100080 5000100036
5000100041 5000100086
5000100075 5000100033
5000100029 5000100064
5000100043 5000100048
5000100001 5000100025
5000100028 5000100016
5000100078 5000100018
5000100068 5000100080
5000100037 5000100085
5000100031 5000100031
5000100097 5000100071
5000100003 5000100054
5000100091 5000100007
5000100067 5000100038
5000100064 5000100039
5000100090 5000100075
5000100021 5000100044
5000100006 5000100075
5000100035 5000100039
5000100092 5000100016
5000100032 5000100018
5000100027 5000100092
5000100021 5000100005
5000100086 5000100008
5000100062 5000100083
5000100070 5000100007
5000100048 5000100084
5000100014 5000100010
5000100065 5000100084
5000100014 5000100050
5000100027 5000100021
5000100029 5000100012
5000100045 5000100044
5000100063 5000100008
5000100079 5000100048
5000100038 5000100052
5000100045 5000100073
5000100080 5000100002
5000100086 5000100008
5000100100 5000100094
5000100005 5000100039
5000100066 5000100033
5000100006 5000100055
5000100076 5000100009
5000100001 5000100089
5000100065 5000100078
5000100068 5000100043
5000100001 5000100083
5000100050 5000100028
5000100010 5000100056
5000100014 5000100045
5000100021 5000100034
5000100038 5000100009
5000100091 5000100077
5000100054 5000100085
5000100009 5000100067
5000100057 5000100080
5000100026 5000100061
5000100037 5000100022
5000100095 5000100027
5000100032 5000100003
5000100046 5000100097
5000100018 5000100064
5000100066 5000100082
5000100017 5000100019
5000100001 5000100039
5000100057 5000100008
5000100091 5000100038
5000100003 5000100077
5000100094 5000100050
5000100001 5000100021
5000100088 5000100051
5000100071 5000100042
5000100071 5000100065
5000100082 5000100030
5000100052 5000100037
5000100007 5000100074
5000100044 5000100025
5000100065 5000100096
5000100079 5000100017
5000100046 5000100029
5000100035 5000100081
5000100023 5000100044
5000100076 5000100073
5000100013 5000100020
5000100095 5000100026
5000100021 5000100030
5000100067 5000100062
5000100010 5000100083
5000100081 5000100063
5000100015 5000100066
5000100024 5000100045
5000100061 5000100018
5000100090 5000100043
5000100043 5000100085
5000100036 5000100089
5000100013 5000100012
5000100036 5000100063
5000100010 5000100009
5000100100 5000100056
5000100064 5000100066
5000100029 5000100080
5000100076 5000100078
5000100075 5000100083
5000100091 5000100081
5000100070 5000100050
5000100001 5000100083
5000100068 5000100072
5000100082 5000100018
5000100048 5000100055
5000100018 5000100002
5000100094 5000100012
5000100074 5000100059
5000100085 5000100053
5000100077 5000100095
5000100067 5000100069
5000100021 5000100100
5000100005 5000100098
5000100003 5000100079
5000100021 5000100046
5000100018 5000100007
5000100086 5000100030
5000100096 5000100026
5000100089 5000100100
5000100042 5000100049
5000100097 5000100054
5000100098 5000100048
5000100068 5000100046
5000100082 5000100098
5000100062 5000100020
5000100018 5000100024
5000100057 5000100001
5000100036 5000100079
5000100041 5000100035
5000100037 5000100016
5000100018 5000100085
5000100061 5000100023
5000100064 5000100051
5000100098 5000100073
5000100066 5000100072
5000100079 5000100030
5000100036 5000100075
5000100090 5000100077
5000100018 5000100049
5000100078 5000100044
5000100057 5000100027
5000100088 5000100036
5000100083 5000100023
5000100099 5000100068
5000100066 5000100094
5000100076 5000100033
5000100007 5000100047
5000100094 5000100048
5000100007 5000100056
5000100093 5000100018
5000100011 5000100056
5000100029 5000100090
5000100086 5000100002
5000100058 5000100067
5000100056 5000100080
5000100020 5000100031
5000100003 5000100018
5000100089 5000100036
5000100098 5000100072
5000100045 5000100071
5000100048 5000100039
5000100064 5000100032
5000100062 5000100047
5000100049 5000100079
5000100092 5000100013
5000100090 5000100024
5000100007 5000100070
5000100046 5000100043
5000100068 5000100026
5000100057 5000100040
5000100062 5000100016
5000100085 5000100061
5000100063 5000100052
5000100096 5000100034
5000100009 5000100098
5000100071 5000100072
5000100026 5000100034
5000100070 5000100015
5000100051 5000100002
5000100084 5000100036
5000100059 5000100021
5000100006 5000100034
5000100001 5000100046
5000100077 5000100041
5000100037 5000100060
5000100052 5000100017
5000100073 5000100061
5000100038 5000100097
5000100059 5000100003
5000100048 5000100012
5000100014 5000100091
5000100041 5000100064
5000100078 5000100090
5000100061 5000100033
5000100018 5000100055
5000100006 5000100079
5000100014 5000100095
5000100021 5000100072
5000100023 5000100098
5000100087 5000100019
5000100051 5000100098
5000100080 5000100086
5000100063 5000100088
5000100053 5000100067
5000100060 5000100094
5000100081 5000100034
5000100076 5000100075
5000100038 5000100017
5000100040 5000100045
5000100061 5000100086
5000100018 5000100060
5000100059 5000100063
5000100090 5000100029
5000100099 5000100036
5000100079 5000100045
5000100061 5000100083
5000100064 5000100084
5000100062 5000100042
5000100034 5000100042
5000100039 5000100082
5000100043 5000100088
5000100074 5000100039
5000100034 5000100073
5000100011 5000100016
5000100098 5000100098
5000100086 5000100068
5000100066 5000100034
5000100046 5000100026
5000100043 5000100061
5000100058 5000100016
5000100077 5000100049
5000100056 5000100087
5000100074 5000100079
5000100065 5000100051
5000100078 5000100011
5000100038 5000100050
5000100098 5000100080
5000100098 5000100014
5000100050 5000100071
5000100049 5000100009
5000100018 5000100019
5000100014 5000100032
5000100044 5000100052
5000100059 5000100041
5000100026 5000100041
5000100048 5000100039
5000100043 5000100034
5000100091 5000100039
5000100046 5000100080
5000100068 5000100017
5000100087 5000100056
5000100044 5000100027
5000100074 5000100094
5000100031 5000100058
5000100098 5000100028
5000100019 5000100047
5000100064 5000100015
5000100003 5000100096
5000100021 5000100013
5000100036 5000100065
5000100099 5000100056
5000100024 5000100025
5000100030 5000100089
5000100023 5000100042
5000100025 5000100023
5000100079 5000100010
5000100071 5000100051
5000100040 5000100089
5000100043 5000100051
5000100014 5000100018
5000100080 5000100073
5000100078 5000100026
5000100010 5000100093
5000100034 5000100058
5000100072 5000100003
5000100003 5000100081
5000100018 5000100086
5000100100 5000100078
5000100072 5000100087
5000100004 5000100061
5000100073 5000100005
5000100024 5000100032
5000100047 5000100077
5000100100 5000100091
5000100077 5000100010
5000100094 5000100062
5000100073 5000100011
5000100052 5000100057
5000100066 5000100045
5000100072 5000100043
5000100079 5000100004
5000100021 5000100008
5000100002 5000100006
5000100024 5000100049
5000100039 5000100087
5000100054 5000100076
5000100075 5000100100
5000100063 5000100003
5000100079 5000100049
5000100013 5000100004
5000100039 5000100004
5000100021 5000100013
5000100007 5000100049
5000100008 5000100037
5000100075 5000100049
5000100032 5000100043
5000100012 5000100091
5000100097 5000100002
5000100075 5000100052
5000100083 5000100038
5000100009 5000100006
5000100032 5000100016
5000100005 5000100053
5000100022 5000100072
5000100035 5000100009
5000100057 5000100088
5000100011 5000100100
5000100055 5000100078
5000100023 5000100041
5000100053 5000100038
5000100058 5000100017
5000100026 5000100007
5000100046 5000100029
5000100080 5000100054
5000100076 5000100058
5000100039 5000100010
5000100006 5000100063
5000100052 5000100094
5000100096 5000100051
5000100037 5000100039
5000100004 5000100038
5000100020 5000100004
5000100087 5000100052
5000100063 5000100064
5000100022 5000100090
5000100013 5000100009
5000100014 5000100042
5000100008 5000100016
5000100011 5000100047
5000100020 5000100031
5000100083 5000100061
5000100061 5000100091
5000100037 5000100076
5000100044 5000100001
5000100021 5000100034
5000100003 5000100076
5000100053 5000100026
5000100028 5000100040
5000100019 5000100072
5000100049 5000100036
5000100064 5000100005
5000100093 5000100006
5000100067 5000100078
5000100083 5000100040
5000100051 5000100019
5000100074 5000100040
5000100046 5000100070
5000100097 5000100037
5000100073 5000100036
5000100004 5000100076
5000100047 5000100046
5000100021 5000100055
5000100069 5000100014
5000100067 5000100081
5000100100 5000100092
5000100057 5000100077
5000100051 5000100099
5000100002 5000100016
5000100060 5000100055
5000100028 5000100089
5000100078 5000100073
5000100031 5000100093
5000100037 5000100094
5000100023 5000100062
5000100068 5000100045
5000100095 5000100043
5000100069 5000100096
5000100070 5000100010
5000100044 5000100096
5000100044 5000100097
5000100084 5000100020
5000100083 5000100045
5000100078 5000100072
5000100007 5000100051
5000100077 5000100001
5000100017 5000100093
5000100084 5000100027
5000100035 5000100063
5000100099 5000100100
5000100080 5000100060
5000100030 5000100025
5000100068 5000100063
5000100041 5000100095
5000100037 5000100085
5000100023 5000100049
5000100008 5000100071
5000100085 5000100079
5000100033 5000100086
5000100010 5000100061
5000100083 5000100077
5000100044 5000100070
5000100095 5000100082
5000100084 5000100073
5000100011 5000100026
5000100057 5000100045
5000100009 5000100048
5000100072 5000100016
5000100002 5000100100
5000100089 5000100086
5000100044 5000100057
5000100007 5000100005
5000100082 5000100092
5000100011 5000100066
5000100081 5000100061
5000100007 5000100037
5000100033 5000100085
5000100023 5000100089
5000100046 5000100050
5000100065 5000100044
5000100045 5000100028
5000100038 5000100092
5000100011 5000100060
5000100002 5000100034
5000100052 5000100058
5000100027 5000100084
5000100010 5000100062
5000100018 5000100035
5000100017 5000100086
5000100039 5000100036
5000100068 5000100017
5000100064 5000100025
5000100033 5000100056
5000100068 5000100092
5000100026 5000100013
5000100082 5000100087
5000100040 5000100016
5000100007 5000100034
5000100037 5000100033
5000100034 5000100069
5000100055 5000100042
5000100031 5000100099
5000100049 5000100062
5000100097 5000100037
5000100048 5000100069
5000100030 5000100054
5000100054 5000100048
5000100015 5000100010
5000100095 5000100013
5000100060 5000100046
5000100045 5000100039
5000100022 5000100023
5000100048 5000100019
5000100087 5000100039
5000100040 5000100089
5000100013 5000100056
5000100065 5000100014
5000100045 5000100038
5000100079 5000100022
5000100054 5000100058
5000100068 5000100025
5000100035 5000100087
5000100057 5000100082
5000100004 5000100066
5000100029 5000100071
5000100027 5000100039
5000100067 5000100097
5000100091 5000100072
5000100027 5000100055
5000100005 5000100068
5000100036 5000100029
5000100083 5000100096
5000100062 5000100039
5000100043 5000100062
5000100015 5000100039
5000100056 5000100007
5000100033 5000100093
5000100069 5000100076
5000100008 5000100080
5000100094 5000100018
5000100071 5000100018
5000100068 5000100061
5000100042 5000100032
5000100041 5000100053
5000100069 5000100086
5000100058 5000100024
5000100069 5000100038
5000100051 5000100092
5000100016 5000100014
5000100066 5000100027
5000100086 5000100040
5000100052 5000100066
5000100005 5000100003
5000100033 5000100079
5000100060 5000100058
5000100092 5000100046
5000100002 5000100068
5000100020 5000100075
5000100018 5000100076
5000100052 5000100017
5000100079 5000100010
5000100079 5000100066
5000100086 5000100043
5000100063 5000100061
5000100068 5000100013
5000100046 5000100097
5000100012 5000100032
5000100072 5000100078
5000100084 5000100008
5000100066 5000100034
5000100041 5000100078
5000100039 5000100009
5000100058 5000100098
5000100021 5000100098
5000100049 5000100089
5000100061 5000100005
5000100055 5000100058
5000100045 5000100012
5000100085 5000100019
5000100093 5000100018
5000100041 5000100059
5000100022 5000100088
5000100037 5000100088
5000100070 5000100023
5000100072 5000100066
5000100077 5000100094
5000100058 5000100027
5000100023 5000100029
5000100080 5000100092
5000100068 5000100006
5000100003 5000100033
5000100024 5000100091
5000100069 5000100045
5000100047 5000100058
5000100070 5000100003
5000100091 5000100074
5000100036 5000100018
5000100063 5000100057
5000100087 5000100097
5000100007 5000100066
5000100031 5000100024
5000100025 5000100077
5000100034 5000100029
5000100001 5000100037
5000100024 5000100005
5000100050 5000100017
5000100028 5000100054
5000100044 5000100033
5000100002 5000100021
5000100042 5000100037
5000100044 5000100021
5000100079 5000100016
5000100085 5000100093
5000100043 5000100005
5000100026 5000100099
5000100021 5000100083
5000100063 5000100001
5000100001 5000100003
5000100026 5000100033
5000100003 5000100067
5000100036 5000100066
5000100093 5000100091
5000100044 5000100087
5000100027 5000100049
5000100067 5000100080
5000100041 5000100091
5000100073 5000100043
5000100033 5000100004
5000100092 5000100077
5000100063 5000100089
5000100078 5000100077
5000100083 5000100081
20 90
51 61
32 100
64 23
35 49
100 64
96 63
25 30
85 36
65 51
47 96
61 76
29 69
53 77
89 42
25 35
46 2
98 47
98 97
92 10
72 17
99 94
36 92
88 2
85 81
84 62
21 3
84 11
20 26
100 25
87 79
100 64
81 57
69 24
63 14
46 30
24 39
39 91
34 50
38 31
25 48
6 18
89 62
51 81
28 18
83 48
22 31
78 40
26 11
70 90
21 7
51 99
87 15
76 19
57 93
43 43
46 62
75 27
39 80
40 95
47 12
46 50
70 64
48 76
26 26
17 32
9 44
99 48
66 30
16 48
47 14
6 70
5 89
25 98
65 58
99 27
18 1
83 49
38 87
32 57
8 51
73 89
28 27
35 69
75 18
19 5
71 29
19 81
96 42
72 31
9 33
24 37
42 69
53 73
34 90
30 42
75 51
94 64
61 44
5 94
92 52
3 85
74 66
59 8
88 100
81 66
18 3
89 41
33 23
5 82
15 82
11 68
44 50
66 20
83 81
38 40
27 29
94 58
45 22
38 58
29 79
21 69
66 80
49 25
61 63
22 41
94 96
76 24
13 16
98 66
45 74
21 21
18 49
10 54
55 35
96 71
87 30
54 2
97 18
68 22
92 51
24 89
33 39
48 88
77 3
1 55
49 67
4 14
96 66
18 63
56 86
99 18
21 75
56 50
64 100
72 86
16 25
89 18
49 57
11 4
94 100
11 20
84 26
88 97
78 89
62 46
32 81
90 11
73 35
47 37
48 84
28 2
54 71
24 72
99 20
5 41
56 36
41 80
82 85
3 63
29 83
56 79
30 4
80 12
9 16
45 29
78 33
57 79
99 23
70 15
71 51
77 57
15 26
22 50
59 86
84 23
33 81
15 64
35 15
30 92
11 63
73 54
17 82
100 28
23 65
80 97
93 15
7 79
91 87
40 86
33 26
19 90
55 93
62 49
12 56
82 27
68 94
81 83
6 1
93 20
53 35
19 97
75 73
86 66
42 84
34 7
87 44
92 74
6 59
62 8
40 27
26 93
70 55
67 66
23 69
38 69
26 58
91 62
3 25
98 11
83 76
1 3
69 32
93 87
3 66
16 89
78 2
90 98
53 13
63 42
78 78
64 18
39 63
49 94
3 42
71 93
45 4
31 28
89 68
37 46
10 52
32 93
56 23
41 79
4 33
7 61
37 91
68 9
15 37
17 35
25 11
1 63
13 89
78 21
61 29
35 36
49 85
72 57
14 91
26 24
1 19
97 56
67 28
17 76
23 10
24 28
13 65
74 84
32 6
74 20
86 59
50 15
77 27
2 54
10 18
89 99
24 1
100 7
14 32
87 99
39 95
92 88
62 46
82 21
30 27
40 46
5 18
36 87
54 63
11 86
59 58
75 71
92 78
60 58
49 25
7 59
27 5
88 61
20 21
81 37
9 96
84 15
18 49
64 7
3 50
65 52
20 53
89 32
88 91
16 37
95 29
41 96
10 36
34 42
46 16
16 67
20 29
33 28
11 76
37 37
30 22
55 4
26 90
58 22
64 65
8 6
30 59
79 78
43 51
29 5
1 72
68 60
63 93
33 60
9 51
72 1
80 1
17 7
91 86
82 32
