# source: JorikJooken
# original path: jj_extract\knapsackProblemInstances-master\problemInstances\n_600_c_1000000_g_14_f_0.1_eps_1e-05_s_100\test.in
# optimal value: 1007254
# format: n capacity, then weight value
600 1000000
500096 500063
500102 500063
500079 500014
500066 500051
500015 500089
500101 500041
500023 500034
500089 500021
500071 500066
500040 500091
500097 500029
500100 500091
500080 500068
500035 500034
500079 500089
500096 500014
500098 500048
500029 500054
500065 500030
500040 500044
500088 500102
500041 500092
500012 500106
500043 500038
500107 500067
500102 500061
500086 500034
500060 500046
500105 500103
500034 500017
500072 500077
500023 500082
500085 500020
500012 500075
500011 500076
500097 500048
500021 500091
500108 500100
500073 500010
500026 500109
500045 500080
250041 250052
250063 250084
250109 250052
250014 250016
250016 250057
250106 250094
250019 250104
250081 250065
250024 250056
250042 250060
250058 250083
250023 250097
250104 250020
250012 250109
250069 250074
250030 250041
250047 250018
250055 250101
250030 250068
250045 250073
250066 250109
250066 250045
250012 250078
250062 250064
250077 250035
250055 250061
250042 250028
250034 250040
250050 250075
250032 250019
250102 250029
250028 250011
250053 250034
250084 250058
250057 250056
250020 250079
250011 250050
250050 250068
250049 250035
250024 250023
250061 250092
125065 125089
125106 125076
125094 125075
125058 125095
125059 125087
125022 125107
125076 125045
125094 125074
125094 125096
125015 125094
125037 125012
125057 125011
125044 125011
125042 125036
125033 125052
125094 125059
125069 125040
125103 125054
125098 125108
125076 125106
125061 125066
125039 125090
125079 125082
125053 125079
125016 125076
125092 125038
125098 125043
125051 125035
125040 125046
125039 125104
125050 125071
125074 125082
125055 125017
125016 125046
125081 125089
125055 125069
125094 125102
125065 125017
125106 125024
125045 125108
125109 125090
62529 62581
62556 62568
62523 62541
62510 62583
62582 62551
62527 62592
62555 62565
62590 62597
62519 62536
62535 62548
62539 62560
62554 62554
62594 62521
62588 62537
62599 62522
62522 62606
62593 62516
62543 62566
62553 62578
62547 62598
62555 62593
62550 62598
62584 62590
62528 62584
62552 62558
62516 62607
62598 62550
62548 62554
62603 62539
62580 62522
62608 62552
62520 62538
62575 62557
62578 62559
62580 62540
62525 62571
62578 62538
62532 62589
62585 62514
62579 62578
62581 62538
31294 31305
31279 31261
31313 31342
31293 31315
31268 31297
31286 31292
31322 31318
31337 31272
31309 31333
31340 31308
31264 31269
31286 31356
31326 31345
31284 31310
31311 31321
31329 31352
31357 31292
31280 31350
31279 31341
31275 31306
31279 31295
31313 31285
31301 31261
31302 31316
31277 31345
31308 31345
31309 31294
31290 31262
31314 31277
31268 31336
31281 31302
31278 31299
31287 31276
31295 31356
31312 31336
31302 31271
31323 31274
31261 31337
31353 31277
31293 31335
31320 31313
15648 15679
15645 15642
15669 15727
15713 15655
15726 15708
15652 15715
15636 15726
15678 15711
15673 15731
15698 15648
15661 15715
15636 15636
15646 15710
15712 15685
15649 15670
15661 15689
15687 15713
15671 15731
15654 15641
15639 15678
15688 15716
15723 15646
15683 15670
15683 15658
15710 15673
15676 15670
15646 15694
15730 15683
15669 15711
15642 15730
15698 15654
15697 15636
15684 15642
15641 15716
15675 15659
15722 15665
15663 15685
15707 15712
15696 15658
15673 15734
15715 15677
7910 7832
7917 7829
7854 7882
7867 7890
7848 7907
7917 7909
7877 7869
7921 7855
7896 7837
7914 7892
7891 7851
7846 7852
7855 7831
7830 7824
7910 7881
7911 7854
7896 7879
7830 7922
7881 7876
7841 7871
7868 7874
7877 7903
7838 7900
7830 7856
7917 7909
7901 7849
7898 7856
7859 7827
7887 7871
7911 7915
7858 7860
7895 7837
7920 7891
7849 7880
7886 7910
7828 7838
7852 7850
7828 7901
7920 7857
7881 7825
7840 7883
3966 3985
4002 3985
4005 3992
3932 3941
3995 4005
3990 4002
3989 3977
3962 4004
3936 3935
3942 3950
3964 3918
4002 4002
3946 4014
4007 3958
3927 3975
3959 3922
4006 3968
3949 3943
4006 3944
3945 3941
3999 3948
3928 4014
4011 3921
3993 3953
3978 4001
3944 3957
3941 3976
3974 3978
3935 3925
3976 3968
3976 3986
4015 3939
4010 4011
3983 3939
3978 3957
3960 4010
3928 4008
3976 3922
3950 3925
3975 3969
3921 3971
2061 2060
2052 1975
2025 2016
2035 2034
2010 1984
1981 2003
2059 2031
2029 2056
2010 2042
1972 2051
1973 1972
1989 2024
1994 1985
2000 2033
2046 1994
1982 2039
2016 2038
2024 2021
1990 1991
2043 1991
1997 2057
2063 2012
2063 2039
2038 2038
1987 1995
2012 1997
2029 2044
1973 1966
2042 1967
2025 2011
2022 2047
2003 2027
2003 1981
2055 2049
2044 2051
1977 2016
2032 2055
2011 2005
2021 2047
2059 2055
1970 1995
993 1033
1027 1033
1056 1037
1072 1019
1050 1012
1073 1026
1011 1075
989 996
1058 1013
1023 1046
1064 1035
1018 1020
1043 1005
989 1070
1086 1067
999 1008
1079 994
1058 1036
1049 1000
991 1040
998 1047
1017 1078
1004 1020
993 992
1048 1052
1073 1079
1022 1040
1066 1000
1080 1054
1035 1012
1032 987
1063 998
1057 1026
1014 1048
1034 1012
988 1038
1037 993
1081 1008
1003 1065
1082 1043
1022 987
589 539
554 519
559 513
501 552
517 592
561 519
499 559
581 526
540 549
510 575
542 594
524 560
511 568
571 544
538 531
539 514
520 546
512 571
580 545
560 525
552 501
554 566
525 519
546 502
500 550
558 593
553 595
582 519
514 589
561 593
538 592
580 527
521 511
554 595
511 504
533 577
558 583
539 523
588 586
552 594
553 557
298 349
331 342
314 327
345 333
311 256
287 325
317 348
354 300
341 299
292 260
298 351
313 301
343 261
300 327
319 268
325 344
279 303
341 336
317 259
277 342
345 319
276 284
318 278
330 323
298 287
275 277
290 256
278 301
300 342
259 317
353 316
293 274
325 304
332 276
272 336
309 304
273 278
259 259
354 288
316 277
296 330
175 188
215 193
142 199
180 232
222 228
222 155
222 150
231 151
213 184
169 169
145 197
188 138
178 212
154 172
192 183
161 136
161 159
182 212
159 193
172 212
166 212
146 142
154 212
204 148
148 150
178 202
229 147
148 162
169 224
164 171
220 210
207 232
188 143
160 217
170 181
219 230
161 156
190 215
222 202
166 196
226 220
35 67
62 79
48 22
29 36
73 26
15 90
44 95
66 27
36 55
34 77
31 88
85 20
95 20
31 69
61 93
4 61
68 81
34 58
96 31
2 64
83 17
81 31
75 85
61 13
87 59
50 75
44 20
7 8
14 48
73 72
96 69
48 17
48 56
40 85
91 34
26 20
69 41
39 36
2 37
62 76
56 70
88 88
98 90
16 37
95 23
89 19
28 20
32 55
96 18
34 88
41 39
44 95
95 9
53 29
89 41
14 14
49 49
22 68
55 78
70 28
64 89
29 9
81 68
5 65
34 69
70 39
48 10
