# source: JorikJooken
# original path: jj_extract\knapsackProblemInstances-master\problemInstances\n_1000_c_1000000_g_2_f_0.3_eps_0.1_s_100\test.in
# optimal value: 615783
# format: n capacity, then weight value
1000 1000000
600017 600037
600099 600003
600016 600038
600098 600007
600048 600023
600056 600001
600063 600026
600023 600098
600081 600079
600066 600053
600024 600076
600077 600018
600040 600010
600003 600033
600020 600092
600057 600039
600044 600060
600009 600054
600002 600019
600007 600100
600057 600056
600035 600014
600090 600048
600007 600024
600012 600004
600058 600044
600046 600089
600030 600047
600097 600054
600095 600073
600024 600005
600014 600084
600066 600090
600013 600007
600086 600081
600074 600052
600013 600050
600061 600009
600095 600063
600031 600073
600055 600019
600093 600074
600026 600075
600040 600073
600028 600100
600058 600077
600075 600060
600055 600013
600020 600024
600051 600097
600040 600099
600021 600064
600029 600014
600039 600033
600010 600022
600007 600060
600077 600094
600032 600096
600075 600052
600034 600033
600030 600067
600019 600038
600049 600015
600054 600010
600032 600092
600016 600006
600036 600012
600028 600042
600077 600060
600016 600016
600091 600001
600100 600004
600041 600001
600091 600020
600001 600060
600047 600061
600095 600074
600003 600062
600045 600031
600099 600040
600070 600024
600014 600002
600065 600006
600005 600037
600082 600010
600071 600090
600083 600069
600055 600092
600030 600060
600016 600080
600003 600027
600069 600064
600080 600047
600052 600012
600018 600082
600017 600082
600064 600036
600063 600081
600079 600085
600030 600089
600052 600080
600079 600031
600075 600049
600002 600098
600094 600039
600021 600091
600014 600023
600093 600015
600035 600069
600051 600028
600073 600041
600082 600070
600081 600034
600017 600039
600069 600078
600012 600038
600054 600098
600079 600052
600032 600012
600010 600097
600055 600033
600068 600080
600056 600003
600078 600017
600044 600023
600027 600100
600056 600091
600078 600076
600039 600018
600024 600002
600078 600051
600006 600072
600035 600087
600051 600041
600039 600059
600001 600085
600041 600052
600035 600002
600030 600078
600100 600046
600055 600057
600059 600007
600045 600034
600066 600067
600023 600096
600018 600067
600081 600037
600088 600051
600027 600048
600082 600032
600100 600047
600029 600076
600081 600030
600081 600010
600063 600029
600033 600048
600060 600081
600031 600005
600095 600057
600071 600077
600008 600042
600041 600009
600094 600059
600064 600016
600065 600049
600076 600085
600043 600018
600029 600099
600056 600042
600077 600071
600085 600064
600013 600031
600094 600078
600072 600062
600001 600034
600073 600091
600001 600049
600047 600042
600064 600032
600060 600034
600046 600056
600064 600020
600039 600040
600069 600055
600017 600066
600044 600060
600018 600071
600013 600051
600060 600032
600064 600005
600061 600072
600012 600021
600041 600090
600091 600022
600068 600037
600065 600022
600051 600008
600031 600071
600014 600067
600050 600063
600088 600099
600066 600047
600081 600057
600038 600088
600010 600009
600002 600071
600004 600079
600099 600008
600011 600098
600062 600043
600066 600073
600074 600031
600059 600040
600070 600001
600064 600005
600082 600077
600035 600017
600072 600096
600063 600093
600055 600063
600099 600082
600019 600038
600036 600030
600091 600068
600002 600097
600079 600016
600037 600099
600005 600065
600021 600044
600002 600014
600084 600080
600080 600064
600090 600054
600083 600072
600053 600002
600039 600068
600089 600002
600046 600070
600008 600012
600071 600019
600096 600099
600036 600080
600083 600083
600049 600039
600066 600009
600037 600099
600068 600039
600031 600030
600009 600073
600037 600069
600072 600046
600089 600003
600084 600073
600004 600007
600010 600100
600085 600079
600010 600045
600008 600046
600072 600073
600060 600059
600056 600023
600044 600075
600033 600023
600019 600088
600066 600051
600002 600055
600077 600022
600010 600092
600005 600049
600077 600056
600011 600011
600099 600011
600056 600087
600095 600041
600092 600009
600056 600047
600003 600094
600100 600029
600070 600029
600039 600082
600033 600030
600009 600073
600022 600026
600020 600075
600025 600070
600064 600095
600097 600080
600082 600089
600011 600079
600048 600077
600002 600084
600082 600094
600074 600091
600029 600055
600006 600013
600002 600099
600095 600022
600100 600011
600035 600036
600094 600051
600020 600010
600021 600100
600074 600014
600065 600025
600079 600034
600009 600045
600063 600078
600051 600100
600059 600025
600090 600079
600006 600095
600009 600081
600056 600046
600078 600073
600035 600044
600071 600069
600087 600034
600064 600075
600082 600002
600091 600007
600041 600093
600020 600060
600086 600067
600085 600019
600045 600042
600092 600093
600093 600005
600037 600100
600064 600081
600015 600003
600059 600014
600025 600009
600021 600041
600046 600067
600022 600098
600059 600037
600087 600072
600027 600048
600012 600065
600079 600050
600057 600048
600052 600021
600005 600100
600096 600046
600075 600044
600072 600075
600095 600093
600060 600032
600054 600024
600004 600063
600058 600011
600079 600088
600033 600054
600059 600008
600100 600042
600065 600052
600091 600002
600018 600042
600060 600088
600075 600004
600065 600072
600062 600016
600016 600087
600002 600035
600024 600017
600059 600022
600009 600082
600027 600056
600080 600033
600065 600072
600054 600084
600074 600009
600076 600070
600078 600026
600093 600028
600006 600010
600079 600064
600043 600033
600087 600009
600042 600079
600006 600080
600041 600046
600037 600057
600019 600068
600019 600046
600059 600028
600064 600081
600099 600067
600063 600083
600097 600039
600021 600043
600051 600075
600062 600001
600068 600006
600067 600044
600078 600076
600099 600099
600091 600074
600020 600009
600094 600087
600028 600059
600064 600011
600028 600014
600038 600022
600046 600081
600085 600023
600061 600056
600091 600088
600041 600048
600021 600074
600023 600006
600012 600090
600075 600025
600045 600031
600031 600070
600088 600044
600046 600056
600085 600003
600073 600017
600022 600002
600072 600074
600023 600020
600090 600057
600024 600080
600028 600099
600068 600014
600001 600057
600063 600036
600047 600071
600001 600043
600068 600024
600019 600020
600081 600042
600055 600001
600018 600057
600015 600060
600062 600062
600057 600078
600023 600040
600067 600056
600078 600013
600064 600059
600057 600034
600035 600049
600045 600050
600004 600033
600051 600048
600082 600054
600034 600026
600026 600092
600029 600017
600023 600034
600040 600063
600098 600019
600098 600044
600059 600036
600016 600024
600092 600048
600035 600054
600010 600032
600053 600018
600080 600049
600045 600080
600026 600076
600033 600017
600021 600005
600011 600091
600035 600083
600097 600071
600018 600098
600069 600027
600100 600097
600027 600093
600023 600062
600030 600052
600070 600036
600010 600061
600078 600034
600010 600054
600033 600023
600055 600091
600051 600076
600049 600055
600075 600047
600014 600079
600039 600019
600055 600049
600052 600037
600019 600079
600061 600065
600028 600078
600075 600035
600002 600090
600098 600057
600013 600044
600002 600028
600001 600009
600068 600030
600023 600005
600082 600034
600087 600081
600065 600020
600078 600039
600005 600066
600053 600006
600007 600066
600013 600052
600025 600092
600018 600063
600019 600056
600089 600020
600053 600068
600096 600062
600067 600032
600097 600083
600091 600046
600003 600054
600033 600046
600013 600065
600022 600049
600025 600019
600031 600040
600095 600046
600007 600029
600070 600021
600064 600085
600098 600065
600059 600004
600083 600055
600001 600024
600032 600084
600030 600061
600038 600058
600068 600042
600026 600100
600050 600051
600083 600072
600002 600012
600072 600001
600080 600084
600076 600036
600055 600082
600086 600038
600034 600054
600068 600087
600027 600075
600031 600088
600083 600086
600061 600081
600008 600061
600034 600074
600082 600014
600080 600079
600098 600046
600043 600099
600008 600035
600080 600029
600028 600018
600100 600096
600039 600047
600058 600076
600059 600059
600057 600055
600089 600092
600042 600067
600034 600087
600063 600007
600009 600038
600063 600008
600033 600077
600069 600099
600091 600064
600027 600066
600040 600064
600016 600099
600012 600003
600010 600081
600008 600046
600081 600035
600041 600045
600096 600031
600066 600081
600016 600079
600044 600055
600071 600029
600091 600040
600097 600056
600067 600070
600013 600073
600091 600036
600067 600072
600031 600001
600023 600005
600090 600058
600054 600073
600071 600089
600035 600007
600001 600069
600021 600098
600026 600035
600021 600070
600076 600046
600042 600061
600054 600097
600017 600043
600090 600055
600079 600053
600041 600036
600094 600058
600061 600084
600047 600018
600079 600082
600020 600050
600030 600036
600011 600028
600014 600091
600073 600004
600046 600040
600045 600095
600028 600070
600055 600083
600088 600066
600069 600015
600068 600052
600013 600014
600077 600087
600016 600070
600060 600010
600028 600023
600095 600024
600011 600099
600040 600027
600042 600004
600054 600036
600042 600039
600011 600064
600100 600059
600017 600042
600043 600085
600005 600033
600060 600059
600099 600089
600059 600027
600059 600017
600092 600006
600074 600001
600043 600019
600086 600035
600096 600025
600052 600074
600078 600071
600009 600091
600079 600034
600078 600077
600097 600094
600034 600093
600071 600048
600055 600082
600071 600051
600009 600057
600017 600080
600076 600035
600040 600084
600045 600087
600088 600003
600100 600007
600061 600030
600006 600057
600016 600050
600050 600073
600019 600033
600060 600033
600070 600076
600004 600074
600031 600031
600075 600008
600020 600086
600091 600051
600097 600030
600066 600008
600058 600024
600065 600082
600034 600079
600081 600054
600063 600052
600060 600029
600021 600051
600001 600017
600067 600090
600080 600019
600013 600071
600041 600093
600048 600058
600092 600046
600034 600044
600060 600073
600051 600050
600052 600043
600099 600023
600012 600064
76 84
6 17
3 62
36 20
91 74
100 30
93 51
59 80
26 52
100 78
6 58
87 81
28 94
66 15
13 56
15 6
100 91
66 43
59 64
3 52
87 69
36 3
26 61
97 55
42 76
84 90
98 16
56 12
56 47
36 15
90 61
93 36
99 16
72 3
100 15
27 43
16 14
86 48
89 86
81 85
54 53
6 23
39 99
71 3
48 27
74 48
78 42
88 87
62 85
5 45
22 13
55 40
32 14
26 84
49 48
22 40
88 44
25 24
12 20
38 80
75 95
30 78
23 10
90 90
73 25
92 28
2 49
19 68
64 23
33 16
43 21
58 47
4 99
61 62
45 28
63 67
3 70
19 76
37 9
36 84
12 10
45 30
1 25
28 87
39 51
34 71
66 31
78 68
98 57
11 78
92 33
31 42
16 35
90 57
60 77
52 24
22 12
73 10
31 11
78 83
70 22
17 28
74 42
55 78
65 63
21 73
25 96
8 77
48 88
98 35
12 94
81 67
37 100
46 61
19 94
56 99
63 39
3 73
22 1
38 28
91 41
58 32
37 22
44 58
18 40
98 91
75 20
40 79
24 60
45 36
44 42
66 91
44 87
57 74
96 88
39 25
6 79
49 65
46 88
1 83
30 20
19 41
81 51
47 94
16 65
17 73
37 35
5 89
35 70
14 91
38 100
6 24
9 14
1 33
99 89
26 81
88 93
51 10
67 33
64 96
12 12
76 43
62 82
87 4
9 71
74 81
63 36
34 11
48 83
81 10
85 92
4 46
82 99
75 58
5 92
83 18
37 43
75 35
50 34
7 84
95 81
7 12
100 56
82 25
27 51
12 48
66 87
14 50
40 73
10 71
38 39
64 81
59 58
96 37
73 9
80 55
33 68
35 11
74 65
28 44
53 58
92 82
62 49
76 89
37 40
93 91
78 16
18 70
78 70
42 50
24 88
51 53
77 98
62 51
21 68
96 80
87 21
40 85
26 33
59 11
27 47
15 39
62 59
2 87
89 26
89 54
45 30
42 54
51 18
33 45
22 44
23 53
52 33
77 57
18 1
2 67
92 19
77 41
45 79
22 78
19 3
84 30
42 12
41 90
62 7
55 42
20 76
43 68
55 51
85 87
3 66
63 74
12 88
22 93
41 18
70 87
23 43
44 15
90 68
74 25
90 29
23 88
10 14
98 88
81 14
37 26
57 94
57 1
100 78
49 89
96 75
96 45
94 5
19 83
4 76
30 13
91 28
15 29
84 72
61 44
11 52
72 20
2 47
24 42
26 50
22 51
50 36
72 47
18 64
99 2
12 91
58 11
4 70
43 82
2 26
22 52
82 24
54 60
9 95
22 62
