# source: JorikJooken
# original path: jj_extract\knapsackProblemInstances-master\problemInstances\n_600_c_100000000_g_2_f_0.1_eps_0.0001_s_300\test.in
# optimal value: 50020110
# format: n capacity, then weight value
600 100000000
50010065 50010272
50010173 50010031
50010256 50010118
50010156 50010160
50010007 50010218
50010102 50010234
50010115 50010101
50010197 50010282
50010091 50010018
50010006 50010095
50010180 50010211
50010011 50010037
50010182 50010130
50010016 50010285
50010214 50010039
50010214 50010014
50010112 50010217
50010119 50010169
50010106 50010300
50010092 50010022
50010001 50010085
50010115 50010115
50010096 50010088
50010002 50010198
50010165 50010099
50010172 50010020
50010056 50010157
50010141 50010227
50010020 50010056
50010153 50010263
50010162 50010174
50010045 50010274
50010003 50010009
50010097 50010185
50010132 50010196
50010108 50010240
50010192 50010270
50010111 50010232
50010170 50010175
50010129 50010293
50010258 50010263
50010149 50010067
50010296 50010098
50010268 50010212
50010114 50010064
50010200 50010142
50010135 50010037
50010144 50010113
50010142 50010149
50010204 50010212
50010264 50010094
50010056 50010187
50010269 50010108
50010019 50010146
50010066 50010010
50010193 50010086
50010006 50010295
50010161 50010167
50010117 50010238
50010088 50010103
50010090 50010290
50010186 50010047
50010163 50010091
50010001 50010038
50010078 50010244
50010052 50010071
50010036 50010197
50010171 50010039
50010085 50010048
50010138 50010158
50010086 50010194
50010232 50010206
50010080 50010063
50010224 50010156
50010095 50010279
50010239 50010181
50010225 50010139
50010267 50010010
50010244 50010060
50010078 50010280
50010112 50010060
50010057 50010076
50010219 50010182
50010239 50010097
50010234 50010195
50010193 50010270
50010077 50010104
50010270 50010037
50010078 50010296
50010251 50010094
50010246 50010267
50010023 50010022
50010245 50010288
50010127 50010204
50010189 50010030
50010081 50010152
50010181 50010001
50010130 50010133
50010090 50010036
50010012 50010292
50010267 50010178
50010090 50010284
50010103 50010071
50010105 50010261
50010192 50010161
50010113 50010228
50010161 50010205
50010156 50010241
50010214 50010028
50010059 50010101
50010284 50010097
50010208 50010235
50010134 50010246
50010151 50010129
50010150 50010189
50010135 50010129
50010298 50010228
50010279 50010182
50010204 50010184
50010241 50010077
50010192 50010113
50010149 50010126
50010103 50010013
50010226 50010160
50010078 50010122
50010019 50010076
50010053 50010024
50010260 50010058
50010235 50010139
50010288 50010285
50010166 50010189
50010179 50010180
50010113 50010056
50010272 50010251
50010124 50010143
50010068 50010042
50010252 50010248
50010188 50010191
50010037 50010300
50010118 50010255
50010129 50010296
50010168 50010145
50010036 50010185
50010252 50010037
50010293 50010216
50010161 50010194
50010198 50010058
50010067 50010038
50010282 50010267
50010274 50010003
50010288 50010167
50010148 50010073
50010174 50010238
50010158 50010198
50010285 50010004
50010182 50010056
50010235 50010087
50010184 50010232
50010246 50010267
50010161 50010293
50010197 50010239
50010100 50010198
50010210 50010184
50010297 50010164
50010155 50010226
50010253 50010247
50010023 50010266
50010150 50010194
50010142 50010203
50010249 50010266
50010282 50010283
50010152 50010044
50010044 50010052
50010271 50010083
50010128 50010237
50010279 50010089
50010296 50010237
50010073 50010281
50010167 50010091
50010226 50010143
50010119 50010229
50010264 50010104
50010082 50010246
50010077 50010299
50010039 50010249
50010149 50010272
50010191 50010138
50010171 50010032
50010236 50010230
50010270 50010045
50010124 50010022
50010231 50010072
50010078 50010040
50010046 50010281
50010290 50010124
50010295 50010191
50010044 50010064
50010135 50010289
50010021 50010254
50010012 50010174
50010048 50010249
50010289 50010021
50010048 50010031
50010030 50010147
50010143 50010271
50010232 50010044
50010187 50010265
50010258 50010273
50010159 50010270
50010050 50010162
50010227 50010116
50010262 50010011
50010250 50010141
50010084 50010203
50010044 50010253
50010086 50010180
50010254 50010187
50010223 50010066
50010236 50010132
50010239 50010189
50010269 50010076
50010162 50010015
50010256 50010177
50010047 50010280
50010086 50010235
50010036 50010199
50010139 50010177
50010165 50010147
50010174 50010124
50010119 50010134
50010026 50010150
50010216 50010167
50010017 50010187
50010103 50010123
50010203 50010088
50010092 50010038
50010071 50010239
50010188 50010095
50010217 50010007
50010262 50010008
50010143 50010081
50010251 50010097
50010228 50010091
50010016 50010144
50010136 50010188
50010089 50010157
50010158 50010087
50010147 50010137
50010280 50010153
50010196 50010043
50010072 50010259
50010219 50010225
50010005 50010145
50010122 50010210
50010217 50010276
50010125 50010262
50010150 50010114
50010111 50010252
50010271 50010089
50010181 50010230
50010060 50010087
50010270 50010299
50010028 50010125
50010046 50010289
50010273 50010205
50010278 50010224
50010189 50010164
50010114 50010125
50010095 50010045
50010113 50010184
50010183 50010018
50010070 50010287
50010143 50010150
50010108 50010142
50010298 50010266
50010206 50010266
50010247 50010111
50010163 50010261
50010267 50010045
50010237 50010086
50010108 50010036
50010130 50010033
50010053 50010152
50010243 50010041
50010159 50010284
50010069 50010088
50010174 50010283
50010239 50010085
50010299 50010049
50010199 50010237
50010151 50010129
50010251 50010102
50010140 50010171
50010017 50010254
50010004 50010010
50010132 50010041
50010002 50010028
50010120 50010100
50010111 50010111
50010139 50010290
50010021 50010189
50010214 50010186
50010210 50010235
50010133 50010176
50010136 50010014
50010037 50010178
50010013 50010054
50010252 50010178
50010248 50010259
50010257 50010202
50010108 50010026
50010071 50010266
50010161 50010125
50010287 50010148
50010162 50010065
50010236 50010025
50010147 50010198
50010227 50010242
50010153 50010116
50010076 50010152
50010006 50010280
50010079 50010045
50010163 50010212
50010082 50010085
50010154 50010269
50010035 50010040
50010034 50010138
50010052 50010062
50010183 50010175
50010165 50010023
50010075 50010245
50010291 50010156
50010158 50010163
50010253 50010127
50010257 50010047
50010045 50010256
50010139 50010267
50010180 50010239
50010188 50010155
50010269 50010017
50010213 50010005
50010228 50010158
50010027 50010149
50010136 50010210
50010220 50010053
50010056 50010234
50010051 50010290
50010179 50010049
50010219 50010220
50010160 50010276
50010114 50010043
50010089 50010148
50010156 50010078
50010300 50010124
50010020 50010022
50010233 50010043
50010259 50010023
50010025 50010011
50010135 50010149
50010111 50010083
50010101 50010133
50010259 50010276
50010275 50010170
50010154 50010155
50010070 50010023
50010210 50010247
50010152 50010218
50010219 50010289
50010031 50010196
50010029 50010244
50010106 50010011
50010140 50010156
50010010 50010075
50010139 50010193
50010222 50010097
50010163 50010191
50010052 50010094
50010021 50010046
50010051 50010213
50010029 50010258
50010255 50010248
50010195 50010165
50010109 50010144
50010162 50010186
50010163 50010122
50010070 50010072
50010300 50010142
50010037 50010242
50010160 50010027
50010070 50010078
50010182 50010235
50010127 50010217
50010168 50010100
50010273 50010086
50010157 50010022
50010229 50010029
50010215 50010096
50010058 50010076
50010110 50010222
50010041 50010216
50010297 50010015
50010161 50010201
50010191 50010179
50010048 50010189
50010006 50010028
50010065 50010065
50010286 50010025
50010224 50010036
50010132 50010031
50010185 50010228
50010111 50010265
50010052 50010036
50010207 50010107
50010300 50010086
50010062 50010224
50010167 50010068
50010106 50010103
50010270 50010119
50010122 50010158
50010129 50010284
50010298 50010066
50010283 50010036
50010167 50010241
50010162 50010238
50010052 50010145
50010036 50010147
50010177 50010056
50010088 50010164
50010290 50010274
50010230 50010194
50010258 50010260
50010075 50010150
50010220 50010271
50010092 50010261
50010135 50010113
50010207 50010191
50010065 50010029
50010124 50010133
50010207 50010216
50010132 50010272
50010170 50010181
50010082 50010071
50010006 50010208
50010223 50010183
50010022 50010146
50010042 50010168
50010250 50010252
50010043 50010221
50010174 50010083
50010272 50010024
50010171 50010264
50010175 50010198
50010095 50010210
50010300 50010225
50010144 50010009
50010081 50010191
50010066 50010057
50010043 50010230
50010110 50010212
50010102 50010212
50010268 50010196
50010138 50010297
50010169 50010143
50010287 50010064
50010008 50010141
50010024 50010055
50010040 50010065
50010151 50010010
50010060 50010200
50010247 50010070
50010221 50010227
50010107 50010154
50010145 50010044
50010062 50010276
50010113 50010222
50010111 50010184
50010065 50010256
50010129 50010165
50010196 50010070
50010037 50010180
50010147 50010101
50010157 50010236
50010079 50010259
50010039 50010001
50010292 50010040
50010248 50010196
50010188 50010110
50010211 50010253
50010143 50010160
50010177 50010201
50010268 50010177
50010081 50010144
50010155 50010152
50010048 50010273
50010280 50010023
50010098 50010175
50010271 50010061
50010254 50010012
50010082 50010132
50010228 50010240
50010147 50010212
50010004 50010051
50010053 50010070
50010141 50010082
50010283 50010155
50010208 50010190
50010115 50010257
50010034 50010039
50010078 50010026
50010129 50010100
50010239 50010115
50010189 50010071
50010194 50010081
50010080 50010071
50010087 50010210
50010173 50010253
50010224 50010018
50010284 50010185
50010072 50010182
50010132 50010037
50010155 50010148
50010098 50010103
50010203 50010141
50010233 50010255
50010204 50010118
50010290 50010002
50010042 50010046
50010069 50010238
50010154 50010009
50010024 50010291
50010010 50010020
50010104 50010120
50010031 50010169
50010268 50010001
50010239 50010037
50010101 50010102
50010185 50010287
50010067 50010295
50010126 50010259
50010226 50010072
193 298
215 170
62 112
241 89
34 202
46 231
219 267
166 195
224 86
16 235
9 15
224 103
253 260
232 180
117 174
72 16
262 124
288 299
134 265
177 72
138 254
193 237
70 165
46 242
283 207
18 286
217 209
248 156
127 248
276 167
19 196
100 39
99 239
238 190
137 256
203 293
11 208
262 222
61 218
164 213
160 235
173 44
246 121
66 116
27 58
267 150
99 45
69 239
28 6
37 118
187 104
250 95
147 78
110 20
64 139
297 84
250 142
199 268
270 109
239 1
