# source: JorikJooken
# original path: jj_extract\knapsackProblemInstances-master\problemInstances\n_1000_c_100000000_g_14_f_0.3_eps_0.01_s_300\test.in
# optimal value: 100029484
# format: n capacity, then weight value
1000 100000000
51000172 51000145
51000104 51000141
51000142 51000144
51000291 51000093
51000222 51000233
51000228 51000252
51000180 51000039
51000004 51000129
51000041 51000219
51000132 51000269
51000034 51000158
51000222 51000258
51000105 51000120
51000159 51000008
51000052 51000235
51000027 51000010
51000261 51000299
51000066 51000166
51000248 51000252
51000101 51000077
51000227 51000280
51000085 51000182
51000044 51000049
51000095 51000027
51000001 51000257
51000116 51000142
51000254 51000183
51000112 51000040
51000278 51000203
51000209 51000232
51000033 51000081
51000101 51000282
51000091 51000215
51000251 51000189
51000211 51000236
51000010 51000150
51000274 51000003
51000052 51000076
51000042 51000238
51000118 51000296
51000215 51000275
51000199 51000085
51000010 51000014
51000230 51000250
51000255 51000081
51000030 51000011
51000081 51000292
51000140 51000224
51000216 51000151
51000109 51000158
51000271 51000208
51000071 51000224
51000004 51000105
26000022 26000201
26000121 26000241
26000045 26000298
26000052 26000162
26000206 26000208
26000207 26000150
26000211 26000247
26000024 26000035
26000090 26000189
26000141 26000137
26000188 26000027
26000060 26000123
26000222 26000225
26000058 26000098
26000108 26000189
26000162 26000073
26000029 26000154
26000061 26000218
26000206 26000154
26000289 26000290
26000044 26000104
26000274 26000208
26000221 26000158
26000176 26000173
26000177 26000182
26000201 26000222
26000224 26000240
26000084 26000039
26000092 26000251
26000041 26000023
26000118 26000187
26000288 26000003
26000039 26000006
26000135 26000016
26000268 26000091
26000070 26000117
26000043 26000233
26000132 26000032
26000227 26000199
26000020 26000203
26000031 26000227
26000018 26000163
26000178 26000204
26000292 26000034
26000033 26000116
26000269 26000008
26000087 26000032
26000295 26000154
26000238 26000071
26000220 26000063
26000199 26000267
26000296 26000121
26000248 26000002
13500231 13500013
13500200 13500115
13500272 13500071
13500119 13500170
13500021 13500056
13500066 13500162
13500258 13500170
13500188 13500263
13500162 13500256
13500199 13500279
13500275 13500188
13500165 13500021
13500100 13500211
13500008 13500087
13500243 13500119
13500201 13500237
13500102 13500215
13500141 13500103
13500300 13500273
13500242 13500198
13500037 13500205
13500084 13500056
13500219 13500277
13500024 13500248
13500032 13500134
13500010 13500024
13500022 13500184
13500024 13500018
13500231 13500218
13500054 13500297
13500012 13500093
13500192 13500197
13500269 13500123
13500136 13500242
13500203 13500282
13500123 13500147
13500069 13500250
13500250 13500006
13500251 13500174
13500257 13500027
13500193 13500279
13500298 13500101
13500279 13500039
13500179 13500007
13500213 13500123
13500148 13500038
13500174 13500108
13500002 13500205
13500123 13500123
13500291 13500161
13500023 13500222
13500141 13500109
13500050 13500002
7250298 7250092
7250009 7250169
7250284 7250085
7250271 7250253
7250032 7250191
7250155 7250290
7250169 7250206
7250181 7250085
7250151 7250297
7250042 7250077
7250276 7250117
7250140 7250188
7250179 7250187
7250265 7250081
7250084 7250025
7250112 7250157
7250159 7250118
7250092 7250216
7250246 7250132
7250205 7250286
7250169 7250056
7250097 7250296
7250236 7250282
7250091 7250118
7250210 7250122
7250095 7250208
7250100 7250146
7250061 7250128
7250022 7250050
7250241 7250297
7250077 7250092
7250113 7250175
7250010 7250015
7250153 7250104
7250158 7250053
7250045 7250146
7250062 7250027
7250029 7250267
7250058 7250213
7250298 7250103
7250076 7250207
7250261 7250173
7250295 7250281
7250074 7250117
7250062 7250137
7250292 7250257
7250116 7250053
7250012 7250291
7250222 7250251
7250044 7250115
7250069 7250035
7250295 7250008
7250200 7250291
4125260 4125297
4125115 4125030
4125097 4125184
4125018 4125092
4125107 4125027
4125253 4125149
4125145 4125294
4125011 4125055
4125124 4125213
4125019 4125262
4125171 4125198
4125001 4125188
4125020 4125087
4125076 4125159
4125092 4125120
4125008 4125234
4125285 4125239
4125077 4125088
4125066 4125120
4125059 4125060
4125217 4125255
4125054 4125117
4125028 4125012
4125002 4125178
4125057 4125235
4125078 4125168
4125172 4125030
4125242 4125024
4125282 4125073
4125066 4125045
4125251 4125064
4125258 4125051
4125071 4125216
4125190 4125103
4125218 4125106
4125153 4125066
4125239 4125248
4125033 4125021
4125210 4125193
4125046 4125125
4125003 4125245
4125173 4125271
4125158 4125037
4125023 4125290
4125158 4125108
4125013 4125248
4125055 4125011
4125190 4125214
4125117 4125283
4125043 4125254
4125267 4125024
4125150 4125169
4125095 4125132
2562750 2562740
2562610 2562634
2562680 2562508
2562590 2562716
2562680 2562646
2562679 2562638
2562627 2562640
2562542 2562770
2562680 2562729
2562528 2562703
2562662 2562644
2562759 2562586
2562553 2562752
2562577 2562690
2562670 2562657
2562519 2562713
2562646 2562690
2562550 2562628
2562580 2562711
2562714 2562548
2562757 2562720
2562781 2562779
2562501 2562592
2562532 2562578
2562644 2562730
2562568 2562765
2562583 2562697
2562698 2562695
2562519 2562752
2562516 2562569
2562576 2562774
2562776 2562534
2562669 2562787
2562773 2562703
2562729 2562723
2562787 2562542
2562638 2562752
2562527 2562705
2562544 2562747
2562749 2562515
2562774 2562693
2562782 2562636
2562782 2562621
2562684 2562717
2562718 2562763
2562548 2562614
2562741 2562668
2562789 2562754
2562618 2562543
2562506 2562591
2562787 2562580
2562536 2562641
2562699 2562776
1781431 1781322
1781254 1781306
1781544 1781330
1781490 1781317
1781406 1781399
1781475 1781419
1781483 1781341
1781523 1781359
1781341 1781478
1781306 1781377
1781380 1781449
1781495 1781457
1781482 1781438
1781421 1781493
1781265 1781336
1781303 1781379
1781397 1781526
1781338 1781530
1781255 1781446
1781518 1781352
1781538 1781291
1781280 1781507
1781524 1781262
1781299 1781258
1781434 1781542
1781411 1781390
1781266 1781299
1781383 1781356
1781385 1781345
1781481 1781543
1781527 1781337
1781390 1781474
1781510 1781363
1781366 1781501
1781541 1781270
1781471 1781345
1781456 1781489
1781525 1781501
1781438 1781371
1781388 1781460
1781394 1781411
1781413 1781288
1781459 1781316
1781547 1781481
1781476 1781307
1781261 1781265
1781280 1781435
1781373 1781314
1781468 1781409
1781316 1781374
1781264 1781489
1781252 1781504
1781313 1781343
1390920 1390683
1390782 1390675
1390692 1390800
1390775 1390898
1390743 1390748
1390916 1390869
1390837 1390811
1390816 1390859
1390916 1390729
1390716 1390698
1390810 1390651
1390790 1390848
1390705 1390917
1390766 1390819
1390674 1390643
1390682 1390749
1390862 1390765
1390650 1390877
1390899 1390884
1390686 1390718
1390724 1390646
1390825 1390755
1390760 1390714
1390849 1390817
1390902 1390784
1390872 1390665
1390857 1390729
1390776 1390679
1390817 1390718
1390659 1390720
1390912 1390812
1390906 1390905
1390912 1390809
1390713 1390919
1390923 1390679
1390750 1390883
1390787 1390735
1390908 1390855
1390743 1390884
1390775 1390634
1390899 1390813
1390879 1390742
1390886 1390883
1390795 1390767
1390887 1390759
1390771 1390727
1390651 1390900
1390907 1390915
1390652 1390910
1390891 1390872
1390719 1390696
1390875 1390876
1390837 1390686
1195416 1195502
1195612 1195565
1195338 1195592
1195363 1195581
1195325 1195612
1195605 1195543
1195490 1195505
1195521 1195417
1195335 1195575
1195358 1195478
1195407 1195611
1195583 1195377
1195380 1195416
1195551 1195322
1195362 1195495
1195483 1195607
1195534 1195339
1195381 1195454
1195487 1195478
1195563 1195533
1195571 1195335
1195576 1195338
1195482 1195350
1195458 1195473
1195369 1195544
1195354 1195498
1195323 1195585
1195350 1195567
1195607 1195495
1195549 1195488
1195559 1195484
1195572 1195491
1195431 1195436
1195408 1195537
1195597 1195439
1195350 1195369
1195369 1195568
1195341 1195451
1195523 1195418
1195600 1195324
1195372 1195363
1195423 1195504
1195519 1195394
1195509 1195453
1195379 1195517
1195443 1195344
1195593 1195353
1195498 1195599
1195468 1195487
1195354 1195426
1195335 1195599
1195555 1195337
1195320 1195492
1097907 1097839
1097821 1097896
1097924 1097904
1097948 1097856
1097852 1097663
1097887 1097949
1097793 1097866
1097805 1097901
1097946 1097754
1097945 1097714
1097702 1097670
1097688 1097845
1097657 1097781
1097941 1097850
1097799 1097676
1097765 1097771
1097800 1097826
1097848 1097886
1097852 1097763
1097711 1097875
1097763 1097848
1097907 1097775
1097917 1097895
1097880 1097943
1097751 1097675
1097722 1097816
1097660 1097678
1097698 1097695
1097881 1097950
1097767 1097819
1097903 1097861
1097714 1097785
1097876 1097942
1097796 1097845
1097784 1097738
1097731 1097661
1097731 1097737
1097891 1097940
1097660 1097730
1097833 1097802
1097667 1097706
1097872 1097684
1097700 1097711
1097866 1097947
1097744 1097947
1097696 1097697
1097812 1097668
1097899 1097749
1097908 1097818
1097898 1097948
1097771 1097860
1097784 1097678
1097674 1097950
1048851 1048898
1048920 1048865
1048835 1049112
1048957 1049034
1049088 1048988
1048881 1049004
1048965 1049060
1049092 1048950
1048952 1048838
1048850 1048902
1048914 1048953
1048991 1048875
1048880 1049013
1049037 1049064
1048930 1049099
1049037 1049017
1049101 1048952
1048830 1048905
1049084 1048871
1049074 1049057
1049085 1049016
1049057 1048850
1049118 1048957
1048868 1049052
1048842 1049001
1048916 1049061
1048859 1048932
1049072 1048879
1049086 1049049
1048884 1048869
1048875 1048907
1049112 1048999
1048848 1048830
1049062 1048924
1049035 1048997
1049002 1049011
1049120 1048905
1048915 1049038
1048858 1048910
1049110 1049067
1049114 1048858
1048902 1049083
1048979 1048912
1048868 1048833
1048878 1049103
1049075 1049031
1049008 1048960
1048842 1049095
1048893 1049001
1049082 1048836
1048942 1049128
1049023 1049029
1049090 1048912
1024584 1024702
1024548 1024665
1024437 1024462
1024503 1024678
1024565 1024499
1024573 1024508
1024618 1024627
1024685 1024639
1024434 1024551
1024622 1024434
1024653 1024678
1024576 1024443
1024437 1024591
1024550 1024603
1024469 1024663
1024427 1024476
1024619 1024553
1024455 1024676
1024525 1024546
1024423 1024428
1024638 1024498
1024434 1024714
1024631 1024513
1024590 1024499
1024556 1024490
1024580 1024668
1024533 1024692
1024700 1024476
1024661 1024443
1024678 1024444
1024568 1024415
1024582 1024701
1024574 1024654
1024507 1024438
1024567 1024702
1024698 1024640
1024439 1024714
1024476 1024700
1024597 1024596
1024683 1024508
1024591 1024498
1024492 1024432
1024679 1024666
1024567 1024493
1024518 1024545
1024599 1024601
1024545 1024672
1024646 1024429
1024455 1024655
1024619 1024441
1024714 1024577
1024673 1024544
1024637 1024685
1012479 1012316
1012479 1012450
1012319 1012368
1012334 1012393
1012248 1012217
1012493 1012299
1012273 1012359
1012466 1012265
1012308 1012388
1012212 1012395
1012389 1012211
1012352 1012232
1012374 1012387
1012280 1012287
1012249 1012449
1012479 1012221
1012271 1012506
1012319 1012239
1012261 1012437
1012448 1012433
1012397 1012329
1012426 1012427
1012497 1012282
1012246 1012231
1012371 1012341
1012460 1012336
1012502 1012370
1012405 1012250
1012340 1012319
1012301 1012429
1012282 1012415
1012232 1012451
1012253 1012209
1012280 1012458
1012351 1012429
1012239 1012476
1012374 1012293
1012236 1012486
1012437 1012360
1012475 1012234
1012378 1012393
1012283 1012240
1012392 1012443
1012391 1012499
1012382 1012432
1012424 1012344
1012209 1012381
1012478 1012257
1012392 1012437
1012238 1012307
1012297 1012293
1012432 1012422
1012393 1012216
226 103
160 195
129 296
175 117
259 27
169 227
211 150
174 219
271 110
37 146
220 5
240 139
78 130
248 166
29 74
100 178
187 246
6 167
158 15
79 94
89 135
62 248
134 211
257 82
174 164
39 96
31 83
35 179
185 51
221 60
171 16
260 160
15 44
133 300
173 197
249 207
172 266
38 41
194 197
247 251
238 58
66 76
292 68
58 66
133 179
188 277
296 7
137 172
42 27
129 38
103 69
55 179
63 21
167 83
37 126
57 87
162 9
67 80
86 169
147 122
25 64
140 67
296 38
222 277
65 226
237 93
295 289
156 129
77 142
246 47
48 200
122 128
237 53
18 119
130 107
288 4
15 47
195 286
252 182
129 174
262 255
222 18
61 86
72 170
52 4
1 222
110 165
144 76
211 154
4 172
142 105
46 142
155 273
296 118
240 75
126 287
28 261
283 96
159 187
71 148
73 152
225 175
16 70
26 85
216 128
299 15
24 150
184 224
176 63
296 279
71 112
40 265
170 272
92 53
223 109
11 67
222 201
214 116
194 211
200 296
53 40
198 49
75 173
9 43
147 216
155 102
232 269
91 43
71 215
107 43
229 123
271 51
183 172
182 37
262 85
166 35
141 199
260 24
24 82
286 147
189 291
266 74
6 293
10 75
197 52
102 212
83 292
112 119
20 197
175 33
28 217
58 166
96 172
53 192
99 71
129 90
106 169
59 68
176 127
176 151
286 225
162 173
280 61
222 297
221 249
99 189
60 155
38 143
266 92
111 74
279 233
140 106
169 83
151 239
139 132
122 175
188 200
158 38
172 189
173 175
206 135
254 156
89 119
277 84
138 248
55 293
198 170
56 132
291 186
9 299
285 293
35 266
147 269
184 52
40 295
217 148
105 56
205 250
109 235
154 188
145 72
237 114
234 298
99 178
244 73
198 219
201 5
258 132
214 285
119 283
272 68
63 171
218 26
7 170
102 83
281 6
204 83
147 218
187 231
232 79
184 212
105 240
164 21
123 25
45 167
251 90
128 45
68 194
233 158
157 134
239 174
1 204
99 156
172 82
151 258
266 55
176 287
263 29
117 210
76 59
216 42
70 111
100 182
172 129
258 230
212 38
268 100
97 38
52 266
227 50
150 206
205 69
271 93
42 81
110 297
253 117
168 159
181 29
88 155
150 94
18 65
296 84
32 270
269 136
227 231
269 147
201 102
14 254
176 219
104 85
265 155
82 155
300 242
141 198
23 225
33 36
197 252
244 169
269 62
137 297
59 169
234 8
181 62
70 167
107 212
74 289
76 290
54 289
272 200
292 159
30 70
132 150
35 7
121 91
195 240
237 24
292 273
18 118
106 191
174 192
116 56
46 25
39 10
145 118
264 50
154 87
251 198
159 278
209 260
211 142
35 92
