# source: JorikJooken
# original path: jj_extract\knapsackProblemInstances-master\problemInstances\n_800_c_10000000000_g_6_f_0.2_eps_0.001_s_100\test.in
# optimal value: 9997510735
# format: n capacity, then weight value
800 10000000000
5010000061 5010000031
5010000030 5010000087
5010000047 5010000041
5010000052 5010000013
5010000002 5010000044
5010000099 5010000084
5010000069 5010000018
5010000042 5010000001
5010000003 5010000081
5010000013 5010000096
5010000056 5010000090
5010000084 5010000045
5010000062 5010000029
5010000022 5010000019
5010000031 5010000038
5010000090 5010000036
5010000021 5010000067
5010000028 5010000002
5010000040 5010000052
5010000061 5010000009
5010000100 5010000037
5010000060 5010000096
5010000061 5010000018
5010000089 5010000058
5010000089 5010000021
5010000090 5010000056
5010000090 5010000091
5010000039 5010000071
5010000050 5010000093
5010000039 5010000022
5010000068 5010000017
5010000008 5010000079
5010000034 5010000041
5010000069 5010000063
5010000010 5010000063
5010000084 5010000041
5010000036 5010000081
5010000001 5010000052
5010000100 5010000086
5010000025 5010000073
5010000076 5010000038
5010000038 5010000081
5010000052 5010000077
5010000020 5010000003
5010000062 5010000084
5010000096 5010000064
5010000085 5010000085
5010000039 5010000047
5010000007 5010000058
5010000072 5010000001
5010000099 5010000072
5010000050 5010000049
5010000039 5010000041
5010000050 5010000012
5010000069 5010000078
5010000071 5010000059
5010000033 5010000028
5010000011 5010000068
5010000068 5010000065
5010000022 5010000077
5010000054 5010000010
5010000073 5010000004
5010000017 5010000074
5010000021 5010000077
5010000050 5010000073
5010000095 5010000066
5010000023 5010000065
5010000012 5010000056
5010000091 5010000098
5010000011 5010000025
5010000053 5010000021
5010000041 5010000043
5010000041 5010000064
5010000009 5010000039
5010000001 5010000100
5010000097 5010000084
5010000099 5010000075
5010000019 5010000016
5010000005 5010000075
5010000019 5010000003
5010000053 5010000073
5010000003 5010000044
5010000080 5010000030
5010000027 5010000070
5010000091 5010000063
5010000083 5010000067
5010000001 5010000019
5010000039 5010000042
5010000068 5010000041
5010000066 5010000046
5010000029 5010000075
5010000010 5010000049
5010000025 5010000025
5010000095 5010000006
5010000084 5010000062
5010000091 5010000024
5010000087 5010000008
5010000020 5010000052
5010000049 5010000068
5010000056 5010000074
5010000085 5010000071
5010000018 5010000009
5010000083 5010000079
5010000001 5010000099
5010000070 5010000056
5010000100 5010000007
5010000039 5010000046
5010000065 5010000006
5010000055 5010000023
5010000089 5010000002
5010000058 5010000067
5010000029 5010000083
5010000022 5010000088
5010000068 5010000071
5010000067 5010000006
5010000015 5010000064
5010000076 5010000093
5010000012 5010000007
5010000078 5010000080
5010000058 5010000033
5010000048 5010000081
5010000037 5010000003
5010000034 5010000056
5010000023 5010000017
5010000049 5010000030
5010000001 5010000039
5010000030 5010000062
5010000085 5010000021
2510000039 2510000085
2510000084 2510000046
2510000097 2510000036
2510000079 2510000032
2510000065 2510000081
2510000016 2510000085
2510000026 2510000022
2510000028 2510000083
2510000042 2510000023
2510000057 2510000016
2510000028 2510000042
2510000067 2510000012
2510000083 2510000090
2510000002 2510000067
2510000087 2510000018
2510000053 2510000027
2510000057 2510000091
2510000051 2510000036
2510000008 2510000084
2510000017 2510000093
2510000088 2510000066
2510000055 2510000020
2510000063 2510000041
2510000058 2510000016
2510000048 2510000038
2510000083 2510000039
2510000028 2510000025
2510000020 2510000043
2510000002 2510000013
2510000002 2510000089
2510000008 2510000066
2510000037 2510000043
2510000083 2510000014
2510000072 2510000071
2510000011 2510000008
2510000039 2510000094
2510000032 2510000070
2510000032 2510000095
2510000079 2510000093
2510000100 2510000092
2510000084 2510000097
2510000097 2510000009
2510000094 2510000068
2510000073 2510000043
2510000074 2510000100
2510000067 2510000037
2510000046 2510000007
2510000099 2510000096
2510000089 2510000097
2510000059 2510000098
2510000028 2510000082
2510000089 2510000051
2510000095 2510000079
2510000088 2510000071
2510000089 2510000058
2510000010 2510000012
2510000053 2510000026
2510000037 2510000018
2510000061 2510000004
2510000057 2510000045
2510000068 2510000074
2510000093 2510000094
2510000020 2510000041
2510000086 2510000040
2510000088 2510000071
2510000028 2510000080
2510000058 2510000097
2510000072 2510000091
2510000053 2510000018
2510000006 2510000083
2510000038 2510000083
2510000019 2510000066
2510000052 2510000094
2510000074 2510000056
2510000004 2510000091
2510000088 2510000033
2510000040 2510000065
2510000070 2510000073
2510000094 2510000094
2510000032 2510000013
2510000074 2510000063
2510000083 2510000075
2510000069 2510000083
2510000075 2510000094
2510000084 2510000023
2510000058 2510000067
2510000077 2510000012
2510000050 2510000049
2510000056 2510000049
2510000041 2510000053
2510000040 2510000082
2510000088 2510000031
2510000047 2510000070
2510000091 2510000001
2510000005 2510000064
2510000098 2510000014
2510000091 2510000005
2510000045 2510000022
2510000065 2510000093
2510000073 2510000003
2510000086 2510000044
2510000024 2510000036
2510000010 2510000087
2510000075 2510000065
2510000025 2510000041
2510000047 2510000017
2510000023 2510000034
2510000020 2510000031
2510000085 2510000097
2510000017 2510000061
2510000064 2510000030
2510000029 2510000046
2510000047 2510000036
2510000043 2510000094
2510000043 2510000003
2510000014 2510000094
2510000069 2510000092
2510000085 2510000085
2510000075 2510000056
2510000093 2510000073
2510000068 2510000054
2510000056 2510000085
2510000009 2510000098
2510000022 2510000073
2510000013 2510000080
2510000085 2510000011
2510000095 2510000084
2510000055 2510000021
1260000023 1260000029
1260000043 1260000094
1260000072 1260000010
1260000006 1260000029
1260000053 1260000012
1260000045 1260000002
1260000090 1260000051
1260000019 1260000058
1260000068 1260000038
1260000030 1260000007
1260000094 1260000012
1260000081 1260000031
1260000079 1260000036
1260000085 1260000044
1260000046 1260000090
1260000064 1260000007
1260000039 1260000064
1260000060 1260000078
1260000094 1260000037
1260000042 1260000098
1260000057 1260000095
1260000011 1260000038
1260000085 1260000098
1260000045 1260000100
1260000012 1260000069
1260000018 1260000032
1260000063 1260000063
1260000034 1260000057
1260000002 1260000074
1260000061 1260000004
1260000038 1260000049
1260000089 1260000043
1260000019 1260000061
1260000017 1260000040
1260000012 1260000051
1260000042 1260000078
1260000052 1260000091
1260000053 1260000076
1260000029 1260000046
1260000057 1260000061
1260000006 1260000095
1260000091 1260000019
1260000079 1260000046
1260000004 1260000087
1260000068 1260000040
1260000028 1260000018
1260000014 1260000083
1260000048 1260000093
1260000074 1260000097
1260000076 1260000054
1260000092 1260000063
1260000026 1260000093
1260000034 1260000069
1260000031 1260000058
1260000015 1260000090
1260000002 1260000055
1260000082 1260000087
1260000051 1260000086
1260000042 1260000081
1260000044 1260000047
1260000059 1260000074
1260000037 1260000099
1260000057 1260000068
1260000002 1260000002
1260000040 1260000094
1260000085 1260000063
1260000054 1260000044
1260000022 1260000058
1260000024 1260000018
1260000086 1260000072
1260000041 1260000021
1260000036 1260000046
1260000095 1260000046
1260000046 1260000065
1260000006 1260000090
1260000041 1260000086
1260000090 1260000022
1260000019 1260000074
1260000099 1260000033
1260000057 1260000049
1260000052 1260000012
1260000047 1260000096
1260000024 1260000075
1260000059 1260000028
1260000032 1260000039
1260000074 1260000021
1260000091 1260000056
1260000038 1260000037
1260000077 1260000037
1260000025 1260000006
1260000067 1260000094
1260000089 1260000080
1260000033 1260000092
1260000039 1260000032
1260000016 1260000005
1260000024 1260000096
1260000074 1260000048
1260000085 1260000020
1260000046 1260000084
1260000083 1260000085
1260000046 1260000017
1260000098 1260000032
1260000074 1260000075
1260000064 1260000023
1260000026 1260000011
1260000051 1260000045
1260000013 1260000046
1260000017 1260000037
1260000064 1260000004
1260000070 1260000024
1260000059 1260000031
1260000037 1260000084
1260000046 1260000039
1260000051 1260000027
1260000004 1260000021
1260000003 1260000060
1260000019 1260000094
1260000100 1260000040
1260000050 1260000083
1260000038 1260000093
1260000090 1260000039
1260000007 1260000010
1260000036 1260000004
1260000065 1260000045
1260000009 1260000046
1260000019 1260000084
1260000033 1260000032
1260000096 1260000034
635000067 635000059
635000033 635000042
635000094 635000084
635000021 635000027
635000070 635000023
635000083 635000008
635000066 635000024
635000001 635000087
635000027 635000065
635000043 635000040
635000027 635000003
635000012 635000041
635000087 635000001
635000030 635000030
635000016 635000003
635000039 635000055
635000023 635000030
635000029 635000079
635000032 635000085
635000092 635000030
635000054 635000027
635000059 635000054
635000092 635000096
635000057 635000025
635000014 635000078
635000081 635000067
635000066 635000015
635000069 635000040
635000071 635000035
635000065 635000011
635000072 635000021
635000049 635000037
635000018 635000032
635000063 635000067
635000014 635000097
635000091 635000066
635000003 635000026
635000077 635000029
635000004 635000046
635000097 635000011
635000033 635000057
635000096 635000066
635000047 635000069
635000007 635000058
635000050 635000049
635000046 635000058
635000086 635000062
635000082 635000051
635000021 635000084
635000100 635000040
635000020 635000040
635000070 635000064
635000028 635000044
635000075 635000090
635000002 635000019
635000010 635000061
635000058 635000022
635000019 635000098
635000073 635000011
635000059 635000068
635000051 635000036
635000012 635000005
635000060 635000073
635000083 635000079
635000067 635000051
635000031 635000086
635000050 635000037
635000066 635000016
635000027 635000034
635000068 635000088
635000055 635000010
635000033 635000038
635000046 635000050
635000049 635000030
635000093 635000042
635000014 635000080
635000098 635000081
635000055 635000043
635000024 635000087
635000025 635000062
635000002 635000082
635000007 635000089
635000084 635000071
635000038 635000039
635000040 635000045
635000009 635000020
635000055 635000035
635000009 635000056
635000074 635000016
635000093 635000045
635000055 635000054
635000037 635000010
635000038 635000019
635000008 635000083
635000020 635000033
635000092 635000063
635000094 635000080
635000070 635000096
635000037 635000014
635000071 635000097
635000072 635000014
635000004 635000094
635000031 635000067
635000014 635000040
635000084 635000016
635000075 635000099
635000043 635000080
635000031 635000090
635000032 635000088
635000004 635000099
635000071 635000029
635000090 635000099
635000056 635000090
635000090 635000065
635000037 635000084
635000056 635000039
635000037 635000050
635000020 635000066
635000008 635000009
635000029 635000002
635000005 635000083
635000030 635000021
635000036 635000085
635000029 635000064
635000041 635000057
635000068 635000084
635000049 635000070
635000100 635000014
322500050 322500062
322500001 322500042
322500076 322500069
322500083 322500008
322500018 322500063
322500005 322500036
322500036 322500001
322500086 322500097
322500026 322500087
322500099 322500031
322500086 322500061
322500093 322500059
322500097 322500087
322500049 322500052
322500004 322500081
322500058 322500064
322500014 322500061
322500078 322500082
322500093 322500069
322500013 322500024
322500067 322500017
322500096 322500045
322500002 322500074
322500060 322500078
322500042 322500039
322500075 322500044
322500089 322500026
322500012 322500090
322500011 322500065
322500006 322500066
322500014 322500010
322500093 322500049
322500099 322500027
322500039 322500014
322500021 322500011
322500023 322500093
322500019 322500014
322500045 322500079
322500029 322500057
322500012 322500039
322500044 322500008
322500073 322500002
322500090 322500050
322500048 322500071
322500063 322500011
322500055 322500083
322500011 322500008
322500023 322500067
322500049 322500058
322500001 322500005
322500081 322500023
322500039 322500060
322500024 322500001
322500076 322500013
322500001 322500063
322500041 322500044
322500055 322500028
322500068 322500073
322500025 322500041
322500059 322500025
322500003 322500049
322500045 322500034
322500066 322500070
322500009 322500033
322500077 322500013
322500018 322500095
322500016 322500008
322500098 322500044
322500034 322500091
322500073 322500064
322500073 322500007
322500071 322500083
322500073 322500024
322500021 322500047
322500077 322500067
322500083 322500094
322500084 322500017
322500009 322500025
322500021 322500096
322500050 322500040
322500010 322500060
322500033 322500065
322500006 322500069
322500051 322500075
322500091 322500006
322500096 322500002
322500080 322500085
322500038 322500096
322500070 322500054
322500058 322500064
322500094 322500052
322500024 322500023
322500082 322500023
322500014 322500065
322500085 322500039
322500092 322500079
322500089 322500023
322500084 322500037
322500008 322500054
322500016 322500042
322500035 322500081
322500072 322500009
322500064 322500083
322500098 322500014
322500070 322500005
322500099 322500027
322500029 322500091
322500092 322500009
322500026 322500027
322500097 322500045
322500031 322500039
322500073 322500036
322500062 322500031
322500036 322500082
322500059 322500038
322500086 322500015
322500051 322500007
322500055 322500077
322500071 322500055
322500027 322500022
322500095 322500014
322500035 322500062
322500080 322500081
322500099 322500032
322500059 322500054
322500023 322500077
322500091 322500050
322500027 322500062
24 54
53 60
68 5
32 43
82 38
93 55
62 98
31 93
55 47
19 50
96 68
77 43
20 30
6 15
81 10
31 96
47 20
59 85
9 43
29 51
90 2
26 89
12 79
55 100
17 15
92 70
21 10
10 68
60 24
44 84
41 75
55 30
45 29
61 87
6 33
35 11
51 74
67 43
49 34
48 56
18 96
40 60
56 79
68 67
8 26
80 87
46 34
66 2
16 39
94 76
38 71
39 36
8 8
55 69
93 7
64 58
61 86
96 68
26 18
84 60
55 8
46 96
66 95
82 23
44 73
65 85
9 92
100 58
69 95
39 3
98 15
37 68
15 84
41 97
55 31
10 76
12 15
42 51
42 95
34 77
54 10
11 45
79 71
33 85
61 53
73 93
57 27
41 2
45 25
40 11
85 95
16 88
9 54
7 73
44 55
98 51
12 68
80 80
70 57
84 61
83 78
50 96
34 1
76 16
69 66
10 83
97 55
21 3
88 46
80 62
16 37
10 82
22 13
21 98
2 2
48 70
84 37
52 57
51 27
18 11
79 32
24 45
81 89
34 16
62 18
36 61
99 13
98 32
2 4
47 76
100 64
59 43
96 48
71 87
27 34
94 4
93 26
40 8
5 31
26 60
17 91
39 31
44 84
44 14
29 84
97 96
20 42
64 30
4 28
37 6
84 22
84 65
65 34
25 50
93 65
49 75
71 72
45 54
71 5
53 71
