# source: JorikJooken
# original path: jj_extract\knapsackProblemInstances-master\problemInstances\n_600_c_10000000000_g_10_f_0.2_eps_0.0001_s_200\test.in
# optimal value: 9999957319
# format: n capacity, then weight value
600 10000000000
5001000112 5001000196
5001000053 5001000164
5001000109 5001000113
5001000104 5001000168
5001000158 5001000148
5001000054 5001000190
5001000195 5001000114
5001000040 5001000006
5001000107 5001000105
5001000151 5001000132
5001000027 5001000151
5001000121 5001000034
5001000054 5001000095
5001000117 5001000178
5001000045 5001000140
5001000073 5001000056
5001000066 5001000063
5001000056 5001000017
5001000167 5001000051
5001000135 5001000165
5001000151 5001000105
5001000083 5001000167
5001000078 5001000096
5001000121 5001000147
5001000141 5001000186
5001000160 5001000084
5001000177 5001000183
5001000005 5001000003
5001000042 5001000149
5001000194 5001000029
5001000012 5001000100
5001000063 5001000018
5001000091 5001000135
5001000178 5001000062
5001000166 5001000062
5001000117 5001000075
5001000170 5001000183
5001000180 5001000048
5001000123 5001000018
5001000047 5001000057
5001000139 5001000141
5001000195 5001000003
5001000026 5001000027
5001000192 5001000039
5001000116 5001000085
5001000122 5001000128
5001000030 5001000089
5001000021 5001000139
5001000003 5001000093
5001000138 5001000049
5001000066 5001000106
5001000043 5001000147
5001000094 5001000138
2501000175 2501000104
2501000109 2501000014
2501000093 2501000158
2501000008 2501000078
2501000163 2501000180
2501000008 2501000061
2501000009 2501000068
2501000035 2501000143
2501000055 2501000140
2501000151 2501000115
2501000060 2501000125
2501000154 2501000010
2501000043 2501000061
2501000024 2501000143
2501000149 2501000066
2501000173 2501000051
2501000092 2501000037
2501000157 2501000161
2501000156 2501000051
2501000099 2501000111
2501000073 2501000192
2501000071 2501000035
2501000065 2501000138
2501000103 2501000168
2501000191 2501000108
2501000184 2501000181
2501000171 2501000150
2501000011 2501000113
2501000046 2501000128
2501000176 2501000091
2501000048 2501000130
2501000122 2501000037
2501000165 2501000056
2501000084 2501000064
2501000005 2501000104
2501000018 2501000179
2501000102 2501000063
2501000137 2501000169
2501000025 2501000011
2501000085 2501000080
2501000116 2501000153
2501000030 2501000135
2501000128 2501000156
2501000150 2501000122
2501000174 2501000037
2501000042 2501000075
2501000045 2501000125
2501000035 2501000055
2501000165 2501000036
2501000067 2501000043
2501000025 2501000010
2501000165 2501000029
2501000080 2501000182
1251000190 1251000035
1251000036 1251000085
1251000178 1251000083
1251000060 1251000059
1251000190 1251000133
1251000192 1251000169
1251000198 1251000127
1251000159 1251000166
1251000085 1251000197
1251000037 1251000199
1251000135 1251000169
1251000102 1251000092
1251000155 1251000106
1251000017 1251000048
1251000036 1251000073
1251000076 1251000150
1251000151 1251000005
1251000199 1251000189
1251000106 1251000085
1251000174 1251000058
1251000063 1251000011
1251000185 1251000106
1251000106 1251000084
1251000004 1251000044
1251000149 1251000053
1251000001 1251000120
1251000047 1251000068
1251000172 1251000122
1251000113 1251000023
1251000145 1251000105
1251000179 1251000012
1251000135 1251000047
1251000017 1251000200
1251000157 1251000139
1251000156 1251000064
1251000180 1251000014
1251000033 1251000156
1251000051 1251000173
1251000012 1251000049
1251000043 1251000107
1251000061 1251000039
1251000158 1251000070
1251000198 1251000141
1251000147 1251000095
1251000163 1251000038
1251000051 1251000158
1251000016 1251000121
1251000058 1251000171
1251000089 1251000143
1251000159 1251000114
1251000043 1251000045
1251000099 1251000087
1251000042 1251000195
626000071 626000029
626000112 626000056
626000052 626000047
626000043 626000021
626000137 626000127
626000172 626000161
626000127 626000176
626000014 626000052
626000086 626000110
626000091 626000130
626000072 626000030
626000178 626000003
626000067 626000118
626000081 626000084
626000200 626000103
626000121 626000079
626000129 626000179
626000162 626000033
626000200 626000154
626000133 626000102
626000051 626000060
626000182 626000054
626000102 626000118
626000193 626000037
626000139 626000083
626000171 626000003
626000085 626000135
626000133 626000139
626000062 626000132
626000029 626000030
626000085 626000121
626000099 626000067
626000183 626000129
626000055 626000136
626000194 626000106
626000139 626000047
626000058 626000101
626000175 626000195
626000196 626000029
626000159 626000068
626000051 626000037
626000097 626000057
626000134 626000016
626000189 626000151
626000022 626000168
626000146 626000095
626000046 626000059
626000102 626000074
626000014 626000152
626000074 626000109
626000070 626000128
626000050 626000165
626000015 626000054
313500172 313500010
313500054 313500080
313500064 313500025
313500170 313500184
313500109 313500090
313500083 313500081
313500059 313500066
313500149 313500028
313500160 313500181
313500089 313500156
313500137 313500059
313500086 313500002
313500009 313500058
313500106 313500024
313500192 313500077
313500045 313500031
313500089 313500131
313500022 313500104
313500084 313500035
313500180 313500059
313500112 313500077
313500137 313500103
313500136 313500100
313500111 313500049
313500035 313500023
313500065 313500103
313500136 313500080
313500175 313500139
313500019 313500025
313500173 313500152
313500055 313500143
313500098 313500003
313500095 313500015
313500081 313500118
313500147 313500022
313500005 313500003
313500162 313500093
313500200 313500133
313500090 313500159
313500185 313500170
313500139 313500007
313500016 313500182
313500044 313500193
313500031 313500199
313500136 313500077
313500014 313500114
313500147 313500008
313500050 313500156
313500145 313500060
313500150 313500153
313500199 313500162
313500124 313500013
313500067 313500116
157250138 157250076
157250127 157250198
157250106 157250144
157250016 157250110
157250028 157250094
157250080 157250043
157250133 157250043
157250075 157250144
157250119 157250148
157250162 157250001
157250025 157250111
157250159 157250191
157250106 157250027
157250183 157250133
157250177 157250023
157250096 157250004
157250055 157250027
157250101 157250051
157250102 157250180
157250012 157250185
157250153 157250059
157250057 157250193
157250150 157250041
157250101 157250080
157250143 157250087
157250026 157250173
157250113 157250164
157250130 157250179
157250186 157250130
157250170 157250082
157250149 157250114
157250160 157250087
157250110 157250177
157250145 157250159
157250172 157250148
157250128 157250076
157250004 157250017
157250081 157250196
157250057 157250047
157250047 157250005
157250013 157250091
157250001 157250032
157250190 157250132
157250112 157250182
157250108 157250005
157250136 157250122
157250115 157250032
157250147 157250093
157250067 157250004
157250032 157250101
157250177 157250030
157250005 157250049
157250132 157250164
79125105 79125036
79125175 79125015
79125158 79125089
79125198 79125059
79125032 79125063
79125022 79125071
79125107 79125175
79125194 79125102
79125118 79125141
79125190 79125069
79125127 79125045
79125057 79125179
79125060 79125084
79125056 79125177
79125080 79125048
79125023 79125133
79125176 79125184
79125088 79125107
79125053 79125153
79125152 79125063
79125048 79125189
79125061 79125125
79125074 79125096
79125148 79125023
79125025 79125109
79125186 79125064
79125147 79125183
79125051 79125095
79125085 79125148
79125125 79125052
79125184 79125077
79125135 79125012
79125045 79125035
79125009 79125004
79125027 79125087
79125176 79125094
79125186 79125017
79125082 79125112
79125117 79125087
79125019 79125042
79125072 79125121
79125157 79125026
79125112 79125177
79125136 79125147
79125028 79125024
79125121 79125057
79125126 79125142
79125158 79125187
79125032 79125022
79125007 79125149
79125119 79125065
79125012 79125150
79125089 79125072
40062689 40062538
40062572 40062566
40062586 40062567
40062699 40062672
40062693 40062602
40062666 40062646
40062628 40062577
40062562 40062654
40062556 40062625
40062659 40062659
40062603 40062658
40062628 40062527
40062643 40062676
40062637 40062633
40062520 40062650
40062628 40062541
40062564 40062520
40062693 40062646
40062585 40062549
40062659 40062539
40062550 40062571
40062576 40062527
40062622 40062681
40062544 40062645
40062506 40062673
40062532 40062624
40062548 40062532
40062554 40062539
40062618 40062560
40062685 40062501
40062503 40062609
40062640 40062615
40062629 40062629
40062511 40062555
40062594 40062699
40062508 40062672
40062609 40062568
40062683 40062612
40062672 40062628
40062525 40062554
40062538 40062650
40062513 40062528
40062558 40062553
40062630 40062616
40062615 40062686
40062533 40062575
40062659 40062522
40062646 40062673
40062546 40062679
40062576 40062652
40062599 40062635
40062676 40062640
40062569 40062640
20531334 20531315
20531334 20531335
20531344 20531385
20531297 20531269
20531436 20531284
20531401 20531308
20531381 20531448
20531433 20531413
20531375 20531256
20531254 20531413
20531402 20531281
20531276 20531384
20531374 20531422
20531358 20531275
20531298 20531286
20531413 20531386
20531328 20531303
20531306 20531381
20531291 20531318
20531257 20531437
20531268 20531333
20531398 20531401
20531429 20531382
20531388 20531309
20531436 20531437
20531332 20531369
20531345 20531290
20531306 20531347
20531419 20531327
20531427 20531314
20531311 20531299
20531349 20531293
20531266 20531291
20531312 20531364
20531387 20531337
20531300 20531272
20531425 20531338
20531421 20531411
20531287 20531278
20531271 20531392
20531295 20531257
20531347 20531387
20531420 20531275
20531370 20531297
20531265 20531390
20531346 20531442
20531297 20531262
20531302 20531355
20531289 20531283
20531318 20531263
20531421 20531293
20531302 20531256
20531253 20531372
82 66
23 187
2 8
116 161
85 90
47 48
28 140
54 109
120 5
46 85
13 99
150 152
49 160
123 160
18 180
96 66
15 109
10 61
1 3
87 18
165 28
96 119
175 39
89 94
174 176
95 84
148 127
9 95
101 14
114 73
32 200
71 102
115 174
57 115
146 137
190 129
153 42
56 6
49 103
54 182
142 14
19 200
106 17
183 3
18 90
189 94
139 37
83 179
173 100
143 132
180 66
173 155
112 190
34 88
83 76
167 178
128 51
141 52
6 44
96 13
88 67
26 122
145 144
143 8
166 189
2 11
132 129
56 147
177 177
62 30
93 36
58 196
91 164
163 186
153 24
168 112
104 169
188 123
158 174
164 55
140 98
94 57
71 149
27 35
162 31
158 48
160 132
9 96
137 56
99 54
177 85
22 154
41 141
183 40
183 176
166 112
190 185
186 97
200 111
50 124
34 193
3 157
183 138
111 56
33 103
131 60
164 35
157 96
161 157
53 15
71 180
128 188
141 179
41 22
126 112
82 176
144 155
20 74
131 161
98 125
34 88
124 10
89 114
