# source: JorikJooken
# original path: jj_extract\knapsackProblemInstances-master\problemInstances\n_1200_c_100000000_g_14_f_0.3_eps_0.01_s_300\test.in
# optimal value: 100031666
# format: n capacity, then weight value
1200 100000000
51000279 51000141
51000103 51000209
51000181 51000297
51000069 51000203
51000208 51000029
51000137 51000100
51000281 51000293
51000033 51000085
51000158 51000134
51000023 51000166
51000235 51000056
51000224 51000217
51000068 51000283
51000088 51000068
51000204 51000132
51000118 51000208
51000260 51000049
51000087 51000218
51000200 51000226
51000058 51000269
51000062 51000043
51000291 51000149
51000007 51000172
51000280 51000020
51000196 51000156
51000041 51000219
51000103 51000117
51000132 51000136
51000071 51000237
51000033 51000074
51000030 51000123
51000255 51000058
51000224 51000240
51000034 51000275
51000003 51000217
51000147 51000154
51000300 51000180
51000142 51000158
51000173 51000283
51000139 51000032
51000220 51000266
51000218 51000005
51000039 51000108
51000182 51000147
51000293 51000182
51000055 51000024
51000151 51000243
51000218 51000169
51000057 51000043
51000291 51000151
51000134 51000186
51000280 51000127
51000099 51000189
51000192 51000129
51000059 51000137
51000207 51000007
51000104 51000268
51000099 51000124
51000268 51000053
51000162 51000057
51000085 51000235
51000223 51000285
51000277 51000132
51000019 51000253
26000274 26000162
26000045 26000206
26000145 26000123
26000096 26000031
26000134 26000286
26000090 26000196
26000093 26000284
26000023 26000016
26000191 26000219
26000279 26000004
26000037 26000298
26000133 26000129
26000214 26000058
26000007 26000123
26000163 26000113
26000065 26000255
26000194 26000100
26000153 26000144
26000158 26000041
26000186 26000291
26000016 26000114
26000147 26000193
26000064 26000097
26000070 26000099
26000176 26000025
26000033 26000122
26000129 26000119
26000255 26000298
26000295 26000125
26000240 26000249
26000216 26000247
26000160 26000141
26000178 26000044
26000274 26000106
26000177 26000048
26000016 26000108
26000248 26000086
26000185 26000084
26000073 26000194
26000065 26000180
26000077 26000176
26000160 26000226
26000117 26000270
26000188 26000215
26000162 26000204
26000150 26000252
26000107 26000234
26000127 26000208
26000253 26000244
26000086 26000083
26000043 26000286
26000226 26000198
26000057 26000297
26000241 26000280
26000179 26000102
26000016 26000176
26000177 26000197
26000070 26000179
26000187 26000002
26000167 26000135
26000293 26000019
26000110 26000019
26000135 26000080
26000180 26000126
13500282 13500227
13500038 13500296
13500127 13500178
13500134 13500146
13500099 13500272
13500296 13500034
13500053 13500055
13500019 13500147
13500039 13500175
13500268 13500056
13500248 13500244
13500056 13500216
13500155 13500263
13500266 13500018
13500209 13500016
13500257 13500226
13500127 13500109
13500045 13500278
13500178 13500156
13500102 13500024
13500170 13500283
13500293 13500060
13500180 13500069
13500234 13500075
13500165 13500280
13500101 13500111
13500263 13500260
13500175 13500239
13500231 13500243
13500211 13500271
13500160 13500252
13500284 13500092
13500081 13500284
13500183 13500024
13500068 13500121
13500214 13500128
13500272 13500267
13500231 13500225
13500258 13500154
13500243 13500285
13500051 13500092
13500021 13500191
13500012 13500234
13500205 13500214
13500272 13500046
13500045 13500243
13500173 13500095
13500132 13500180
13500060 13500262
13500028 13500266
13500257 13500101
13500300 13500050
13500015 13500073
13500045 13500067
13500015 13500027
13500283 13500202
13500077 13500013
13500165 13500201
13500051 13500104
13500097 13500117
13500199 13500066
13500034 13500106
13500080 13500126
13500147 13500278
7250086 7250232
7250001 7250150
7250136 7250034
7250284 7250250
7250108 7250058
7250208 7250288
7250086 7250243
7250163 7250076
7250038 7250294
7250044 7250132
7250168 7250048
7250051 7250113
7250247 7250278
7250258 7250256
7250039 7250061
7250105 7250192
7250068 7250175
7250079 7250070
7250078 7250279
7250247 7250187
7250205 7250164
7250041 7250023
7250201 7250111
7250132 7250272
7250047 7250083
7250187 7250092
7250256 7250273
7250051 7250034
7250063 7250131
7250037 7250264
7250176 7250110
7250231 7250195
7250004 7250284
7250275 7250076
7250003 7250232
7250005 7250177
7250157 7250074
7250104 7250066
7250057 7250128
7250105 7250211
7250211 7250291
7250168 7250245
7250257 7250270
7250059 7250130
7250152 7250222
7250184 7250248
7250115 7250109
7250029 7250253
7250020 7250165
7250177 7250281
7250252 7250261
7250052 7250095
7250051 7250031
7250064 7250042
7250086 7250012
7250020 7250176
7250272 7250210
7250111 7250244
7250211 7250145
7250219 7250175
7250153 7250296
7250251 7250159
7250175 7250195
7250075 7250246
4125146 4125181
4125055 4125291
4125143 4125266
4125299 4125228
4125144 4125213
4125074 4125069
4125255 4125201
4125120 4125061
4125263 4125028
4125225 4125286
4125077 4125238
4125245 4125116
4125044 4125080
4125082 4125250
4125109 4125064
4125023 4125051
4125011 4125089
4125232 4125036
4125182 4125256
4125257 4125082
4125052 4125233
4125102 4125048
4125073 4125098
4125101 4125050
4125012 4125197
4125088 4125030
4125172 4125181
4125274 4125113
4125275 4125202
4125185 4125287
4125062 4125180
4125219 4125212
4125065 4125242
4125099 4125178
4125101 4125170
4125243 4125114
4125239 4125040
4125227 4125041
4125184 4125275
4125066 4125296
4125040 4125278
4125213 4125076
4125013 4125275
4125188 4125286
4125217 4125163
4125269 4125227
4125297 4125024
4125254 4125206
4125142 4125122
4125175 4125150
4125219 4125285
4125294 4125250
4125016 4125258
4125161 4125248
4125030 4125144
4125212 4125101
4125129 4125264
4125280 4125066
4125232 4125190
4125035 4125094
4125018 4125100
4125091 4125242
4125218 4125200
4125266 4125280
2562800 2562541
2562655 2562540
2562552 2562737
2562510 2562777
2562727 2562587
2562556 2562529
2562727 2562719
2562686 2562728
2562789 2562783
2562685 2562746
2562755 2562750
2562650 2562647
2562631 2562737
2562619 2562573
2562593 2562547
2562746 2562628
2562549 2562784
2562787 2562742
2562503 2562701
2562768 2562570
2562740 2562631
2562532 2562605
2562727 2562711
2562759 2562684
2562766 2562543
2562568 2562733
2562716 2562566
2562672 2562773
2562646 2562737
2562666 2562750
2562570 2562781
2562724 2562673
2562708 2562748
2562673 2562557
2562539 2562637
2562615 2562670
2562609 2562697
2562582 2562556
2562759 2562776
2562674 2562560
2562708 2562528
2562600 2562723
2562680 2562599
2562780 2562656
2562727 2562667
2562617 2562674
2562590 2562507
2562602 2562659
2562607 2562793
2562729 2562642
2562683 2562729
2562657 2562677
2562791 2562550
2562738 2562650
2562555 2562524
2562616 2562530
2562634 2562652
2562653 2562621
2562627 2562614
2562590 2562704
2562676 2562636
2562689 2562681
2562525 2562729
2562704 2562738
1781415 1781363
1781523 1781501
1781439 1781513
1781392 1781335
1781331 1781360
1781497 1781513
1781530 1781432
1781517 1781337
1781443 1781395
1781414 1781532
1781439 1781411
1781263 1781260
1781348 1781495
1781434 1781313
1781287 1781287
1781472 1781370
1781470 1781391
1781467 1781463
1781524 1781520
1781374 1781441
1781500 1781301
1781382 1781437
1781349 1781385
1781327 1781413
1781429 1781430
1781437 1781505
1781324 1781455
1781298 1781371
1781497 1781514
1781470 1781328
1781366 1781382
1781360 1781251
1781417 1781421
1781332 1781462
1781339 1781451
1781325 1781507
1781400 1781515
1781439 1781353
1781481 1781544
1781300 1781384
1781475 1781531
1781332 1781394
1781274 1781435
1781391 1781445
1781381 1781438
1781309 1781487
1781468 1781299
1781467 1781347
1781465 1781424
1781442 1781498
1781543 1781390
1781368 1781300
1781377 1781373
1781385 1781375
1781524 1781320
1781336 1781370
1781473 1781296
1781405 1781312
1781505 1781455
1781498 1781427
1781363 1781372
1781480 1781503
1781290 1781440
1781284 1781334
1390813 1390779
1390852 1390728
1390719 1390896
1390794 1390708
1390824 1390908
1390861 1390771
1390675 1390663
1390692 1390854
1390716 1390801
1390847 1390657
1390848 1390758
1390812 1390797
1390661 1390734
1390898 1390818
1390789 1390636
1390632 1390749
1390672 1390761
1390787 1390682
1390866 1390868
1390731 1390718
1390798 1390862
1390797 1390881
1390900 1390923
1390831 1390764
1390923 1390685
1390906 1390667
1390893 1390752
1390820 1390748
1390768 1390663
1390820 1390799
1390654 1390819
1390882 1390664
1390675 1390836
1390845 1390775
1390915 1390800
1390899 1390741
1390851 1390921
1390705 1390726
1390901 1390643
1390793 1390818
1390747 1390745
1390916 1390870
1390791 1390700
1390870 1390664
1390749 1390916
1390844 1390783
1390849 1390672
1390788 1390716
1390918 1390650
1390835 1390705
1390740 1390727
1390925 1390857
1390780 1390687
1390661 1390851
1390649 1390718
1390757 1390831
1390820 1390657
1390678 1390784
1390855 1390696
1390894 1390634
1390741 1390751
1390809 1390891
1390913 1390868
1390698 1390635
1195349 1195476
1195489 1195548
1195346 1195463
1195509 1195395
1195602 1195454
1195374 1195394
1195324 1195545
1195473 1195542
1195510 1195527
1195364 1195383
1195336 1195389
1195381 1195595
1195453 1195465
1195561 1195340
1195513 1195370
1195441 1195388
1195393 1195499
1195587 1195363
1195374 1195501
1195333 1195378
1195397 1195404
1195393 1195329
1195475 1195449
1195495 1195315
1195528 1195499
1195381 1195538
1195358 1195557
1195516 1195389
1195474 1195316
1195572 1195518
1195427 1195414
1195454 1195558
1195479 1195407
1195423 1195463
1195329 1195422
1195611 1195407
1195557 1195504
1195504 1195531
1195448 1195568
1195492 1195396
1195533 1195390
1195555 1195548
1195443 1195364
1195605 1195336
1195484 1195544
1195372 1195393
1195539 1195451
1195584 1195522
1195573 1195535
1195585 1195552
1195436 1195573
1195432 1195512
1195417 1195383
1195597 1195610
1195579 1195597
1195365 1195360
1195559 1195450
1195531 1195384
1195515 1195351
1195520 1195454
1195462 1195576
1195357 1195579
1195392 1195351
1195549 1195519
1097953 1097908
1097909 1097842
1097901 1097726
1097701 1097876
1097942 1097930
1097729 1097937
1097781 1097869
1097829 1097786
1097798 1097896
1097663 1097838
1097673 1097736
1097731 1097701
1097703 1097794
1097830 1097722
1097956 1097705
1097865 1097683
1097689 1097757
1097814 1097903
1097668 1097701
1097793 1097793
1097689 1097828
1097945 1097663
1097836 1097812
1097938 1097878
1097787 1097924
1097839 1097793
1097758 1097676
1097750 1097710
1097940 1097828
1097703 1097657
1097719 1097851
1097835 1097904
1097891 1097918
1097773 1097839
1097825 1097951
1097759 1097726
1097937 1097828
1097822 1097773
1097951 1097683
1097769 1097854
1097828 1097726
1097684 1097745
1097759 1097824
1097723 1097742
1097743 1097833
1097786 1097672
1097942 1097657
1097806 1097730
1097907 1097951
1097888 1097662
1097844 1097946
1097775 1097786
1097771 1097790
1097870 1097941
1097744 1097859
1097939 1097674
1097856 1097690
1097734 1097714
1097718 1097773
1097816 1097912
1097899 1097781
1097950 1097852
1097929 1097908
1097925 1097783
1048856 1048985
1049018 1048994
1048845 1049037
1048875 1048989
1049028 1048907
1048935 1049002
1048961 1049033
1049000 1048897
1048870 1049109
1049018 1049086
1049091 1049011
1048876 1049056
1049118 1048968
1049083 1048959
1049013 1048862
1048942 1048907
1048839 1049128
1048860 1048965
1049061 1048917
1049092 1049060
1048948 1049050
1049127 1049071
1048930 1048933
1049055 1049112
1049053 1048871
1049007 1049081
1048904 1049054
1048977 1048916
1048969 1048924
1049046 1049026
1049055 1048854
1048910 1049080
1048886 1049051
1048998 1048912
1048860 1048910
1049084 1048885
1049101 1049028
1049014 1048926
1049086 1049076
1048939 1049045
1048864 1048916
1048963 1048991
1048869 1048875
1049008 1049075
1048892 1049003
1049126 1049027
1048992 1048914
1048898 1049000
1048882 1049075
1049083 1049076
1049114 1049044
1049107 1049041
1049001 1049095
1049103 1048919
1049089 1048850
1048993 1049018
1049117 1048964
1049120 1049049
1049053 1048908
1048953 1048959
1048859 1048983
1049024 1048978
1049086 1048867
1049043 1049051
1024642 1024587
1024712 1024534
1024631 1024590
1024602 1024682
1024485 1024514
1024439 1024651
1024487 1024652
1024678 1024605
1024557 1024654
1024620 1024466
1024467 1024558
1024526 1024680
1024477 1024500
1024444 1024654
1024663 1024610
1024686 1024637
1024483 1024455
1024617 1024597
1024515 1024441
1024606 1024639
1024463 1024524
1024599 1024554
1024582 1024538
1024471 1024708
1024579 1024623
1024710 1024555
1024517 1024463
1024578 1024508
1024592 1024658
1024456 1024601
1024447 1024461
1024488 1024496
1024523 1024497
1024530 1024643
1024512 1024614
1024694 1024626
1024431 1024465
1024593 1024592
1024515 1024626
1024549 1024561
1024484 1024542
1024422 1024598
1024629 1024512
1024680 1024489
1024435 1024632
1024504 1024661
1024426 1024502
1024629 1024518
1024588 1024624
1024576 1024470
1024695 1024642
1024438 1024454
1024517 1024695
1024652 1024472
1024562 1024697
1024678 1024417
1024508 1024420
1024581 1024608
1024591 1024418
1024492 1024656
1024540 1024521
1024576 1024445
1024689 1024601
1024547 1024490
1012293 1012348
1012280 1012389
1012313 1012397
1012208 1012284
1012437 1012219
1012270 1012501
1012222 1012273
1012319 1012275
1012414 1012503
1012427 1012301
1012398 1012465
1012354 1012469
1012289 1012450
1012224 1012476
1012489 1012383
1012431 1012446
1012209 1012212
1012409 1012273
1012235 1012370
1012262 1012327
1012330 1012289
1012454 1012323
1012281 1012301
1012318 1012311
1012434 1012347
1012318 1012271
1012229 1012234
1012274 1012303
1012308 1012504
1012286 1012288
1012462 1012254
1012236 1012413
1012476 1012221
1012423 1012451
1012353 1012428
1012470 1012255
1012331 1012360
1012312 1012311
1012346 1012349
1012458 1012409
1012243 1012395
1012245 1012235
1012453 1012283
1012460 1012239
1012235 1012426
1012381 1012345
1012442 1012321
1012495 1012502
1012464 1012269
1012410 1012238
1012225 1012474
1012429 1012230
1012288 1012377
1012307 1012285
1012243 1012245
1012318 1012255
1012224 1012255
1012307 1012434
1012503 1012348
1012264 1012423
1012270 1012297
1012381 1012274
1012430 1012348
1012449 1012470
38 90
50 18
53 79
25 208
209 42
108 89
162 208
264 172
155 8
202 207
194 244
219 297
17 176
65 144
82 260
217 135
206 205
280 82
61 53
248 206
278 142
37 165
210 76
264 226
282 74
77 225
169 159
84 119
188 9
244 256
237 158
268 181
292 226
10 178
42 180
34 67
203 110
245 144
34 256
102 268
246 132
139 249
99 53
32 238
67 269
69 267
270 266
126 176
275 197
230 271
158 271
91 113
222 192
159 101
108 269
243 7
150 116
143 243
293 27
14 287
156 101
131 229
170 250
81 189
138 220
168 50
176 36
267 72
249 72
23 167
162 152
179 74
137 6
279 70
31 101
116 39
250 181
272 62
213 218
80 233
277 4
130 289
292 289
204 9
18 53
200 246
248 102
67 125
48 299
214 245
254 212
79 171
146 24
120 179
287 97
151 250
158 145
146 67
47 8
161 244
113 162
165 98
160 97
9 198
115 55
279 183
166 178
297 74
78 84
163 178
259 182
67 177
17 125
280 106
63 86
260 146
45 44
199 3
4 7
85 9
150 243
232 211
50 213
167 187
276 125
104 262
120 41
207 55
294 38
161 50
192 285
295 26
283 264
295 167
157 89
268 119
81 152
88 201
61 47
202 235
277 294
92 127
230 290
53 281
197 103
145 65
225 15
286 8
271 112
201 245
96 156
45 77
269 144
68 155
187 148
98 228
218 19
268 129
2 246
185 50
214 24
80 275
235 177
86 35
159 103
252 111
45 223
223 189
31 193
270 295
243 263
187 66
194 200
226 289
137 166
160 186
3 296
281 145
175 10
131 129
225 175
196 206
9 205
9 75
13 300
94 243
291 103
151 20
195 263
117 187
114 148
215 127
166 205
237 23
166 91
114 4
95 291
41 292
195 76
122 80
156 169
212 49
24 260
81 82
213 41
113 276
66 25
119 229
160 47
271 188
217 9
271 149
64 250
242 235
32 204
274 176
64 290
20 15
52 265
182 258
280 290
5 45
155 31
248 287
71 99
106 298
179 169
82 241
93 2
8 216
27 131
209 123
223 170
156 26
30 21
132 252
227 192
45 179
298 2
138 240
276 143
254 252
87 33
103 104
237 272
249 12
247 223
229 4
92 290
267 218
174 230
155 215
111 36
151 282
119 118
85 10
176 262
32 111
114 259
137 172
123 142
27 201
273 202
220 214
21 34
151 149
108 289
249 203
203 209
291 203
246 109
23 163
234 252
2 17
191 161
198 124
23 294
130 141
35 249
17 74
253 238
93 232
82 275
105 45
119 21
248 220
129 247
202 60
186 52
138 20
241 118
2 50
151 87
193 151
64 133
111 65
297 213
98 278
34 126
54 46
182 103
235 16
66 205
87 62
256 287
144 145
283 211
59 236
44 232
136 228
109 33
188 100
287 120
151 298
119 135
177 266
210 152
17 23
161 2
99 75
204 223
119 172
260 6
7 213
14 128
175 203
108 140
5 170
96 7
191 270
70 280
245 72
112 270
299 99
200 17
99 37
163 207
287 93
8 129
158 48
39 248
164 135
102 79
257 260
262 169
249 236
241 224
222 102
258 140
44 152
99 150
214 133
78 107
233 252
42 297
212 166
158 210
62 6
96 225
149 266
51 52
23 165
51 151
123 147
18 46
293 265
184 87
164 149
