# source: JorikJooken
# original path: jj_extract\knapsackProblemInstances-master\problemInstances\n_1200_c_100000000_g_10_f_0.2_eps_0.01_s_200\test.in
# optimal value: 100015483
# format: n capacity, then weight value
1200 100000000
51000144 51000050
51000070 51000153
51000056 51000094
51000001 51000140
51000112 51000146
51000172 51000125
51000183 51000198
51000085 51000007
51000036 51000156
51000069 51000167
51000057 51000146
51000062 51000180
51000128 51000104
51000155 51000193
51000121 51000026
51000018 51000067
51000125 51000151
51000085 51000019
51000106 51000016
51000103 51000191
51000149 51000200
51000007 51000160
51000072 51000112
51000192 51000143
51000107 51000011
51000167 51000160
51000178 51000141
51000032 51000191
51000046 51000023
51000031 51000019
51000156 51000047
51000091 51000045
51000152 51000086
51000056 51000027
51000110 51000057
51000007 51000059
51000124 51000017
51000099 51000174
51000023 51000032
51000042 51000186
51000144 51000021
51000177 51000066
51000029 51000103
51000097 51000001
51000030 51000177
51000140 51000052
51000002 51000151
51000188 51000108
51000024 51000191
51000131 51000035
51000146 51000124
51000157 51000070
51000110 51000101
51000004 51000086
51000093 51000165
51000129 51000176
51000164 51000133
51000156 51000044
51000154 51000147
51000110 51000197
51000013 51000176
51000020 51000134
51000089 51000005
51000187 51000079
51000190 51000044
51000149 51000019
51000018 51000090
51000098 51000119
51000004 51000175
51000095 51000143
51000198 51000152
51000058 51000199
51000095 51000118
51000017 51000033
51000065 51000038
51000084 51000086
51000197 51000078
51000044 51000076
51000043 51000046
51000170 51000028
51000124 51000044
51000181 51000096
51000195 51000046
51000186 51000085
51000184 51000028
51000138 51000065
51000004 51000179
51000177 51000144
51000151 51000015
51000109 51000009
51000062 51000055
51000164 51000133
51000095 51000167
51000039 51000033
51000045 51000084
51000160 51000182
51000100 51000138
51000049 51000163
51000112 51000102
51000051 51000065
51000007 51000154
51000195 51000064
51000072 51000098
51000037 51000161
51000018 51000117
51000156 51000132
26000176 26000027
26000153 26000153
26000012 26000087
26000110 26000013
26000177 26000070
26000188 26000134
26000012 26000105
26000001 26000153
26000025 26000172
26000076 26000192
26000195 26000194
26000073 26000112
26000150 26000068
26000085 26000182
26000028 26000060
26000062 26000108
26000028 26000180
26000143 26000071
26000014 26000059
26000172 26000050
26000114 26000059
26000177 26000154
26000007 26000190
26000053 26000135
26000163 26000161
26000153 26000118
26000137 26000165
26000156 26000085
26000188 26000044
26000196 26000165
26000121 26000161
26000141 26000176
26000049 26000141
26000087 26000104
26000053 26000089
26000062 26000146
26000016 26000147
26000133 26000137
26000070 26000173
26000047 26000081
26000063 26000029
26000159 26000006
26000167 26000159
26000058 26000050
26000029 26000117
26000016 26000147
26000152 26000013
26000118 26000172
26000057 26000197
26000029 26000123
26000105 26000089
26000092 26000136
26000027 26000001
26000119 26000156
26000051 26000073
26000059 26000114
26000147 26000163
26000032 26000105
26000048 26000072
26000057 26000109
26000128 26000073
26000010 26000037
26000046 26000098
26000005 26000047
26000040 26000022
26000015 26000064
26000133 26000068
26000177 26000141
26000030 26000195
26000064 26000062
26000131 26000032
26000162 26000127
26000113 26000077
26000046 26000118
26000051 26000162
26000100 26000066
26000068 26000130
26000033 26000091
26000171 26000019
26000090 26000012
26000123 26000111
26000024 26000080
26000103 26000196
26000025 26000145
26000134 26000122
26000142 26000149
26000091 26000191
26000100 26000012
26000195 26000072
26000196 26000014
26000056 26000020
26000010 26000139
26000138 26000182
26000059 26000005
26000050 26000090
26000048 26000030
26000143 26000147
26000049 26000126
26000084 26000104
26000123 26000141
26000126 26000028
26000164 26000080
26000174 26000081
26000029 26000175
26000064 26000083
26000031 26000103
13500152 13500085
13500170 13500152
13500198 13500184
13500123 13500186
13500084 13500162
13500188 13500149
13500029 13500157
13500037 13500075
13500177 13500186
13500014 13500180
13500061 13500044
13500154 13500150
13500066 13500025
13500143 13500175
13500045 13500122
13500133 13500130
13500054 13500033
13500184 13500043
13500184 13500013
13500181 13500132
13500070 13500163
13500140 13500179
13500186 13500143
13500150 13500007
13500156 13500017
13500067 13500033
13500105 13500039
13500081 13500040
13500084 13500180
13500140 13500038
13500133 13500086
13500104 13500175
13500035 13500125
13500188 13500106
13500095 13500113
13500164 13500075
13500134 13500145
13500008 13500157
13500036 13500004
13500065 13500167
13500017 13500031
13500053 13500040
13500103 13500023
13500018 13500192
13500002 13500062
13500171 13500063
13500091 13500117
13500013 13500175
13500077 13500177
13500030 13500119
13500039 13500081
13500008 13500021
13500040 13500108
13500032 13500125
13500095 13500091
13500174 13500066
13500030 13500142
13500193 13500181
13500135 13500084
13500088 13500066
13500010 13500007
13500027 13500059
13500142 13500041
13500064 13500189
13500064 13500104
13500141 13500094
13500026 13500189
13500191 13500094
13500084 13500194
13500139 13500179
13500116 13500100
13500168 13500172
13500179 13500010
13500132 13500103
13500083 13500024
13500172 13500009
13500113 13500150
13500092 13500098
13500125 13500074
13500003 13500180
13500088 13500106
13500004 13500013
13500092 13500159
13500129 13500172
13500052 13500148
13500038 13500074
13500093 13500136
13500004 13500099
13500092 13500092
13500129 13500132
13500085 13500004
13500076 13500192
13500172 13500118
13500114 13500065
13500197 13500124
13500039 13500056
13500117 13500108
13500049 13500172
13500132 13500058
13500119 13500118
13500063 13500124
13500135 13500193
13500065 13500063
13500131 13500128
13500162 13500112
13500072 13500166
7250019 7250187
7250046 7250130
7250151 7250039
7250027 7250101
7250080 7250101
7250002 7250014
7250053 7250037
7250022 7250005
7250079 7250039
7250138 7250069
7250162 7250081
7250176 7250089
7250073 7250104
7250043 7250041
7250109 7250034
7250142 7250038
7250106 7250168
7250061 7250049
7250068 7250041
7250118 7250081
7250115 7250036
7250151 7250080
7250034 7250020
7250022 7250145
7250045 7250141
7250104 7250158
7250066 7250193
7250048 7250008
7250184 7250049
7250033 7250191
7250144 7250175
7250167 7250173
7250175 7250019
7250007 7250010
7250186 7250051
7250105 7250070
7250189 7250108
7250151 7250011
7250100 7250183
7250044 7250186
7250197 7250159
7250008 7250130
7250124 7250009
7250015 7250148
7250152 7250185
7250052 7250144
7250018 7250003
7250078 7250146
7250038 7250089
7250020 7250176
7250107 7250034
7250143 7250069
7250117 7250008
7250051 7250102
7250129 7250013
7250011 7250192
7250075 7250152
7250007 7250175
7250156 7250058
7250099 7250026
7250019 7250195
7250112 7250146
7250051 7250034
7250014 7250007
7250169 7250080
7250042 7250154
7250000 7250099
7250124 7250040
7250145 7250094
7250170 7250110
7250136 7250186
7250006 7250055
7250178 7250155
7250126 7250128
7250090 7250149
7250057 7250135
7250101 7250102
7250135 7250179
7250002 7250195
7250195 7250127
7250151 7250127
7250004 7250018
7250065 7250076
7250069 7250008
7250003 7250054
7250017 7250074
7250061 7250171
7250193 7250049
7250191 7250086
7250085 7250176
7250117 7250144
7250071 7250156
7250154 7250147
7250092 7250119
7250097 7250142
7250066 7250151
7250194 7250157
7250164 7250129
7250081 7250128
7250006 7250117
7250039 7250087
7250170 7250119
7250010 7250149
7250006 7250099
7250130 7250055
7250098 7250152
4125025 4125198
4125115 4125156
4125159 4125033
4125111 4125131
4125115 4125125
4125200 4125107
4125019 4125066
4125102 4125167
4125082 4125114
4125168 4125136
4125184 4125106
4125177 4125090
4125127 4125097
4125153 4125087
4125143 4125156
4125080 4125005
4125030 4125020
4125027 4125005
4125024 4125159
4125194 4125136
4125182 4125182
4125005 4125036
4125122 4125151
4125066 4125106
4125192 4125163
4125140 4125200
4125136 4125156
4125104 4125072
4125056 4125138
4125026 4125090
4125170 4125130
4125169 4125104
4125051 4125083
4125086 4125050
4125075 4125042
4125197 4125006
4125175 4125192
4125031 4125094
4125078 4125022
4125021 4125148
4125158 4125009
4125140 4125107
4125086 4125020
4125065 4125183
4125162 4125082
4125156 4125075
4125105 4125143
4125189 4125170
4125181 4125127
4125142 4125008
4125123 4125032
4125053 4125031
4125096 4125129
4125019 4125016
4125192 4125077
4125006 4125199
4125132 4125045
4125106 4125054
4125051 4125193
4125142 4125007
4125064 4125122
4125003 4125009
4125040 4125014
4125176 4125156
4125155 4125154
4125172 4125173
4125144 4125101
4125174 4125059
4125045 4125064
4125199 4125031
4125198 4125027
4125187 4125198
4125027 4125060
4125181 4125034
4125153 4125094
4125023 4125086
4125080 4125199
4125121 4125148
4125044 4125169
4125119 4125080
4125081 4125141
4125015 4125143
4125179 4125118
4125089 4125110
4125068 4125042
4125151 4125194
4125118 4125014
4125101 4125034
4125116 4125045
4125024 4125148
4125060 4125043
4125141 4125120
4125154 4125199
4125078 4125042
4125136 4125177
4125108 4125085
4125040 4125069
4125200 4125099
4125086 4125164
4125077 4125159
4125018 4125079
4125035 4125031
4125126 4125099
4125067 4125045
4125027 4125034
4125173 4125011
2562552 2562661
2562609 2562544
2562582 2562563
2562640 2562560
2562537 2562680
2562600 2562669
2562692 2562569
2562649 2562512
2562648 2562599
2562501 2562668
2562633 2562560
2562638 2562570
2562580 2562573
2562511 2562540
2562647 2562516
2562671 2562637
2562502 2562503
2562595 2562588
2562511 2562601
2562674 2562694
2562655 2562616
2562630 2562516
2562572 2562699
2562538 2562544
2562622 2562596
2562562 2562662
2562687 2562691
2562612 2562651
2562523 2562554
2562688 2562602
2562619 2562527
2562513 2562555
2562603 2562563
2562506 2562604
2562686 2562657
2562563 2562535
2562555 2562627
2562621 2562570
2562624 2562622
2562548 2562553
2562634 2562503
2562548 2562631
2562523 2562525
2562633 2562599
2562611 2562533
2562664 2562676
2562661 2562593
2562528 2562568
2562616 2562608
2562581 2562685
2562507 2562574
2562674 2562635
2562565 2562658
2562573 2562695
2562579 2562584
2562617 2562537
2562654 2562665
2562619 2562639
2562545 2562546
2562511 2562542
2562540 2562604
2562689 2562591
2562540 2562513
2562670 2562639
2562651 2562658
2562516 2562502
2562525 2562520
2562552 2562637
2562682 2562672
2562632 2562517
2562603 2562515
2562590 2562700
2562655 2562525
2562620 2562624
2562552 2562504
2562546 2562637
2562682 2562531
2562632 2562533
2562622 2562502
2562551 2562698
2562576 2562676
2562597 2562614
2562595 2562517
2562588 2562613
2562549 2562555
2562546 2562501
2562673 2562576
2562578 2562680
2562649 2562625
2562596 2562512
2562526 2562621
2562696 2562603
2562649 2562541
2562663 2562668
2562585 2562599
2562700 2562510
2562549 2562674
2562571 2562699
2562637 2562577
2562621 2562532
2562653 2562590
2562522 2562525
2562684 2562593
2562604 2562554
2562600 2562533
2562603 2562537
1781285 1781363
1781274 1781284
1781257 1781276
1781446 1781297
1781303 1781397
1781333 1781315
1781267 1781431
1781448 1781369
1781378 1781385
1781337 1781355
1781273 1781305
1781405 1781253
1781265 1781365
1781413 1781323
1781325 1781281
1781450 1781252
1781306 1781435
1781296 1781361
1781331 1781417
1781389 1781295
1781393 1781438
1781262 1781345
1781255 1781351
1781410 1781396
1781406 1781394
1781282 1781422
1781313 1781434
1781349 1781441
1781426 1781447
1781312 1781379
1781431 1781373
1781255 1781325
1781414 1781277
1781262 1781271
1781277 1781309
1781365 1781303
1781296 1781428
1781266 1781286
1781372 1781281
1781280 1781411
1781292 1781334
1781252 1781280
1781329 1781259
1781298 1781438
1781445 1781311
1781255 1781423
1781288 1781425
1781267 1781301
1781297 1781450
1781341 1781288
1781288 1781333
1781364 1781362
1781412 1781348
1781267 1781252
1781321 1781365
1781287 1781350
1781322 1781416
1781402 1781315
1781397 1781405
1781426 1781400
1781276 1781417
1781301 1781258
1781332 1781337
1781427 1781292
1781308 1781295
1781365 1781423
1781372 1781400
1781349 1781432
1781338 1781328
1781351 1781375
1781313 1781402
1781324 1781254
1781370 1781350
1781358 1781288
1781255 1781404
1781356 1781371
1781364 1781408
1781269 1781268
1781251 1781279
1781387 1781430
1781395 1781297
1781285 1781396
1781330 1781438
1781317 1781273
1781257 1781271
1781256 1781432
1781417 1781338
1781433 1781251
1781403 1781302
1781422 1781403
1781312 1781354
1781374 1781410
1781259 1781308
1781303 1781355
1781365 1781332
1781398 1781421
1781314 1781329
1781339 1781438
1781422 1781316
1781302 1781282
1781342 1781324
1781435 1781426
1781339 1781347
1781355 1781448
1781286 1781339
1781313 1781256
1390823 1390788
1390725 1390728
1390755 1390679
1390657 1390629
1390795 1390628
1390698 1390715
1390738 1390720
1390707 1390697
1390775 1390721
1390805 1390683
1390758 1390644
1390695 1390768
1390748 1390700
1390695 1390778
1390796 1390816
1390648 1390763
1390753 1390701
1390666 1390732
1390789 1390639
1390760 1390647
1390697 1390641
1390647 1390738
1390761 1390649
1390800 1390671
1390717 1390799
1390825 1390671
1390688 1390695
1390738 1390714
1390792 1390759
1390809 1390715
1390676 1390697
1390686 1390749
1390744 1390630
1390669 1390763
1390790 1390697
1390790 1390716
1390757 1390818
1390728 1390817
1390699 1390758
1390732 1390746
1390756 1390781
1390684 1390706
1390801 1390812
1390803 1390705
1390766 1390649
1390663 1390754
1390643 1390633
1390807 1390812
1390678 1390689
1390707 1390671
1390707 1390722
1390689 1390723
1390805 1390649
1390709 1390782
1390678 1390631
1390633 1390755
1390818 1390679
1390758 1390636
1390773 1390647
1390768 1390796
1390754 1390779
1390752 1390813
1390639 1390696
1390778 1390633
1390632 1390701
1390789 1390648
1390822 1390732
1390662 1390784
1390785 1390708
1390733 1390692
1390704 1390626
1390687 1390691
1390769 1390805
1390664 1390767
1390770 1390626
1390674 1390652
1390661 1390708
1390803 1390771
1390726 1390634
1390825 1390802
1390692 1390789
1390732 1390715
1390795 1390796
1390730 1390821
1390633 1390699
1390726 1390682
1390741 1390778
1390812 1390708
1390810 1390704
1390629 1390697
1390648 1390806
1390757 1390688
1390686 1390816
1390741 1390652
1390651 1390753
1390763 1390680
1390807 1390689
1390669 1390774
1390779 1390718
1390802 1390804
1390815 1390669
1390756 1390631
1390733 1390706
1390713 1390742
1390746 1390768
1390779 1390790
1195508 1195451
1195350 1195506
1195481 1195385
1195507 1195495
1195346 1195407
1195397 1195508
1195375 1195431
1195319 1195480
1195444 1195457
1195344 1195366
1195465 1195448
1195353 1195391
1195338 1195509
1195429 1195401
1195413 1195424
1195452 1195352
1195473 1195503
1195324 1195342
1195461 1195499
1195478 1195407
1195452 1195446
1195444 1195378
1195346 1195476
1195488 1195378
1195474 1195368
1195449 1195433
1195509 1195337
1195330 1195407
1195380 1195436
1195462 1195508
1195498 1195490
1195426 1195475
1195333 1195379
1195477 1195362
1195369 1195408
1195350 1195387
1195437 1195455
1195431 1195502
1195473 1195386
1195511 1195318
1195343 1195388
1195424 1195438
1195344 1195424
1195467 1195483
1195452 1195353
1195397 1195464
1195355 1195386
1195387 1195464
1195317 1195491
1195402 1195396
1195387 1195394
1195451 1195403
1195349 1195346
1195366 1195423
1195403 1195506
1195418 1195463
1195352 1195458
1195467 1195493
1195386 1195390
1195418 1195318
1195448 1195355
1195332 1195320
1195502 1195428
1195435 1195499
1195365 1195490
1195459 1195444
1195437 1195490
1195345 1195387
1195388 1195442
1195467 1195425
1195406 1195413
1195447 1195432
1195478 1195458
1195348 1195401
1195381 1195313
1195395 1195364
1195454 1195485
1195409 1195461
1195417 1195443
1195347 1195499
1195438 1195420
1195363 1195449
1195452 1195353
1195480 1195490
1195482 1195353
1195412 1195467
1195315 1195442
1195369 1195376
1195413 1195404
1195506 1195377
1195500 1195397
1195463 1195495
1195439 1195356
1195323 1195437
1195378 1195349
1195351 1195484
1195495 1195329
1195366 1195420
1195466 1195325
1195403 1195509
1195423 1195393
1195368 1195503
1195367 1195486
1195320 1195357
1195347 1195436
1195487 1195332
107 64
134 42
80 115
61 199
110 199
29 53
192 28
162 130
105 48
47 124
25 30
89 14
4 120
120 177
44 120
184 128
16 94
180 7
144 104
69 195
151 106
130 76
177 108
84 62
112 82
129 195
166 170
97 101
69 117
116 1
26 34
193 157
69 41
175 74
136 42
56 134
196 53
134 130
68 132
99 194
163 89
9 72
111 182
86 196
27 66
150 143
65 169
178 26
174 45
190 54
158 46
76 82
174 77
39 101
147 196
31 158
47 198
11 135
45 98
187 110
25 35
27 94
140 11
187 11
178 185
95 69
106 81
103 26
56 124
12 15
68 77
26 184
76 165
123 144
169 94
49 16
173 78
33 188
74 16
200 198
105 163
156 27
91 198
95 26
43 169
49 114
192 134
58 56
46 146
68 1
164 32
78 73
134 33
188 150
98 189
151 109
44 55
68 19
118 12
134 111
115 95
24 192
114 149
172 26
135 132
127 193
152 99
96 48
24 18
68 196
116 157
88 29
17 171
151 70
53 174
20 31
185 170
152 15
67 195
153 4
145 78
157 32
1 18
186 83
110 80
189 41
150 197
112 101
170 150
77 198
199 16
31 96
2 119
108 191
144 152
77 36
116 191
195 196
47 120
133 5
126 124
197 141
26 151
42 118
13 193
176 157
148 102
95 33
81 146
14 61
86 91
102 75
193 75
45 55
152 172
63 199
134 88
196 180
160 23
58 41
158 136
20 139
188 39
108 34
7 69
161 56
133 177
38 51
20 101
153 149
86 39
106 143
89 48
26 125
128 89
173 164
89 142
184 25
169 88
36 64
24 151
103 95
87 130
39 169
58 12
73 3
31 92
85 18
139 119
154 45
170 65
191 98
2 88
38 25
146 1
64 89
17 69
130 151
196 15
129 194
7 52
113 70
186 147
124 9
197 29
185 9
18 170
140 151
157 184
12 20
16 97
142 180
200 174
107 157
137 108
186 175
157 145
37 141
35 139
103 158
15 151
65 38
114 155
86 141
90 18
162 38
117 118
88 167
30 32
94 98
148 90
74 89
141 170
19 177
76 52
73 81
10 89
99 10
31 35
16 192
130 163
139 13
30 10
149 19
35 14
4 175
