# source: JorikJooken
# original path: jj_extract\knapsackProblemInstances-master\problemInstances\n_1200_c_1000000_g_14_f_0.2_eps_0.1_s_300\test.in
# optimal value: 1015541
# format: n capacity, then weight value
1200 1000000
600223 600285
600043 600121
600023 600177
600119 600206
600031 600266
600267 600043
600196 600002
600188 600057
600078 600186
600108 600218
600282 600056
600150 600009
600032 600198
600037 600244
600110 600223
600155 600202
600146 600167
600176 600016
600075 600080
600067 600137
600109 600291
600276 600271
600022 600024
600189 600235
600270 600131
600185 600178
600293 600268
600236 600137
600104 600055
600104 600282
600173 600196
600228 600098
600133 600150
600235 600195
600099 600054
600273 600057
600200 600083
600195 600298
600005 600017
600183 600158
600091 600299
600129 600255
600194 600133
600119 600223
600272 600092
600113 600091
600150 600029
600143 600133
600024 600083
600085 600055
600034 600136
600070 600071
600148 600143
600253 600223
600183 600145
600243 600112
600097 600069
600194 600214
600164 600063
600202 600229
600240 600100
600290 600262
600197 600064
600092 600162
600183 600049
600282 600083
600143 600013
600059 600073
600138 600031
600003 600036
600001 600168
600119 600168
600214 600267
350258 350295
350281 350252
350155 350074
350107 350127
350107 350113
350177 350267
350165 350177
350255 350272
350128 350214
350160 350185
350122 350191
350186 350158
350024 350290
350213 350023
350094 350194
350236 350172
350054 350249
350277 350062
350030 350005
350267 350095
350249 350284
350112 350259
350237 350239
350043 350133
350180 350271
350134 350242
350134 350037
350160 350290
350018 350103
350128 350106
350120 350010
350194 350007
350149 350038
350145 350110
350247 350016
350162 350146
350085 350194
350257 350114
350155 350172
350288 350069
350240 350249
350050 350054
350106 350073
350053 350073
350247 350054
350210 350107
350143 350243
350005 350127
350123 350057
350084 350127
350118 350115
350077 350059
350250 350120
350253 350129
350008 350037
350262 350163
350039 350214
350068 350135
350047 350243
350023 350092
350093 350194
350106 350117
350154 350263
350242 350064
350126 350156
350213 350300
350232 350010
350055 350277
350256 350241
350162 350239
350176 350133
350230 350196
350033 350176
225193 225259
225296 225022
225184 225178
225220 225201
225180 225006
225246 225178
225047 225227
225076 225030
225179 225163
225247 225140
225051 225166
225028 225109
225113 225018
225238 225114
225104 225271
225027 225212
225044 225009
225263 225191
225037 225190
225180 225163
225037 225135
225092 225215
225251 225167
225068 225245
225265 225261
225147 225122
225070 225018
225242 225017
225145 225278
225132 225204
225012 225116
225216 225075
225056 225176
225084 225140
225282 225122
225006 225041
225017 225035
225114 225170
225169 225084
225288 225040
225249 225264
225248 225067
225232 225184
225137 225090
225245 225122
225169 225193
225241 225017
225033 225173
225065 225090
225034 225241
225272 225126
225040 225040
225271 225045
225073 225215
225104 225184
225165 225032
225260 225036
225167 225064
225084 225022
225223 225231
225202 225050
225095 225188
225288 225280
225026 225121
225299 225155
225250 225292
225084 225027
225201 225084
225222 225205
225226 225061
225184 225142
225228 225111
225113 225286
162667 162542
162673 162789
162588 162705
162681 162514
162754 162616
162566 162510
162727 162501
162725 162719
162538 162708
162670 162764
162762 162695
162515 162581
162729 162501
162617 162641
162619 162786
162550 162794
162783 162579
162601 162640
162548 162785
162771 162545
162724 162791
162632 162591
162680 162775
162609 162676
162504 162725
162720 162583
162583 162536
162796 162693
162733 162643
162675 162717
162725 162678
162800 162652
162698 162562
162689 162567
162640 162541
162555 162669
162609 162759
162516 162620
162567 162607
162581 162658
162626 162611
162668 162767
162783 162773
162775 162742
162768 162571
162523 162538
162740 162705
162769 162512
162654 162737
162729 162629
162745 162755
162774 162540
162518 162697
162619 162737
162760 162656
162587 162538
162654 162630
162652 162734
162543 162655
162617 162654
162538 162728
162608 162762
162510 162610
162642 162703
162586 162613
162781 162502
162538 162621
162597 162622
162696 162578
162503 162579
162736 162769
162700 162654
162683 162665
131328 131458
131489 131545
131503 131480
131531 131343
131277 131314
131336 131503
131361 131535
131436 131289
131342 131256
131262 131266
131430 131511
131491 131444
131472 131425
131511 131354
131392 131312
131446 131268
131539 131329
131374 131517
131339 131412
131288 131281
131347 131339
131277 131416
131443 131458
131500 131258
131488 131507
131292 131400
131472 131481
131332 131434
131349 131536
131311 131268
131332 131328
131255 131263
131388 131304
131255 131521
131405 131280
131432 131530
131399 131410
131325 131326
131439 131424
131317 131468
131522 131346
131538 131523
131443 131424
131424 131300
131388 131257
131422 131366
131499 131500
131329 131375
131338 131263
131532 131370
131396 131304
131293 131413
131285 131264
131499 131474
131498 131261
131457 131263
131422 131550
131468 131331
131262 131438
131372 131393
131443 131314
131401 131525
131463 131278
131450 131396
131468 131508
131411 131511
131379 131541
131417 131497
131291 131441
131272 131423
131395 131369
131423 131290
131413 131287
115884 115654
115797 115796
115838 115736
115659 115725
115829 115907
115704 115871
115767 115751
115790 115896
115686 115794
115708 115762
115659 115743
115676 115717
115849 115780
115751 115695
115698 115799
115808 115626
115758 115738
115697 115826
115883 115786
115907 115678
115812 115691
115775 115670
115638 115859
115769 115853
115678 115836
115643 115693
115816 115747
115678 115846
115724 115742
115640 115737
115825 115782
115640 115652
115834 115664
115716 115824
115848 115626
115838 115783
115853 115633
115654 115730
115782 115865
115728 115726
115720 115688
115829 115765
115786 115682
115650 115767
115735 115746
115711 115815
115739 115862
115710 115851
115843 115635
115678 115664
115798 115678
115819 115771
115881 115646
115736 115889
115759 115760
115703 115642
115680 115775
115690 115795
115657 115793
115890 115790
115750 115656
115780 115812
115677 115654
115674 115750
115702 115874
115767 115826
115905 115729
115822 115653
115870 115779
115877 115730
115886 115755
115924 115873
115823 115886
108019 107979
107826 107976
108063 107863
108054 108032
107861 108043
107888 107827
108104 108067
107871 107911
107836 108081
108010 108106
107916 107947
108025 107861
107868 108032
107900 108034
107903 107909
107889 107968
107978 108041
108025 108061
108101 108049
107988 107909
107938 107948
108022 107868
108032 108041
107876 107887
108061 108028
108052 107913
108055 107826
107840 107912
108078 107896
108045 107846
107878 107848
107876 107864
107927 108068
107963 108006
107821 107866
107932 108018
107991 107986
108043 107858
107957 107871
107847 108000
107867 108092
108004 108067
108032 108072
107946 108016
108098 107850
108017 107897
107980 108069
107882 108100
108035 107906
107886 107864
107977 107919
107911 108039
107946 108050
107858 107938
107824 107824
108030 107896
107897 107936
108080 107813
107970 108063
107970 107933
108058 107846
107990 107928
108095 107950
107833 107923
108083 107899
107848 107855
107869 107891
108087 107916
107978 107914
107911 107836
107836 107851
107872 107950
107906 108019
104073 103930
103953 104150
104071 104037
103912 104007
103974 103975
103918 104135
104003 104201
103975 104184
104081 104069
103923 104038
104016 103932
104145 103907
104189 104138
104173 104182
104192 103968
103974 103934
104056 103920
104191 104008
103913 104156
104036 104062
104092 104113
104040 103948
104038 103934
104089 103932
103991 103986
104084 103930
103927 104154
104104 104200
103936 104125
104107 104068
104058 104095
104177 103974
103915 103955
103993 104092
104079 103943
104000 104167
104080 103987
104017 104039
103907 103959
104205 104149
104165 103922
104104 104150
103988 103980
104032 104080
104140 104006
103964 104003
104135 104002
104053 104153
103969 104116
103939 104029
104026 103924
104027 103958
104128 104042
103982 104078
103960 104002
103939 104195
104160 104054
104122 104120
103916 104000
104168 104090
103948 104202
104188 104092
104148 103984
104003 104090
104024 104140
104148 104095
103956 103957
104061 103939
104159 104124
104203 104157
103927 104052
103944 103998
104070 104197
102159 102032
102138 102025
101976 102121
102033 102181
101989 102193
102068 101979
102193 102136
102050 102194
102244 102171
102191 102051
102203 102077
102107 102211
102113 102131
102229 102214
102016 102013
102105 102215
102252 102116
102042 102065
101957 102064
101965 102162
102041 102017
102204 102099
102148 102100
101971 102211
102211 102135
102055 102152
102033 102170
102239 102015
102084 102209
102126 102111
102019 102020
102111 102027
102141 101986
102069 102158
101973 102021
102089 102222
102047 102105
102082 102217
101981 102178
102195 102168
102060 102240
102244 102193
102144 102042
102142 102027
102164 101996
101980 102218
102169 102069
102252 102040
102071 102153
102028 102019
102081 102123
102228 102234
101963 102064
101999 102172
101996 102069
102139 102179
102139 102026
101999 102059
102168 102181
102158 102028
102207 102212
101967 102177
102121 102123
102176 102133
102015 102108
102030 102158
102051 102206
102250 102186
102057 102049
102064 102187
101978 102246
102087 102164
102047 101957
101189 100994
101172 101149
101012 101010
101239 101017
100991 101185
101140 101045
101273 101126
101032 101275
101245 101266
101007 101205
101259 101169
101220 101136
101178 101149
101246 101182
100983 101192
101200 101053
100979 101193
100994 101078
101051 101086
101122 101022
101231 101078
101242 101095
101229 101066
101261 101089
101113 101276
101248 101113
101003 101105
101072 101090
101001 101125
101078 101169
101006 101238
101207 101119
101032 101259
101262 101182
101115 101053
101227 101134
101051 101260
101161 101210
101172 101078
101220 101268
101120 101108
100998 101230
101252 101157
101194 101041
101146 101272
101132 101101
101176 101246
101157 101216
101008 101195
101209 101035
101018 101045
101220 101268
101116 101218
101079 101260
101025 101067
101108 101052
101123 101041
101224 101243
101058 101230
101094 101190
100993 101250
101011 101181
101147 101047
101128 101267
101168 101026
101193 101131
101134 101132
101059 101259
101027 101214
101014 101274
101127 100993
101089 101265
101020 101061
100783 100549
100705 100628
100590 100762
100566 100519
100503 100569
100714 100563
100639 100669
100525 100628
100544 100577
100756 100656
100532 100644
100765 100637
100741 100724
100581 100590
100600 100661
100602 100555
100509 100618
100532 100700
100777 100615
100743 100776
100570 100766
100576 100769
100725 100640
100692 100660
100521 100510
100777 100601
100664 100603
100759 100584
100525 100635
100634 100582
100666 100604
100604 100734
100566 100544
100740 100538
100738 100654
100585 100532
100594 100709
100670 100506
100682 100745
100702 100504
100496 100503
100521 100644
100623 100683
100730 100559
100624 100682
100551 100509
100610 100645
100571 100695
100521 100734
100524 100565
100651 100526
100509 100757
100496 100585
100627 100597
100745 100694
100540 100515
100610 100692
100641 100672
100783 100540
100595 100553
100629 100744
100622 100631
100608 100647
100562 100604
100727 100573
100614 100497
100496 100711
100734 100771
100562 100495
100545 100712
100499 100619
100718 100689
100639 100788
100297 100486
100318 100461
100398 100431
100349 100365
100361 100364
100483 100350
100423 100423
100390 100249
100260 100451
100268 100437
100418 100386
100363 100412
100432 100414
100523 100493
100249 100439
100537 100448
100245 100526
100274 100498
100435 100439
100324 100288
100370 100497
100283 100267
100255 100427
100320 100442
100328 100360
100305 100321
100526 100538
100253 100339
100297 100363
100516 100422
100357 100315
100422 100379
100305 100513
100359 100469
100413 100304
100299 100443
100415 100352
100452 100488
100257 100385
100374 100358
100315 100298
100501 100543
100357 100376
100416 100451
100336 100347
100485 100258
100492 100493
100488 100344
100420 100474
100459 100308
100540 100294
100308 100533
100540 100442
100471 100352
100282 100332
100307 100413
100498 100367
100519 100535
100353 100279
100371 100315
100542 100488
100303 100362
100452 100538
100537 100476
100316 100332
100496 100333
100414 100490
100329 100325
100331 100370
100444 100451
100264 100384
100287 100273
100419 100397
100391 100353
100240 100276
100223 100382
100253 100206
100359 100295
100338 100239
100173 100271
100320 100171
100162 100376
100304 100238
100341 100326
100385 100366
100322 100335
100250 100326
100414 100303
100136 100336
100273 100238
100312 100387
100374 100297
100350 100312
100235 100325
100348 100239
100204 100195
100338 100254
100179 100201
100133 100278
100162 100409
100284 100317
100390 100156
100132 100167
100404 100295
100377 100376
100321 100254
100231 100142
100157 100397
100414 100149
100268 100278
100385 100390
100154 100316
100383 100334
100136 100175
100370 100307
100209 100196
100327 100175
100204 100326
100282 100322
100171 100151
100159 100166
100165 100177
100272 100315
100406 100197
100381 100354
100345 100325
100310 100293
100388 100279
100177 100187
100155 100199
100124 100254
100194 100176
100306 100398
100355 100372
100405 100351
100229 100250
100195 100325
100356 100169
100285 100232
100398 100395
100168 100210
100270 100356
100140 100344
100289 100155
100275 100344
100132 100337
104 116
48 278
273 143
242 276
149 235
107 9
201 12
260 286
270 99
297 77
227 148
68 59
272 222
140 28
75 4
185 41
247 265
89 12
69 244
79 293
242 254
147 157
258 139
261 206
170 261
19 213
278 191
10 121
152 268
283 174
25 50
11 16
189 3
111 1
238 294
127 295
279 205
97 293
57 40
113 291
72 296
177 195
43 130
185 239
40 12
253 298
15 14
228 80
22 268
87 136
149 186
180 247
20 202
155 65
71 120
96 193
43 139
158 208
168 248
266 168
34 226
253 148
127 54
89 12
179 24
25 250
12 9
105 88
207 91
190 94
300 114
195 108
279 64
300 100
146 131
5 3
244 100
43 104
170 211
140 116
206 209
208 267
233 128
249 201
171 208
109 256
255 298
99 96
68 90
174 231
167 200
257 77
147 263
112 171
300 248
234 217
149 55
109 245
93 163
254 282
54 256
105 67
209 142
121 251
103 135
30 188
140 210
263 293
192 56
270 291
94 273
4 147
34 239
62 163
229 288
266 88
137 296
7 212
67 271
96 46
119 244
217 16
197 182
125 293
64 189
114 234
99 190
127 262
110 187
18 49
140 19
121 173
77 206
83 146
39 108
235 220
6 92
294 36
20 192
72 158
119 74
154 152
200 107
284 112
295 208
163 232
75 249
86 258
206 153
231 38
95 282
78 242
208 111
231 283
229 53
178 191
123 290
193 49
119 1
145 255
281 177
144 94
181 300
150 64
243 180
9 126
114 141
232 214
51 127
49 61
292 202
281 141
221 248
20 72
249 127
280 289
38 55
278 151
296 142
77 148
135 164
156 42
214 137
187 45
13 208
198 295
162 43
52 59
184 43
205 267
300 211
77 177
99 218
291 57
113 184
56 46
53 165
26 155
232 84
107 114
53 73
263 13
265 269
143 248
32 253
15 79
255 283
187 244
128 171
178 7
60 255
60 67
226 94
264 206
186 223
74 170
246 243
244 173
199 175
113 69
137 182
118 110
101 204
115 277
197 181
207 239
133 182
115 223
219 23
33 36
199 189
34 191
125 278
25 196
135 268
140 123
154 127
75 81
114 266
29 29
167 80
120 81
174 252
68 200
193 12
108 22
263 149
266 293
284 200
247 233
67 266
