# source: JorikJooken
# original path: jj_extract\knapsackProblemInstances-master\problemInstances\n_800_c_10000000000_g_10_f_0.2_eps_0_s_100\test.in
# optimal value: 9980489001
# format: n capacity, then weight value
800 10000000000
5000000093 5000000036
5000000080 5000000097
5000000035 5000000039
5000000018 5000000034
5000000037 5000000018
5000000069 5000000045
5000000057 5000000037
5000000068 5000000009
5000000048 5000000003
5000000036 5000000018
5000000036 5000000038
5000000095 5000000002
5000000037 5000000041
5000000097 5000000053
5000000026 5000000016
5000000076 5000000022
5000000037 5000000027
5000000087 5000000006
5000000041 5000000016
5000000071 5000000073
5000000002 5000000095
5000000026 5000000036
5000000050 5000000017
5000000066 5000000012
5000000037 5000000039
5000000077 5000000060
5000000082 5000000026
5000000058 5000000059
5000000024 5000000004
5000000057 5000000088
5000000041 5000000069
5000000023 5000000076
5000000020 5000000033
5000000004 5000000097
5000000005 5000000036
5000000024 5000000076
5000000020 5000000030
5000000039 5000000038
5000000074 5000000072
5000000045 5000000067
5000000035 5000000009
5000000006 5000000028
5000000081 5000000047
5000000090 5000000033
5000000066 5000000004
5000000036 5000000055
5000000060 5000000100
5000000040 5000000035
5000000027 5000000097
5000000072 5000000020
5000000067 5000000033
5000000082 5000000028
5000000042 5000000063
5000000084 5000000031
5000000051 5000000085
5000000072 5000000018
5000000083 5000000029
5000000029 5000000022
5000000019 5000000094
5000000063 5000000019
5000000067 5000000024
5000000068 5000000004
5000000035 5000000023
5000000088 5000000046
5000000088 5000000022
5000000097 5000000064
5000000058 5000000055
5000000096 5000000046
5000000015 5000000030
5000000018 5000000056
5000000066 5000000007
2500000089 2500000053
2500000021 2500000049
2500000061 2500000006
2500000091 2500000014
2500000031 2500000053
2500000004 2500000074
2500000042 2500000006
2500000050 2500000013
2500000039 2500000017
2500000038 2500000043
2500000079 2500000048
2500000072 2500000032
2500000100 2500000082
2500000047 2500000019
2500000062 2500000026
2500000054 2500000039
2500000014 2500000046
2500000007 2500000037
2500000019 2500000062
2500000057 2500000009
2500000037 2500000083
2500000031 2500000004
2500000055 2500000018
2500000088 2500000019
2500000068 2500000037
2500000004 2500000050
2500000013 2500000034
2500000023 2500000050
2500000079 2500000005
2500000013 2500000098
2500000020 2500000076
2500000099 2500000071
2500000031 2500000050
2500000081 2500000013
2500000087 2500000093
2500000002 2500000003
2500000079 2500000092
2500000042 2500000002
2500000075 2500000027
2500000023 2500000029
2500000095 2500000070
2500000066 2500000018
2500000068 2500000038
2500000010 2500000055
2500000067 2500000049
2500000006 2500000073
2500000039 2500000034
2500000098 2500000061
2500000064 2500000042
2500000079 2500000037
2500000068 2500000078
2500000091 2500000035
2500000067 2500000038
2500000075 2500000086
2500000049 2500000078
2500000026 2500000054
2500000096 2500000052
2500000024 2500000071
2500000068 2500000064
2500000040 2500000081
2500000081 2500000094
2500000036 2500000012
2500000070 2500000058
2500000023 2500000066
2500000068 2500000064
2500000001 2500000015
2500000080 2500000088
2500000057 2500000015
2500000058 2500000039
2500000051 2500000063
2500000067 2500000072
1250000001 1250000095
1250000057 1250000012
1250000055 1250000069
1250000086 1250000056
1250000092 1250000067
1250000100 1250000037
1250000027 1250000035
1250000082 1250000044
1250000027 1250000084
1250000010 1250000007
1250000074 1250000089
1250000038 1250000091
1250000069 1250000088
1250000044 1250000038
1250000051 1250000044
1250000059 1250000033
1250000052 1250000014
1250000095 1250000025
1250000045 1250000030
1250000024 1250000066
1250000007 1250000018
1250000067 1250000066
1250000087 1250000056
1250000038 1250000068
1250000056 1250000072
1250000040 1250000069
1250000037 1250000012
1250000097 1250000097
1250000026 1250000060
1250000081 1250000031
1250000056 1250000086
1250000007 1250000061
1250000005 1250000072
1250000025 1250000043
1250000009 1250000022
1250000027 1250000009
1250000095 1250000083
1250000069 1250000083
1250000061 1250000098
1250000062 1250000096
1250000086 1250000006
1250000079 1250000059
1250000029 1250000036
1250000087 1250000069
1250000089 1250000023
1250000043 1250000021
1250000066 1250000058
1250000061 1250000041
1250000073 1250000062
1250000010 1250000066
1250000045 1250000067
1250000033 1250000066
1250000061 1250000040
1250000029 1250000047
1250000042 1250000015
1250000009 1250000031
1250000078 1250000047
1250000052 1250000026
1250000035 1250000077
1250000009 1250000068
1250000080 1250000066
1250000077 1250000007
1250000035 1250000054
1250000092 1250000100
1250000048 1250000020
1250000079 1250000043
1250000033 1250000026
1250000019 1250000004
1250000061 1250000066
1250000052 1250000011
1250000031 1250000021
625000031 625000043
625000088 625000099
625000018 625000033
625000064 625000044
625000093 625000088
625000098 625000069
625000075 625000037
625000065 625000084
625000007 625000073
625000079 625000086
625000038 625000040
625000056 625000015
625000072 625000032
625000053 625000018
625000039 625000050
625000081 625000043
625000036 625000080
625000063 625000036
625000067 625000042
625000067 625000062
625000033 625000083
625000084 625000015
625000033 625000038
625000096 625000040
625000035 625000056
625000074 625000021
625000048 625000073
625000014 625000076
625000085 625000083
625000083 625000038
625000029 625000019
625000043 625000024
625000054 625000013
625000081 625000006
625000059 625000081
625000040 625000021
625000039 625000085
625000036 625000020
625000089 625000040
625000001 625000037
625000077 625000040
625000031 625000079
625000075 625000041
625000073 625000092
625000004 625000026
625000059 625000096
625000038 625000045
625000068 625000049
625000007 625000059
625000094 625000076
625000019 625000062
625000055 625000038
625000002 625000084
625000026 625000071
625000038 625000070
625000058 625000004
625000082 625000047
625000045 625000006
625000038 625000029
625000030 625000026
625000079 625000087
625000098 625000013
625000083 625000045
625000081 625000036
625000079 625000029
625000021 625000057
625000081 625000001
625000081 625000002
625000058 625000048
625000034 625000057
625000059 625000091
312500043 312500015
312500040 312500082
312500004 312500082
312500056 312500028
312500060 312500072
312500055 312500039
312500080 312500096
312500032 312500022
312500063 312500078
312500057 312500092
312500017 312500028
312500055 312500025
312500096 312500066
312500035 312500001
312500068 312500096
312500058 312500096
312500046 312500074
312500065 312500043
312500030 312500083
312500028 312500083
312500070 312500025
312500063 312500099
312500060 312500061
312500082 312500010
312500013 312500027
312500064 312500040
312500066 312500099
312500017 312500095
312500085 312500051
312500042 312500056
312500022 312500086
312500061 312500079
312500057 312500039
312500049 312500082
312500001 312500066
312500047 312500056
312500003 312500050
312500056 312500003
312500081 312500075
312500059 312500028
312500013 312500095
312500076 312500074
312500075 312500022
312500086 312500065
312500061 312500092
312500098 312500043
312500023 312500034
312500063 312500046
312500082 312500092
312500066 312500016
312500062 312500022
312500086 312500016
312500014 312500074
312500069 312500083
312500076 312500062
312500053 312500025
312500072 312500051
312500043 312500046
312500065 312500077
312500060 312500086
312500060 312500003
312500100 312500076
312500026 312500051
312500080 312500068
312500046 312500094
312500041 312500035
312500038 312500001
312500076 312500078
312500096 312500074
312500090 312500018
312500059 312500002
156250084 156250043
156250100 156250063
156250001 156250045
156250076 156250039
156250006 156250059
156250013 156250031
156250066 156250071
156250062 156250054
156250057 156250063
156250084 156250004
156250026 156250025
156250023 156250050
156250001 156250028
156250079 156250087
156250008 156250031
156250088 156250097
156250050 156250071
156250098 156250089
156250041 156250085
156250073 156250008
156250100 156250024
156250029 156250092
156250069 156250024
156250037 156250011
156250088 156250053
156250004 156250081
156250042 156250029
156250055 156250025
156250030 156250020
156250091 156250086
156250068 156250087
156250095 156250081
156250050 156250079
156250098 156250074
156250042 156250094
156250002 156250014
156250078 156250010
156250007 156250069
156250049 156250089
156250082 156250086
156250018 156250038
156250082 156250001
156250013 156250059
156250065 156250070
156250088 156250013
156250075 156250037
156250062 156250087
156250017 156250072
156250094 156250054
156250058 156250055
156250033 156250045
156250043 156250080
156250073 156250004
156250005 156250041
156250016 156250092
156250064 156250064
156250042 156250057
156250040 156250011
156250010 156250013
156250007 156250090
156250067 156250099
156250009 156250066
156250033 156250086
156250088 156250030
156250004 156250015
156250039 156250008
156250100 156250038
156250092 156250035
156250034 156250100
156250041 156250018
156250091 156250010
78125041 78125042
78125034 78125032
78125053 78125060
78125012 78125043
78125074 78125081
78125042 78125070
78125080 78125096
78125024 78125038
78125075 78125081
78125061 78125013
78125023 78125100
78125098 78125042
78125067 78125051
78125047 78125091
78125005 78125007
78125008 78125040
78125089 78125069
78125045 78125058
78125041 78125040
78125039 78125005
78125038 78125096
78125067 78125099
78125025 78125019
78125084 78125056
78125028 78125059
78125091 78125022
78125097 78125097
78125045 78125081
78125054 78125056
78125068 78125028
78125087 78125011
78125079 78125073
78125062 78125089
78125041 78125044
78125072 78125032
78125011 78125029
78125080 78125092
78125061 78125096
78125063 78125059
78125087 78125017
78125061 78125005
78125096 78125046
78125075 78125022
78125035 78125051
78125094 78125077
78125078 78125072
78125093 78125025
78125038 78125015
78125048 78125013
78125071 78125068
78125058 78125090
78125012 78125009
78125039 78125040
78125099 78125015
78125046 78125057
78125079 78125036
78125033 78125029
78125081 78125019
78125006 78125029
78125061 78125069
78125016 78125075
78125059 78125070
78125055 78125035
78125066 78125078
78125024 78125099
78125037 78125059
78125008 78125022
78125064 78125078
78125059 78125064
78125021 78125005
78125048 78125053
39062599 39062552
39062513 39062576
39062527 39062521
39062545 39062596
39062572 39062532
39062547 39062526
39062589 39062560
39062575 39062576
39062562 39062594
39062524 39062531
39062517 39062569
39062582 39062582
39062529 39062562
39062537 39062531
39062582 39062515
39062598 39062536
39062594 39062588
39062521 39062579
39062592 39062600
39062508 39062514
39062576 39062512
39062576 39062568
39062561 39062551
39062548 39062593
39062520 39062572
39062532 39062564
39062505 39062553
39062546 39062523
39062573 39062573
39062533 39062548
39062527 39062530
39062566 39062558
39062543 39062558
39062520 39062595
39062517 39062511
39062534 39062551
39062546 39062579
39062558 39062513
39062587 39062511
39062512 39062592
39062588 39062576
39062572 39062589
39062582 39062577
39062562 39062512
39062585 39062546
39062576 39062533
39062544 39062595
39062550 39062519
39062596 39062542
39062511 39062543
39062583 39062553
39062543 39062600
39062519 39062505
39062560 39062535
39062593 39062557
39062557 39062594
39062581 39062566
39062504 39062568
39062556 39062503
39062537 39062586
39062558 39062580
39062562 39062532
39062503 39062538
39062560 39062561
39062573 39062575
39062584 39062555
39062503 39062542
39062577 39062582
39062579 39062596
39062509 39062529
39062596 39062501
19531281 19531273
19531349 19531296
19531333 19531348
19531266 19531297
19531334 19531336
19531338 19531264
19531278 19531291
19531280 19531251
19531330 19531253
19531256 19531257
19531262 19531347
19531321 19531271
19531253 19531259
19531315 19531281
19531314 19531251
19531276 19531309
19531262 19531277
19531317 19531298
19531271 19531346
19531281 19531328
19531252 19531256
19531258 19531292
19531338 19531283
19531264 19531340
19531275 19531268
19531324 19531328
19531350 19531316
19531323 19531258
19531342 19531321
19531332 19531346
19531281 19531313
19531283 19531331
19531307 19531304
19531262 19531321
19531267 19531289
19531270 19531290
19531319 19531271
19531321 19531254
19531348 19531293
19531282 19531311
19531270 19531333
19531265 19531301
19531273 19531333
19531285 19531335
19531298 19531287
19531262 19531337
19531269 19531342
19531290 19531304
19531276 19531283
19531296 19531254
19531311 19531252
19531333 19531252
19531350 19531259
19531261 19531302
19531283 19531316
19531266 19531268
19531309 19531347
19531263 19531263
19531320 19531335
19531309 19531291
19531259 19531304
19531256 19531280
19531307 19531287
19531257 19531322
19531275 19531290
19531264 19531330
19531263 19531313
19531292 19531254
19531272 19531288
19531333 19531297
19531282 19531344
60 40
6 48
77 61
78 38
55 25
50 91
2 32
40 6
13 88
24 19
76 12
70 55
8 43
20 61
31 57
87 89
10 98
66 99
44 48
7 10
61 55
39 73
62 82
23 70
17 44
7 32
71 77
87 35
81 64
61 46
21 15
16 44
51 72
33 18
49 95
87 27
41 22
4 42
17 66
11 100
64 68
39 67
19 78
90 3
68 62
70 18
26 28
47 88
88 58
45 53
80 17
17 19
17 31
1 82
49 92
81 22
83 57
60 48
9 77
65 65
34 71
48 4
50 96
24 59
42 30
13 50
34 48
41 41
49 67
89 55
77 18
44 60
62 21
32 72
81 11
80 29
8 85
43 33
11 37
71 32
21 95
60 92
45 40
4 48
26 19
51 86
56 54
45 85
89 17
98 30
42 14
5 56
81 8
46 79
52 58
45 38
47 33
17 70
87 54
32 10
28 100
51 10
2 63
19 79
77 10
26 94
67 66
33 96
93 95
40 100
56 79
74 44
96 58
66 72
24 88
47 85
12 40
36 16
100 48
44 74
35 75
81 85
18 34
34 20
19 54
100 96
73 32
8 21
11 14
17 75
66 9
48 94
16 62
59 78
5 41
53 9
22 13
93 87
39 64
77 18
66 87
65 17
5 60
15 77
49 75
1 65
36 58
45 49
69 86
97 38
63 19
74 9
72 78
59 47
79 36
85 39
65 27
33 56
68 21
65 34
64 54
