# source: JorikJooken
# original path: jj_extract\knapsackProblemInstances-master\problemInstances\n_600_c_10000000000_g_10_f_0.1_eps_0.1_s_100\test.in
# optimal value: 9996097789
# format: n capacity, then weight value
600 10000000000
6000000064 6000000005
6000000028 6000000012
6000000074 6000000075
6000000041 6000000051
6000000005 6000000083
6000000072 6000000065
6000000009 6000000067
6000000077 6000000042
6000000083 6000000071
6000000067 6000000040
6000000077 6000000073
6000000044 6000000053
6000000050 6000000044
6000000078 6000000004
6000000093 6000000100
6000000088 6000000003
6000000081 6000000034
6000000077 6000000095
6000000098 6000000081
6000000094 6000000093
6000000039 6000000067
6000000071 6000000051
6000000022 6000000003
6000000039 6000000067
6000000067 6000000052
6000000094 6000000057
6000000083 6000000085
6000000095 6000000007
6000000010 6000000074
6000000097 6000000096
6000000034 6000000061
6000000022 6000000049
6000000063 6000000068
6000000003 6000000023
6000000078 6000000080
6000000096 6000000095
6000000026 6000000018
6000000079 6000000040
6000000034 6000000097
6000000061 6000000049
6000000083 6000000085
6000000014 6000000051
6000000056 6000000012
6000000069 6000000038
6000000055 6000000029
6000000054 6000000093
6000000021 6000000049
6000000024 6000000081
6000000006 6000000086
6000000003 6000000033
6000000020 6000000028
6000000022 6000000060
6000000037 6000000070
6000000025 6000000058
6000000051 6000000037
6000000013 6000000078
6000000091 6000000001
6000000062 6000000075
6000000015 6000000083
6000000018 6000000037
3500000091 3500000096
3500000098 3500000023
3500000001 3500000047
3500000029 3500000046
3500000064 3500000027
3500000059 3500000082
3500000070 3500000028
3500000032 3500000002
3500000023 3500000060
3500000046 3500000041
3500000075 3500000058
3500000090 3500000037
3500000055 3500000066
3500000041 3500000039
3500000096 3500000058
3500000083 3500000008
3500000034 3500000007
3500000043 3500000067
3500000079 3500000050
3500000082 3500000098
3500000091 3500000041
3500000018 3500000057
3500000011 3500000034
3500000043 3500000024
3500000007 3500000016
3500000007 3500000003
3500000041 3500000069
3500000019 3500000092
3500000081 3500000054
3500000070 3500000098
3500000076 3500000044
3500000019 3500000020
3500000083 3500000057
3500000072 3500000056
3500000061 3500000029
3500000079 3500000008
3500000034 3500000036
3500000051 3500000029
3500000016 3500000013
3500000075 3500000095
3500000031 3500000052
3500000076 3500000047
3500000032 3500000009
3500000088 3500000026
3500000018 3500000026
3500000005 3500000020
3500000068 3500000004
3500000084 3500000020
3500000073 3500000065
3500000061 3500000098
3500000006 3500000088
3500000037 3500000063
3500000002 3500000011
3500000006 3500000043
3500000075 3500000025
3500000055 3500000029
3500000039 3500000017
3500000094 3500000058
3500000065 3500000028
3500000016 3500000025
2250000041 2250000058
2250000044 2250000084
2250000047 2250000043
2250000063 2250000080
2250000017 2250000052
2250000050 2250000038
2250000006 2250000055
2250000090 2250000013
2250000018 2250000018
2250000080 2250000063
2250000027 2250000059
2250000033 2250000050
2250000039 2250000056
2250000090 2250000099
2250000039 2250000029
2250000020 2250000046
2250000033 2250000055
2250000016 2250000018
2250000083 2250000057
2250000063 2250000015
2250000057 2250000042
2250000017 2250000002
2250000099 2250000032
2250000030 2250000043
2250000045 2250000019
2250000019 2250000043
2250000023 2250000011
2250000041 2250000015
2250000067 2250000084
2250000082 2250000096
2250000010 2250000042
2250000001 2250000036
2250000084 2250000041
2250000051 2250000002
2250000092 2250000099
2250000061 2250000035
2250000013 2250000020
2250000002 2250000069
2250000091 2250000069
2250000098 2250000049
2250000077 2250000002
2250000088 2250000035
2250000062 2250000083
2250000031 2250000083
2250000060 2250000065
2250000059 2250000016
2250000057 2250000001
2250000083 2250000033
2250000013 2250000051
2250000031 2250000063
2250000018 2250000033
2250000016 2250000061
2250000084 2250000068
2250000010 2250000041
2250000039 2250000009
2250000027 2250000058
2250000032 2250000053
2250000009 2250000079
2250000073 2250000036
2250000065 2250000074
1625000082 1625000047
1625000065 1625000074
1625000057 1625000092
1625000013 1625000038
1625000075 1625000011
1625000046 1625000008
1625000034 1625000061
1625000089 1625000094
1625000064 1625000008
1625000092 1625000053
1625000067 1625000050
1625000003 1625000055
1625000006 1625000020
1625000056 1625000085
1625000099 1625000034
1625000032 1625000022
1625000028 1625000054
1625000041 1625000060
1625000012 1625000004
1625000016 1625000005
1625000033 1625000034
1625000080 1625000075
1625000085 1625000030
1625000002 1625000021
1625000031 1625000088
1625000034 1625000080
1625000081 1625000065
1625000027 1625000070
1625000011 1625000046
1625000060 1625000087
1625000012 1625000040
1625000081 1625000061
1625000043 1625000006
1625000072 1625000043
1625000002 1625000041
1625000077 1625000082
1625000022 1625000085
1625000043 1625000041
1625000099 1625000023
1625000071 1625000082
1625000009 1625000064
1625000050 1625000009
1625000086 1625000034
1625000049 1625000061
1625000006 1625000074
1625000042 1625000082
1625000079 1625000091
1625000075 1625000070
1625000078 1625000031
1625000092 1625000022
1625000044 1625000026
1625000012 1625000096
1625000054 1625000065
1625000067 1625000037
1625000069 1625000074
1625000049 1625000033
1625000016 1625000057
1625000044 1625000063
1625000090 1625000033
1625000029 1625000095
1312500089 1312500002
1312500076 1312500023
1312500080 1312500074
1312500080 1312500016
1312500029 1312500032
1312500092 1312500054
1312500084 1312500094
1312500099 1312500100
1312500084 1312500011
1312500082 1312500093
1312500087 1312500080
1312500067 1312500070
1312500061 1312500094
1312500093 1312500057
1312500063 1312500029
1312500004 1312500049
1312500016 1312500069
1312500073 1312500031
1312500098 1312500037
1312500047 1312500052
1312500021 1312500087
1312500090 1312500060
1312500015 1312500056
1312500051 1312500071
1312500072 1312500073
1312500021 1312500025
1312500088 1312500071
1312500064 1312500071
1312500059 1312500040
1312500049 1312500091
1312500080 1312500046
1312500002 1312500038
1312500022 1312500068
1312500015 1312500091
1312500089 1312500070
1312500060 1312500045
1312500062 1312500066
1312500098 1312500043
1312500061 1312500012
1312500063 1312500023
1312500092 1312500012
1312500065 1312500093
1312500016 1312500078
1312500018 1312500096
1312500045 1312500081
1312500052 1312500052
1312500024 1312500087
1312500010 1312500097
1312500031 1312500061
1312500065 1312500007
1312500070 1312500020
1312500053 1312500022
1312500034 1312500069
1312500022 1312500008
1312500076 1312500085
1312500001 1312500016
1312500036 1312500060
1312500077 1312500025
1312500088 1312500048
1312500067 1312500093
1156250061 1156250045
1156250100 1156250065
1156250031 1156250080
1156250025 1156250099
1156250048 1156250092
1156250070 1156250030
1156250048 1156250080
1156250066 1156250048
1156250012 1156250082
1156250046 1156250073
1156250014 1156250007
1156250006 1156250029
1156250046 1156250040
1156250093 1156250043
1156250029 1156250001
1156250032 1156250025
1156250066 1156250076
1156250076 1156250046
1156250016 1156250085
1156250013 1156250022
1156250039 1156250058
1156250078 1156250071
1156250004 1156250007
1156250073 1156250032
1156250096 1156250088
1156250075 1156250018
1156250058 1156250100
1156250003 1156250030
1156250013 1156250098
1156250006 1156250075
1156250070 1156250072
1156250042 1156250024
1156250041 1156250070
1156250039 1156250076
1156250075 1156250055
1156250066 1156250095
1156250060 1156250073
1156250005 1156250038
1156250100 1156250018
1156250099 1156250017
1156250043 1156250006
1156250063 1156250002
1156250032 1156250023
1156250042 1156250024
1156250063 1156250008
1156250077 1156250003
1156250026 1156250018
1156250057 1156250014
1156250090 1156250031
1156250079 1156250062
1156250085 1156250097
1156250017 1156250050
1156250027 1156250067
1156250024 1156250041
1156250055 1156250029
1156250017 1156250032
1156250065 1156250065
1156250048 1156250050
1156250048 1156250006
1156250010 1156250039
1078125098 1078125029
1078125007 1078125090
1078125022 1078125090
1078125093 1078125036
1078125027 1078125043
1078125038 1078125053
1078125008 1078125030
1078125011 1078125096
1078125079 1078125063
1078125019 1078125042
1078125043 1078125066
1078125074 1078125015
1078125098 1078125008
1078125013 1078125065
1078125078 1078125055
1078125075 1078125048
1078125064 1078125041
1078125066 1078125002
1078125084 1078125054
1078125036 1078125028
1078125027 1078125034
1078125072 1078125022
1078125038 1078125074
1078125053 1078125010
1078125092 1078125066
1078125041 1078125032
1078125074 1078125057
1078125030 1078125062
1078125091 1078125073
1078125047 1078125050
1078125064 1078125012
1078125088 1078125011
1078125018 1078125013
1078125089 1078125001
1078125013 1078125034
1078125013 1078125051
1078125069 1078125021
1078125075 1078125017
1078125059 1078125047
1078125072 1078125076
1078125019 1078125026
1078125051 1078125025
1078125091 1078125096
1078125061 1078125043
1078125088 1078125037
1078125004 1078125087
1078125031 1078125057
1078125055 1078125044
1078125029 1078125100
1078125099 1078125032
1078125099 1078125006
1078125031 1078125062
1078125085 1078125047
1078125077 1078125012
1078125060 1078125034
1078125079 1078125044
1078125033 1078125006
1078125098 1078125021
1078125083 1078125057
1078125019 1078125038
1039062533 1039062574
1039062519 1039062553
1039062562 1039062590
1039062598 1039062575
1039062594 1039062560
1039062579 1039062507
1039062530 1039062557
1039062539 1039062590
1039062599 1039062558
1039062569 1039062542
1039062584 1039062570
1039062526 1039062582
1039062537 1039062532
1039062575 1039062559
1039062594 1039062561
1039062536 1039062509
1039062534 1039062568
1039062585 1039062593
1039062588 1039062550
1039062576 1039062587
1039062559 1039062573
1039062549 1039062576
1039062503 1039062598
1039062547 1039062572
1039062582 1039062567
1039062573 1039062507
1039062556 1039062567
1039062564 1039062557
1039062528 1039062521
1039062557 1039062522
1039062541 1039062537
1039062550 1039062502
1039062544 1039062522
1039062588 1039062518
1039062593 1039062585
1039062516 1039062560
1039062548 1039062575
1039062505 1039062525
1039062590 1039062535
1039062587 1039062515
1039062553 1039062512
1039062582 1039062597
1039062562 1039062539
1039062528 1039062517
1039062528 1039062521
1039062570 1039062549
1039062506 1039062546
1039062538 1039062502
1039062582 1039062587
1039062508 1039062526
1039062532 1039062563
1039062579 1039062575
1039062589 1039062582
1039062546 1039062579
1039062565 1039062506
1039062525 1039062551
1039062517 1039062591
1039062600 1039062501
1039062513 1039062590
1039062565 1039062561
1019531328 1019531348
1019531349 1019531273
1019531301 1019531296
1019531260 1019531292
1019531341 1019531313
1019531340 1019531322
1019531304 1019531278
1019531303 1019531300
1019531268 1019531264
1019531326 1019531253
1019531274 1019531337
1019531337 1019531347
1019531316 1019531350
1019531303 1019531258
1019531279 1019531264
1019531323 1019531277
1019531332 1019531282
1019531305 1019531336
1019531303 1019531258
1019531278 1019531303
1019531251 1019531257
1019531333 1019531317
1019531295 1019531320
1019531313 1019531268
1019531296 1019531296
1019531288 1019531274
1019531343 1019531266
1019531283 1019531286
1019531283 1019531300
1019531276 1019531326
1019531262 1019531263
1019531276 1019531315
1019531348 1019531302
1019531341 1019531335
1019531303 1019531314
1019531305 1019531252
1019531341 1019531291
1019531253 1019531317
1019531330 1019531342
1019531349 1019531325
1019531257 1019531331
1019531349 1019531290
1019531284 1019531330
1019531301 1019531349
1019531278 1019531289
1019531320 1019531321
1019531306 1019531341
1019531279 1019531307
1019531303 1019531309
1019531292 1019531271
1019531279 1019531270
1019531282 1019531256
1019531264 1019531305
1019531350 1019531332
1019531327 1019531338
1019531297 1019531301
1019531343 1019531344
1019531284 1019531253
1019531277 1019531317
1019531292 1019531277
45 41
50 91
73 77
99 49
17 43
61 14
40 27
87 73
3 47
73 10
9 5
66 51
47 2
28 90
28 34
7 28
71 62
2 41
18 81
25 58
11 90
52 56
66 80
7 94
36 100
90 38
46 54
58 90
67 24
95 65
18 10
88 43
90 20
96 30
45 51
42 51
70 80
19 85
43 80
82 1
31 90
11 27
53 47
69 35
99 52
41 82
45 40
87 42
85 84
28 63
9 48
25 41
36 23
85 68
42 63
99 63
53 85
63 40
31 15
65 75
