# source: JorikJooken
# original path: jj_extract\knapsackProblemInstances-master\problemInstances\n_400_c_10000000000_g_2_f_0.2_eps_0_s_100\test.in
# optimal value: 5000003964
# format: n capacity, then weight value
400 10000000000
5000000010 5000000092
5000000019 5000000042
5000000011 5000000029
5000000018 5000000086
5000000074 5000000025
5000000044 5000000079
5000000030 5000000019
5000000021 5000000058
5000000041 5000000010
5000000015 5000000010
5000000073 5000000075
5000000021 5000000027
5000000033 5000000100
5000000085 5000000028
5000000098 5000000056
5000000042 5000000075
5000000010 5000000032
5000000069 5000000074
5000000092 5000000042
5000000061 5000000044
5000000071 5000000018
5000000045 5000000051
5000000017 5000000039
5000000064 5000000047
5000000098 5000000081
5000000093 5000000001
5000000092 5000000069
5000000079 5000000083
5000000068 5000000057
5000000062 5000000038
5000000045 5000000093
5000000012 5000000019
5000000077 5000000005
5000000061 5000000038
5000000089 5000000069
5000000094 5000000075
5000000078 5000000084
5000000030 5000000099
5000000085 5000000086
5000000015 5000000077
5000000078 5000000058
5000000068 5000000030
5000000082 5000000025
5000000036 5000000091
5000000048 5000000022
5000000052 5000000070
5000000097 5000000016
5000000035 5000000100
5000000032 5000000057
5000000018 5000000026
5000000047 5000000089
5000000065 5000000037
5000000033 5000000058
5000000097 5000000065
5000000044 5000000010
5000000086 5000000011
5000000064 5000000005
5000000043 5000000051
5000000034 5000000082
5000000095 5000000067
5000000017 5000000076
5000000032 5000000091
5000000038 5000000076
5000000072 5000000033
5000000075 5000000031
5000000042 5000000090
5000000002 5000000051
5000000035 5000000001
5000000100 5000000072
5000000059 5000000069
5000000002 5000000072
5000000068 5000000007
5000000036 5000000071
5000000044 5000000012
5000000014 5000000013
5000000086 5000000002
5000000085 5000000045
5000000057 5000000034
5000000023 5000000064
5000000035 5000000093
5000000068 5000000078
5000000040 5000000019
5000000051 5000000051
5000000031 5000000070
5000000031 5000000021
5000000011 5000000098
5000000049 5000000095
5000000019 5000000044
5000000048 5000000030
5000000035 5000000011
5000000085 5000000060
5000000074 5000000070
5000000034 5000000058
5000000009 5000000089
5000000027 5000000096
5000000090 5000000086
5000000061 5000000019
5000000033 5000000050
5000000068 5000000010
5000000072 5000000076
5000000038 5000000058
5000000008 5000000026
5000000029 5000000098
5000000099 5000000026
5000000079 5000000009
5000000047 5000000027
5000000055 5000000035
5000000023 5000000052
5000000086 5000000052
5000000087 5000000025
5000000093 5000000042
5000000089 5000000053
5000000094 5000000016
5000000011 5000000074
5000000080 5000000077
5000000051 5000000088
5000000026 5000000046
5000000085 5000000033
5000000028 5000000071
5000000065 5000000088
5000000028 5000000056
5000000088 5000000059
5000000009 5000000091
5000000031 5000000081
5000000071 5000000018
5000000064 5000000021
5000000055 5000000029
5000000007 5000000054
5000000087 5000000014
5000000029 5000000086
5000000034 5000000029
5000000077 5000000089
5000000031 5000000013
5000000046 5000000049
5000000029 5000000056
5000000024 5000000055
5000000071 5000000062
5000000051 5000000007
5000000005 5000000036
5000000046 5000000045
5000000041 5000000049
5000000022 5000000080
5000000086 5000000089
5000000097 5000000002
5000000035 5000000096
5000000036 5000000095
5000000099 5000000084
5000000004 5000000034
5000000008 5000000042
5000000065 5000000014
5000000056 5000000025
5000000034 5000000001
5000000025 5000000076
5000000041 5000000068
5000000039 5000000066
5000000100 5000000002
5000000025 5000000030
5000000083 5000000069
5000000027 5000000035
5000000063 5000000062
5000000024 5000000012
5000000016 5000000038
5000000056 5000000075
5000000076 5000000002
5000000024 5000000060
5000000013 5000000072
5000000061 5000000090
5000000011 5000000070
5000000001 5000000015
5000000085 5000000091
5000000043 5000000099
5000000065 5000000010
5000000081 5000000087
5000000048 5000000083
5000000086 5000000007
5000000063 5000000075
5000000010 5000000018
5000000028 5000000092
5000000022 5000000097
5000000011 5000000080
5000000045 5000000069
5000000064 5000000056
5000000066 5000000013
5000000010 5000000053
5000000063 5000000071
5000000029 5000000014
5000000060 5000000042
5000000022 5000000074
5000000062 5000000059
5000000022 5000000045
5000000015 5000000034
5000000072 5000000003
5000000086 5000000012
5000000001 5000000055
5000000059 5000000023
5000000049 5000000037
5000000027 5000000068
5000000048 5000000097
5000000041 5000000013
5000000020 5000000009
5000000097 5000000049
5000000098 5000000059
5000000074 5000000024
5000000094 5000000076
5000000063 5000000004
5000000091 5000000013
5000000005 5000000057
5000000059 5000000002
5000000045 5000000095
5000000079 5000000025
5000000067 5000000089
5000000025 5000000018
5000000008 5000000048
5000000027 5000000079
5000000071 5000000100
5000000063 5000000091
5000000048 5000000073
5000000010 5000000055
5000000047 5000000072
5000000011 5000000052
5000000002 5000000077
5000000004 5000000037
5000000100 5000000043
5000000040 5000000095
5000000075 5000000011
5000000020 5000000023
5000000079 5000000051
5000000044 5000000008
5000000043 5000000088
5000000054 5000000069
5000000054 5000000023
5000000039 5000000071
5000000067 5000000025
5000000045 5000000062
5000000099 5000000059
5000000033 5000000010
5000000077 5000000051
5000000050 5000000064
5000000024 5000000028
5000000027 5000000024
5000000077 5000000087
5000000069 5000000048
5000000038 5000000005
5000000060 5000000052
5000000046 5000000065
5000000095 5000000036
5000000007 5000000032
5000000069 5000000098
5000000019 5000000005
5000000050 5000000072
5000000085 5000000035
5000000020 5000000088
5000000081 5000000071
5000000073 5000000074
5000000079 5000000091
5000000015 5000000084
5000000076 5000000024
5000000087 5000000061
5000000056 5000000003
5000000019 5000000097
5000000011 5000000085
5000000089 5000000027
5000000060 5000000085
5000000092 5000000001
5000000008 5000000057
5000000056 5000000041
5000000036 5000000084
5000000045 5000000019
5000000052 5000000072
5000000049 5000000082
5000000053 5000000097
5000000007 5000000093
5000000061 5000000036
5000000099 5000000087
5000000053 5000000054
5000000086 5000000085
5000000090 5000000015
5000000004 5000000007
5000000081 5000000016
5000000048 5000000034
5000000056 5000000036
5000000093 5000000079
5000000083 5000000011
5000000027 5000000028
5000000059 5000000021
5000000099 5000000085
5000000007 5000000019
5000000072 5000000043
5000000089 5000000097
5000000002 5000000013
5000000087 5000000041
5000000013 5000000048
5000000033 5000000081
5000000080 5000000002
5000000094 5000000057
5000000010 5000000017
5000000059 5000000082
5000000090 5000000076
5000000008 5000000077
5000000001 5000000051
5000000077 5000000003
5000000066 5000000019
5000000081 5000000081
5000000005 5000000055
5000000061 5000000009
5000000076 5000000061
5000000087 5000000011
5000000065 5000000045
5000000093 5000000060
5000000045 5000000044
5000000088 5000000058
5000000017 5000000076
5000000069 5000000026
5000000025 5000000052
5000000039 5000000009
5000000038 5000000006
5000000096 5000000058
5000000100 5000000083
5000000058 5000000007
5000000041 5000000059
23 88
31 88
56 67
55 28
44 93
1 90
6 84
27 29
13 26
59 79
12 6
60 13
60 44
79 66
10 96
23 7
80 47
38 45
18 41
88 15
87 4
64 6
68 75
79 47
45 35
14 35
37 15
81 91
23 26
33 83
10 87
93 35
19 46
8 81
61 61
71 37
19 11
68 66
46 4
80 73
21 69
20 58
46 53
95 3
66 16
43 88
80 20
64 24
52 17
46 36
28 44
65 29
97 83
30 3
48 65
75 53
30 37
2 86
34 4
79 68
79 22
51 2
52 76
76 83
81 5
20 59
34 30
56 93
47 64
16 66
15 34
61 48
92 38
71 55
15 75
15 88
67 61
85 76
7 27
37 36
