# source: JorikJooken
# original path: jj_extract\knapsackProblemInstances-master\problemInstances\n_800_c_10000000000_g_14_f_0.2_eps_0.01_s_100\test.in
# format: n capacity, then weight value
800 10000000000
5100000055 5100000031
5100000017 5100000008
5100000047 5100000061
5100000007 5100000036
5100000086 5100000094
5100000010 5100000001
5100000016 5100000068
5100000028 5100000088
5100000056 5100000035
5100000081 5100000052
5100000035 5100000064
5100000058 5100000094
5100000046 5100000047
5100000085 5100000059
5100000055 5100000039
5100000021 5100000016
5100000028 5100000076
5100000042 5100000098
5100000055 5100000042
5100000028 5100000061
5100000024 5100000052
5100000045 5100000081
5100000051 5100000053
5100000059 5100000026
5100000015 5100000087
5100000100 5100000025
5100000016 5100000006
5100000037 5100000086
5100000060 5100000078
5100000063 5100000029
5100000010 5100000030
5100000062 5100000066
5100000018 5100000071
5100000100 5100000057
5100000033 5100000063
5100000062 5100000084
5100000047 5100000022
5100000055 5100000083
5100000025 5100000088
5100000066 5100000022
5100000016 5100000069
5100000078 5100000017
5100000012 5100000004
5100000021 5100000001
5100000035 5100000093
5100000014 5100000036
5100000002 5100000086
5100000057 5100000074
5100000084 5100000018
2600000038 2600000072
2600000009 2600000030
2600000008 2600000002
2600000009 2600000027
2600000095 2600000075
2600000095 2600000050
2600000075 2600000001
2600000026 2600000019
2600000059 2600000048
2600000011 2600000004
2600000074 2600000030
2600000053 2600000006
2600000061 2600000050
2600000099 2600000021
2600000099 2600000001
2600000039 2600000016
2600000024 2600000085
2600000052 2600000072
2600000024 2600000046
2600000002 2600000082
2600000052 2600000048
2600000048 2600000075
2600000034 2600000072
2600000056 2600000086
2600000055 2600000017
2600000009 2600000051
2600000091 2600000015
2600000056 2600000047
2600000082 2600000086
2600000081 2600000017
2600000007 2600000039
2600000011 2600000040
2600000071 2600000025
2600000083 2600000017
2600000043 2600000042
2600000007 2600000001
2600000018 2600000031
2600000017 2600000005
2600000093 2600000098
2600000073 2600000073
2600000025 2600000056
2600000046 2600000067
2600000003 2600000013
2600000025 2600000021
2600000016 2600000054
2600000061 2600000005
2600000079 2600000078
2600000078 2600000075
2600000005 2600000019
1350000053 1350000051
1350000095 1350000002
1350000053 1350000045
1350000036 1350000044
1350000078 1350000091
1350000038 1350000076
1350000073 1350000093
1350000001 1350000073
1350000029 1350000028
1350000091 1350000069
1350000085 1350000061
1350000050 1350000073
1350000045 1350000091
1350000041 1350000100
1350000022 1350000058
1350000021 1350000012
1350000001 1350000040
1350000063 1350000043
1350000051 1350000084
1350000100 1350000030
1350000036 1350000084
1350000051 1350000072
1350000040 1350000054
1350000048 1350000048
1350000055 1350000087
1350000022 1350000070
1350000085 1350000062
1350000047 1350000018
1350000097 1350000016
1350000018 1350000019
1350000022 1350000021
1350000064 1350000025
1350000033 1350000048
1350000047 1350000032
1350000082 1350000066
1350000087 1350000082
1350000045 1350000032
1350000091 1350000083
1350000067 1350000052
1350000069 1350000097
1350000075 1350000069
1350000009 1350000095
1350000024 1350000099
1350000070 1350000034
1350000094 1350000002
1350000032 1350000083
1350000019 1350000085
1350000040 1350000002
1350000025 1350000039
725000072 725000096
725000049 725000089
725000016 725000041
725000035 725000038
725000080 725000049
725000091 725000055
725000013 725000030
725000018 725000049
725000004 725000017
725000094 725000065
725000017 725000021
725000066 725000067
725000033 725000061
725000005 725000004
725000026 725000044
725000072 725000034
725000058 725000035
725000069 725000011
725000009 725000048
725000090 725000043
725000067 725000036
725000073 725000071
725000004 725000096
725000094 725000010
725000029 725000016
725000034 725000088
725000058 725000005
725000071 725000005
725000020 725000084
725000099 725000023
725000007 725000078
725000028 725000071
725000073 725000053
725000026 725000005
725000032 725000081
725000084 725000001
725000043 725000022
725000075 725000068
725000001 725000014
725000002 725000075
725000014 725000016
725000094 725000066
725000079 725000043
725000095 725000075
725000094 725000007
725000064 725000057
725000060 725000040
725000014 725000073
725000069 725000026
412500025 412500019
412500064 412500091
412500064 412500049
412500065 412500065
412500096 412500054
412500036 412500015
412500032 412500075
412500017 412500089
412500015 412500001
412500069 412500062
412500085 412500012
412500007 412500019
412500072 412500011
412500048 412500085
412500078 412500031
412500086 412500014
412500068 412500032
412500086 412500060
412500004 412500034
412500005 412500082
412500023 412500028
412500095 412500038
412500012 412500034
412500066 412500019
412500071 412500090
412500026 412500008
412500050 412500095
412500021 412500071
412500059 412500061
412500094 412500068
412500042 412500065
412500044 412500037
412500027 412500039
412500049 412500089
412500033 412500002
412500012 412500057
412500059 412500036
412500028 412500024
412500093 412500015
412500071 412500091
412500030 412500044
412500052 412500067
412500033 412500070
412500018 412500092
412500072 412500008
412500097 412500091
412500010 412500075
412500089 412500026
412500073 412500028
256250026 256250068
256250083 256250071
256250058 256250008
256250029 256250066
256250065 256250057
256250034 256250006
256250017 256250027
256250036 256250087
256250100 256250069
256250089 256250015
256250007 256250089
256250037 256250011
256250014 256250043
256250041 256250091
256250094 256250095
256250008 256250046
256250028 256250043
256250030 256250082
256250072 256250074
256250068 256250069
256250094 256250089
256250079 256250011
256250092 256250031
256250011 256250058
256250078 256250019
256250003 256250010
256250072 256250066
256250060 256250008
256250066 256250023
256250055 256250083
256250100 256250057
256250008 256250096
256250063 256250034
256250087 256250083
256250023 256250092
256250008 256250033
256250068 256250090
256250016 256250066
256250021 256250080
256250015 256250055
256250061 256250039
256250037 256250019
256250093 256250088
256250029 256250045
256250093 256250097
256250006 256250035
256250097 256250097
256250082 256250003
256250008 256250090
178125037 178125063
178125027 178125029
178125050 178125088
178125060 178125095
178125033 178125093
178125064 178125013
178125016 178125043
178125035 178125008
178125013 178125085
178125070 178125029
178125068 178125058
178125006 178125038
178125035 178125005
178125036 178125021
178125067 178125028
178125059 178125089
178125027 178125065
178125049 178125080
178125062 178125086
178125056 178125031
178125085 178125018
178125020 178125033
178125063 178125035
178125088 178125046
178125053 178125064
178125020 178125098
178125044 178125015
178125073 178125040
178125050 178125065
178125071 178125021
178125097 178125053
178125012 178125047
178125065 178125041
178125014 178125043
178125043 178125066
178125086 178125036
178125083 178125073
178125023 178125054
178125033 178125034
178125090 178125005
178125085 178125050
178125058 178125020
178125042 178125015
178125076 178125049
178125055 178125022
178125092 178125100
178125075 178125076
178125005 178125048
178125028 178125090
139062545 139062586
139062529 139062527
139062567 139062554
139062552 139062594
139062562 139062556
139062538 139062505
139062598 139062529
139062574 139062525
139062532 139062569
139062537 139062543
139062536 139062566
139062600 139062538
139062570 139062539
139062532 139062577
139062524 139062523
139062540 139062552
139062526 139062577
139062556 139062591
139062565 139062536
139062527 139062521
139062586 139062583
139062503 139062551
139062515 139062585
139062578 139062600
139062530 139062515
139062535 139062535
139062564 139062596
139062576 139062559
139062527 139062587
139062553 139062597
139062547 139062509
139062537 139062507
139062542 139062532
139062580 139062527
139062557 139062506
139062533 139062550
139062512 139062572
139062557 139062590
139062570 139062535
139062538 139062535
139062549 139062580
139062548 139062549
139062565 139062574
139062591 139062571
139062569 139062517
139062522 139062533
139062563 139062540
139062564 139062594
139062513 139062538
119531299 119531300
119531299 119531253
119531322 119531260
119531345 119531251
119531337 119531257
119531297 119531312
119531310 119531317
119531304 119531329
119531297 119531305
119531292 119531329
119531291 119531332
119531296 119531330
119531258 119531278
119531304 119531293
119531323 119531335
119531341 119531301
119531279 119531270
119531322 119531300
119531332 119531309
119531254 119531258
119531325 119531307
119531311 119531318
119531279 119531305
119531286 119531325
119531321 119531318
119531335 119531300
119531300 119531342
119531317 119531288
119531329 119531337
119531281 119531321
119531342 119531258
119531251 119531266
119531276 119531273
119531307 119531342
119531251 119531343
119531289 119531309
119531268 119531290
119531328 119531295
119531264 119531301
119531252 119531340
119531270 119531332
119531260 119531292
119531266 119531274
119531348 119531322
119531323 119531263
119531291 119531309
119531293 119531311
119531294 119531289
119531251 119531297
109765720 109765676
109765655 109765665
109765670 109765681
109765673 109765639
109765636 109765645
109765706 109765704
109765687 109765675
109765661 109765686
109765666 109765721
109765686 109765701
109765672 109765653
109765710 109765639
109765661 109765633
109765716 109765663
109765708 109765695
109765653 109765667
109765722 109765683
109765642 109765705
109765693 109765634
109765659 109765712
109765714 109765681
109765709 109765678
109765665 109765685
109765671 109765653
109765654 109765688
109765696 109765682
109765646 109765626
109765648 109765649
109765700 109765718
109765707 109765700
109765697 109765646
109765675 109765641
109765659 109765658
109765661 109765635
109765712 109765667
109765657 109765694
109765671 109765690
109765697 109765687
109765669 109765635
109765708 109765645
109765710 109765649
109765657 109765650
109765695 109765629
109765630 109765644
109765664 109765689
109765653 109765674
109765648 109765698
109765675 109765634
109765699 109765643
104882834 104882892
104882833 104882853
104882908 104882858
104882908 104882881
104882833 104882859
104882881 104882859
104882817 104882837
104882855 104882856
104882872 104882857
104882875 104882912
104882862 104882831
104882907 104882828
104882909 104882868
104882849 104882822
104882863 104882878
104882867 104882887
104882855 104882873
104882885 104882851
104882872 104882896
104882849 104882895
104882904 104882867
104882820 104882903
104882880 104882905
104882813 104882864
104882863 104882842
104882879 104882839
104882879 104882859
104882858 104882833
104882910 104882890
104882899 104882881
104882908 104882886
104882855 104882877
104882894 104882871
104882848 104882886
104882851 104882857
104882908 104882817
104882874 104882825
104882841 104882909
104882861 104882911
104882909 104882905
104882825 104882837
104882886 104882818
104882907 104882817
104882839 104882888
104882896 104882874
104882845 104882885
104882854 104882815
104882849 104882861
104882903 104882882
102441426 102441469
102441425 102441415
102441437 102441458
102441465 102441481
102441479 102441466
102441436 102441420
102441408 102441420
102441502 102441504
102441490 102441413
102441425 102441422
102441411 102441499
102441444 102441470
102441468 102441409
102441464 102441438
102441468 102441410
102441453 102441463
102441425 102441444
102441414 102441494
102441409 102441424
102441505 102441496
102441424 102441420
102441439 102441433
102441442 102441446
102441499 102441490
102441437 102441447
102441500 102441477
102441415 102441432
102441456 102441475
102441503 102441427
102441444 102441482
102441456 102441462
102441463 102441425
102441446 102441480
102441463 102441413
102441417 102441493
102441500 102441427
102441423 102441506
102441472 102441462
102441471 102441480
102441470 102441455
102441445 102441429
102441427 102441472
102441442 102441468
102441427 102441449
102441425 102441441
102441495 102441431
102441461 102441408
102441476 102441464
102441473 102441440
101220742 101220760
101220710 101220782
101220750 101220736
101220767 101220739
101220721 101220732
101220800 101220773
101220730 101220722
101220745 101220799
101220724 101220788
101220728 101220757
101220778 101220727
101220788 101220746
101220762 101220767
101220754 101220783
101220768 101220712
101220800 101220799
101220790 101220767
101220797 101220734
101220761 101220733
101220729 101220706
101220736 101220742
101220785 101220744
101220736 101220714
101220707 101220785
101220734 101220776
101220735 101220765
101220709 101220711
101220719 101220793
101220782 101220766
101220759 101220781
101220781 101220759
101220726 101220705
101220789 101220723
101220783 101220758
101220793 101220782
101220778 101220746
101220719 101220727
101220724 101220748
101220705 101220716
101220749 101220756
101220774 101220735
101220747 101220802
101220704 101220735
101220720 101220767
101220788 101220762
101220745 101220776
101220796 101220725
101220720 101220709
101220769 101220733
39 28
75 61
44 96
69 64
18 6
60 39
74 5
43 58
15 65
81 95
92 15
77 1
78 24
96 10
39 24
93 38
88 70
5 54
100 37
69 71
70 37
1 30
53 77
14 44
73 74
92 96
75 40
52 58
16 32
49 39
30 85
44 52
44 79
61 53
94 24
92 77
26 77
82 63
51 9
75 21
86 73
89 97
69 75
90 38
64 94
11 8
24 29
20 6
40 11
84 48
37 52
94 60
25 92
11 34
6 50
15 71
21 23
20 76
78 27
50 90
83 77
77 46
92 91
3 23
7 72
4 41
83 36
46 36
31 39
65 74
52 30
43 9
23 13
92 78
81 16
9 4
10 11
67 25
79 81
96 98
90 13
58 10
26 30
54 100
36 32
30 73
50 79
48 96
84 45
42 48
4 71
57 99
29 70
44 23
40 23
24 78
36 44
77 94
51 58
2 100
58 48
33 56
50 83
71 14
70 70
14 92
74 94
90 75
66 31
81 42
69 7
31 67
30 40
82 98
16 98
26 8
20 23
59 58
60 72
18 5
99 90
37 29
28 64
21 21
59 73
1 96
69 79
81 93
2 23
41 70
32 19
8 12
43 44
36 13
36 51
22 51
28 60
22 10
41 12
22 16
74 59
91 51
48 48
53 30
62 30
42 53
43 40
14 36
29 34
26 82
80 27
27 74
10 61
42 33
92 99
70 24
18 97
29 89
33 68
11 90
56 52
2 1
17 39
