# source: JorikJooken
# original path: jj_extract\knapsackProblemInstances-master\problemInstances\n_1000_c_1000000_g_14_f_0.1_eps_0.1_s_200\test.in
# optimal value: 1005265
# format: n capacity, then weight value
1000 1000000
600019 600013
600115 600003
600120 600055
600196 600124
600085 600055
600069 600016
600076 600114
600131 600183
600150 600017
600188 600177
600104 600101
600022 600006
600081 600173
600180 600115
600159 600110
600006 600139
600168 600030
600097 600166
600039 600030
600179 600172
600198 600045
600022 600188
600069 600137
600091 600173
600169 600134
600004 600096
600069 600051
600191 600023
600112 600167
600103 600106
600081 600193
600192 600139
600006 600182
600064 600189
600001 600082
600011 600042
600163 600188
600161 600104
600085 600028
600114 600183
600016 600137
600144 600183
600171 600164
600134 600053
600030 600080
600104 600150
600142 600112
600177 600103
600122 600022
600118 600036
600106 600044
600146 600002
600187 600056
600058 600173
600180 600143
600059 600152
600032 600190
600119 600191
600178 600161
600136 600169
600007 600112
600195 600079
600029 600149
600020 600052
600151 600189
600001 600031
600115 600060
600155 600109
600031 600136
350013 350187
350136 350013
350002 350152
350033 350141
350176 350030
350188 350023
350026 350075
350020 350163
350032 350037
350107 350033
350175 350069
350121 350054
350128 350061
350153 350053
350063 350191
350059 350134
350082 350036
350188 350039
350174 350061
350127 350006
350068 350021
350010 350006
350082 350178
350039 350039
350032 350030
350163 350120
350059 350181
350154 350064
350068 350055
350081 350022
350121 350197
350129 350104
350138 350173
350186 350016
350174 350011
350167 350017
350187 350018
350191 350109
350070 350049
350024 350071
350140 350005
350164 350196
350041 350150
350188 350045
350199 350017
350161 350113
350005 350056
350189 350192
350034 350056
350113 350163
350161 350141
350189 350144
350091 350008
350130 350020
350089 350073
350046 350012
350017 350113
350032 350004
350121 350154
350156 350010
350003 350147
350046 350128
350047 350161
350159 350003
350032 350054
350078 350184
350081 350045
350024 350058
350049 350076
225077 225171
225029 225165
225045 225140
225013 225011
225069 225105
225176 225048
225057 225170
225141 225066
225042 225177
225104 225091
225118 225198
225050 225192
225159 225137
225062 225040
225075 225110
225055 225095
225186 225013
225096 225116
225135 225180
225008 225133
225002 225010
225188 225031
225104 225089
225008 225144
225161 225180
225134 225056
225076 225120
225119 225089
225083 225006
225151 225036
225103 225020
225196 225150
225088 225200
225138 225064
225006 225056
225098 225139
225087 225108
225007 225093
225105 225037
225150 225165
225105 225108
225191 225195
225005 225143
225185 225147
225182 225148
225018 225038
225070 225141
225001 225128
225078 225067
225018 225063
225183 225005
225143 225067
225088 225186
225046 225171
225188 225005
225043 225020
225060 225029
225049 225191
225117 225095
225093 225082
225134 225093
225026 225174
225129 225153
225136 225043
225105 225149
225030 225188
225035 225039
225190 225026
225087 225062
162509 162684
162699 162529
162614 162535
162558 162507
162525 162664
162665 162687
162563 162516
162632 162586
162637 162548
162599 162567
162506 162568
162573 162663
162672 162675
162554 162508
162550 162632
162680 162677
162548 162548
162671 162630
162571 162684
162549 162594
162542 162638
162555 162698
162620 162578
162616 162517
162645 162557
162607 162682
162532 162632
162643 162583
162590 162561
162656 162675
162534 162691
162685 162597
162520 162554
162627 162646
162647 162616
162683 162638
162567 162504
162597 162635
162610 162672
162610 162556
162512 162642
162504 162687
162652 162695
162678 162564
162528 162675
162568 162591
162598 162673
162676 162515
162593 162533
162564 162692
162537 162631
162669 162582
162640 162670
162564 162533
162651 162524
162699 162650
162548 162609
162562 162548
162630 162563
162693 162597
162694 162637
162585 162675
162661 162626
162659 162511
162687 162623
162615 162622
162643 162616
162603 162501
162682 162545
131397 131309
131422 131255
131444 131347
131433 131448
131301 131325
131315 131388
131383 131296
131369 131372
131331 131442
131410 131417
131447 131416
131433 131264
131279 131379
131310 131405
131288 131314
131273 131275
131277 131405
131293 131264
131419 131406
131260 131433
131328 131337
131344 131423
131363 131357
131449 131350
131317 131307
131383 131334
131400 131375
131277 131436
131255 131346
131423 131432
131421 131275
131403 131415
131286 131398
131426 131357
131327 131375
131437 131292
131366 131331
131270 131444
131369 131385
131288 131313
131279 131322
131443 131384
131323 131336
131407 131325
131252 131371
131398 131258
131296 131386
131283 131360
131406 131399
131384 131359
131437 131297
131397 131306
131320 131312
131429 131425
131427 131333
131328 131439
131256 131299
131255 131364
131424 131309
131419 131388
131276 131260
131320 131371
131355 131398
131402 131262
131326 131388
131347 131326
131349 131341
131305 131441
131399 131321
115801 115808
115730 115652
115709 115629
115742 115697
115761 115769
115681 115651
115724 115712
115700 115743
115792 115804
115764 115704
115797 115689
115679 115752
115745 115822
115789 115628
115758 115788
115803 115661
115812 115711
115706 115822
115731 115687
115637 115706
115752 115711
115707 115823
115743 115706
115666 115769
115716 115696
115793 115649
115697 115720
115716 115773
115816 115814
115661 115742
115679 115665
115788 115745
115721 115642
115721 115697
115747 115666
115747 115731
115787 115800
115793 115664
115765 115633
115712 115712
115792 115742
115723 115759
115629 115654
115656 115752
115722 115680
115630 115739
115755 115751
115679 115698
115656 115717
115822 115640
115670 115822
115751 115641
115778 115757
115734 115692
115697 115754
115715 115787
115636 115822
115642 115794
115704 115756
115649 115682
115794 115670
115734 115745
115676 115649
115666 115724
115761 115764
115743 115661
115705 115698
115784 115664
115645 115758
108003 107987
107873 107824
107955 107982
107889 107905
107942 107849
107987 107897
107876 107847
108010 107925
107887 107944
107945 107993
107989 107846
107813 107909
107942 107859
107984 107881
107935 107917
107845 107906
107969 107846
107869 107988
107919 107923
107951 107976
107990 108001
107946 107886
107828 107897
107814 107818
108012 107882
107963 107874
107973 107827
107827 107818
107992 107827
107931 107865
107971 107849
107830 107814
107989 107923
108003 107838
108003 107915
107946 107947
107892 107865
107824 107936
107986 107829
107982 107847
107998 107969
107940 107923
107921 107934
107942 107881
107896 107845
107884 107900
107831 108003
107820 107966
107907 107883
107836 107921
107952 107817
107920 108009
107871 107913
107821 107944
107943 107822
107906 107918
107915 107857
107898 107937
107837 107827
107983 107893
107848 107996
107878 107914
108000 107855
107877 107959
107898 107845
107835 107975
107884 107850
107933 107990
108011 107894
104021 103907
103939 104047
104088 104070
103925 104064
104057 104032
103959 103954
104101 104057
103975 104097
104089 104075
103961 104024
104088 103980
104089 103996
103918 103919
104032 104003
103910 103909
104049 104049
103935 103937
104042 103989
103963 103977
104041 103915
103983 104037
103969 104027
103986 103953
103928 103973
104099 104014
104072 104064
103981 104057
104026 104103
104095 104101
104084 104034
104064 104036
104082 104078
104084 103950
104015 104057
103957 104019
103953 103946
104044 104016
104044 103964
103988 103919
103991 103958
104034 104105
104076 103991
103940 103983
103983 104103
103979 103965
103942 104075
104091 103912
103936 103993
103950 104034
103991 104064
104049 103977
104092 103973
104024 104008
103911 104016
104019 103929
103946 103946
103994 104077
104068 104071
103952 103969
104047 103972
103984 104032
104096 104072
103914 103991
104000 103946
103997 103976
103947 103913
104021 104040
103973 103957
104033 104075
102153 102015
102093 102060
101997 102068
101973 101962
102115 102044
101962 101956
102109 102031
102126 102094
102076 102059
102049 102140
102002 101969
102045 101987
102090 102090
102037 102065
102145 102091
102054 102141
102137 102091
101992 101986
102114 101986
102077 101965
102148 102150
101986 102043
102093 102096
102128 101976
102022 101989
102094 102088
101990 102003
102131 102014
102062 101957
102093 102107
102015 102037
102001 102110
101954 102090
102101 101985
102012 102029
102119 102095
101984 102031
102116 102022
102125 102119
102102 101990
102089 102046
102015 102119
102149 102066
101981 101976
102052 102106
102094 102061
102053 102059
102078 101966
102143 102031
102109 102082
102033 102072
102017 101978
102066 102039
102077 102064
102116 102085
101991 102026
102043 102132
102105 101992
102054 102112
102142 102055
102064 102121
102131 102030
102053 101963
102019 102005
101987 102115
101975 102131
102112 102085
102121 102050
101984 102048
101080 101124
101043 101157
101032 101112
101115 100985
100983 101130
101029 101128
101142 101069
101087 101064
101127 101163
100978 101161
101052 101096
101008 101154
101116 101134
101035 100986
101110 101111
101008 101033
101158 101083
101133 100981
101054 101118
101018 101075
101018 101051
100989 101057
101054 101124
101092 101174
101091 101081
101001 101081
101032 101012
101162 101175
101151 101091
101035 100984
101123 100998
101077 101025
101132 101063
100979 101114
101063 101082
101094 101167
101000 101012
101112 101118
101019 101172
101139 101022
101143 101095
101022 101175
101140 101079
101129 101028
101101 101013
101162 101140
101155 101010
101042 100988
101141 101006
101120 101166
101158 101019
101022 100998
101024 100987
101158 100977
100991 101098
101041 100995
101069 101166
101108 101077
101063 101080
101031 101051
101149 101172
100993 101113
101091 101108
101052 101132
100987 101152
101047 101050
101146 100995
101033 101010
100978 101018
100524 100648
100529 100509
100526 100520
100668 100661
100592 100496
100588 100628
100660 100678
100596 100531
100571 100564
100574 100630
100587 100600
100618 100545
100552 100556
100684 100653
100547 100571
100646 100687
100565 100607
100685 100523
100667 100620
100586 100546
100596 100542
100608 100685
100534 100614
100574 100638
100615 100565
100625 100620
100496 100676
100666 100677
100541 100651
100654 100507
100500 100529
100512 100616
100515 100607
100664 100522
100591 100619
100672 100649
100554 100513
100516 100677
100556 100537
100547 100682
100634 100521
100527 100523
100512 100663
100495 100600
100582 100561
100552 100627
100512 100534
100504 100594
100636 100535
100680 100687
100547 100608
100612 100665
100523 100568
100579 100548
100647 100684
100544 100543
100596 100521
100511 100576
100687 100558
100560 100595
100570 100542
100669 100597
100607 100648
100539 100670
100563 100637
100531 100551
100500 100529
100496 100595
100616 100513
100278 100424
100419 100313
100356 100441
100368 100262
100404 100415
100280 100245
100335 100318
100441 100330
100314 100396
100308 100428
100376 100406
100401 100437
100319 100333
100251 100247
100400 100328
100272 100354
100413 100430
100361 100266
100259 100290
100379 100424
100245 100386
100253 100312
100391 100314
100349 100311
100327 100381
100401 100282
100387 100261
100354 100422
100271 100265
100308 100347
100251 100429
100417 100362
100425 100437
100368 100373
100320 100330
100311 100388
100337 100298
100283 100274
100370 100412
100261 100281
100340 100263
100310 100355
100415 100408
100340 100422
100339 100430
100260 100247
100396 100259
100249 100257
100355 100367
100314 100353
100412 100392
100360 100401
100426 100345
100364 100423
100323 100310
100375 100305
100319 100347
100275 100283
100293 100378
100340 100424
100250 100443
100415 100268
100250 100267
100384 100357
100356 100282
100439 100437
100312 100280
100280 100429
100348 100427
100129 100138
100218 100217
100217 100308
100295 100237
100321 100194
100135 100290
100305 100131
100153 100233
100269 100136
100281 100309
100190 100268
100269 100202
100149 100231
100162 100288
100289 100130
100162 100152
100241 100200
100242 100137
100127 100147
100197 100303
100169 100282
100155 100313
100181 100245
100254 100206
100129 100160
100274 100271
100297 100302
100263 100183
100290 100303
100146 100263
100287 100278
100192 100195
100278 100236
100218 100137
100202 100244
100164 100157
100148 100205
100132 100200
100205 100145
100193 100232
100231 100248
100139 100212
100318 100193
100229 100214
100133 100217
100272 100192
100180 100141
100169 100270
100159 100286
100240 100192
100186 100311
100190 100171
100247 100307
100274 100146
100156 100220
100258 100199
100314 100289
100189 100250
100158 100177
100163 100255
100252 100226
100191 100142
100241 100252
100245 100174
100308 100155
100311 100260
100215 100249
100249 100283
100146 100131
42 164
114 184
38 75
119 2
121 31
4 79
60 24
121 113
182 169
10 2
111 109
120 3
120 189
79 163
9 11
88 173
175 163
165 132
89 174
72 96
160 185
150 9
76 10
104 2
53 6
170 79
28 31
55 124
98 52
181 7
102 17
24 109
107 118
63 195
81 41
113 26
192 112
197 2
122 33
94 66
22 3
105 96
121 140
97 150
109 90
22 73
82 152
59 24
4 116
32 182
52 199
157 10
181 121
129 74
164 176
22 73
22 174
38 23
83 176
28 31
10 193
153 114
43 15
78 17
151 145
189 77
86 134
19 179
82 76
175 1
126 154
177 197
114 106
118 40
31 89
41 31
187 133
8 199
180 6
177 185
122 36
9 156
128 118
60 52
92 194
191 181
61 162
20 154
68 49
74 65
135 179
98 83
72 162
184 146
47 139
84 151
83 175
163 171
31 180
197 22
158 38
74 48
54 134
