# source: JorikJooken
# original path: jj_extract\knapsackProblemInstances-master\problemInstances\n_800_c_1000000_g_14_f_0.2_eps_0.1_s_200\test.in
# optimal value: 1007088
# format: n capacity, then weight value
800 1000000
600169 600042
600091 600079
600108 600099
600112 600066
600033 600165
600083 600051
600010 600135
600164 600004
600105 600067
600073 600150
600103 600063
600107 600175
600187 600172
600123 600018
600078 600001
600066 600081
600138 600045
600051 600051
600023 600180
600196 600017
600110 600184
600190 600168
600133 600196
600026 600126
600179 600071
600005 600115
600085 600199
600002 600099
600055 600167
600038 600125
600126 600170
600153 600195
600150 600035
600016 600041
600109 600143
600149 600183
600075 600164
600135 600165
600134 600013
600001 600159
600165 600046
600141 600197
600009 600119
600197 600198
600009 600137
600019 600113
600130 600019
600185 600117
600004 600081
350059 350075
350137 350043
350073 350066
350054 350118
350089 350049
350070 350160
350075 350153
350147 350061
350120 350096
350113 350018
350176 350164
350191 350145
350042 350018
350130 350193
350094 350084
350188 350084
350067 350176
350141 350198
350115 350074
350056 350093
350192 350062
350167 350182
350006 350030
350135 350005
350168 350110
350137 350081
350101 350023
350040 350106
350165 350137
350169 350061
350129 350087
350111 350134
350188 350063
350154 350031
350164 350033
350187 350067
350118 350036
350107 350038
350044 350191
350088 350112
350198 350104
350142 350022
350019 350076
350035 350167
350124 350003
350043 350029
350148 350008
350076 350184
350152 350056
225097 225157
225055 225098
225090 225085
225123 225125
225081 225103
225099 225160
225064 225138
225167 225033
225133 225111
225192 225042
225079 225031
225198 225192
225189 225119
225035 225152
225026 225154
225129 225075
225029 225056
225053 225054
225079 225012
225198 225131
225177 225133
225100 225079
225177 225172
225024 225140
225098 225181
225116 225104
225121 225187
225013 225175
225066 225135
225006 225131
225100 225037
225128 225177
225090 225135
225146 225161
225141 225026
225138 225050
225182 225094
225193 225011
225153 225117
225169 225154
225096 225193
225051 225034
225126 225109
225056 225189
225058 225064
225029 225127
225062 225036
225128 225005
225017 225004
162506 162501
162669 162536
162556 162641
162650 162542
162539 162699
162534 162591
162625 162552
162549 162587
162664 162515
162577 162601
162605 162648
162512 162586
162631 162556
162693 162615
162513 162645
162601 162546
162596 162548
162583 162511
162698 162649
162686 162590
162528 162610
162520 162529
162678 162547
162671 162650
162550 162667
162571 162509
162571 162544
162553 162571
162669 162674
162667 162662
162606 162672
162617 162598
162533 162692
162700 162619
162688 162551
162687 162624
162682 162697
162609 162634
162504 162645
162507 162682
162599 162539
162667 162533
162625 162638
162667 162551
162574 162673
162507 162667
162643 162629
162611 162602
162605 162576
131305 131436
131322 131331
131428 131338
131297 131256
131425 131448
131441 131287
131400 131370
131351 131361
131312 131289
131384 131379
131353 131358
131357 131427
131417 131382
131286 131443
131411 131381
131425 131388
131329 131316
131364 131291
131259 131324
131447 131281
131385 131386
131389 131377
131364 131317
131345 131431
131349 131294
131310 131361
131341 131340
131358 131372
131364 131356
131257 131341
131266 131279
131311 131281
131339 131285
131356 131331
131390 131292
131290 131276
131409 131398
131330 131260
131344 131269
131420 131368
131283 131278
131342 131331
131256 131372
131332 131358
131380 131262
131412 131345
131402 131347
131312 131282
131284 131308
115713 115669
115784 115706
115781 115721
115794 115815
115667 115659
115720 115674
115732 115712
115714 115679
115693 115747
115644 115820
115754 115743
115825 115742
115641 115647
115708 115641
115819 115720
115816 115729
115802 115779
115790 115759
115793 115821
115760 115789
115799 115775
115728 115675
115755 115706
115654 115776
115715 115662
115671 115638
115796 115764
115733 115738
115801 115634
115739 115650
115747 115707
115814 115681
115787 115800
115822 115781
115738 115718
115788 115735
115667 115824
115685 115644
115632 115653
115724 115766
115766 115630
115785 115766
115785 115687
115712 115723
115678 115648
115641 115744
115771 115776
115738 115726
115739 115821
108005 107829
107866 107840
107831 107974
107907 107995
107933 107863
107943 107852
107917 107843
107882 107919
107959 107845
107960 107969
107910 107890
107834 107883
107989 107874
107941 107902
107856 107905
107897 107980
107823 107886
107822 107849
107843 107989
107822 107957
107973 107942
107905 107863
107988 108005
107826 107973
107917 107934
107814 107855
107909 107940
107861 107906
107916 107847
107974 107985
107844 107906
107867 107881
108009 107962
107856 107986
107975 107902
107867 108006
107831 108009
108003 107980
107953 107963
107962 107902
107866 107884
107834 107828
107832 107957
107998 107881
107817 107927
107992 107843
107994 107958
107967 107917
107814 107892
103909 104042
103944 104025
103997 104033
103923 104011
104047 104105
104000 104000
103974 103928
104002 103971
104062 103957
104086 104040
104032 104047
103920 104034
103991 103997
103923 103907
103923 103932
103998 104017
104056 103962
103992 104042
103998 104049
103965 103980
103915 104104
103932 103991
103965 104087
104030 104044
104060 104099
103974 103970
103999 103970
103919 103925
103968 104083
104065 103957
103918 104034
104061 103948
104092 104044
104016 104099
103973 103981
103953 103944
103946 104064
104085 103931
104068 103973
104099 103982
103946 104047
104007 104015
104027 103948
103959 104000
104047 103984
103920 103970
103992 104022
104079 103944
103937 104029
101960 102116
102088 102067
101967 102087
101998 102101
101973 101954
101959 102048
101969 102068
101961 102137
102122 102092
102024 102027
101971 102096
101969 101998
101984 102026
101991 101978
102141 102136
102096 102061
102015 102020
102027 101984
101961 101977
102016 102085
102132 101997
102061 102040
102037 102128
102153 102013
101994 102026
102106 102120
101961 101998
102063 102055
101993 102146
102072 102047
102003 101999
102143 102145
102097 102126
101958 101995
101976 102085
101998 102029
101977 102050
102151 102028
102004 101956
102099 102088
102134 102038
102103 102027
102010 102024
102055 102040
102031 102042
101976 101961
102124 102008
102123 102070
102077 102020
101072 101094
101029 101002
101021 101154
101024 101088
101129 101161
101040 101114
101105 101051
101051 101112
101018 101133
101050 101097
101009 101170
101044 101027
100989 101057
101089 101076
101042 101137
101078 101124
101140 101004
101010 101044
100997 100988
101009 101018
101092 101102
101032 101082
101040 101090
101098 101073
101131 101066
101035 101138
100981 101034
101044 101121
101026 100979
101082 101030
101152 101168
101104 101112
101065 101148
101175 101100
101033 101030
100984 101118
101142 100977
101011 101022
101003 101104
101090 101175
101113 101158
101032 101047
101157 101134
101100 101083
101168 101169
101095 101110
101077 101025
101134 100977
101011 101008
100506 100535
100501 100629
100560 100683
100617 100499
100560 100608
100618 100493
100578 100648
100552 100688
100566 100657
100639 100622
100553 100657
100637 100522
100687 100511
100631 100633
100603 100582
100661 100555
100569 100657
100688 100619
100553 100587
100614 100564
100580 100663
100683 100524
100549 100576
100637 100585
100556 100557
100657 100613
100612 100496
100619 100614
100497 100550
100537 100664
100642 100658
100543 100665
100627 100583
100647 100611
100638 100493
100504 100687
100531 100648
100590 100557
100498 100504
100605 100499
100507 100490
100671 100643
100543 100612
100535 100652
100519 100568
100668 100590
100541 100629
100593 100562
100519 100535
100420 100430
100430 100429
100439 100358
100287 100368
100365 100294
100397 100399
100369 100352
100358 100417
100304 100426
100273 100397
100321 100390
100389 100316
100267 100402
100393 100360
100413 100271
100436 100439
100397 100332
100264 100296
100291 100388
100377 100403
100390 100259
100300 100436
100294 100310
100248 100290
100254 100278
100443 100443
100346 100295
100250 100434
100362 100260
100281 100252
100389 100388
100282 100296
100280 100343
100289 100337
100261 100380
100252 100396
100319 100377
100443 100379
100416 100384
100309 100408
100407 100345
100263 100392
100438 100293
100313 100419
100255 100276
100308 100287
100283 100360
100348 100280
100260 100333
100268 100261
100125 100319
100255 100277
100236 100133
100219 100164
100180 100258
100162 100307
100312 100268
100232 100266
100216 100276
100125 100273
100286 100282
100296 100232
100189 100146
100276 100320
100185 100188
100212 100314
100252 100272
100307 100259
100258 100190
100257 100228
100249 100260
100129 100168
100292 100284
100297 100162
100171 100189
100224 100302
100212 100251
100147 100284
100159 100150
100239 100281
100209 100169
100320 100312
100279 100223
100211 100183
100316 100181
100155 100234
100215 100204
100266 100156
100183 100204
100228 100303
100180 100125
100240 100281
100283 100246
100141 100292
100265 100180
100161 100317
100319 100213
100249 100242
147 100
23 11
124 17
42 179
122 14
173 14
57 147
50 101
101 33
30 38
15 200
185 169
127 54
72 118
52 39
190 30
113 184
112 55
106 127
165 75
11 195
103 188
158 183
15 166
67 51
157 75
163 122
131 149
92 137
13 92
106 125
74 141
85 89
18 93
196 85
95 119
136 17
22 13
9 186
14 89
168 193
64 120
70 104
110 41
184 101
138 82
131 8
56 43
139 154
80 41
188 33
63 96
130 48
200 20
129 111
151 78
165 120
40 115
155 193
104 194
95 176
173 30
7 53
48 132
187 156
72 199
129 88
1 51
180 118
182 103
52 66
140 188
134 116
13 38
27 199
172 91
139 52
180 106
140 79
111 107
22 116
80 7
99 121
40 180
104 55
88 6
17 37
80 7
22 162
71 125
30 110
13 40
85 125
61 11
194 2
193 147
72 143
164 172
81 145
71 97
58 5
165 33
100 97
86 187
147 146
59 165
33 123
131 121
154 43
80 80
171 54
163 76
198 171
14 159
53 139
62 129
132 191
134 176
135 44
61 142
190 164
13 46
27 80
117 132
79 182
109 73
18 17
83 78
46 22
191 45
105 199
138 80
187 116
81 70
149 102
64 108
152 88
126 3
146 192
28 62
15 187
163 72
118 78
3 55
19 144
146 119
14 47
14 65
140 12
60 108
102 115
12 156
186 161
52 33
4 136
119 26
171 18
138 118
79 17
21 85
172 47
91 107
184 143
