# source: JorikJooken
# original path: jj_extract\knapsackProblemInstances-master\problemInstances\n_800_c_100000000_g_14_f_0.2_eps_1e-05_s_200\test.in
# optimal value: 100019874
# format: n capacity, then weight value
800 100000000
50001034 50001009
50001134 50001094
50001075 50001092
50001191 50001066
50001157 50001084
50001151 50001183
50001115 50001127
50001154 50001094
50001102 50001153
50001009 50001151
50001168 50001034
50001038 50001168
50001018 50001032
50001167 50001173
50001017 50001182
50001069 50001028
50001011 50001046
50001106 50001061
50001018 50001005
50001034 50001092
50001131 50001088
50001096 50001038
50001043 50001123
50001071 50001180
50001184 50001027
50001182 50001045
50001120 50001160
50001154 50001158
50001146 50001125
50001154 50001062
50001032 50001012
50001094 50001108
50001099 50001187
50001160 50001065
50001108 50001020
50001124 50001020
50001124 50001086
50001168 50001155
50001101 50001001
50001105 50001071
50001121 50001150
50001188 50001098
50001185 50001133
50001078 50001194
50001190 50001164
50001082 50001074
50001047 50001113
50001185 50001120
50001031 50001139
25001057 25001085
25001180 25001009
25001148 25001007
25001193 25001111
25001177 25001053
25001178 25001154
25001062 25001104
25001103 25001153
25001103 25001158
25001049 25001199
25001050 25001114
25001104 25001186
25001195 25001074
25001105 25001041
25001198 25001179
25001096 25001018
25001085 25001170
25001194 25001003
25001026 25001066
25001079 25001001
25001097 25001053
25001137 25001098
25001130 25001006
25001150 25001080
25001122 25001177
25001099 25001028
25001041 25001022
25001137 25001015
25001096 25001176
25001129 25001018
25001190 25001179
25001084 25001166
25001099 25001024
25001152 25001185
25001023 25001073
25001163 25001032
25001091 25001015
25001049 25001171
25001014 25001055
25001151 25001136
25001113 25001169
25001010 25001112
25001068 25001034
25001169 25001072
25001184 25001130
25001143 25001111
25001071 25001136
25001047 25001073
25001182 25001070
12501135 12501152
12501167 12501094
12501039 12501005
12501182 12501104
12501198 12501086
12501047 12501165
12501097 12501031
12501126 12501062
12501199 12501181
12501156 12501175
12501139 12501115
12501137 12501009
12501045 12501059
12501177 12501179
12501047 12501198
12501166 12501087
12501180 12501186
12501179 12501122
12501133 12501109
12501024 12501118
12501155 12501018
12501066 12501025
12501171 12501096
12501010 12501169
12501074 12501164
12501037 12501131
12501179 12501037
12501049 12501075
12501074 12501098
12501121 12501060
12501037 12501027
12501037 12501093
12501156 12501198
12501094 12501112
12501081 12501009
12501140 12501048
12501193 12501042
12501200 12501069
12501016 12501178
12501012 12501004
12501151 12501046
12501100 12501196
12501019 12501002
12501139 12501093
12501120 12501116
12501115 12501167
12501144 12501049
12501025 12501169
12501153 12501083
6251068 6251109
6251164 6251062
6251153 6251136
6251177 6251195
6251023 6251135
6251185 6251132
6251176 6251102
6251001 6251132
6251040 6251128
6251119 6251186
6251116 6251012
6251108 6251145
6251159 6251159
6251030 6251154
6251010 6251018
6251085 6251006
6251119 6251128
6251013 6251010
6251058 6251155
6251189 6251088
6251197 6251141
6251157 6251181
6251142 6251131
6251093 6251183
6251033 6251095
6251173 6251146
6251167 6251057
6251084 6251098
6251060 6251035
6251136 6251042
6251043 6251149
6251071 6251146
6251020 6251002
6251120 6251042
6251052 6251019
6251128 6251153
6251019 6251137
6251045 6251039
6251080 6251029
6251148 6251001
6251133 6251171
6251190 6251151
6251014 6251143
6251153 6251078
6251166 6251063
6251037 6251108
6251008 6251117
6251064 6251116
6251081 6251166
3126068 3126020
3126117 3126033
3126148 3126140
3126182 3126008
3126127 3126050
3126102 3126042
3126147 3126033
3126025 3126135
3126148 3126126
3126024 3126112
3126052 3126121
3126150 3126101
3126021 3126195
3126046 3126169
3126132 3126139
3126153 3126183
3126095 3126160
3126109 3126189
3126068 3126106
3126009 3126003
3126057 3126064
3126048 3126022
3126193 3126155
3126005 3126048
3126062 3126177
3126042 3126076
3126166 3126054
3126026 3126140
3126001 3126144
3126001 3126196
3126033 3126153
3126097 3126022
3126171 3126059
3126097 3126055
3126110 3126197
3126053 3126178
3126200 3126163
3126036 3126027
3126078 3126154
3126050 3126087
3126127 3126058
3126065 3126166
3126078 3126033
3126004 3126162
3126107 3126151
3126194 3126079
3126076 3126010
3126168 3126180
3126093 3126165
1563614 1563555
1563677 1563566
1563592 1563686
1563542 1563668
1563563 1563648
1563618 1563667
1563691 1563544
1563690 1563652
1563563 1563511
1563670 1563544
1563644 1563550
1563582 1563525
1563521 1563664
1563515 1563630
1563609 1563700
1563512 1563677
1563690 1563589
1563656 1563591
1563588 1563554
1563613 1563521
1563583 1563527
1563589 1563593
1563649 1563688
1563559 1563678
1563525 1563503
1563677 1563660
1563599 1563639
1563641 1563577
1563663 1563526
1563680 1563641
1563578 1563507
1563699 1563645
1563536 1563507
1563514 1563602
1563658 1563628
1563540 1563585
1563686 1563547
1563606 1563611
1563699 1563505
1563517 1563638
1563686 1563650
1563591 1563511
1563697 1563645
1563512 1563568
1563623 1563563
1563613 1563667
1563695 1563575
1563618 1563559
1563578 1563517
782413 782438
782402 782276
782380 782277
782351 782300
782278 782347
782342 782401
782288 782290
782317 782386
782377 782403
782261 782292
782431 782416
782417 782305
782415 782422
782298 782399
782402 782381
782381 782359
782375 782387
782263 782433
782344 782312
782403 782268
782390 782298
782371 782288
782321 782261
782409 782351
782252 782413
782262 782448
782385 782344
782448 782297
782386 782266
782442 782375
782445 782255
782294 782264
782303 782281
782344 782315
782408 782313
782338 782262
782398 782425
782421 782380
782307 782381
782261 782433
782399 782390
782335 782308
782427 782415
782368 782398
782284 782354
782285 782340
782259 782358
782430 782322
782277 782354
391709 391760
391729 391814
391767 391670
391789 391625
391799 391710
391688 391813
391767 391645
391768 391701
391734 391758
391810 391758
391796 391737
391801 391718
391737 391772
391631 391721
391698 391737
391793 391731
391761 391807
391702 391639
391626 391658
391775 391699
391652 391679
391789 391690
391751 391629
391637 391686
391816 391693
391719 391676
391646 391703
391771 391814
391816 391661
391798 391701
391793 391656
391787 391677
391712 391810
391652 391672
391689 391754
391684 391762
391807 391743
391775 391699
391660 391655
391669 391655
391812 391626
391681 391821
391650 391727
391749 391737
391669 391678
391652 391782
391715 391692
391817 391643
391629 391750
196343 196314
196465 196321
196456 196405
196350 196417
196440 196428
196490 196512
196367 196334
196313 196388
196353 196354
196405 196324
196498 196467
196456 196473
196487 196375
196399 196389
196418 196417
196328 196501
196366 196470
196341 196508
196341 196507
196456 196462
196339 196320
196496 196395
196489 196502
196396 196315
196380 196494
196438 196471
196445 196465
196445 196383
196397 196420
196365 196405
196358 196317
196433 196511
196497 196403
196324 196380
196423 196504
196444 196443
196368 196437
196441 196400
196439 196380
196428 196355
196425 196341
196408 196500
196358 196466
196460 196423
196359 196503
196491 196443
196436 196428
196380 196337
196444 196474
98686 98663
98697 98781
98715 98839
98820 98758
98724 98753
98810 98750
98766 98727
98728 98771
98661 98823
98743 98702
98846 98842
98765 98755
98855 98678
98775 98750
98671 98717
98846 98837
98779 98697
98678 98782
98785 98837
98789 98770
98807 98737
98795 98824
98800 98756
98698 98751
98821 98755
98731 98663
98827 98836
98821 98770
98774 98844
98721 98725
98817 98680
98738 98793
98795 98678
98672 98680
98802 98850
98850 98766
98817 98829
98851 98832
98827 98732
98854 98678
98815 98827
98733 98821
98807 98800
98677 98720
98788 98766
98744 98804
98714 98786
98854 98850
98853 98698
50012 49992
49932 49887
49854 49999
49920 49956
49900 50002
49857 49934
49902 49882
49981 49830
49856 49941
49863 49954
49954 50024
49950 49935
49860 49872
49886 49839
49855 50007
49835 49946
49868 49875
49993 49900
49959 49916
49880 49971
49915 50020
49926 49977
49998 49846
49908 49839
49886 49898
49937 49865
49882 50012
49832 49941
49891 50004
49858 49891
49968 49969
49879 49935
50002 49931
50005 49977
49899 49870
49915 49993
49900 49891
49873 49962
49849 49927
49916 49911
49930 50008
50024 49874
49997 49851
49834 49959
49953 49878
50016 49948
49852 49976
49920 49901
49867 49889
25557 25567
25496 25571
25494 25481
25567 25564
25473 25592
25599 25520
25583 25478
25592 25435
25424 25428
25496 25574
25601 25498
25504 25540
25532 25500
25443 25456
25501 25542
25519 25425
25563 25486
25602 25491
25549 25605
25540 25523
25489 25531
25549 25555
25578 25539
25511 25530
25431 25514
25482 25597
25420 25446
25415 25467
25602 25585
25423 25590
25482 25561
25432 25543
25470 25525
25464 25578
25453 25490
25483 25487
25525 25446
25540 25445
25435 25443
25605 25498
25560 25511
25437 25568
25510 25505
25466 25493
25439 25535
25585 25489
25506 25426
25436 25603
25517 25432
13286 13234
13273 13285
13296 13215
13344 13328
13220 13405
13353 13289
13315 13232
13293 13350
13325 13287
13211 13338
13358 13223
13297 13271
13221 13314
13289 13273
13258 13232
13327 13313
13240 13274
13264 13402
13273 13274
13280 13307
13321 13217
13395 13313
13382 13376
13266 13265
13222 13358
13396 13297
13400 13292
13363 13309
13274 13390
13311 13236
13222 13349
13365 13369
13228 13247
13332 13367
13347 13326
13360 13305
13378 13215
13260 13234
13226 13400
13335 13332
13282 13313
13381 13251
13355 13394
13273 13302
13338 13225
13210 13275
13366 13398
13362 13290
13350 13339
191 191
23 139
174 35
130 131
97 112
159 24
105 141
153 119
182 159
9 63
124 75
70 116
114 151
13 86
142 49
198 49
181 129
131 130
22 195
115 151
157 165
105 192
139 173
194 81
136 9
179 184
117 185
115 143
63 43
61 170
133 171
153 149
115 191
50 196
179 113
195 155
14 188
181 38
67 127
30 85
134 32
102 71
161 105
119 81
70 146
44 165
137 173
186 90
140 155
70 96
70 13
1 75
117 7
168 31
163 91
109 14
83 46
156 63
118 37
66 174
44 26
114 194
1 47
143 55
28 150
123 181
78 39
35 23
169 167
59 38
82 165
63 153
101 40
124 112
104 71
43 156
182 11
194 75
166 180
114 15
51 70
115 57
87 182
60 118
125 89
26 176
182 62
106 54
4 99
39 183
43 66
185 143
173 84
62 121
55 122
20 163
117 156
127 2
178 14
97 70
100 172
44 36
191 169
103 24
13 172
29 110
182 184
18 198
180 67
79 107
147 100
80 190
89 199
174 53
140 140
137 88
162 163
59 8
185 145
67 167
104 7
95 47
93 154
182 160
2 140
196 87
38 8
5 41
180 2
137 111
110 10
91 73
170 161
149 78
188 79
174 173
111 39
151 154
59 16
113 166
152 47
67 162
109 6
157 51
144 67
131 172
26 127
153 119
170 38
152 143
142 125
173 19
9 156
104 8
191 46
23 189
171 41
49 1
79 183
39 177
20 120
99 71
93 31
