# source: JorikJooken
# original path: jj_extract\knapsackProblemInstances-master\problemInstances\n_400_c_10000000000_g_10_f_0.3_eps_0.001_s_100\test.in
# optimal value: 9999852972
# format: n capacity, then weight value
400 10000000000
5010000035 5010000047
5010000044 5010000008
5010000077 5010000021
5010000034 5010000071
5010000022 5010000043
5010000029 5010000036
5010000045 5010000082
5010000060 5010000014
5010000077 5010000041
5010000075 5010000099
5010000051 5010000020
5010000011 5010000043
5010000089 5010000071
5010000075 5010000009
5010000086 5010000035
5010000028 5010000024
5010000036 5010000064
5010000034 5010000028
5010000064 5010000071
5010000032 5010000037
5010000011 5010000100
5010000005 5010000044
5010000094 5010000066
5010000062 5010000099
5010000056 5010000080
5010000071 5010000017
5010000040 5010000030
5010000039 5010000046
5010000001 5010000040
5010000040 5010000010
5010000013 5010000027
2510000024 2510000043
2510000036 2510000074
2510000099 2510000042
2510000015 2510000029
2510000073 2510000068
2510000008 2510000004
2510000027 2510000089
2510000053 2510000092
2510000037 2510000096
2510000069 2510000037
2510000017 2510000080
2510000099 2510000062
2510000086 2510000032
2510000089 2510000091
2510000057 2510000010
2510000048 2510000043
2510000029 2510000097
2510000008 2510000014
2510000069 2510000021
2510000007 2510000053
2510000052 2510000037
2510000072 2510000086
2510000078 2510000042
2510000090 2510000034
2510000046 2510000034
2510000026 2510000031
2510000040 2510000076
2510000026 2510000063
2510000051 2510000078
2510000015 2510000015
2510000013 2510000051
1260000038 1260000055
1260000057 1260000094
1260000045 1260000007
1260000094 1260000009
1260000029 1260000043
1260000011 1260000063
1260000099 1260000083
1260000033 1260000056
1260000018 1260000083
1260000038 1260000068
1260000044 1260000039
1260000096 1260000082
1260000081 1260000075
1260000005 1260000019
1260000029 1260000052
1260000021 1260000051
1260000035 1260000091
1260000067 1260000019
1260000037 1260000041
1260000024 1260000011
1260000019 1260000043
1260000013 1260000025
1260000074 1260000058
1260000057 1260000072
1260000072 1260000067
1260000005 1260000067
1260000067 1260000028
1260000085 1260000009
1260000055 1260000089
1260000092 1260000003
1260000004 1260000049
635000042 635000024
635000048 635000002
635000084 635000097
635000051 635000042
635000088 635000018
635000056 635000065
635000011 635000059
635000079 635000030
635000072 635000019
635000090 635000051
635000049 635000065
635000005 635000049
635000079 635000053
635000091 635000076
635000060 635000008
635000025 635000099
635000028 635000012
635000044 635000027
635000074 635000029
635000020 635000064
635000100 635000019
635000052 635000031
635000080 635000076
635000068 635000023
635000071 635000039
635000100 635000073
635000048 635000034
635000068 635000041
635000098 635000015
635000096 635000050
635000080 635000043
322500004 322500034
322500020 322500011
322500012 322500031
322500027 322500069
322500004 322500086
322500022 322500098
322500041 322500083
322500067 322500098
322500048 322500034
322500017 322500092
322500049 322500085
322500037 322500034
322500058 322500052
322500098 322500047
322500061 322500075
322500080 322500002
322500061 322500035
322500003 322500081
322500002 322500048
322500084 322500061
322500054 322500079
322500022 322500090
322500064 322500090
322500007 322500061
322500041 322500009
322500020 322500008
322500075 322500069
322500004 322500026
322500021 322500012
322500037 322500051
322500036 322500027
166250037 166250036
166250018 166250033
166250008 166250043
166250085 166250030
166250009 166250083
166250007 166250078
166250009 166250024
166250015 166250001
166250078 166250059
166250074 166250095
166250047 166250007
166250077 166250019
166250093 166250058
166250098 166250068
166250090 166250003
166250047 166250043
166250099 166250047
166250039 166250005
166250073 166250063
166250020 166250073
166250045 166250021
166250093 166250016
166250066 166250077
166250010 166250034
166250009 166250072
166250088 166250046
166250036 166250065
166250077 166250022
166250034 166250048
166250078 166250085
166250063 166250008
88125013 88125093
88125038 88125026
88125016 88125085
88125072 88125057
88125004 88125097
88125025 88125082
88125046 88125052
88125063 88125085
88125047 88125053
88125079 88125078
88125039 88125028
88125069 88125012
88125034 88125081
88125080 88125014
88125100 88125013
88125048 88125077
88125098 88125022
88125053 88125019
88125021 88125077
88125045 88125013
88125067 88125004
88125060 88125023
88125007 88125073
88125023 88125076
88125022 88125063
88125036 88125093
88125015 88125046
88125041 88125069
88125100 88125020
88125087 88125049
88125020 88125039
49062513 49062523
49062526 49062551
49062559 49062532
49062519 49062576
49062506 49062548
49062591 49062549
49062577 49062578
49062529 49062566
49062555 49062502
49062581 49062525
49062582 49062533
49062598 49062570
49062555 49062522
49062544 49062561
49062539 49062537
49062582 49062510
49062575 49062570
49062598 49062593
49062592 49062526
49062557 49062543
49062592 49062582
49062551 49062508
49062522 49062596
49062562 49062517
49062507 49062565
49062553 49062595
49062597 49062562
49062565 49062503
49062556 49062536
49062547 49062590
49062540 49062539
29531337 29531311
29531338 29531310
29531262 29531350
29531341 29531349
29531346 29531336
29531298 29531265
29531277 29531271
29531256 29531305
29531262 29531326
29531293 29531321
29531298 29531294
29531336 29531333
29531335 29531283
29531280 29531309
29531313 29531286
29531289 29531300
29531328 29531291
29531262 29531301
29531278 29531281
29531256 29531259
29531347 29531329
29531315 29531309
29531313 29531278
29531286 29531259
29531330 29531318
29531345 29531310
29531330 29531261
29531326 29531345
29531299 29531278
29531276 29531275
29531315 29531264
78 51
85 87
2 21
47 6
3 51
93 55
23 88
66 14
73 75
10 51
85 67
24 60
2 36
7 2
14 95
40 33
32 82
33 37
36 61
27 79
22 17
89 21
53 4
42 57
67 63
1 87
18 63
91 92
81 15
42 60
68 60
54 51
65 54
28 8
52 38
25 55
93 72
63 71
43 73
78 22
39 10
42 93
55 95
2 84
71 89
56 97
37 37
33 4
15 77
30 6
32 42
58 84
6 32
14 83
74 8
55 42
80 3
61 15
43 74
7 57
39 96
61 49
32 58
44 9
95 66
12 38
51 20
73 68
76 8
62 27
67 99
18 88
35 34
37 39
57 84
64 75
86 54
97 44
30 89
10 69
85 22
62 80
17 20
57 41
41 20
29 22
12 30
9 9
91 32
58 35
85 42
5 50
89 35
68 5
72 43
15 8
1 6
66 98
75 19
37 25
89 55
27 35
12 74
50 17
85 33
90 18
40 26
96 60
86 12
73 12
58 4
57 46
57 37
4 14
90 39
6 100
37 16
64 53
47 27
86 98
1 10
