# source: JorikJooken
# original path: jj_extract\knapsackProblemInstances-master\problemInstances\n_1200_c_1000000_g_10_f_0.3_eps_0.0001_s_200\test.in
# optimal value: 1022721
# format: n capacity, then weight value
1200 1000000
500271 500285
500150 500108
500291 500161
500139 500282
500288 500103
500195 500191
500133 500299
500244 500192
500282 500273
500261 500172
500227 500200
500241 500263
500169 500244
500243 500228
500280 500163
500284 500220
500190 500222
500184 500156
500157 500214
500176 500226
500183 500299
500109 500290
500286 500221
500126 500157
500282 500226
500218 500249
500174 500123
500124 500161
500205 500145
500209 500258
500183 500265
500191 500221
500167 500204
500150 500284
500158 500279
500135 500291
500242 500172
500132 500242
500261 500263
500262 500188
500112 500284
500284 500112
500257 500115
500181 500181
500122 500177
500121 500207
500172 500111
500282 500120
500192 500279
500109 500197
500266 500261
500111 500249
500205 500114
500113 500105
500129 500296
500270 500277
500124 500189
500208 500193
500106 500122
500102 500114
500292 500205
500150 500172
500122 500275
500209 500215
500215 500234
500242 500213
500245 500132
500244 500272
500251 500256
500289 500254
500223 500300
500192 500204
500288 500149
500151 500124
500166 500247
500197 500277
500283 500171
500108 500210
500147 500256
500140 500242
500167 500130
500149 500184
500299 500132
500127 500298
500124 500295
500277 500193
500297 500236
500298 500168
500161 500249
500139 500102
500230 500166
500188 500287
500269 500272
250155 250274
250276 250229
250181 250248
250238 250157
250164 250220
250291 250241
250255 250117
250200 250106
250145 250128
250180 250237
250106 250148
250236 250236
250151 250252
250296 250204
250150 250180
250119 250172
250140 250250
250184 250155
250154 250288
250231 250210
250191 250166
250243 250273
250154 250288
250158 250134
250114 250207
250273 250244
250234 250275
250280 250292
250151 250176
250239 250300
250233 250155
250196 250144
250211 250214
250125 250269
250211 250147
250123 250127
250105 250162
250251 250134
250260 250295
250254 250216
250125 250267
250204 250165
250189 250271
250193 250286
250231 250126
250192 250233
250119 250212
250228 250262
250257 250271
250210 250237
250232 250132
250247 250162
250280 250161
250214 250275
250179 250122
250216 250256
250118 250172
250118 250175
250163 250257
250221 250291
250128 250263
250271 250263
250256 250276
250208 250195
250160 250259
250291 250212
250242 250191
250189 250165
250175 250186
250145 250183
250143 250158
250196 250126
250247 250139
250168 250213
250291 250231
250116 250283
250144 250227
250219 250155
250205 250119
250266 250283
250195 250126
250299 250106
250169 250212
250230 250162
250288 250226
250105 250121
250252 250103
250296 250120
250256 250103
250213 250134
250114 250221
250289 250162
250287 250258
125149 125136
125252 125285
125143 125157
125256 125277
125155 125196
125187 125114
125284 125222
125262 125235
125148 125148
125210 125279
125187 125257
125214 125265
125187 125111
125185 125110
125182 125268
125102 125239
125159 125236
125217 125216
125206 125257
125130 125167
125246 125270
125232 125240
125155 125105
125208 125150
125175 125257
125289 125186
125172 125119
125283 125159
125219 125161
125163 125109
125218 125151
125149 125226
125273 125197
125239 125179
125202 125293
125299 125281
125221 125108
125215 125190
125203 125259
125102 125116
125120 125271
125255 125112
125170 125191
125155 125198
125243 125148
125139 125191
125244 125138
125288 125165
125259 125209
125101 125201
125230 125124
125189 125211
125290 125275
125191 125295
125123 125223
125241 125285
125132 125155
125125 125192
125168 125217
125287 125170
125155 125142
125246 125188
125284 125130
125283 125298
125270 125289
125298 125264
125208 125198
125106 125166
125112 125279
125278 125100
125174 125157
125147 125277
125226 125185
125264 125207
125119 125151
125249 125105
125260 125201
125261 125249
125251 125105
125101 125232
125179 125256
125124 125271
125255 125120
125213 125297
125229 125253
125236 125289
125150 125121
125193 125114
125175 125283
125169 125258
125171 125101
125195 125218
125209 125247
62631 62774
62780 62689
62767 62639
62626 62738
62644 62785
62800 62695
62618 62666
62784 62743
62762 62790
62784 62610
62704 62725
62713 62696
62800 62709
62641 62786
62747 62719
62727 62635
62623 62770
62682 62785
62623 62617
62683 62672
62775 62690
62799 62610
62676 62739
62664 62693
62678 62747
62701 62722
62785 62792
62696 62708
62797 62631
62759 62684
62696 62689
62688 62642
62612 62650
62791 62730
62667 62663
62751 62699
62629 62734
62783 62661
62634 62607
62635 62611
62733 62740
62622 62727
62631 62736
62664 62753
62639 62657
62721 62739
62708 62768
62676 62795
62770 62751
62760 62796
62651 62741
62711 62792
62619 62740
62768 62728
62700 62780
62706 62795
62628 62723
62746 62704
62657 62683
62749 62771
62694 62621
62639 62765
62604 62746
62798 62749
62651 62642
62737 62796
62757 62788
62654 62733
62688 62618
62757 62662
62667 62718
62626 62637
62663 62721
62661 62691
62682 62637
62694 62702
62781 62761
62728 62701
62601 62658
62627 62636
62788 62677
62609 62722
62642 62772
62699 62786
62642 62641
62739 62734
62715 62735
62606 62700
62760 62617
62608 62638
62744 62770
62714 62734
62675 62630
31498 31471
31422 31501
31498 31393
31519 31501
31374 31400
31453 31542
31495 31511
31482 31394
31453 31519
31519 31372
31410 31385
31492 31446
31521 31355
31474 31371
31548 31505
31387 31395
31512 31414
31361 31382
31354 31512
31537 31462
31363 31365
31483 31497
31450 31396
31500 31383
31507 31470
31353 31540
31523 31413
31461 31514
31503 31483
31378 31512
31432 31355
31417 31514
31509 31415
31448 31482
31393 31492
31405 31454
31448 31422
31424 31518
31385 31382
31466 31535
31543 31360
31353 31352
31493 31372
31449 31530
31506 31424
31521 31426
31537 31505
31525 31396
31375 31542
31388 31531
31351 31425
31425 31536
31496 31453
31392 31370
31506 31370
31429 31549
31544 31358
31544 31507
31520 31506
31403 31430
31498 31495
31486 31516
31444 31473
31364 31518
31441 31468
31497 31408
31410 31502
31456 31476
31490 31395
31428 31428
31354 31463
31531 31412
31523 31482
31364 31516
31377 31494
31470 31457
31498 31419
31527 31414
31377 31535
31423 31548
31395 31389
31500 31503
31472 31529
31366 31514
31546 31510
31495 31452
31454 31398
31525 31360
31459 31546
31399 31539
31379 31376
31428 31409
31473 31421
15870 15849
15812 15764
15921 15857
15779 15835
15805 15789
15839 15828
15802 15816
15816 15891
15771 15805
15853 15806
15781 15821
15784 15767
15746 15792
15903 15792
15834 15922
15803 15899
15862 15845
15798 15749
15900 15776
15904 15814
15770 15772
15839 15887
15785 15744
15897 15777
15913 15873
15738 15903
15833 15818
15789 15774
15827 15775
15902 15747
15817 15779
15861 15726
15802 15924
15847 15792
15784 15809
15798 15921
15851 15808
15866 15829
15885 15815
15922 15768
15896 15923
15913 15804
15922 15736
15832 15924
15890 15845
15847 15841
15795 15800
15842 15761
15857 15729
15854 15790
15844 15818
15829 15909
15888 15869
15755 15726
15784 15920
15836 15819
15924 15906
15791 15841
15741 15726
15800 15874
15912 15900
15734 15905
15871 15826
15752 15743
15873 15777
15807 15843
15826 15782
15838 15732
15760 15901
15825 15808
15796 15814
15865 15792
15737 15867
15826 15882
15758 15907
15888 15843
15897 15784
15830 15846
15837 15728
15919 15811
15859 15787
15923 15832
15745 15740
15922 15920
15767 15872
15883 15896
15840 15729
15840 15761
15880 15912
15857 15905
15831 15832
15875 15816
15748 15846
7977 8023
8061 7996
8016 7990
7916 8111
7913 7960
7939 7964
7958 8111
7940 8053
7971 7962
8054 8084
7966 7975
7953 7925
7979 7942
7934 8107
8070 8062
7944 8016
8008 7998
8017 8028
7933 7932
7978 8009
7965 8059
7924 7931
8080 7978
8055 8020
7950 8014
8050 8018
8010 7997
8047 8054
8089 8085
8054 8092
7981 8041
7952 7955
7999 7925
7985 8015
7916 7956
7998 7984
7972 8073
8109 8001
7931 7935
7976 7997
7955 8035
7924 7975
7969 8081
7974 7976
7949 8036
8026 7927
7913 8103
7969 7952
7993 7924
8098 7987
8052 8057
7947 7964
7925 8079
7929 7928
7965 8043
7957 8084
7938 8100
8006 8062
7977 7960
7971 8074
7982 8094
7918 8084
7978 8084
8082 7992
7981 7927
8078 8105
8063 7915
8045 7921
8009 7918
7947 7975
7944 7934
8079 7987
7986 8050
7959 7994
7934 7942
8031 8046
7950 8000
7993 7938
7967 7940
8010 7954
7947 7928
7971 8111
8040 8089
7924 7995
7945 8019
8068 7927
8019 7965
8087 8052
7984 8031
7946 7981
8109 8087
8083 7928
7913 7926
4153 4021
4193 4165
4078 4190
4162 4110
4094 4192
4054 4077
4191 4054
4086 4148
4196 4133
4007 4053
4048 4011
4170 4167
4119 4073
4135 4082
4190 4116
4106 4017
4043 4131
4044 4148
4197 4093
4046 4019
4055 4021
4200 4090
4088 4037
4009 4200
4109 4157
4174 4099
4119 4022
4089 4154
4051 4013
4161 4048
4094 4012
4111 4019
4061 4195
4060 4026
4142 4161
4063 4205
4148 4046
4034 4170
4204 4144
4129 4013
4130 4188
4170 4027
4176 4130
4150 4007
4051 4114
4179 4168
4142 4117
4011 4054
4142 4025
4197 4191
4079 4021
4185 4198
4199 4049
4156 4063
4106 4011
4185 4185
4014 4122
4182 4112
4124 4060
4126 4068
4090 4045
4184 4201
4108 4099
4133 4147
4022 4096
4037 4114
4040 4022
4018 4081
4170 4128
4061 4190
4131 4145
4079 4164
4014 4155
4117 4203
4151 4138
4170 4178
4171 4187
4028 4185
4121 4144
4118 4031
4032 4156
4077 4053
4047 4138
4124 4117
4085 4157
4172 4121
4134 4123
4172 4188
4054 4046
4117 4075
4189 4062
4051 4168
4033 4097
2239 2093
2105 2165
2099 2253
2198 2116
2161 2213
2163 2097
2185 2215
2231 2084
2068 2120
2110 2171
2212 2060
2157 2142
2172 2248
2072 2081
2124 2216
2247 2066
2198 2069
2226 2244
2247 2066
2213 2113
2171 2222
2142 2238
2160 2070
2148 2216
2087 2146
2206 2185
2064 2070
2149 2228
2234 2190
2190 2166
2056 2165
2212 2081
2174 2110
2063 2098
2170 2130
2080 2245
2103 2198
2228 2142
2099 2068
2086 2166
2182 2247
2183 2073
2064 2153
2064 2173
2067 2152
2147 2107
2121 2152
2098 2222
2234 2188
2172 2067
2109 2221
2243 2108
2215 2184
2108 2182
2156 2206
2124 2118
2062 2172
2097 2143
2200 2188
2147 2077
2216 2173
2232 2153
2166 2175
2060 2118
2104 2181
2139 2130
2178 2054
2166 2083
2220 2133
2094 2236
2145 2121
2243 2154
2243 2156
2071 2118
2085 2232
2175 2220
2101 2090
2129 2118
2217 2064
2094 2212
2129 2145
2237 2190
2210 2073
2190 2205
2135 2198
2227 2156
2136 2243
2235 2057
2189 2132
2072 2105
2233 2144
2161 2165
2136 2127
22 153
198 133
94 18
88 180
110 121
66 67
99 58
31 21
183 193
39 102
119 179
165 100
61 26
93 86
101 24
184 45
175 69
58 162
27 46
177 34
59 128
140 93
53 77
165 43
174 196
167 101
90 129
2 16
154 54
41 123
57 60
140 84
169 51
20 128
47 21
75 124
156 196
68 45
177 23
100 116
117 75
108 124
192 112
120 199
167 165
184 140
157 180
67 63
45 31
90 11
96 97
56 6
158 164
173 156
163 13
151 176
2 15
142 96
165 16
15 40
74 137
27 27
171 13
185 70
78 67
70 143
128 130
184 147
27 154
179 71
185 160
40 144
55 136
128 176
48 95
28 188
16 6
37 36
190 50
11 80
41 199
167 178
150 94
88 97
96 91
40 120
192 140
52 90
144 111
72 190
86 10
103 109
74 61
120 31
171 24
182 28
53 188
60 129
159 133
111 156
152 166
60 33
19 79
17 160
56 53
124 11
96 69
184 37
111 176
190 31
62 94
128 51
119 50
161 83
157 95
149 117
163 2
142 199
5 140
195 168
84 177
125 95
83 94
143 79
186 117
83 4
187 154
99 123
20 86
87 169
66 7
72 6
173 80
113 160
92 188
43 11
132 84
174 101
198 91
155 89
73 31
102 19
161 15
84 169
151 125
70 1
45 148
97 46
190 35
35 41
113 137
44 76
99 40
153 6
70 83
175 199
136 125
183 196
104 11
20 196
17 178
94 149
186 196
183 57
191 37
21 120
157 198
149 63
129 172
178 23
105 55
193 51
91 64
39 91
178 26
126 94
183 160
145 148
190 129
57 190
144 145
94 47
121 97
139 1
148 117
160 164
151 30
142 41
172 76
61 180
141 99
12 110
79 5
9 14
91 184
136 56
190 39
37 9
67 113
118 47
123 102
125 93
62 145
165 49
38 21
138 33
154 120
142 7
18 40
156 47
198 12
112 109
114 50
29 74
125 182
70 151
16 8
26 85
55 159
65 67
36 174
118 123
118 88
161 130
112 130
130 111
88 169
131 86
56 166
93 122
98 79
119 39
97 94
74 100
134 107
7 104
56 8
117 168
118 55
140 190
58 86
116 158
174 128
90 163
178 144
105 175
145 198
117 90
2 178
173 172
74 174
142 85
39 123
12 34
145 100
15 157
11 56
154 58
155 141
145 47
118 24
89 94
191 62
161 69
115 84
91 129
108 172
55 127
183 99
190 86
116 165
77 198
18 56
32 4
166 59
51 186
185 177
186 195
137 75
190 142
58 28
115 12
133 92
97 36
133 90
176 17
157 124
86 94
93 93
79 72
100 140
4 197
89 31
67 111
93 176
171 21
21 136
13 37
144 101
2 64
139 125
22 121
192 100
80 65
108 147
180 75
7 127
61 67
2 143
16 76
116 12
162 141
155 40
184 42
76 168
162 24
101 91
50 179
7 176
28 1
180 43
18 182
111 33
163 92
75 68
93 32
131 181
194 20
52 130
124 144
179 197
45 117
149 156
100 34
5 71
11 69
126 68
92 179
126 157
172 131
64 155
103 181
46 60
149 133
35 199
125 195
166 162
91 120
109 33
169 59
15 41
193 80
86 186
120 88
106 174
110 121
172 82
80 106
78 169
177 197
110 37
66 15
28 118
