# source: JorikJooken
# original path: jj_extract\knapsackProblemInstances-master\problemInstances\n_400_c_10000000000_g_10_f_0.2_eps_0.0001_s_100\test.in
# optimal value: 9999945348
# format: n capacity, then weight value
400 10000000000
5001000081 5001000016
5001000074 5001000094
5001000087 5001000097
5001000028 5001000081
5001000095 5001000042
5001000008 5001000074
5001000080 5001000067
5001000041 5001000091
5001000023 5001000026
5001000065 5001000044
5001000042 5001000029
5001000004 5001000094
5001000074 5001000014
5001000014 5001000078
5001000088 5001000050
5001000014 5001000008
5001000036 5001000053
5001000005 5001000097
5001000027 5001000013
5001000029 5001000053
5001000018 5001000077
5001000013 5001000003
5001000010 5001000072
5001000041 5001000062
5001000031 5001000044
5001000026 5001000061
5001000044 5001000096
5001000027 5001000080
5001000069 5001000028
5001000067 5001000094
5001000024 5001000047
5001000045 5001000010
5001000095 5001000048
5001000081 5001000042
5001000041 5001000037
2501000018 2501000061
2501000094 2501000049
2501000012 2501000032
2501000057 2501000090
2501000100 2501000082
2501000020 2501000095
2501000029 2501000063
2501000088 2501000010
2501000040 2501000079
2501000032 2501000030
2501000023 2501000044
2501000001 2501000066
2501000050 2501000006
2501000026 2501000027
2501000088 2501000067
2501000055 2501000017
2501000067 2501000007
2501000057 2501000058
2501000050 2501000049
2501000033 2501000075
2501000041 2501000090
2501000096 2501000022
2501000073 2501000075
2501000100 2501000100
2501000094 2501000025
2501000066 2501000073
2501000045 2501000029
2501000051 2501000024
2501000025 2501000033
2501000066 2501000100
2501000010 2501000098
2501000088 2501000037
2501000002 2501000055
2501000028 2501000021
2501000018 2501000016
1251000018 1251000087
1251000018 1251000045
1251000039 1251000100
1251000085 1251000057
1251000036 1251000052
1251000045 1251000063
1251000023 1251000070
1251000052 1251000096
1251000033 1251000005
1251000093 1251000047
1251000042 1251000007
1251000081 1251000082
1251000008 1251000079
1251000053 1251000087
1251000022 1251000087
1251000067 1251000002
1251000085 1251000039
1251000038 1251000026
1251000002 1251000009
1251000084 1251000083
1251000005 1251000086
1251000005 1251000097
1251000077 1251000090
1251000007 1251000047
1251000092 1251000023
1251000070 1251000025
1251000069 1251000023
1251000006 1251000042
1251000038 1251000068
1251000023 1251000013
1251000093 1251000092
1251000093 1251000063
1251000054 1251000027
1251000063 1251000008
1251000024 1251000062
626000093 626000065
626000074 626000077
626000099 626000051
626000054 626000038
626000040 626000029
626000027 626000033
626000028 626000014
626000040 626000060
626000082 626000072
626000001 626000056
626000080 626000047
626000100 626000064
626000028 626000008
626000052 626000048
626000060 626000093
626000072 626000074
626000085 626000051
626000041 626000081
626000054 626000025
626000009 626000092
626000099 626000083
626000071 626000082
626000026 626000026
626000065 626000007
626000059 626000008
626000055 626000058
626000069 626000093
626000049 626000098
626000050 626000001
626000008 626000073
626000077 626000058
626000038 626000018
626000001 626000100
626000085 626000068
626000088 626000085
313500093 313500014
313500019 313500048
313500001 313500029
313500078 313500072
313500025 313500002
313500057 313500032
313500004 313500050
313500094 313500037
313500008 313500053
313500039 313500087
313500044 313500049
313500064 313500087
313500013 313500051
313500005 313500046
313500053 313500055
313500066 313500055
313500065 313500061
313500074 313500067
313500015 313500067
313500016 313500063
313500073 313500029
313500076 313500008
313500040 313500095
313500007 313500044
313500062 313500040
313500006 313500030
313500014 313500061
313500051 313500054
313500018 313500002
313500058 313500053
313500046 313500057
313500054 313500027
313500058 313500084
313500001 313500058
313500007 313500035
157250028 157250039
157250070 157250007
157250056 157250075
157250084 157250081
157250089 157250001
157250070 157250048
157250077 157250012
157250039 157250099
157250007 157250041
157250082 157250057
157250038 157250044
157250043 157250069
157250021 157250061
157250047 157250002
157250091 157250071
157250025 157250090
157250021 157250100
157250086 157250077
157250025 157250066
157250061 157250066
157250006 157250097
157250097 157250019
157250048 157250098
157250056 157250019
157250018 157250069
157250073 157250090
157250054 157250093
157250007 157250055
157250011 157250098
157250079 157250090
157250060 157250070
157250066 157250049
157250028 157250008
157250061 157250023
157250002 157250074
79125056 79125053
79125002 79125040
79125040 79125030
79125016 79125013
79125015 79125078
79125064 79125026
79125001 79125062
79125036 79125097
79125038 79125052
79125090 79125080
79125092 79125027
79125083 79125080
79125041 79125087
79125072 79125010
79125027 79125049
79125048 79125091
79125062 79125039
79125027 79125039
79125024 79125093
79125076 79125007
79125021 79125054
79125038 79125066
79125068 79125028
79125072 79125077
79125006 79125052
79125100 79125011
79125041 79125076
79125034 79125032
79125060 79125089
79125043 79125047
79125001 79125021
79125064 79125043
79125012 79125062
79125095 79125002
79125080 79125086
40062512 40062598
40062584 40062527
40062523 40062598
40062532 40062591
40062551 40062506
40062506 40062520
40062551 40062581
40062558 40062588
40062576 40062591
40062600 40062589
40062559 40062521
40062522 40062526
40062571 40062503
40062504 40062514
40062558 40062539
40062531 40062539
40062534 40062566
40062580 40062512
40062562 40062594
40062532 40062505
40062595 40062587
40062542 40062592
40062588 40062517
40062542 40062517
40062597 40062599
40062533 40062560
40062559 40062571
40062506 40062581
40062593 40062507
40062534 40062546
40062517 40062559
40062581 40062508
40062509 40062520
40062536 40062531
40062555 40062554
20531274 20531326
20531253 20531309
20531339 20531311
20531276 20531286
20531331 20531305
20531344 20531317
20531308 20531313
20531344 20531299
20531258 20531285
20531300 20531273
20531288 20531276
20531327 20531343
20531350 20531278
20531260 20531320
20531336 20531292
20531333 20531337
20531264 20531295
20531303 20531263
20531257 20531342
20531340 20531308
20531341 20531274
20531304 20531292
20531267 20531300
20531328 20531282
20531305 20531333
20531325 20531276
20531285 20531279
20531277 20531313
20531299 20531314
20531338 20531288
20531256 20531334
20531277 20531284
20531286 20531333
20531261 20531290
20531296 20531272
32 9
12 32
75 89
93 81
18 89
100 14
23 69
10 4
42 42
62 16
36 17
54 95
93 65
33 22
10 66
90 53
4 49
69 69
10 47
56 90
96 96
70 31
14 6
89 12
95 44
86 42
74 17
93 16
86 61
17 83
29 80
64 18
3 48
79 48
54 73
53 40
76 51
95 78
11 79
50 76
11 7
42 19
62 47
93 32
67 43
16 32
79 51
70 77
59 79
81 22
39 8
36 47
23 57
75 42
1 68
49 55
84 36
57 91
66 79
43 75
32 26
86 79
35 2
14 78
82 42
99 83
6 9
31 36
5 48
16 57
13 13
32 81
94 3
9 29
66 86
15 54
86 46
2 52
86 48
99 71
83 26
8 60
3 55
91 68
95 86
