# source: JorikJooken
# original path: jj_extract\knapsackProblemInstances-master\problemInstances\n_400_c_100000000_g_14_f_0.1_eps_0.001_s_300\test.in
# optimal value: 100016011
# format: n capacity, then weight value
400 100000000
50100048 50100243
50100056 50100162
50100225 50100182
50100033 50100282
50100225 50100231
50100203 50100072
50100220 50100146
50100279 50100020
50100002 50100047
50100052 50100269
50100220 50100055
50100049 50100177
50100072 50100224
50100095 50100138
50100274 50100128
50100059 50100168
50100094 50100163
50100185 50100017
50100101 50100151
50100070 50100068
50100023 50100057
50100082 50100240
50100197 50100267
50100016 50100113
50100158 50100204
50100206 50100112
50100246 50100227
25100038 25100251
25100197 25100110
25100278 25100232
25100155 25100139
25100298 25100062
25100034 25100071
25100209 25100118
25100113 25100109
25100123 25100180
25100054 25100240
25100150 25100066
25100235 25100212
25100008 25100213
25100042 25100060
25100166 25100225
25100100 25100057
25100022 25100276
25100206 25100287
25100170 25100041
25100062 25100077
25100081 25100294
25100005 25100222
25100246 25100091
25100171 25100282
25100195 25100274
25100117 25100098
25100061 25100061
12600254 12600286
12600165 12600115
12600061 12600258
12600121 12600199
12600145 12600044
12600105 12600093
12600088 12600061
12600276 12600278
12600094 12600297
12600101 12600007
12600247 12600116
12600226 12600113
12600031 12600104
12600101 12600110
12600092 12600228
12600136 12600102
12600299 12600171
12600212 12600290
12600247 12600141
12600054 12600211
12600001 12600255
12600289 12600279
12600180 12600016
12600015 12600201
12600278 12600254
12600208 12600252
12600064 12600175
6350194 6350075
6350043 6350190
6350160 6350188
6350127 6350161
6350087 6350293
6350094 6350222
6350195 6350110
6350278 6350250
6350009 6350154
6350121 6350039
6350003 6350044
6350223 6350173
6350102 6350029
6350101 6350062
6350242 6350152
6350031 6350078
6350269 6350204
6350151 6350042
6350244 6350252
6350047 6350138
6350300 6350192
6350216 6350160
6350069 6350009
6350300 6350092
6350292 6350087
6350021 6350163
6350198 6350262
3225152 3225109
3225129 3225263
3225178 3225133
3225286 3225137
3225258 3225150
3225212 3225042
3225046 3225284
3225210 3225152
3225054 3225032
3225073 3225012
3225202 3225150
3225149 3225263
3225191 3225240
3225127 3225040
3225275 3225157
3225128 3225163
3225023 3225218
3225017 3225031
3225024 3225074
3225118 3225012
3225109 3225151
3225247 3225108
3225194 3225095
3225045 3225157
3225028 3225010
3225190 3225288
3225216 3225267
1662559 1662779
1662627 1662523
1662509 1662768
1662585 1662784
1662764 1662679
1662580 1662580
1662698 1662735
1662708 1662678
1662749 1662567
1662715 1662653
1662525 1662560
1662654 1662682
1662661 1662743
1662584 1662730
1662501 1662730
1662599 1662750
1662662 1662745
1662785 1662516
1662750 1662649
1662571 1662616
1662568 1662671
1662655 1662602
1662575 1662592
1662624 1662717
1662773 1662747
1662706 1662575
1662552 1662678
881324 881319
881412 881326
881533 881258
881447 881282
881377 881538
881537 881340
881337 881322
881352 881273
881464 881267
881447 881310
881353 881326
881469 881300
881487 881494
881368 881381
881314 881260
881309 881336
881478 881279
881539 881319
881383 881322
881484 881541
881420 881521
881256 881381
881495 881536
881439 881348
881277 881314
881468 881383
881435 881302
490742 490698
490664 490889
490901 490675
490874 490731
490757 490657
490801 490779
490857 490708
490793 490839
490839 490884
490749 490741
490715 490832
490645 490722
490818 490759
490837 490775
490655 490806
490731 490717
490821 490778
490829 490638
490914 490692
490777 490912
490644 490791
490865 490824
490902 490698
490894 490630
490677 490772
490783 490796
490842 490644
295495 295464
295377 295397
295598 295566
295438 295409
295502 295463
295346 295430
295319 295581
295507 295516
295452 295516
295553 295469
295317 295476
295428 295350
295375 295330
295546 295534
295532 295427
295583 295356
295417 295417
295508 295319
295357 295588
295414 295342
295470 295374
295351 295510
295451 295553
295393 295460
295487 295527
295596 295421
295404 295583
197953 197858
197658 197825
197908 197698
197940 197877
197668 197716
197742 197942
197768 197856
197949 197950
197762 197924
197787 197933
197702 197863
197693 197829
197694 197851
197935 197921
197724 197742
197714 197662
197871 197933
197725 197776
197823 197818
197905 197878
197825 197815
197864 197662
197750 197712
197693 197939
197716 197952
197729 197891
197828 197835
148911 149032
148975 149003
148860 149076
148864 149043
148854 149000
149018 148839
149018 148864
149109 149068
148957 149113
149077 149061
149026 149119
149074 148829
148995 148849
148864 149057
148945 149037
149007 148842
148931 149120
149001 148910
148876 148893
148954 148938
148838 148910
149004 149057
149109 148845
148959 148954
149003 149031
149030 149033
148881 148844
124418 124644
124713 124655
124588 124441
124535 124630
124591 124519
124702 124659
124668 124653
124458 124667
124496 124520
124437 124476
124557 124465
124690 124585
124422 124663
124706 124543
124499 124564
124423 124488
124514 124668
124540 124518
124484 124589
124460 124496
124446 124464
124601 124421
124675 124710
124563 124674
124522 124462
124674 124689
124538 124517
112239 112323
112437 112358
112309 112344
112473 112357
112292 112278
112310 112443
112208 112235
112210 112314
112243 112426
112419 112416
112396 112338
112444 112255
112376 112436
112487 112415
112259 112369
112387 112451
112260 112308
112244 112212
112317 112223
112230 112474
112249 112406
112471 112220
112232 112430
112450 112232
112354 112212
112424 112358
112235 112317
135 64
264 213
24 6
60 178
76 13
84 92
45 156
27 57
46 254
27 31
29 290
292 84
286 87
188 285
74 21
130 88
22 269
54 122
244 167
204 147
144 202
35 22
273 109
112 228
143 139
159 124
71 280
50 230
135 166
33 280
162 212
84 169
27 267
236 250
248 95
237 31
120 139
69 249
151 58
66 19
109 69
23 277
266 153
170 199
217 210
53 178
81 67
202 75
253 62
