# source: JorikJooken
# original path: jj_extract\knapsackProblemInstances-master\problemInstances\n_800_c_100000000_g_14_f_0.2_eps_0_s_300\test.in
# optimal value: 100030197
# format: n capacity, then weight value
800 100000000
50000035 50000268
50000038 50000029
50000129 50000208
50000184 50000133
50000105 50000087
50000133 50000185
50000260 50000282
50000167 50000245
50000262 50000090
50000297 50000218
50000109 50000179
50000226 50000216
50000047 50000101
50000164 50000193
50000222 50000186
50000050 50000278
50000250 50000186
50000155 50000264
50000030 50000120
50000040 50000176
50000211 50000062
50000290 50000057
50000300 50000295
50000230 50000094
50000190 50000203
50000255 50000119
50000271 50000043
50000178 50000055
50000065 50000099
50000228 50000114
50000252 50000051
50000271 50000014
50000044 50000013
50000010 50000183
50000053 50000261
50000058 50000056
50000264 50000148
50000290 50000063
50000206 50000052
50000121 50000231
50000147 50000216
50000239 50000254
50000079 50000300
50000154 50000145
50000077 50000017
50000175 50000167
50000286 50000122
50000085 50000081
50000058 50000138
25000114 25000152
25000080 25000075
25000221 25000142
25000212 25000288
25000292 25000009
25000003 25000227
25000033 25000053
25000083 25000131
25000188 25000249
25000001 25000092
25000089 25000282
25000174 25000089
25000256 25000250
25000016 25000040
25000098 25000063
25000286 25000247
25000081 25000221
25000233 25000241
25000204 25000286
25000256 25000159
25000034 25000266
25000050 25000128
25000250 25000210
25000055 25000279
25000120 25000127
25000141 25000066
25000068 25000214
25000075 25000106
25000126 25000254
25000026 25000239
25000087 25000089
25000283 25000203
25000197 25000262
25000032 25000203
25000276 25000202
25000214 25000084
25000143 25000218
25000259 25000295
25000085 25000123
25000054 25000105
25000245 25000183
25000083 25000098
25000160 25000072
25000191 25000149
25000180 25000136
25000232 25000121
25000016 25000228
25000198 25000049
25000245 25000209
12500083 12500225
12500280 12500020
12500209 12500289
12500279 12500228
12500261 12500218
12500183 12500015
12500207 12500141
12500113 12500194
12500023 12500247
12500267 12500105
12500272 12500152
12500279 12500080
12500142 12500191
12500007 12500100
12500090 12500191
12500134 12500138
12500238 12500258
12500162 12500007
12500245 12500285
12500158 12500254
12500177 12500048
12500162 12500076
12500093 12500258
12500041 12500033
12500094 12500031
12500285 12500106
12500056 12500116
12500008 12500255
12500254 12500147
12500273 12500234
12500101 12500186
12500088 12500248
12500061 12500035
12500131 12500290
12500132 12500189
12500129 12500192
12500061 12500080
12500003 12500135
12500261 12500086
12500010 12500150
12500160 12500243
12500173 12500046
12500138 12500167
12500109 12500214
12500074 12500214
12500049 12500053
12500014 12500146
12500174 12500050
12500191 12500267
6250249 6250051
6250147 6250184
6250142 6250105
6250154 6250207
6250038 6250073
6250097 6250178
6250293 6250292
6250007 6250300
6250201 6250210
6250185 6250263
6250298 6250091
6250259 6250174
6250054 6250114
6250065 6250300
6250282 6250060
6250135 6250036
6250291 6250292
6250266 6250112
6250113 6250061
6250164 6250071
6250064 6250071
6250005 6250211
6250184 6250067
6250252 6250169
6250006 6250204
6250103 6250187
6250138 6250202
6250213 6250153
6250288 6250005
6250029 6250200
6250257 6250236
6250055 6250018
6250090 6250253
6250092 6250088
6250005 6250226
6250204 6250120
6250169 6250211
6250083 6250230
6250128 6250284
6250078 6250129
6250152 6250254
6250258 6250073
6250036 6250033
6250074 6250091
6250258 6250042
6250059 6250261
6250111 6250176
6250148 6250141
6250002 6250026
3125052 3125074
3125106 3125213
3125163 3125297
3125002 3125099
3125201 3125116
3125049 3125270
3125022 3125236
3125260 3125193
3125287 3125005
3125170 3125141
3125109 3125090
3125195 3125157
3125118 3125141
3125203 3125094
3125222 3125076
3125164 3125260
3125212 3125020
3125049 3125296
3125138 3125114
3125015 3125204
3125076 3125069
3125152 3125195
3125243 3125127
3125141 3125008
3125101 3125069
3125182 3125059
3125037 3125159
3125175 3125149
3125239 3125190
3125117 3125107
3125102 3125276
3125124 3125088
3125181 3125270
3125261 3125210
3125027 3125063
3125048 3125029
3125121 3125269
3125160 3125233
3125040 3125269
3125003 3125285
3125293 3125172
3125037 3125218
3125050 3125020
3125100 3125225
3125225 3125133
3125123 3125049
3125040 3125180
3125200 3125107
3125265 3125226
1562747 1562748
1562666 1562507
1562561 1562795
1562664 1562678
1562605 1562732
1562603 1562683
1562755 1562667
1562715 1562504
1562604 1562697
1562694 1562645
1562506 1562614
1562673 1562633
1562558 1562705
1562716 1562687
1562672 1562602
1562743 1562554
1562631 1562671
1562534 1562744
1562751 1562737
1562613 1562795
1562566 1562680
1562619 1562686
1562767 1562762
1562607 1562756
1562610 1562553
1562761 1562684
1562641 1562551
1562613 1562648
1562712 1562707
1562691 1562564
1562645 1562720
1562724 1562539
1562741 1562555
1562720 1562641
1562763 1562768
1562699 1562787
1562703 1562657
1562584 1562746
1562508 1562635
1562584 1562582
1562749 1562719
1562562 1562523
1562520 1562757
1562539 1562624
1562738 1562798
1562674 1562687
1562604 1562647
1562503 1562709
1562737 1562729
781382 781509
781477 781464
781304 781546
781357 781313
781260 781363
781324 781447
781388 781438
781486 781481
781308 781407
781327 781442
781306 781349
781530 781385
781358 781314
781413 781257
781309 781278
781518 781257
781442 781284
781451 781472
781327 781404
781289 781339
781326 781350
781381 781550
781314 781415
781508 781309
781382 781548
781397 781402
781300 781436
781530 781315
781520 781406
781277 781412
781431 781378
781390 781422
781487 781478
781289 781483
781453 781354
781498 781525
781516 781479
781315 781452
781505 781541
781312 781420
781416 781331
781271 781349
781443 781312
781331 781483
781287 781460
781345 781284
781469 781302
781376 781286
781289 781538
390756 390917
390660 390845
390913 390658
390856 390749
390841 390630
390627 390923
390770 390795
390645 390900
390844 390724
390904 390724
390682 390875
390677 390742
390701 390725
390742 390678
390675 390826
390720 390756
390781 390796
390735 390760
390865 390718
390710 390923
390739 390695
390783 390644
390707 390685
390665 390640
390845 390674
390703 390775
390628 390907
390778 390775
390792 390853
390772 390898
390733 390646
390711 390731
390631 390745
390707 390792
390707 390669
390667 390787
390806 390654
390647 390860
390805 390921
390910 390815
390755 390730
390702 390762
390846 390798
390779 390824
390771 390661
390638 390897
390779 390793
390843 390658
390729 390631
195397 195421
195515 195580
195439 195453
195396 195394
195383 195366
195360 195316
195478 195433
195387 195376
195326 195538
195519 195573
195441 195441
195423 195445
195420 195527
195394 195520
195481 195435
195434 195561
195321 195559
195317 195562
195565 195577
195387 195537
195355 195465
195460 195435
195328 195535
195330 195442
195394 195551
195447 195587
195344 195373
195557 195415
195567 195611
195390 195561
195590 195394
195591 195585
195505 195437
195559 195314
195360 195502
195535 195474
195368 195453
195357 195411
195366 195563
195571 195394
195563 195474
195434 195358
195461 195445
195440 195552
195587 195501
195329 195518
195559 195558
195523 195526
195340 195376
97946 97801
97861 97857
97667 97929
97752 97672
97690 97786
97792 97724
97690 97661
97706 97858
97943 97889
97769 97764
97784 97689
97951 97662
97817 97829
97955 97686
97851 97819
97771 97671
97933 97824
97762 97750
97717 97945
97901 97875
97682 97862
97840 97869
97884 97838
97935 97816
97918 97935
97663 97877
97946 97879
97878 97956
97698 97879
97775 97897
97866 97899
97711 97946
97687 97857
97802 97692
97920 97856
97903 97724
97827 97758
97731 97686
97872 97905
97837 97935
97932 97928
97799 97795
97692 97768
97844 97861
97841 97719
97893 97846
97805 97681
97943 97871
97732 97670
49098 49125
48844 48974
49053 49014
48928 48963
49075 48963
48955 48949
49064 48850
48919 48868
49011 49075
48904 49038
49024 48835
48863 48855
48995 48960
49041 49027
48911 49065
48848 49011
49018 48857
49047 49100
49080 48986
48888 48904
48968 48891
48953 48937
49066 49066
48884 49060
49058 49089
49106 49028
49031 48899
49030 48889
49013 48962
48883 49056
49099 49104
49093 48952
49070 49110
48921 48929
48905 48926
48951 49078
48889 49128
49102 48966
48835 48907
49121 48885
49005 48841
48896 48963
49115 49128
48966 48909
48927 48943
49001 48890
49021 48832
48891 48914
49026 48980
24603 24424
24661 24633
24606 24598
24657 24593
24634 24429
24629 24712
24664 24588
24556 24574
24619 24640
24517 24669
24516 24694
24552 24687
24469 24565
24447 24537
24487 24468
24509 24429
24423 24457
24424 24675
24468 24662
24529 24511
24563 24694
24680 24592
24476 24478
24624 24615
24626 24466
24632 24569
24491 24481
24635 24450
24429 24604
24680 24650
24546 24587
24691 24457
24674 24442
24565 24437
24671 24678
24593 24437
24535 24655
24438 24680
24418 24493
24658 24418
24697 24684
24511 24660
24478 24510
24440 24548
24481 24537
24598 24548
24501 24707
24617 24613
24634 24591
12427 12316
12460 12322
12467 12371
12457 12374
12329 12453
12418 12398
12268 12484
12224 12280
12472 12446
12350 12439
12263 12247
12304 12248
12440 12290
12223 12376
12417 12370
12450 12377
12460 12398
12353 12421
12381 12218
12350 12362
12384 12269
12420 12336
12447 12298
12372 12430
12337 12223
12322 12274
12327 12467
12259 12310
12338 12401
12371 12308
12219 12372
12233 12484
12507 12250
12359 12433
12324 12447
12267 12479
12211 12283
12419 12486
12442 12337
12440 12408
12389 12293
12292 12217
12474 12366
12452 12302
12242 12265
12249 12455
12311 12327
12411 12446
12494 12356
48 20
193 47
294 266
261 170
269 104
260 157
19 285
47 300
153 278
220 295
67 1
28 11
300 99
11 283
66 155
197 142
220 76
237 207
268 130
64 110
210 147
201 153
126 39
6 213
219 17
248 153
252 100
240 16
147 191
38 59
67 9
172 106
252 296
177 19
19 204
170 124
188 145
27 263
125 289
116 141
6 34
190 77
187 292
78 45
120 28
205 275
181 181
265 12
211 92
278 260
132 276
17 189
122 237
55 146
149 174
233 229
195 78
180 21
293 23
203 253
107 61
100 289
254 172
227 264
64 146
38 47
192 60
93 118
274 46
299 22
100 269
148 131
143 210
116 223
147 3
75 251
144 105
272 116
32 7
85 148
10 214
108 77
55 146
186 173
188 257
86 158
140 286
179 92
293 194
222 200
206 272
89 130
163 44
269 249
89 70
266 206
123 46
99 140
170 72
88 56
92 31
197 178
15 39
219 11
76 147
15 144
64 215
19 234
58 7
7 171
169 258
70 133
280 237
59 163
96 93
240 8
73 268
109 213
159 231
202 176
187 71
148 15
208 105
235 49
244 179
62 259
65 139
144 266
234 250
262 55
116 280
127 34
215 246
68 7
262 294
118 208
112 244
216 201
159 74
61 6
246 245
77 74
121 89
247 296
141 37
106 22
25 204
275 159
271 82
27 125
152 116
291 40
159 209
97 33
32 64
130 26
143 4
196 47
10 128
47 6
32 159
273 105
285 23
