# source: JorikJooken
# original path: jj_extract\knapsackProblemInstances-master\problemInstances\n_400_c_1000000_g_10_f_0.2_eps_0.0001_s_300\test.in
# optimal value: 1016021
# format: n capacity, then weight value
400 1000000
500387 500210
500362 500238
500259 500230
500130 500253
500240 500185
500148 500363
500141 500107
500306 500361
500383 500309
500361 500293
500180 500331
500106 500164
500165 500197
500198 500317
500314 500326
500173 500291
500334 500131
500354 500380
500253 500104
500228 500361
500386 500300
500147 500396
500340 500146
500204 500279
500229 500386
500194 500335
500269 500192
500268 500149
500209 500382
500395 500216
500298 500170
500292 500397
500203 500155
500392 500200
500326 500109
250135 250320
250168 250387
250193 250119
250177 250276
250338 250382
250231 250333
250330 250112
250180 250172
250107 250231
250303 250209
250399 250154
250362 250261
250316 250314
250161 250341
250271 250331
250348 250287
250216 250221
250217 250369
250240 250160
250384 250321
250301 250306
250198 250214
250164 250279
250327 250169
250306 250102
250119 250234
250284 250140
250386 250338
250262 250395
250267 250155
250368 250293
250264 250210
250270 250307
250360 250245
250221 250107
125246 125241
125375 125371
125372 125274
125284 125206
125222 125206
125291 125386
125383 125154
125322 125205
125351 125316
125180 125194
125216 125101
125155 125159
125265 125323
125240 125155
125254 125280
125257 125304
125379 125329
125119 125287
125250 125246
125279 125200
125370 125227
125160 125367
125398 125399
125241 125252
125152 125119
125349 125365
125213 125294
125253 125240
125290 125372
125215 125205
125393 125372
125234 125396
125252 125132
125114 125273
125263 125151
62719 62787
62858 62771
62847 62608
62879 62820
62712 62847
62643 62791
62782 62691
62625 62875
62841 62855
62857 62855
62777 62605
62627 62720
62700 62845
62615 62668
62754 62810
62621 62892
62841 62831
62771 62782
62851 62604
62699 62699
62714 62653
62682 62676
62652 62805
62612 62731
62697 62820
62760 62876
62677 62792
62791 62701
62622 62712
62811 62894
62617 62842
62714 62654
62625 62657
62628 62784
62795 62842
31355 31648
31584 31573
31444 31406
31364 31371
31637 31544
31464 31452
31428 31407
31593 31498
31585 31417
31542 31476
31608 31457
31378 31370
31488 31484
31458 31619
31520 31518
31607 31487
31598 31362
31464 31464
31363 31500
31625 31358
31535 31463
31620 31548
31408 31497
31352 31630
31608 31410
31526 31469
31558 31434
31500 31607
31365 31501
31394 31599
31368 31628
31538 31385
31606 31532
31554 31647
31472 31567
15783 15795
15903 15940
15753 15954
15841 15818
15866 15832
15980 16008
15954 15997
15741 15870
15822 15853
15733 15928
15736 15818
15945 15807
15730 15743
15909 15822
15999 16006
15828 16017
15798 15904
15765 15949
15806 15919
15805 15775
15846 15728
15779 15836
15837 15769
15775 15960
15952 15744
16004 15768
15893 15893
15799 15830
15917 15799
16022 16014
15864 15966
15963 15819
15907 16014
15981 15939
15898 15873
7987 8012
8117 8133
7913 8179
8149 8152
8020 8186
7938 8130
8022 8170
8205 8005
7916 7928
8162 7917
7972 8119
8098 8202
8003 8077
8070 8078
8137 8049
8080 8083
8092 8134
8015 8125
7923 8078
8094 8212
7928 7971
8040 7952
7997 7924
7982 7943
8123 7995
7933 8014
7930 8043
8020 8033
8161 8056
8012 8112
8045 8055
8049 8165
7968 8074
8009 8173
7948 8053
4162 4230
4292 4244
4131 4270
4120 4190
4242 4037
4205 4077
4158 4275
4077 4195
4050 4038
4027 4199
4132 4049
4302 4210
4134 4268
4033 4036
4167 4077
4254 4188
4020 4260
4149 4138
4126 4106
4089 4008
4242 4090
4099 4036
4175 4201
4277 4116
4143 4183
4163 4175
4113 4207
4146 4118
4075 4242
4110 4291
4108 4187
4131 4099
4165 4195
4180 4132
4100 4183
2186 2156
2061 2186
2114 2231
2081 2072
2128 2154
2136 2249
2054 2284
2127 2073
2331 2083
2257 2304
2258 2348
2157 2312
2269 2142
2076 2331
2318 2191
2322 2279
2262 2272
2318 2289
2056 2332
2346 2067
2182 2110
2157 2293
2121 2344
2155 2167
2146 2084
2246 2306
2274 2167
2099 2152
2125 2150
2199 2234
2194 2294
2203 2293
2070 2133
2307 2293
2057 2297
70 101
36 281
182 163
247 262
145 137
258 15
35 68
36 164
16 106
224 73
146 282
30 169
229 110
289 57
131 225
135 95
53 17
43 117
165 231
29 25
54 88
63 265
240 240
145 266
2 5
286 187
107 100
41 111
132 249
142 243
265 217
40 278
48 51
64 66
260 92
65 39
152 39
132 14
293 24
186 73
158 146
140 259
14 158
14 150
282 8
274 119
135 276
235 13
39 232
88 237
283 18
106 279
155 154
107 208
116 226
204 84
49 6
17 182
239 278
142 159
233 10
80 235
213 237
148 117
99 267
79 191
6 56
48 137
4 159
37 151
136 70
174 269
89 254
181 229
266 235
242 21
112 43
198 53
30 251
45 175
85 18
9 4
159 185
38 224
216 99
