# source: JorikJooken
# original path: jj_extract\knapsackProblemInstances-master\problemInstances\n_1000_c_10000000000_g_6_f_0.3_eps_1e-05_s_100\test.in
# optimal value: 9690618058
# format: n capacity, then weight value
1000 10000000000
5000100015 5000100070
5000100045 5000100007
5000100017 5000100042
5000100076 5000100090
5000100040 5000100052
5000100063 5000100081
5000100052 5000100034
5000100019 5000100077
5000100026 5000100027
5000100080 5000100020
5000100096 5000100028
5000100076 5000100013
5000100004 5000100049
5000100066 5000100033
5000100017 5000100090
5000100091 5000100096
5000100080 5000100058
5000100009 5000100087
5000100063 5000100084
5000100099 5000100003
5000100097 5000100046
5000100033 5000100060
5000100045 5000100051
5000100037 5000100075
5000100094 5000100099
5000100018 5000100024
5000100084 5000100047
5000100004 5000100011
5000100077 5000100088
5000100021 5000100091
5000100017 5000100020
5000100091 5000100079
5000100076 5000100085
5000100096 5000100048
5000100037 5000100058
5000100051 5000100087
5000100099 5000100079
5000100090 5000100052
5000100076 5000100009
5000100072 5000100026
5000100096 5000100030
5000100069 5000100079
5000100090 5000100021
5000100063 5000100002
5000100079 5000100085
5000100040 5000100058
5000100083 5000100083
5000100087 5000100087
5000100078 5000100097
5000100096 5000100011
5000100078 5000100054
5000100084 5000100085
5000100086 5000100074
5000100086 5000100026
5000100042 5000100064
5000100051 5000100087
5000100050 5000100071
5000100033 5000100017
5000100058 5000100048
5000100039 5000100069
5000100078 5000100027
5000100062 5000100012
5000100098 5000100040
5000100009 5000100021
5000100067 5000100015
5000100013 5000100068
5000100008 5000100099
5000100098 5000100070
5000100087 5000100032
5000100054 5000100060
5000100016 5000100071
5000100076 5000100064
5000100048 5000100006
5000100061 5000100030
5000100010 5000100017
5000100013 5000100039
5000100015 5000100055
5000100021 5000100008
5000100040 5000100070
5000100001 5000100007
5000100034 5000100087
5000100044 5000100004
5000100051 5000100082
5000100089 5000100091
5000100053 5000100004
5000100090 5000100050
5000100079 5000100017
5000100099 5000100057
5000100031 5000100069
5000100011 5000100086
5000100013 5000100100
5000100038 5000100093
5000100010 5000100014
5000100044 5000100012
5000100088 5000100022
5000100019 5000100010
5000100014 5000100067
5000100087 5000100033
5000100055 5000100019
5000100047 5000100064
5000100061 5000100100
5000100085 5000100046
5000100023 5000100091
5000100018 5000100082
5000100092 5000100034
5000100055 5000100083
5000100045 5000100007
5000100037 5000100009
5000100064 5000100021
5000100030 5000100011
5000100019 5000100008
5000100033 5000100043
5000100060 5000100100
5000100068 5000100076
5000100021 5000100004
5000100032 5000100038
5000100043 5000100030
5000100069 5000100064
5000100066 5000100032
5000100039 5000100029
5000100009 5000100046
5000100019 5000100091
5000100086 5000100003
5000100051 5000100081
5000100083 5000100017
5000100031 5000100071
5000100074 5000100098
5000100070 5000100071
5000100065 5000100086
5000100017 5000100028
5000100008 5000100086
5000100056 5000100025
5000100088 5000100035
5000100010 5000100089
5000100016 5000100099
5000100049 5000100086
5000100024 5000100059
5000100002 5000100047
5000100087 5000100061
5000100010 5000100009
2500100037 2500100015
2500100044 2500100084
2500100024 2500100050
2500100099 2500100031
2500100039 2500100059
2500100081 2500100090
2500100004 2500100010
2500100049 2500100095
2500100064 2500100023
2500100031 2500100029
2500100026 2500100063
2500100016 2500100015
2500100007 2500100008
2500100047 2500100034
2500100026 2500100016
2500100080 2500100030
2500100009 2500100045
2500100058 2500100018
2500100033 2500100084
2500100026 2500100033
2500100096 2500100076
2500100048 2500100084
2500100082 2500100029
2500100093 2500100055
2500100062 2500100061
2500100030 2500100020
2500100071 2500100004
2500100076 2500100091
2500100019 2500100068
2500100007 2500100077
2500100018 2500100039
2500100003 2500100081
2500100010 2500100090
2500100068 2500100028
2500100046 2500100009
2500100065 2500100100
2500100068 2500100077
2500100046 2500100050
2500100019 2500100021
2500100027 2500100042
2500100080 2500100038
2500100056 2500100038
2500100064 2500100024
2500100025 2500100091
2500100070 2500100081
2500100047 2500100088
2500100025 2500100082
2500100080 2500100099
2500100048 2500100017
2500100095 2500100034
2500100050 2500100049
2500100025 2500100051
2500100079 2500100100
2500100082 2500100056
2500100017 2500100066
2500100060 2500100092
2500100042 2500100052
2500100084 2500100084
2500100027 2500100008
2500100015 2500100050
2500100048 2500100077
2500100044 2500100054
2500100079 2500100047
2500100098 2500100092
2500100029 2500100080
2500100027 2500100034
2500100045 2500100027
2500100097 2500100062
2500100016 2500100090
2500100068 2500100095
2500100077 2500100023
2500100069 2500100019
2500100016 2500100075
2500100033 2500100019
2500100045 2500100067
2500100049 2500100095
2500100044 2500100084
2500100034 2500100040
2500100067 2500100100
2500100100 2500100070
2500100080 2500100042
2500100014 2500100017
2500100053 2500100025
2500100004 2500100055
2500100003 2500100071
2500100028 2500100025
2500100038 2500100021
2500100049 2500100082
2500100036 2500100067
2500100009 2500100054
2500100005 2500100084
2500100028 2500100061
2500100018 2500100055
2500100015 2500100066
2500100091 2500100096
2500100033 2500100084
2500100062 2500100041
2500100013 2500100021
2500100006 2500100060
2500100076 2500100040
2500100039 2500100001
2500100052 2500100070
2500100066 2500100027
2500100094 2500100099
2500100010 2500100001
2500100093 2500100053
2500100047 2500100065
2500100055 2500100023
2500100045 2500100092
2500100095 2500100057
2500100037 2500100009
2500100040 2500100068
2500100079 2500100071
2500100022 2500100088
2500100011 2500100070
2500100063 2500100091
2500100039 2500100021
2500100096 2500100036
2500100041 2500100024
2500100022 2500100024
2500100021 2500100091
2500100048 2500100014
2500100038 2500100007
2500100069 2500100100
2500100077 2500100053
2500100054 2500100058
2500100038 2500100075
2500100074 2500100047
2500100037 2500100080
2500100059 2500100021
2500100005 2500100001
2500100095 2500100077
2500100064 2500100055
2500100017 2500100010
2500100032 2500100041
2500100070 2500100040
2500100065 2500100069
2500100062 2500100086
2500100065 2500100087
2500100100 2500100048
1250100042 1250100016
1250100050 1250100006
1250100066 1250100061
1250100036 1250100057
1250100017 1250100013
1250100023 1250100021
1250100094 1250100070
1250100044 1250100064
1250100005 1250100066
1250100038 1250100098
1250100063 1250100067
1250100031 1250100060
1250100026 1250100051
1250100006 1250100058
1250100064 1250100047
1250100024 1250100095
1250100061 1250100051
1250100038 1250100088
1250100073 1250100008
1250100015 1250100093
1250100071 1250100056
1250100085 1250100063
1250100091 1250100001
1250100087 1250100023
1250100026 1250100086
1250100056 1250100082
1250100087 1250100071
1250100048 1250100037
1250100013 1250100016
1250100030 1250100060
1250100038 1250100068
1250100082 1250100080
1250100084 1250100048
1250100072 1250100050
1250100008 1250100008
1250100032 1250100017
1250100062 1250100009
1250100022 1250100069
1250100011 1250100030
1250100053 1250100057
1250100082 1250100066
1250100069 1250100007
1250100067 1250100014
1250100031 1250100012
1250100025 1250100086
1250100083 1250100057
1250100017 1250100084
1250100056 1250100077
1250100065 1250100087
1250100092 1250100067
1250100033 1250100002
1250100057 1250100014
1250100038 1250100051
1250100084 1250100058
1250100077 1250100042
1250100046 1250100093
1250100022 1250100095
1250100063 1250100095
1250100009 1250100082
1250100088 1250100007
1250100025 1250100048
1250100066 1250100038
1250100016 1250100047
1250100055 1250100045
1250100074 1250100036
1250100014 1250100094
1250100071 1250100020
1250100085 1250100064
1250100041 1250100075
1250100083 1250100089
1250100043 1250100021
1250100047 1250100047
1250100025 1250100027
1250100016 1250100091
1250100084 1250100005
1250100043 1250100022
1250100045 1250100029
1250100019 1250100056
1250100013 1250100094
1250100047 1250100043
1250100039 1250100068
1250100083 1250100061
1250100030 1250100061
1250100030 1250100013
1250100099 1250100084
1250100041 1250100035
1250100067 1250100001
1250100048 1250100040
1250100010 1250100084
1250100031 1250100096
1250100060 1250100001
1250100048 1250100025
1250100031 1250100009
1250100004 1250100070
1250100041 1250100092
1250100044 1250100045
1250100068 1250100044
1250100002 1250100040
1250100033 1250100013
1250100025 1250100051
1250100087 1250100011
1250100075 1250100048
1250100050 1250100019
1250100092 1250100090
1250100073 1250100013
1250100087 1250100083
1250100061 1250100002
1250100068 1250100085
1250100056 1250100015
1250100031 1250100045
1250100076 1250100030
1250100066 1250100029
1250100076 1250100048
1250100063 1250100099
1250100033 1250100010
1250100017 1250100035
1250100062 1250100002
1250100037 1250100060
1250100068 1250100044
1250100010 1250100084
1250100063 1250100008
1250100055 1250100080
1250100006 1250100085
1250100003 1250100008
1250100003 1250100001
1250100042 1250100059
1250100027 1250100098
1250100025 1250100045
1250100050 1250100011
1250100071 1250100009
1250100015 1250100020
1250100026 1250100064
1250100001 1250100094
1250100049 1250100015
1250100013 1250100041
1250100045 1250100031
1250100062 1250100013
1250100035 1250100072
1250100012 1250100049
1250100086 1250100094
625100090 625100090
625100066 625100082
625100067 625100037
625100012 625100060
625100042 625100055
625100021 625100025
625100084 625100004
625100072 625100004
625100039 625100008
625100081 625100086
625100061 625100094
625100084 625100036
625100001 625100019
625100002 625100069
625100032 625100022
625100035 625100080
625100099 625100060
625100082 625100089
625100028 625100084
625100060 625100062
625100091 625100081
625100009 625100068
625100098 625100033
625100039 625100038
625100001 625100062
625100094 625100077
625100056 625100091
625100027 625100088
625100001 625100069
625100003 625100030
625100079 625100079
625100039 625100065
625100011 625100025
625100066 625100049
625100031 625100081
625100004 625100050
625100057 625100031
625100080 625100072
625100038 625100064
625100080 625100058
625100099 625100063
625100096 625100008
625100025 625100022
625100085 625100013
625100064 625100009
625100061 625100026
625100060 625100059
625100080 625100096
625100060 625100091
625100011 625100053
625100047 625100007
625100031 625100091
625100026 625100008
625100074 625100006
625100020 625100039
625100096 625100092
625100052 625100013
625100017 625100062
625100011 625100070
625100023 625100070
625100069 625100064
625100073 625100061
625100059 625100062
625100025 625100074
625100024 625100049
625100059 625100034
625100017 625100034
625100007 625100079
625100053 625100051
625100049 625100089
625100062 625100022
625100061 625100016
625100015 625100001
625100087 625100009
625100004 625100044
625100094 625100093
625100013 625100076
625100022 625100072
625100058 625100019
625100046 625100061
625100092 625100024
625100026 625100002
625100073 625100053
625100060 625100083
625100061 625100098
625100039 625100014
625100057 625100080
625100016 625100011
625100052 625100071
625100091 625100076
625100023 625100057
625100007 625100076
625100050 625100072
625100064 625100084
625100031 625100017
625100059 625100039
625100040 625100056
625100005 625100039
625100069 625100019
625100058 625100090
625100015 625100056
625100028 625100060
625100029 625100097
625100069 625100091
625100006 625100050
625100003 625100006
625100044 625100030
625100051 625100056
625100078 625100050
625100095 625100077
625100001 625100079
625100012 625100010
625100059 625100002
625100049 625100026
625100100 625100015
625100075 625100050
625100001 625100001
625100054 625100078
625100047 625100080
625100070 625100086
625100046 625100033
625100084 625100054
625100064 625100049
625100095 625100071
625100069 625100014
625100037 625100047
625100073 625100042
625100043 625100027
625100023 625100048
625100063 625100007
625100023 625100043
625100009 625100046
625100067 625100037
625100018 625100099
625100059 625100094
625100048 625100079
625100045 625100074
625100071 625100010
625100012 625100070
625100050 625100035
312600063 312600071
312600051 312600021
312600100 312600017
312600031 312600064
312600089 312600052
312600077 312600059
312600099 312600068
312600040 312600008
312600091 312600041
312600018 312600038
312600012 312600038
312600097 312600032
312600069 312600039
312600016 312600010
312600045 312600074
312600009 312600092
312600073 312600058
312600071 312600067
312600054 312600030
312600036 312600001
312600053 312600065
312600054 312600011
312600055 312600068
312600058 312600006
312600002 312600070
312600072 312600030
312600023 312600022
312600075 312600070
312600026 312600036
312600081 312600072
312600080 312600004
312600001 312600007
312600084 312600049
312600068 312600042
312600010 312600067
312600033 312600076
312600034 312600067
312600031 312600094
312600019 312600069
312600014 312600093
312600078 312600068
312600025 312600012
312600053 312600079
312600017 312600031
312600027 312600044
312600033 312600005
312600063 312600089
312600027 312600006
312600011 312600050
312600084 312600035
312600041 312600084
312600065 312600078
312600027 312600031
312600045 312600002
312600085 312600013
312600059 312600009
312600090 312600074
312600013 312600001
312600091 312600088
312600062 312600017
312600084 312600046
312600084 312600078
312600061 312600010
312600087 312600096
312600090 312600085
312600037 312600011
312600085 312600025
312600098 312600032
312600002 312600057
312600080 312600074
312600079 312600053
312600100 312600027
312600065 312600016
312600078 312600075
312600086 312600061
312600064 312600028
312600085 312600019
312600079 312600042
312600051 312600053
312600094 312600024
312600092 312600090
312600046 312600092
312600057 312600002
312600042 312600006
312600013 312600084
312600062 312600090
312600004 312600016
312600039 312600066
312600076 312600072
312600067 312600094
312600010 312600071
312600096 312600079
312600067 312600087
312600014 312600029
312600100 312600022
312600084 312600095
312600062 312600046
312600026 312600053
312600012 312600064
312600041 312600082
312600098 312600034
312600051 312600086
312600053 312600021
312600016 312600042
312600089 312600029
312600060 312600010
312600087 312600028
312600052 312600019
312600071 312600051
312600096 312600032
312600017 312600084
312600027 312600067
312600093 312600032
312600084 312600031
312600048 312600053
312600079 312600077
312600070 312600030
312600062 312600018
312600066 312600016
312600004 312600095
312600045 312600064
312600082 312600049
312600019 312600006
312600023 312600021
312600050 312600035
312600068 312600019
312600083 312600060
312600019 312600068
312600031 312600068
312600093 312600095
312600045 312600008
312600024 312600061
312600037 312600089
312600038 312600033
312600090 312600100
312600033 312600021
312600031 312600077
312600066 312600083
312600028 312600092
312600080 312600087
8 64
19 67
70 67
97 28
41 4
13 40
55 74
78 18
90 49
6 13
41 90
28 83
90 35
65 74
83 14
43 27
4 81
66 41
12 9
70 56
29 11
10 13
63 60
48 95
42 90
47 96
78 94
70 64
94 28
14 12
12 8
97 85
6 59
12 14
91 54
21 34
99 19
26 74
76 72
92 13
38 12
12 51
82 98
10 50
41 30
66 88
18 37
96 60
19 17
28 15
95 97
47 67
22 58
36 30
42 95
68 63
11 48
8 55
8 33
74 90
56 83
47 91
5 93
53 91
3 77
62 43
49 18
25 74
23 18
28 39
84 38
53 41
84 3
90 87
80 79
26 89
97 89
24 87
70 74
82 70
96 87
7 71
57 14
53 29
53 27
6 26
30 5
43 40
99 91
14 42
97 30
40 84
93 63
93 9
29 78
37 96
65 89
31 33
78 72
53 61
69 58
9 1
9 16
69 83
46 40
71 6
62 61
5 82
53 64
32 78
60 91
93 28
61 51
100 86
64 4
47 35
74 97
68 90
78 77
1 97
53 32
71 89
7 88
96 13
68 25
63 58
81 72
95 72
51 25
97 67
20 20
84 19
2 31
98 53
72 36
60 70
18 100
63 90
70 17
18 12
50 64
87 77
33 24
65 23
92 3
35 5
10 63
44 19
15 12
17 11
42 84
92 80
95 1
20 39
55 31
13 45
72 20
74 80
33 18
70 72
38 80
87 32
70 82
71 11
72 17
19 33
91 62
98 4
68 67
31 98
38 28
44 10
84 4
18 64
68 29
78 28
16 87
96 92
91 19
82 48
55 83
68 19
46 78
48 37
86 54
75 75
34 37
78 60
63 28
25 70
23 64
100 3
67 80
63 96
18 54
94 65
80 91
39 18
10 65
40 12
61 50
51 83
99 56
31 91
29 28
66 69
94 53
34 11
4 41
78 9
22 99
60 30
20 59
28 45
87 78
89 56
94 17
61 91
6 38
10 64
10 39
56 51
53 92
8 98
30 23
77 69
55 35
29 34
76 30
7 76
36 72
50 22
50 89
35 7
91 88
9 100
75 4
22 15
34 91
10 67
19 39
80 63
2 56
81 38
4 65
24 99
13 59
99 60
20 13
75 34
54 77
23 9
41 49
37 33
52 40
80 85
33 62
8 93
18 53
7 47
29 98
18 38
28 69
27 4
34 42
76 23
83 6
52 50
63 9
74 66
37 43
32 62
61 90
45 50
52 37
12 96
54 34
57 74
89 25
69 36
97 54
92 12
63 89
80 78
26 76
13 38
58 36
43 12
34 23
28 70
53 20
73 13
1 25
1 34
48 62
68 85
24 55
83 27
88 54
36 42
