# source: JorikJooken
# original path: jj_extract\knapsackProblemInstances-master\problemInstances\n_1200_c_100000000_g_14_f_0.1_eps_0.01_s_300\test.in
# optimal value: 100023564
# format: n capacity, then weight value
1200 100000000
51000222 51000214
51000038 51000020
51000017 51000213
51000037 51000297
51000294 51000029
51000182 51000291
51000078 51000179
51000243 51000242
51000241 51000191
51000174 51000024
51000066 51000086
51000182 51000189
51000145 51000168
51000233 51000181
51000230 51000085
51000081 51000059
51000261 51000019
51000183 51000117
51000183 51000160
51000003 51000226
51000008 51000292
51000190 51000082
51000058 51000099
51000026 51000131
51000060 51000245
51000040 51000239
51000222 51000119
51000244 51000171
51000149 51000036
51000063 51000193
51000111 51000280
51000266 51000049
51000061 51000147
51000104 51000198
51000237 51000255
51000191 51000077
51000234 51000131
51000222 51000122
51000286 51000116
51000271 51000193
51000297 51000201
51000018 51000298
51000179 51000200
51000281 51000179
51000114 51000112
51000102 51000244
51000163 51000201
51000090 51000201
51000112 51000073
51000157 51000299
51000142 51000208
51000150 51000247
51000052 51000111
51000270 51000045
51000228 51000288
51000132 51000146
51000001 51000183
51000160 51000077
51000059 51000040
51000151 51000229
51000261 51000278
51000128 51000125
51000013 51000133
51000180 51000164
51000142 51000011
51000244 51000173
51000164 51000209
51000023 51000042
51000134 51000067
51000242 51000146
51000281 51000254
51000114 51000279
51000049 51000289
51000206 51000284
51000121 51000176
51000276 51000117
51000098 51000219
51000057 51000193
51000252 51000023
51000220 51000080
51000026 51000185
51000090 51000146
51000139 51000240
26000012 26000069
26000169 26000204
26000090 26000300
26000264 26000145
26000157 26000291
26000295 26000119
26000137 26000291
26000013 26000029
26000085 26000134
26000085 26000169
26000228 26000234
26000288 26000053
26000001 26000181
26000297 26000016
26000077 26000135
26000010 26000289
26000171 26000186
26000154 26000073
26000025 26000080
26000238 26000042
26000182 26000285
26000026 26000002
26000203 26000144
26000258 26000224
26000150 26000094
26000001 26000247
26000251 26000056
26000039 26000289
26000156 26000194
26000026 26000246
26000093 26000004
26000173 26000062
26000181 26000088
26000279 26000149
26000157 26000202
26000294 26000175
26000252 26000086
26000279 26000052
26000125 26000235
26000259 26000128
26000274 26000159
26000249 26000036
26000245 26000128
26000126 26000225
26000289 26000135
26000027 26000183
26000200 26000033
26000143 26000140
26000258 26000033
26000156 26000191
26000201 26000104
26000037 26000229
26000032 26000239
26000143 26000193
26000274 26000121
26000046 26000294
26000020 26000241
26000122 26000163
26000020 26000284
26000200 26000159
26000140 26000184
26000257 26000212
26000028 26000285
26000168 26000068
26000186 26000201
26000142 26000022
26000216 26000055
26000227 26000107
26000217 26000150
26000222 26000289
26000142 26000030
26000158 26000011
26000147 26000044
26000138 26000242
26000064 26000041
26000015 26000164
26000093 26000070
26000252 26000115
26000277 26000026
26000124 26000213
26000114 26000299
26000087 26000127
26000101 26000257
13500044 13500075
13500098 13500065
13500286 13500227
13500255 13500276
13500300 13500208
13500119 13500228
13500108 13500077
13500294 13500242
13500181 13500013
13500116 13500279
13500069 13500254
13500056 13500179
13500152 13500145
13500205 13500015
13500233 13500242
13500064 13500085
13500109 13500295
13500245 13500004
13500019 13500214
13500043 13500164
13500003 13500256
13500178 13500204
13500168 13500056
13500287 13500154
13500149 13500061
13500021 13500118
13500013 13500292
13500037 13500080
13500141 13500141
13500256 13500146
13500057 13500002
13500255 13500095
13500042 13500090
13500226 13500173
13500056 13500071
13500034 13500114
13500120 13500208
13500025 13500274
13500245 13500048
13500139 13500218
13500053 13500241
13500091 13500115
13500164 13500250
13500093 13500240
13500210 13500229
13500256 13500248
13500285 13500295
13500130 13500227
13500247 13500173
13500016 13500292
13500283 13500194
13500113 13500197
13500059 13500127
13500002 13500014
13500252 13500174
13500183 13500205
13500132 13500058
13500016 13500095
13500279 13500202
13500171 13500106
13500278 13500271
13500024 13500188
13500009 13500101
13500183 13500245
13500173 13500077
13500268 13500118
13500140 13500146
13500200 13500010
13500108 13500066
13500085 13500114
13500117 13500030
13500048 13500202
13500224 13500139
13500083 13500083
13500163 13500172
13500254 13500005
13500059 13500168
13500289 13500109
13500112 13500140
13500215 13500054
13500184 13500188
13500278 13500172
13500243 13500241
7250046 7250023
7250227 7250189
7250002 7250232
7250255 7250027
7250043 7250227
7250045 7250282
7250039 7250182
7250184 7250132
7250210 7250202
7250108 7250033
7250183 7250206
7250094 7250009
7250113 7250246
7250124 7250145
7250249 7250065
7250013 7250041
7250211 7250011
7250075 7250265
7250093 7250112
7250123 7250137
7250275 7250018
7250004 7250092
7250069 7250093
7250255 7250231
7250007 7250175
7250041 7250047
7250009 7250033
7250026 7250083
7250246 7250045
7250024 7250110
7250055 7250193
7250026 7250282
7250181 7250072
7250167 7250245
7250011 7250147
7250123 7250113
7250152 7250220
7250173 7250013
7250256 7250159
7250255 7250253
7250235 7250024
7250036 7250264
7250166 7250014
7250063 7250000
7250291 7250210
7250084 7250137
7250079 7250021
7250028 7250000
7250146 7250111
7250212 7250270
7250060 7250279
7250247 7250240
7250275 7250281
7250242 7250096
7250125 7250011
7250258 7250159
7250282 7250263
7250166 7250133
7250180 7250163
7250256 7250234
7250268 7250082
7250298 7250176
7250037 7250127
7250007 7250253
7250219 7250084
7250050 7250256
7250218 7250026
7250037 7250214
7250249 7250230
7250276 7250149
7250272 7250249
7250035 7250230
7250248 7250134
7250239 7250039
7250050 7250106
7250009 7250153
7250127 7250185
7250054 7250263
7250181 7250067
7250297 7250043
7250087 7250066
7250096 7250123
7250107 7250112
4125143 4125040
4125270 4125207
4125270 4125133
4125209 4125080
4125028 4125113
4125182 4125012
4125007 4125094
4125290 4125287
4125196 4125295
4125057 4125088
4125198 4125005
4125153 4125157
4125155 4125116
4125060 4125252
4125183 4125285
4125163 4125004
4125098 4125019
4125290 4125207
4125109 4125051
4125131 4125159
4125247 4125135
4125300 4125070
4125127 4125044
4125082 4125044
4125212 4125167
4125292 4125262
4125223 4125219
4125029 4125184
4125067 4125055
4125283 4125178
4125181 4125220
4125008 4125010
4125222 4125088
4125282 4125285
4125142 4125201
4125009 4125286
4125052 4125062
4125258 4125182
4125127 4125027
4125178 4125018
4125063 4125289
4125244 4125212
4125001 4125041
4125105 4125247
4125166 4125097
4125140 4125299
4125100 4125103
4125130 4125192
4125258 4125260
4125110 4125085
4125223 4125165
4125118 4125240
4125026 4125113
4125162 4125215
4125186 4125011
4125036 4125134
4125126 4125126
4125218 4125151
4125253 4125218
4125216 4125135
4125045 4125015
4125175 4125277
4125016 4125118
4125244 4125237
4125274 4125085
4125127 4125277
4125238 4125080
4125266 4125071
4125013 4125195
4125067 4125243
4125116 4125131
4125255 4125249
4125191 4125054
4125027 4125231
4125101 4125229
4125028 4125258
4125056 4125233
4125039 4125008
4125232 4125160
4125107 4125191
4125283 4125225
4125123 4125263
4125068 4125298
2562637 2562625
2562695 2562798
2562528 2562701
2562731 2562685
2562697 2562578
2562520 2562527
2562632 2562673
2562721 2562689
2562603 2562630
2562581 2562598
2562646 2562671
2562622 2562556
2562782 2562727
2562787 2562564
2562635 2562743
2562525 2562618
2562598 2562562
2562596 2562614
2562624 2562717
2562750 2562596
2562650 2562761
2562524 2562648
2562793 2562756
2562727 2562653
2562622 2562785
2562687 2562580
2562799 2562573
2562534 2562595
2562730 2562574
2562649 2562536
2562512 2562742
2562760 2562612
2562535 2562573
2562633 2562755
2562652 2562557
2562506 2562689
2562650 2562517
2562548 2562573
2562727 2562648
2562778 2562597
2562535 2562554
2562712 2562605
2562665 2562522
2562658 2562533
2562742 2562770
2562603 2562501
2562693 2562667
2562676 2562685
2562547 2562799
2562703 2562556
2562691 2562707
2562644 2562649
2562509 2562553
2562539 2562640
2562700 2562621
2562777 2562663
2562572 2562546
2562791 2562736
2562525 2562628
2562573 2562714
2562696 2562645
2562529 2562709
2562501 2562574
2562505 2562551
2562655 2562546
2562725 2562510
2562593 2562505
2562599 2562730
2562681 2562731
2562612 2562547
2562509 2562635
2562555 2562621
2562673 2562649
2562541 2562714
2562510 2562735
2562738 2562635
2562707 2562748
2562522 2562669
2562679 2562727
2562535 2562649
2562718 2562758
2562610 2562654
2562782 2562602
1781400 1781542
1781535 1781527
1781412 1781337
1781260 1781381
1781548 1781463
1781481 1781432
1781506 1781390
1781292 1781317
1781328 1781401
1781344 1781344
1781489 1781274
1781435 1781424
1781516 1781408
1781288 1781354
1781461 1781252
1781461 1781312
1781530 1781255
1781534 1781298
1781481 1781424
1781293 1781404
1781469 1781293
1781438 1781251
1781500 1781485
1781401 1781314
1781497 1781427
1781257 1781377
1781541 1781524
1781417 1781376
1781373 1781325
1781420 1781439
1781478 1781363
1781407 1781263
1781512 1781547
1781331 1781538
1781340 1781318
1781334 1781369
1781456 1781455
1781431 1781476
1781395 1781453
1781264 1781516
1781385 1781260
1781295 1781338
1781375 1781458
1781462 1781417
1781537 1781391
1781257 1781376
1781332 1781505
1781430 1781361
1781260 1781369
1781252 1781485
1781388 1781260
1781348 1781536
1781324 1781517
1781546 1781378
1781350 1781268
1781345 1781382
1781408 1781364
1781322 1781418
1781455 1781257
1781287 1781368
1781542 1781416
1781290 1781447
1781526 1781533
1781319 1781308
1781428 1781506
1781267 1781306
1781412 1781526
1781375 1781253
1781301 1781421
1781526 1781320
1781436 1781429
1781254 1781514
1781436 1781288
1781353 1781275
1781541 1781496
1781297 1781467
1781295 1781256
1781373 1781500
1781524 1781406
1781283 1781342
1781443 1781519
1781375 1781497
1781406 1781348
1390641 1390777
1390745 1390745
1390648 1390664
1390752 1390794
1390923 1390829
1390636 1390811
1390701 1390732
1390788 1390739
1390812 1390709
1390795 1390630
1390645 1390862
1390844 1390766
1390667 1390757
1390867 1390761
1390669 1390877
1390774 1390693
1390831 1390837
1390896 1390881
1390666 1390634
1390644 1390653
1390654 1390741
1390774 1390820
1390900 1390765
1390637 1390918
1390831 1390881
1390811 1390913
1390639 1390634
1390770 1390742
1390775 1390770
1390654 1390755
1390782 1390647
1390677 1390861
1390662 1390702
1390813 1390724
1390631 1390797
1390914 1390684
1390693 1390637
1390779 1390701
1390846 1390705
1390789 1390817
1390821 1390856
1390734 1390844
1390918 1390735
1390738 1390918
1390914 1390666
1390821 1390653
1390906 1390798
1390872 1390915
1390644 1390839
1390776 1390720
1390660 1390851
1390884 1390877
1390670 1390698
1390675 1390653
1390811 1390773
1390745 1390843
1390771 1390686
1390817 1390798
1390820 1390812
1390649 1390631
1390823 1390862
1390862 1390854
1390725 1390805
1390644 1390901
1390793 1390835
1390729 1390723
1390921 1390886
1390650 1390891
1390755 1390752
1390771 1390904
1390640 1390685
1390761 1390894
1390832 1390912
1390741 1390721
1390711 1390909
1390800 1390690
1390790 1390894
1390826 1390894
1390855 1390863
1390649 1390677
1390791 1390827
1390762 1390756
1390897 1390654
1195378 1195596
1195445 1195604
1195384 1195475
1195587 1195332
1195511 1195339
1195557 1195560
1195526 1195373
1195563 1195529
1195435 1195578
1195466 1195439
1195350 1195367
1195429 1195342
1195369 1195550
1195476 1195417
1195453 1195366
1195325 1195554
1195339 1195389
1195536 1195508
1195542 1195580
1195463 1195405
1195606 1195448
1195419 1195464
1195347 1195408
1195573 1195344
1195453 1195430
1195600 1195374
1195319 1195508
1195375 1195322
1195578 1195524
1195402 1195489
1195438 1195473
1195424 1195515
1195359 1195352
1195483 1195367
1195466 1195318
1195317 1195583
1195318 1195568
1195474 1195450
1195510 1195604
1195319 1195530
1195451 1195389
1195497 1195368
1195608 1195486
1195500 1195479
1195344 1195402
1195505 1195402
1195349 1195605
1195498 1195473
1195357 1195449
1195516 1195504
1195401 1195493
1195368 1195476
1195566 1195573
1195495 1195327
1195600 1195458
1195530 1195339
1195328 1195393
1195373 1195606
1195485 1195515
1195432 1195382
1195506 1195445
1195447 1195376
1195573 1195569
1195326 1195562
1195608 1195336
1195528 1195531
1195400 1195477
1195594 1195604
1195411 1195531
1195382 1195343
1195541 1195468
1195316 1195562
1195381 1195369
1195523 1195359
1195367 1195595
1195365 1195447
1195435 1195528
1195439 1195332
1195515 1195533
1195378 1195509
1195409 1195409
1195453 1195610
1195488 1195339
1097838 1097920
1097854 1097939
1097835 1097847
1097820 1097799
1097685 1097812
1097792 1097722
1097851 1097669
1097848 1097818
1097704 1097721
1097783 1097685
1097837 1097836
1097843 1097844
1097694 1097759
1097858 1097840
1097739 1097756
1097733 1097800
1097806 1097697
1097793 1097929
1097799 1097824
1097836 1097839
1097863 1097798
1097821 1097806
1097703 1097851
1097899 1097690
1097824 1097738
1097750 1097813
1097762 1097804
1097833 1097660
1097901 1097676
1097700 1097810
1097899 1097923
1097750 1097707
1097657 1097873
1097928 1097662
1097695 1097861
1097797 1097712
1097814 1097760
1097907 1097936
1097868 1097925
1097803 1097937
1097798 1097934
1097819 1097825
1097858 1097936
1097860 1097681
1097780 1097851
1097864 1097861
1097788 1097767
1097722 1097866
1097733 1097756
1097892 1097681
1097700 1097918
1097808 1097683
1097753 1097800
1097902 1097945
1097723 1097842
1097767 1097830
1097939 1097833
1097671 1097669
1097740 1097754
1097782 1097663
1097671 1097804
1097695 1097717
1097803 1097877
1097742 1097900
1097943 1097905
1097791 1097853
1097796 1097785
1097862 1097781
1097773 1097685
1097831 1097673
1097924 1097664
1097755 1097927
1097907 1097938
1097677 1097909
1097867 1097890
1097774 1097877
1097834 1097908
1097803 1097831
1097813 1097909
1097797 1097774
1097835 1097698
1097878 1097661
1097832 1097929
1049123 1049078
1049008 1049114
1048996 1049109
1049126 1049017
1049000 1049048
1048896 1049097
1049072 1048881
1048964 1049087
1048950 1049103
1049084 1048912
1048999 1048991
1049031 1048945
1048847 1049101
1049052 1048954
1049120 1049011
1048959 1048932
1049042 1048887
1048882 1048888
1049032 1048886
1048856 1048891
1048961 1049052
1049098 1048924
1048874 1048903
1048984 1048989
1048901 1048907
1049016 1048881
1048915 1048991
1049049 1049094
1049020 1049028
1049083 1048995
1048871 1049101
1048840 1048871
1048978 1048903
1048840 1049021
1048900 1049081
1048852 1048829
1048979 1049038
1048861 1049087
1048966 1049122
1048834 1048878
1048929 1048878
1048951 1049112
1049084 1048959
1048991 1048900
1048861 1048864
1048898 1049126
1048848 1049128
1049104 1049051
1049087 1048965
1048909 1049040
1049061 1049008
1049055 1048870
1049033 1048869
1049021 1048960
1048982 1049017
1048966 1048843
1049089 1049101
1049111 1049076
1048899 1049018
1049062 1049038
1049113 1048972
1049043 1049052
1049045 1048924
1048924 1048863
1048966 1048869
1048934 1049061
1049059 1049064
1049102 1048942
1049048 1048962
1048975 1048846
1049094 1048945
1049032 1048950
1049002 1048930
1049106 1048945
1048922 1049038
1049093 1048922
1049096 1048926
1049006 1049018
1048891 1048924
1049126 1048889
1048993 1048913
1049027 1049058
1049018 1048927
1024527 1024545
1024536 1024699
1024537 1024666
1024566 1024485
1024562 1024673
1024451 1024652
1024443 1024525
1024626 1024543
1024451 1024626
1024504 1024684
1024641 1024570
1024702 1024427
1024583 1024456
1024581 1024656
1024557 1024554
1024710 1024593
1024442 1024559
1024454 1024590
1024710 1024685
1024525 1024562
1024701 1024706
1024438 1024457
1024630 1024450
1024495 1024550
1024417 1024464
1024581 1024673
1024454 1024429
1024467 1024627
1024463 1024448
1024630 1024469
1024499 1024708
1024633 1024637
1024433 1024643
1024646 1024530
1024622 1024598
1024709 1024619
1024631 1024677
1024513 1024455
1024663 1024527
1024441 1024417
1024581 1024435
1024564 1024500
1024579 1024637
1024618 1024668
1024536 1024561
1024676 1024416
1024450 1024527
1024633 1024444
1024487 1024447
1024646 1024458
1024460 1024657
1024426 1024547
1024478 1024657
1024628 1024487
1024698 1024441
1024442 1024557
1024687 1024518
1024693 1024483
1024421 1024432
1024673 1024714
1024455 1024489
1024674 1024548
1024640 1024698
1024436 1024489
1024450 1024505
1024420 1024630
1024648 1024590
1024477 1024700
1024670 1024535
1024687 1024470
1024554 1024711
1024625 1024492
1024458 1024604
1024642 1024575
1024587 1024517
1024502 1024710
1024525 1024707
1024488 1024425
1024665 1024542
1024592 1024502
1024415 1024578
1024582 1024469
1024517 1024649
1012337 1012457
1012494 1012266
1012411 1012495
1012376 1012250
1012314 1012448
1012362 1012333
1012289 1012507
1012507 1012284
1012451 1012250
1012490 1012209
1012224 1012279
1012232 1012417
1012252 1012329
1012490 1012249
1012243 1012286
1012375 1012424
1012353 1012480
1012421 1012299
1012324 1012320
1012394 1012453
1012317 1012209
1012435 1012341
1012310 1012472
1012418 1012456
1012230 1012493
1012237 1012488
1012238 1012484
1012243 1012348
1012407 1012311
1012228 1012218
1012427 1012284
1012345 1012272
1012354 1012434
1012327 1012250
1012365 1012434
1012437 1012436
1012233 1012264
1012240 1012331
1012345 1012472
1012452 1012284
1012437 1012267
1012325 1012456
1012416 1012250
1012315 1012216
1012475 1012222
1012417 1012226
1012304 1012359
1012264 1012437
1012254 1012404
1012296 1012447
1012264 1012453
1012428 1012259
1012487 1012343
1012210 1012283
1012275 1012356
1012240 1012373
1012237 1012421
1012370 1012435
1012482 1012397
1012223 1012378
1012325 1012266
1012504 1012388
1012297 1012250
1012422 1012347
1012346 1012433
1012356 1012282
1012440 1012386
1012476 1012287
1012327 1012358
1012327 1012395
1012506 1012435
1012507 1012352
1012260 1012242
1012344 1012222
1012352 1012243
1012292 1012399
1012276 1012219
1012356 1012416
1012359 1012368
1012420 1012267
1012279 1012259
1012291 1012354
1012256 1012378
192 29
282 59
240 220
74 113
42 201
185 36
120 215
108 153
116 3
200 106
7 35
212 233
126 21
160 86
215 6
193 261
258 127
204 263
184 7
119 124
220 220
218 244
77 297
12 125
45 125
6 130
286 95
160 259
296 108
31 265
209 77
229 118
41 100
176 81
135 110
255 37
105 286
226 28
283 296
98 288
167 293
14 103
202 285
154 184
236 183
183 137
92 95
180 127
235 76
118 292
203 71
181 84
138 67
3 224
293 144
27 2
45 216
259 65
26 54
107 257
106 19
181 135
92 167
199 25
130 218
51 234
103 263
201 194
152 186
116 257
205 238
194 298
261 277
240 299
80 280
154 215
29 224
86 141
140 58
2 44
270 182
261 168
243 88
246 181
220 169
267 13
16 283
249 216
245 289
266 204
31 126
189 170
238 204
57 190
48 160
231 152
4 12
54 218
66 25
1 280
132 115
190 98
44 204
288 11
72 138
261 279
270 207
174 213
73 19
101 199
121 15
139 267
51 82
259 84
225 202
169 278
141 289
37 25
65 298
256 62
67 294
