# source: JorikJooken
# original path: jj_extract\knapsackProblemInstances-master\problemInstances\n_400_c_10000000000_g_10_f_0.3_eps_0.0001_s_100\test.in
# optimal value: 9999947278
# format: n capacity, then weight value
400 10000000000
5001000066 5001000005
5001000026 5001000095
5001000059 5001000052
5001000096 5001000044
5001000010 5001000061
5001000028 5001000088
5001000061 5001000044
5001000037 5001000025
5001000098 5001000072
5001000014 5001000034
5001000044 5001000070
5001000050 5001000027
5001000089 5001000020
5001000038 5001000022
5001000056 5001000050
5001000019 5001000045
5001000100 5001000005
5001000008 5001000058
5001000022 5001000095
5001000072 5001000068
5001000048 5001000065
5001000008 5001000042
5001000017 5001000028
5001000073 5001000088
5001000050 5001000098
5001000004 5001000002
5001000082 5001000033
5001000060 5001000002
5001000066 5001000048
5001000013 5001000024
5001000076 5001000035
2501000076 2501000041
2501000012 2501000006
2501000075 2501000058
2501000089 2501000045
2501000012 2501000040
2501000046 2501000072
2501000068 2501000035
2501000099 2501000084
2501000075 2501000025
2501000048 2501000046
2501000028 2501000015
2501000097 2501000082
2501000054 2501000038
2501000022 2501000087
2501000062 2501000016
2501000097 2501000003
2501000095 2501000002
2501000069 2501000058
2501000034 2501000009
2501000086 2501000027
2501000029 2501000065
2501000082 2501000063
2501000064 2501000037
2501000007 2501000059
2501000085 2501000034
2501000004 2501000003
2501000027 2501000029
2501000051 2501000052
2501000056 2501000055
2501000073 2501000031
2501000062 2501000053
1251000069 1251000051
1251000004 1251000095
1251000060 1251000079
1251000053 1251000092
1251000082 1251000086
1251000086 1251000014
1251000084 1251000075
1251000053 1251000055
1251000071 1251000003
1251000013 1251000019
1251000008 1251000006
1251000088 1251000056
1251000049 1251000093
1251000033 1251000076
1251000063 1251000041
1251000042 1251000009
1251000085 1251000021
1251000017 1251000087
1251000012 1251000004
1251000034 1251000013
1251000017 1251000084
1251000017 1251000060
1251000064 1251000071
1251000075 1251000007
1251000100 1251000005
1251000054 1251000067
1251000055 1251000014
1251000035 1251000026
1251000055 1251000100
1251000061 1251000029
1251000037 1251000048
626000077 626000089
626000037 626000045
626000073 626000033
626000053 626000003
626000066 626000097
626000031 626000058
626000092 626000061
626000005 626000015
626000033 626000084
626000038 626000076
626000064 626000099
626000003 626000053
626000092 626000044
626000058 626000037
626000001 626000089
626000096 626000025
626000033 626000073
626000085 626000047
626000035 626000100
626000076 626000022
626000049 626000086
626000013 626000049
626000062 626000015
626000067 626000081
626000004 626000075
626000010 626000090
626000040 626000016
626000081 626000038
626000019 626000045
626000072 626000070
626000042 626000039
313500080 313500079
313500016 313500047
313500092 313500094
313500029 313500062
313500072 313500008
313500072 313500044
313500074 313500025
313500097 313500074
313500038 313500087
313500052 313500063
313500094 313500010
313500086 313500075
313500042 313500042
313500045 313500039
313500067 313500001
313500030 313500049
313500086 313500095
313500076 313500083
313500052 313500017
313500098 313500012
313500005 313500072
313500004 313500017
313500081 313500091
313500049 313500099
313500064 313500093
313500035 313500044
313500069 313500079
313500061 313500074
313500056 313500017
313500032 313500071
313500014 313500073
157250018 157250064
157250043 157250066
157250034 157250100
157250066 157250062
157250028 157250019
157250042 157250070
157250024 157250051
157250012 157250053
157250041 157250043
157250059 157250076
157250066 157250073
157250017 157250078
157250091 157250005
157250013 157250041
157250017 157250055
157250034 157250067
157250084 157250020
157250020 157250014
157250093 157250094
157250006 157250008
157250071 157250099
157250084 157250031
157250003 157250006
157250030 157250077
157250007 157250041
157250099 157250027
157250043 157250079
157250056 157250077
157250032 157250028
157250007 157250047
157250071 157250072
79125008 79125058
79125009 79125011
79125047 79125001
79125098 79125082
79125005 79125024
79125067 79125019
79125061 79125056
79125079 79125017
79125076 79125004
79125032 79125086
79125061 79125075
79125021 79125094
79125058 79125100
79125011 79125054
79125029 79125043
79125056 79125005
79125073 79125022
79125076 79125074
79125073 79125085
79125077 79125002
79125049 79125090
79125069 79125043
79125080 79125014
79125081 79125029
79125027 79125090
79125035 79125073
79125027 79125025
79125079 79125053
79125072 79125008
79125019 79125047
79125083 79125034
40062596 40062586
40062509 40062594
40062560 40062540
40062540 40062592
40062569 40062562
40062511 40062550
40062568 40062539
40062570 40062527
40062556 40062538
40062519 40062591
40062572 40062568
40062552 40062547
40062560 40062536
40062574 40062519
40062535 40062521
40062581 40062550
40062550 40062572
40062547 40062573
40062571 40062515
40062525 40062514
40062515 40062553
40062528 40062538
40062600 40062542
40062507 40062550
40062574 40062594
40062566 40062524
40062580 40062564
40062557 40062591
40062551 40062523
40062536 40062569
40062525 40062600
20531312 20531259
20531330 20531284
20531273 20531298
20531319 20531306
20531273 20531326
20531286 20531318
20531304 20531314
20531253 20531253
20531334 20531317
20531330 20531285
20531288 20531281
20531326 20531272
20531302 20531320
20531283 20531313
20531345 20531344
20531285 20531341
20531278 20531324
20531279 20531308
20531348 20531317
20531343 20531295
20531333 20531323
20531328 20531329
20531329 20531328
20531252 20531329
20531268 20531342
20531266 20531306
20531276 20531303
20531293 20531266
20531342 20531273
20531251 20531257
20531285 20531337
1 33
86 14
8 70
67 3
76 58
88 13
90 45
88 89
78 55
7 17
75 99
4 97
62 72
75 42
78 89
77 66
78 33
53 12
3 21
35 97
23 43
43 52
54 34
94 49
60 5
43 44
76 18
81 31
40 41
29 59
68 71
56 65
6 52
11 27
79 84
54 31
65 77
38 9
56 86
41 82
31 11
66 46
25 70
50 68
7 96
50 63
7 41
90 33
54 99
66 67
92 11
38 65
69 62
44 63
63 43
29 60
48 59
8 19
79 7
67 81
74 95
62 65
32 10
41 27
61 17
62 99
30 33
59 11
99 62
100 60
25 10
24 88
79 98
34 91
91 92
65 9
43 25
18 57
43 29
86 91
57 87
35 70
44 69
41 56
3 65
57 33
13 97
32 25
39 3
76 82
33 37
84 38
23 31
79 17
92 59
46 43
12 45
84 94
89 88
81 30
88 17
96 65
86 10
21 96
4 53
97 3
95 3
8 58
68 87
76 17
47 22
69 20
86 35
99 62
40 55
54 15
98 75
99 98
6 84
26 75
14 80
