# source: JorikJooken
# original path: jj_extract\knapsackProblemInstances-master\problemInstances\n_1000_c_1000000_g_10_f_0.3_eps_0.1_s_100\test.in
# optimal value: 1006185
# format: n capacity, then weight value
1000 1000000
600065 600044
600055 600081
600099 600056
600015 600083
600025 600025
600033 600073
600037 600016
600028 600076
600014 600030
600094 600011
600079 600094
600097 600098
600017 600023
600062 600076
600062 600045
600097 600001
600028 600045
600091 600079
600088 600033
600027 600097
600053 600002
600005 600062
600069 600031
600023 600063
600029 600069
600093 600030
600078 600055
600019 600006
600041 600058
600030 600077
600037 600014
600001 600100
600018 600038
600057 600094
600083 600005
600006 600061
600030 600071
600079 600018
600011 600020
600091 600100
600025 600075
600027 600010
600020 600035
600013 600016
600004 600050
600077 600042
600011 600057
600082 600019
600020 600076
600002 600061
600008 600086
600072 600070
600023 600062
600005 600079
600010 600100
600082 600010
600082 600084
600032 600086
600015 600094
600063 600042
600045 600060
600039 600089
600069 600011
600039 600044
600076 600080
600063 600063
600061 600024
600031 600003
600013 600053
600099 600027
600034 600079
600099 600026
600081 600036
600006 600078
600094 600075
600071 600053
600085 600076
350063 350010
350017 350053
350014 350087
350088 350089
350007 350011
350071 350057
350099 350026
350061 350094
350053 350064
350076 350065
350097 350039
350089 350024
350046 350047
350092 350066
350068 350011
350076 350005
350078 350018
350053 350075
350009 350076
350055 350045
350015 350099
350017 350010
350078 350047
350015 350023
350073 350077
350041 350062
350093 350058
350044 350059
350002 350004
350095 350055
350071 350072
350042 350002
350049 350038
350028 350090
350027 350021
350074 350038
350089 350022
350064 350089
350022 350050
350079 350091
350004 350100
350079 350082
350025 350097
350027 350042
350025 350041
350049 350032
350098 350025
350037 350004
350014 350044
350055 350055
350085 350095
350077 350056
350060 350059
350031 350055
350080 350097
350021 350063
350005 350096
350005 350092
350001 350035
350057 350089
350065 350053
350026 350077
350021 350067
350035 350092
350091 350041
350014 350014
350093 350059
350027 350078
350070 350083
350053 350047
350039 350090
350097 350023
350069 350059
350023 350067
350072 350089
350018 350088
350087 350035
225096 225080
225082 225072
225017 225047
225014 225001
225098 225008
225069 225056
225043 225082
225040 225018
225066 225074
225026 225071
225072 225038
225066 225023
225052 225044
225065 225065
225002 225074
225087 225053
225050 225088
225060 225038
225084 225085
225030 225088
225048 225054
225071 225096
225048 225062
225095 225018
225030 225096
225046 225096
225025 225097
225035 225019
225006 225081
225060 225071
225097 225085
225013 225079
225065 225031
225061 225010
225034 225003
225031 225088
225043 225047
225010 225075
225020 225036
225094 225041
225098 225085
225041 225069
225094 225042
225043 225035
225076 225008
225046 225068
225025 225040
225088 225095
225063 225006
225006 225011
225002 225090
225095 225083
225054 225053
225075 225022
225077 225019
225092 225083
225049 225022
225055 225044
225020 225017
225091 225057
225054 225021
225043 225085
225011 225090
225037 225091
225013 225048
225050 225015
225081 225094
225018 225093
225060 225029
225015 225023
225029 225099
225025 225053
225035 225046
225091 225010
225025 225047
225077 225079
225096 225054
162590 162551
162599 162517
162516 162562
162516 162544
162522 162575
162501 162575
162514 162552
162519 162579
162555 162548
162537 162547
162501 162581
162566 162542
162552 162590
162566 162539
162559 162577
162572 162508
162520 162532
162555 162502
162562 162524
162539 162593
162527 162519
162562 162535
162529 162541
162561 162525
162598 162590
162565 162571
162543 162540
162571 162508
162561 162553
162513 162502
162600 162536
162597 162547
162549 162511
162546 162518
162516 162573
162552 162528
162565 162538
162568 162510
162548 162590
162595 162540
162596 162585
162584 162540
162548 162526
162519 162573
162509 162589
162587 162546
162557 162584
162526 162544
162536 162577
162517 162545
162541 162543
162554 162573
162514 162593
162567 162598
162600 162574
162517 162582
162501 162519
162518 162577
162598 162528
162532 162583
162598 162531
162590 162587
162581 162573
162506 162563
162505 162559
162555 162597
162510 162520
162521 162586
162556 162575
162567 162575
162564 162530
162554 162561
162536 162576
162530 162577
162568 162578
162547 162562
162538 162580
131337 131261
131337 131331
131298 131332
131333 131344
131318 131256
131312 131251
131339 131318
131350 131300
131293 131306
131288 131346
131259 131332
131324 131282
131309 131311
131262 131253
131300 131313
131289 131284
131260 131254
131260 131335
131275 131287
131286 131338
131300 131350
131294 131323
131322 131349
131335 131297
131332 131341
131304 131319
131308 131276
131259 131300
131323 131251
131337 131342
131329 131267
131307 131263
131264 131277
131327 131251
131287 131350
131301 131263
131350 131329
131252 131328
131269 131307
131290 131344
131265 131261
131291 131314
131334 131260
131329 131350
131305 131285
131304 131282
131253 131322
131264 131259
131318 131264
131315 131273
131331 131345
131343 131252
131311 131301
131265 131332
131306 131299
131297 131289
131262 131341
131278 131258
131252 131304
131348 131254
131293 131341
131277 131274
131314 131308
131261 131255
131311 131324
131287 131341
131255 131298
131329 131295
131326 131312
131255 131319
131309 131282
131306 131335
131267 131345
131271 131290
131330 131323
131254 131293
131266 131342
115647 115659
115710 115639
115699 115637
115677 115686
115713 115681
115692 115678
115725 115629
115673 115713
115673 115649
115716 115666
115725 115658
115723 115696
115662 115686
115652 115652
115676 115662
115701 115650
115690 115691
115711 115675
115629 115665
115714 115633
115635 115675
115637 115655
115645 115669
115651 115692
115647 115724
115700 115662
115681 115644
115705 115663
115717 115647
115632 115714
115712 115682
115665 115647
115639 115626
115673 115669
115665 115633
115716 115654
115654 115702
115635 115710
115665 115673
115696 115660
115718 115713
115665 115672
115639 115700
115677 115698
115673 115666
115657 115671
115713 115699
115656 115721
115629 115686
115668 115686
115672 115655
115724 115666
115663 115701
115645 115634
115656 115632
115720 115670
115655 115661
115677 115718
115703 115627
115656 115665
115662 115724
115685 115638
115703 115670
115657 115642
115668 115680
115691 115632
115689 115653
115647 115646
115707 115694
115719 115644
115690 115632
115725 115636
115645 115668
115693 115667
115693 115658
115655 115708
115656 115653
107894 107836
107908 107888
107873 107896
107859 107856
107832 107857
107862 107900
107850 107881
107900 107898
107868 107837
107885 107897
107901 107847
107894 107825
107860 107864
107822 107882
107814 107894
107816 107884
107887 107813
107842 107847
107831 107813
107814 107820
107874 107881
107843 107822
107863 107870
107826 107903
107830 107822
107906 107858
107819 107897
107831 107844
107858 107904
107905 107833
107909 107909
107842 107839
107862 107819
107867 107900
107866 107899
107857 107912
107831 107901
107833 107877
107827 107890
107845 107872
107861 107864
107862 107822
107850 107852
107855 107862
107858 107907
107813 107896
107823 107890
107884 107873
107894 107865
107846 107906
107891 107896
107841 107910
107878 107839
107845 107898
107851 107900
107825 107871
107821 107835
107890 107856
107861 107869
107836 107819
107864 107856
107863 107898
107912 107840
107830 107826
107910 107881
107906 107824
107883 107902
107877 107854
107851 107879
107889 107868
107856 107864
107854 107819
107823 107853
107827 107907
107894 107834
107910 107869
107853 107850
103931 103923
103928 103978
103934 103915
103977 103966
104000 103946
104002 103917
103919 104001
103964 103913
103980 103973
103993 103983
103972 103997
103959 103994
103995 103909
103925 103933
103995 103945
103966 103935
103930 103907
103988 103995
103907 103921
103934 103975
103930 103960
103938 103920
103949 103931
103959 103956
103994 103933
103917 103956
103971 103922
103937 103993
103944 103919
103965 103940
103950 103968
103991 103986
103958 103993
103952 103936
103923 103933
103935 103954
103980 103998
103942 103996
103958 103991
103972 103930
103975 103919
103919 103950
103920 104004
103971 103956
103968 103978
103980 103970
104004 103950
103914 103950
103932 103986
103979 103956
103924 103945
103987 103983
103967 103942
103991 104006
103992 103977
103982 103963
103998 103924
103910 103999
103934 103996
103992 103923
103909 103996
103912 103934
103938 103939
103912 103924
103987 103950
103962 103977
103996 103949
103990 103954
103948 104000
103943 103911
103923 103941
103958 103972
103968 103923
103917 103910
103962 103963
103932 103907
103967 103973
101998 101988
102053 102002
102016 101974
101978 102020
102014 101976
102053 102031
102027 101980
101990 101986
101975 101954
102008 102043
102021 101989
102019 101959
101992 102032
101965 101976
101973 101984
102005 101991
101970 101996
101976 101969
101972 101966
102016 102034
102039 102013
102009 101988
101970 101954
102019 101971
102025 101997
102023 102037
101993 102004
102043 101985
102045 101992
101997 101974
102005 102040
101994 102043
102046 101983
101954 102011
102009 101968
101978 101965
101988 101988
101994 102006
101993 101976
101997 101957
101993 101975
102000 102047
101964 102030
101972 101975
102029 102025
102038 102020
102011 102039
101981 101972
101959 102037
102005 101956
102000 101970
101977 102049
101982 101988
101999 101972
101967 102030
101983 101998
101995 102025
102037 102008
102020 102009
102014 102053
102052 102022
102002 101987
101997 102035
101968 102045
101962 102018
101955 102005
101982 102053
101991 101959
102047 102024
102040 101964
101958 102028
101960 102014
101975 102044
102017 102040
102044 101990
101970 101986
101963 102011
3 99
73 83
14 7
41 72
4 5
76 87
94 47
63 76
12 55
57 29
85 81
46 92
2 82
79 54
63 5
41 14
77 57
10 81
30 27
60 33
97 47
66 21
78 5
95 26
61 65
58 100
25 43
61 2
52 73
98 70
86 81
47 87
34 82
92 21
92 26
97 17
89 43
42 68
24 73
91 25
15 100
72 61
25 41
26 70
62 38
30 91
77 5
100 27
23 2
34 59
72 69
18 58
43 29
4 25
21 67
23 3
21 88
77 80
39 4
97 14
10 60
59 99
79 75
48 75
80 60
60 97
35 98
26 41
81 75
12 74
49 11
7 17
51 27
51 87
39 6
32 69
22 57
81 42
79 16
81 92
76 46
66 28
100 14
50 6
32 36
69 45
65 25
88 83
20 48
30 44
80 74
39 14
90 69
73 14
3 95
8 20
88 27
59 12
20 3
80 17
74 10
46 62
1 52
3 18
26 50
60 70
82 12
61 7
96 32
18 62
27 15
9 82
33 72
4 14
57 11
34 30
27 66
98 26
46 71
28 32
64 54
66 65
11 6
64 61
28 51
92 82
57 1
33 89
2 79
27 42
22 92
67 28
87 76
44 21
10 32
21 39
9 56
79 68
30 83
71 2
99 67
54 20
50 66
4 64
12 96
58 73
21 24
7 13
99 14
16 37
76 37
55 41
78 71
62 26
37 87
60 91
68 46
10 32
11 17
84 96
18 9
37 55
59 7
2 50
78 58
80 31
79 94
60 20
77 58
22 100
96 99
96 57
35 86
55 61
46 66
38 55
56 56
22 96
1 21
22 39
41 97
86 81
24 70
41 39
90 53
23 78
44 90
77 34
38 25
78 40
7 6
43 30
72 68
73 82
57 96
18 91
33 82
7 44
87 72
78 51
57 25
1 77
35 95
45 37
91 33
100 63
38 8
77 63
56 75
54 3
75 85
50 4
37 33
23 74
27 91
44 31
95 34
6 8
3 3
2 57
7 74
100 84
61 94
36 63
2 53
58 42
31 18
8 8
97 91
71 78
41 60
34 41
17 62
73 66
21 20
37 48
50 28
38 47
99 5
59 7
36 87
16 15
86 20
87 80
62 19
85 86
66 37
11 27
75 85
35 51
79 58
59 91
20 75
27 5
5 18
1 69
41 50
39 75
3 40
62 38
7 56
38 74
22 37
73 15
24 68
72 42
54 98
75 29
57 94
61 70
63 76
29 27
19 71
6 12
88 46
56 93
30 8
5 44
80 61
41 20
66 57
50 71
53 98
100 44
20 64
72 43
87 23
14 69
26 60
21 68
58 17
12 36
18 90
38 87
8 65
72 60
58 87
18 33
13 22
45 16
16 85
15 77
74 62
81 6
29 75
66 69
21 41
