# source: JorikJooken
# original path: jj_extract\knapsackProblemInstances-master\problemInstances\n_800_c_100000000_g_2_f_0.3_eps_0_s_200\test.in
# optimal value: 50022957
# format: n capacity, then weight value
800 100000000
50000149 50000038
50000056 50000120
50000025 50000086
50000022 50000120
50000072 50000020
50000042 50000104
50000164 50000159
50000186 50000032
50000074 50000073
50000079 50000190
50000021 50000014
50000030 50000129
50000103 50000085
50000017 50000118
50000005 50000191
50000192 50000126
50000007 50000172
50000148 50000104
50000015 50000143
50000079 50000159
50000142 50000008
50000134 50000174
50000193 50000103
50000116 50000114
50000145 50000022
50000023 50000001
50000172 50000135
50000004 50000056
50000144 50000037
50000158 50000144
50000082 50000059
50000179 50000044
50000054 50000178
50000049 50000165
50000116 50000175
50000064 50000025
50000087 50000023
50000141 50000067
50000058 50000200
50000186 50000163
50000043 50000031
50000100 50000057
50000075 50000200
50000121 50000093
50000047 50000073
50000195 50000039
50000197 50000189
50000063 50000030
50000147 50000056
50000185 50000197
50000143 50000029
50000012 50000185
50000061 50000187
50000144 50000038
50000021 50000124
50000053 50000139
50000072 50000139
50000086 50000039
50000086 50000062
50000173 50000100
50000125 50000162
50000058 50000058
50000033 50000148
50000182 50000088
50000039 50000012
50000173 50000011
50000106 50000076
50000001 50000171
50000200 50000179
50000097 50000042
50000134 50000163
50000149 50000054
50000122 50000091
50000109 50000150
50000008 50000039
50000091 50000199
50000010 50000073
50000109 50000145
50000160 50000002
50000200 50000199
50000042 50000059
50000031 50000166
50000046 50000121
50000200 50000138
50000002 50000179
50000158 50000115
50000066 50000084
50000182 50000144
50000024 50000110
50000155 50000039
50000059 50000098
50000070 50000020
50000138 50000076
50000130 50000063
50000149 50000032
50000101 50000150
50000117 50000100
50000199 50000028
50000192 50000102
50000116 50000147
50000160 50000026
50000007 50000188
50000154 50000148
50000146 50000090
50000163 50000051
50000020 50000198
50000168 50000100
50000169 50000137
50000120 50000138
50000143 50000136
50000067 50000050
50000127 50000006
50000135 50000081
50000174 50000027
50000200 50000007
50000098 50000061
50000114 50000187
50000022 50000186
50000087 50000117
50000082 50000032
50000022 50000110
50000170 50000132
50000116 50000011
50000191 50000019
50000128 50000142
50000078 50000118
50000151 50000019
50000036 50000181
50000024 50000146
50000058 50000003
50000097 50000068
50000135 50000042
50000070 50000045
50000121 50000041
50000113 50000012
50000167 50000140
50000042 50000165
50000074 50000048
50000057 50000065
50000140 50000104
50000041 50000045
50000005 50000128
50000071 50000197
50000173 50000027
50000040 50000137
50000198 50000079
50000097 50000185
50000016 50000051
50000048 50000111
50000023 50000071
50000195 50000120
50000128 50000088
50000161 50000192
50000124 50000059
50000084 50000125
50000054 50000137
50000017 50000002
50000178 50000148
50000166 50000129
50000053 50000080
50000183 50000145
50000143 50000134
50000008 50000096
50000164 50000028
50000164 50000069
50000017 50000148
50000061 50000173
50000015 50000103
50000194 50000174
50000050 50000046
50000162 50000026
50000111 50000020
50000170 50000187
50000044 50000115
50000100 50000153
50000025 50000192
50000051 50000103
50000172 50000041
50000146 50000050
50000023 50000118
50000167 50000047
50000087 50000181
50000081 50000117
50000008 50000139
50000150 50000140
50000043 50000149
50000117 50000138
50000169 50000195
50000053 50000090
50000125 50000071
50000047 50000116
50000194 50000056
50000133 50000053
50000084 50000091
50000062 50000041
50000026 50000131
50000005 50000151
50000122 50000200
50000024 50000016
50000199 50000100
50000161 50000066
50000074 50000116
50000090 50000035
50000006 50000108
50000117 50000007
50000161 50000153
50000101 50000170
50000044 50000030
50000010 50000196
50000026 50000046
50000081 50000129
50000167 50000139
50000001 50000034
50000006 50000176
50000033 50000059
50000183 50000152
50000053 50000182
50000142 50000085
50000016 50000008
50000042 50000003
50000125 50000147
50000030 50000121
50000153 50000158
50000182 50000069
50000184 50000095
50000017 50000153
50000131 50000120
50000027 50000186
50000136 50000168
50000038 50000084
50000076 50000010
50000175 50000180
50000098 50000050
50000165 50000114
50000184 50000025
50000063 50000061
50000121 50000001
50000076 50000123
50000026 50000035
50000047 50000148
50000185 50000100
50000068 50000097
50000182 50000089
50000051 50000107
50000148 50000173
50000180 50000118
50000026 50000101
50000128 50000030
50000071 50000195
50000095 50000195
50000068 50000123
50000171 50000015
50000008 50000138
50000107 50000136
50000176 50000004
50000073 50000192
50000170 50000148
50000021 50000179
50000146 50000172
50000138 50000065
50000040 50000158
50000186 50000091
50000166 50000034
50000127 50000166
50000196 50000147
50000119 50000008
50000055 50000042
50000057 50000134
50000128 50000047
50000106 50000014
50000195 50000168
50000154 50000013
50000072 50000099
50000192 50000023
50000008 50000117
50000142 50000057
50000117 50000003
50000146 50000133
50000027 50000009
50000013 50000135
50000123 50000049
50000004 50000138
50000181 50000181
50000087 50000021
50000075 50000165
50000088 50000166
50000169 50000078
50000125 50000152
50000003 50000060
50000091 50000001
50000011 50000168
50000112 50000069
50000195 50000132
50000181 50000154
50000145 50000066
50000124 50000031
50000120 50000074
50000126 50000047
50000138 50000155
50000119 50000125
50000099 50000091
50000164 50000059
50000059 50000100
50000134 50000136
50000101 50000133
50000013 50000149
50000148 50000081
50000142 50000037
50000080 50000164
50000198 50000066
50000154 50000084
50000149 50000200
50000151 50000123
50000048 50000005
50000146 50000009
50000141 50000136
50000180 50000126
50000164 50000108
50000179 50000089
50000097 50000096
50000019 50000116
50000065 50000076
50000118 50000056
50000078 50000092
50000137 50000111
50000068 50000119
50000155 50000195
50000068 50000007
50000106 50000074
50000038 50000013
50000129 50000088
50000168 50000087
50000006 50000010
50000076 50000036
50000041 50000146
50000040 50000050
50000007 50000101
50000096 50000170
50000088 50000052
50000011 50000029
50000191 50000050
50000087 50000196
50000185 50000067
50000149 50000030
50000180 50000095
50000022 50000105
50000051 50000043
50000024 50000070
50000024 50000189
50000074 50000007
50000079 50000031
50000069 50000023
50000183 50000150
50000199 50000033
50000138 50000057
50000053 50000151
50000138 50000075
50000059 50000004
50000196 50000031
50000048 50000199
50000028 50000057
50000171 50000019
50000197 50000083
50000126 50000160
50000045 50000155
50000103 50000158
50000152 50000111
50000089 50000060
50000111 50000109
50000010 50000082
50000014 50000190
50000074 50000148
50000008 50000167
50000184 50000177
50000166 50000174
50000052 50000050
50000100 50000077
50000200 50000069
50000192 50000135
50000094 50000134
50000034 50000032
50000002 50000004
50000101 50000082
50000118 50000063
50000116 50000011
50000182 50000027
50000106 50000141
50000066 50000171
50000167 50000103
50000177 50000001
50000102 50000014
50000041 50000091
50000005 50000021
50000165 50000119
50000189 50000028
50000062 50000068
50000120 50000018
50000003 50000155
50000076 50000022
50000074 50000102
50000111 50000158
50000104 50000138
50000026 50000155
50000135 50000088
50000110 50000052
50000108 50000063
50000001 50000051
50000054 50000191
50000144 50000175
50000192 50000134
50000046 50000065
50000039 50000047
50000132 50000064
50000011 50000066
50000047 50000086
50000138 50000183
50000065 50000090
50000109 50000115
50000099 50000066
50000012 50000092
50000014 50000147
50000150 50000089
50000067 50000119
50000195 50000017
50000180 50000068
50000189 50000132
50000080 50000073
50000186 50000023
50000081 50000082
50000188 50000044
50000038 50000112
50000188 50000009
50000194 50000122
50000048 50000063
50000119 50000120
50000188 50000185
50000092 50000192
50000193 50000009
50000032 50000101
50000056 50000017
50000040 50000177
50000140 50000184
50000008 50000012
50000098 50000077
50000041 50000113
50000162 50000014
50000157 50000082
50000177 50000078
50000054 50000020
50000112 50000162
50000081 50000111
50000047 50000092
50000039 50000200
50000144 50000026
50000190 50000192
50000001 50000150
50000095 50000049
50000075 50000193
50000135 50000200
50000119 50000150
50000133 50000057
50000019 50000086
50000071 50000173
50000057 50000097
50000061 50000121
50000173 50000091
50000116 50000137
50000173 50000063
50000109 50000183
50000045 50000181
50000113 50000084
50000064 50000165
50000073 50000093
50000173 50000022
50000067 50000017
50000170 50000049
50000105 50000102
50000134 50000089
50000082 50000098
50000161 50000191
50000063 50000080
50000068 50000043
50000184 50000153
50000002 50000158
50000148 50000044
50000031 50000027
50000028 50000075
50000194 50000183
50000001 50000123
50000034 50000049
50000082 50000086
50000179 50000038
50000052 50000089
50000153 50000087
50000004 50000006
50000009 50000012
50000156 50000064
50000130 50000142
50000064 50000154
50000186 50000125
50000123 50000054
50000189 50000165
50000002 50000021
50000177 50000034
50000142 50000161
50000044 50000107
50000161 50000174
50000056 50000035
50000173 50000033
50000187 50000051
50000188 50000074
50000049 50000019
50000196 50000189
50000018 50000021
50000144 50000112
50000032 50000188
50000180 50000041
50000068 50000183
50000193 50000121
50000096 50000102
50000059 50000045
50000093 50000025
50000063 50000167
50000040 50000073
50000043 50000111
50000123 50000098
50000100 50000102
50000008 50000136
50000200 50000033
50000131 50000101
50000193 50000111
50000107 50000066
50000134 50000002
50000184 50000112
50000134 50000057
50000068 50000055
50000040 50000005
50000075 50000080
50000197 50000169
50000167 50000094
50000082 50000183
50000088 50000158
50000035 50000095
50000052 50000049
50000077 50000119
50000179 50000103
50000065 50000079
50000086 50000116
50000060 50000054
50000145 50000136
50000119 50000168
50000137 50000069
50000191 50000142
50000087 50000164
50000082 50000043
50000134 50000173
50000191 50000182
50000088 50000153
50000080 50000073
50000169 50000037
185 145
128 179
41 94
54 169
150 182
133 144
95 92
63 83
140 126
42 93
20 166
104 76
106 88
102 146
33 3
5 139
93 26
125 161
84 195
94 114
32 164
44 107
141 14
200 129
121 198
117 77
72 166
47 105
127 41
105 76
157 134
65 103
27 35
95 187
33 178
166 80
36 184
78 134
82 96
160 60
56 56
47 82
4 173
157 97
99 116
85 9
4 188
21 4
17 69
134 178
81 148
98 148
98 166
149 143
139 34
119 123
116 31
13 187
76 99
181 60
135 82
160 138
167 92
152 118
173 145
11 11
170 109
131 71
190 56
178 139
101 70
89 20
79 37
17 122
188 181
77 171
152 5
19 5
28 63
36 154
79 186
106 140
137 89
171 147
135 172
99 118
96 94
187 63
106 114
74 105
89 85
110 114
83 91
192 16
18 99
20 195
10 49
107 25
40 23
101 82
136 78
186 16
20 26
191 163
93 74
130 84
110 98
92 50
197 168
103 88
46 90
142 176
89 49
38 117
163 33
147 122
149 3
190 121
19 18
2 122
4 103
149 114
170 162
99 179
136 66
24 61
17 61
120 127
113 76
4 29
119 14
188 69
17 17
85 88
168 85
145 45
190 14
139 115
167 108
68 25
113 77
152 33
196 10
147 33
129 184
105 160
61 183
185 64
102 80
84 183
67 73
8 41
6 109
127 138
194 151
76 24
7 99
124 97
91 156
182 154
98 71
129 93
139 27
87 170
187 54
106 27
98 171
69 16
27 114
82 158
163 82
161 198
17 104
120 88
26 54
73 43
90 130
199 189
54 29
126 25
97 118
83 37
128 111
136 52
176 174
198 29
7 137
83 48
179 167
135 20
200 73
192 60
173 37
26 78
94 115
144 84
96 84
27 43
156 187
117 45
151 78
84 176
90 140
52 43
186 19
188 142
168 120
126 177
108 122
198 69
49 68
176 48
172 27
178 3
46 41
15 130
113 2
125 60
141 162
69 116
83 43
110 133
42 7
32 95
200 161
15 27
121 133
175 47
191 36
149 3
113 66
88 145
107 94
99 20
119 182
89 57
44 52
166 199
142 62
155 11
