# source: JorikJooken
# original path: jj_extract\knapsackProblemInstances-master\problemInstances\n_600_c_100000000_g_6_f_0.3_eps_0.001_s_300\test.in
# optimal value: 100009499
# format: n capacity, then weight value
600 100000000
50100196 50100078
50100198 50100075
50100251 50100060
50100096 50100053
50100076 50100228
50100087 50100248
50100251 50100122
50100267 50100299
50100073 50100217
50100061 50100147
50100140 50100037
50100042 50100256
50100237 50100129
50100231 50100125
50100187 50100042
50100271 50100089
50100190 50100003
50100246 50100107
50100177 50100023
50100186 50100218
50100109 50100050
50100146 50100297
50100163 50100058
50100200 50100129
50100244 50100123
50100179 50100258
50100012 50100070
50100110 50100131
50100008 50100210
50100263 50100075
50100220 50100090
50100167 50100092
50100139 50100178
50100083 50100300
50100258 50100201
50100297 50100209
50100161 50100256
50100043 50100273
50100144 50100212
50100157 50100200
50100134 50100287
50100288 50100074
50100021 50100109
50100075 50100222
50100020 50100206
50100065 50100170
50100068 50100262
50100121 50100161
50100134 50100204
50100228 50100042
50100132 50100231
50100052 50100249
50100065 50100124
50100122 50100124
50100116 50100265
50100166 50100287
50100084 50100025
50100240 50100165
50100290 50100250
50100065 50100019
50100199 50100238
50100229 50100125
50100065 50100121
50100097 50100222
50100051 50100161
50100211 50100070
50100168 50100028
50100149 50100251
50100174 50100157
50100002 50100241
50100217 50100046
50100161 50100013
50100113 50100200
50100219 50100097
50100238 50100248
50100045 50100050
50100142 50100294
50100033 50100182
50100179 50100176
50100200 50100102
50100284 50100230
50100140 50100128
50100151 50100037
50100184 50100219
25100169 25100011
25100036 25100127
25100126 25100059
25100018 25100024
25100245 25100094
25100114 25100182
25100177 25100299
25100117 25100293
25100264 25100227
25100157 25100177
25100216 25100234
25100014 25100259
25100056 25100221
25100049 25100211
25100287 25100045
25100231 25100093
25100300 25100257
25100082 25100110
25100291 25100085
25100170 25100023
25100085 25100189
25100025 25100012
25100110 25100247
25100161 25100110
25100190 25100161
25100006 25100100
25100191 25100058
25100300 25100154
25100264 25100266
25100299 25100188
25100132 25100017
25100178 25100231
25100047 25100132
25100160 25100131
25100182 25100300
25100001 25100238
25100276 25100007
25100066 25100015
25100092 25100080
25100262 25100192
25100038 25100033
25100005 25100298
25100170 25100014
25100023 25100095
25100029 25100128
25100121 25100018
25100297 25100145
25100202 25100295
25100136 25100088
25100051 25100245
25100202 25100045
25100216 25100025
25100227 25100153
25100076 25100130
25100152 25100103
25100266 25100035
25100102 25100041
25100216 25100177
25100136 25100253
25100072 25100277
25100072 25100202
25100023 25100120
25100255 25100247
25100287 25100285
25100193 25100093
25100189 25100145
25100129 25100244
25100166 25100125
25100013 25100228
25100275 25100153
25100074 25100152
25100040 25100008
25100005 25100113
25100259 25100118
25100037 25100211
25100230 25100039
25100035 25100232
25100161 25100215
25100237 25100262
25100032 25100101
25100160 25100081
25100238 25100282
25100104 25100132
25100191 25100134
12600180 12600208
12600107 12600047
12600160 12600143
12600237 12600181
12600026 12600001
12600218 12600251
12600179 12600215
12600146 12600149
12600155 12600105
12600073 12600275
12600124 12600104
12600191 12600251
12600080 12600260
12600111 12600216
12600023 12600081
12600209 12600221
12600010 12600091
12600217 12600274
12600217 12600089
12600215 12600151
12600013 12600008
12600167 12600279
12600240 12600189
12600264 12600254
12600130 12600173
12600216 12600192
12600277 12600297
12600067 12600014
12600143 12600245
12600226 12600204
12600248 12600166
12600206 12600072
12600060 12600255
12600128 12600047
12600244 12600048
12600152 12600277
12600036 12600259
12600136 12600238
12600055 12600052
12600230 12600221
12600019 12600154
12600117 12600160
12600067 12600299
12600214 12600147
12600223 12600013
12600242 12600065
12600265 12600177
12600006 12600262
12600010 12600113
12600155 12600067
12600272 12600171
12600115 12600047
12600016 12600131
12600098 12600261
12600132 12600034
12600072 12600097
12600063 12600215
12600274 12600292
12600161 12600283
12600289 12600253
12600219 12600205
12600197 12600053
12600058 12600119
12600233 12600006
12600041 12600216
12600011 12600109
12600292 12600215
12600209 12600223
12600056 12600250
12600216 12600268
12600135 12600206
12600232 12600181
12600206 12600272
12600268 12600005
12600061 12600179
12600042 12600015
12600061 12600282
12600073 12600222
12600017 12600212
12600111 12600040
12600001 12600160
12600244 12600199
12600133 12600054
12600205 12600228
6350287 6350109
6350220 6350160
6350134 6350085
6350161 6350205
6350196 6350006
6350080 6350232
6350069 6350147
6350258 6350220
6350198 6350123
6350118 6350102
6350011 6350015
6350174 6350107
6350151 6350170
6350255 6350213
6350063 6350149
6350258 6350025
6350004 6350037
6350283 6350237
6350167 6350054
6350100 6350155
6350220 6350211
6350144 6350086
6350288 6350205
6350093 6350168
6350178 6350288
6350212 6350054
6350226 6350015
6350088 6350261
6350269 6350004
6350289 6350242
6350221 6350046
6350134 6350020
6350019 6350025
6350132 6350071
6350087 6350086
6350195 6350018
6350203 6350233
6350091 6350229
6350167 6350001
6350166 6350220
6350178 6350289
6350056 6350016
6350289 6350098
6350022 6350046
6350296 6350003
6350017 6350091
6350150 6350162
6350105 6350260
6350042 6350191
6350029 6350228
6350200 6350200
6350287 6350115
6350262 6350058
6350219 6350001
6350088 6350229
6350239 6350129
6350186 6350035
6350089 6350124
6350275 6350255
6350261 6350264
6350237 6350086
6350226 6350151
6350214 6350203
6350037 6350224
6350237 6350183
6350144 6350136
6350210 6350027
6350284 6350201
6350063 6350252
6350220 6350118
6350288 6350255
6350211 6350262
6350075 6350099
6350229 6350158
6350180 6350178
6350232 6350017
6350170 6350063
6350040 6350139
6350224 6350157
6350011 6350121
6350107 6350088
6350280 6350235
6350038 6350258
6350170 6350167
3225215 3225027
3225231 3225268
3225111 3225046
3225157 3225011
3225100 3225095
3225279 3225142
3225299 3225120
3225229 3225192
3225277 3225086
3225043 3225027
3225181 3225239
3225023 3225001
3225019 3225083
3225145 3225005
3225255 3225265
3225212 3225192
3225274 3225071
3225081 3225030
3225217 3225142
3225092 3225096
3225218 3225094
3225151 3225043
3225132 3225061
3225048 3225291
3225099 3225044
3225042 3225171
3225154 3225224
3225249 3225225
3225081 3225295
3225287 3225145
3225152 3225225
3225276 3225281
3225275 3225022
3225173 3225057
3225246 3225007
3225075 3225122
3225082 3225300
3225211 3225269
3225059 3225232
3225053 3225277
3225076 3225183
3225004 3225003
3225275 3225046
3225281 3225246
3225272 3225218
3225123 3225111
3225131 3225053
3225126 3225300
3225081 3225017
3225053 3225214
3225118 3225265
3225284 3225235
3225173 3225190
3225215 3225006
3225190 3225052
3225110 3225038
3225206 3225133
3225027 3225296
3225042 3225259
3225147 3225147
3225210 3225005
3225278 3225156
3225271 3225043
3225159 3225207
3225284 3225220
3225260 3225168
3225195 3225161
3225216 3225234
3225284 3225090
3225109 3225102
3225079 3225008
3225034 3225206
3225012 3225039
3225183 3225010
3225216 3225055
3225117 3225198
3225023 3225272
3225024 3225258
3225141 3225026
3225266 3225232
3225258 3225174
3225089 3225157
3225060 3225127
3225044 3225158
92 298
234 50
159 194
58 162
196 48
99 81
20 190
217 15
164 208
239 125
52 245
267 38
119 103
239 151
35 9
60 92
190 79
287 209
82 242
67 220
182 148
3 221
43 256
170 123
162 292
199 233
114 225
34 142
118 99
237 289
218 272
208 122
84 227
68 198
133 294
141 137
96 83
3 7
80 165
231 108
203 94
290 95
130 190
85 260
27 80
298 44
249 196
291 108
114 131
212 173
261 270
266 70
261 99
274 207
13 78
279 223
58 15
298 78
283 5
22 66
143 257
105 149
168 184
33 254
107 177
136 271
191 208
129 297
19 15
27 99
40 268
155 247
42 239
119 69
273 168
136 227
126 254
107 222
259 28
222 139
114 194
179 52
246 90
223 119
186 128
154 129
53 2
35 284
13 290
103 11
278 257
221 195
181 128
90 41
257 204
31 67
130 249
169 4
67 169
299 167
207 167
199 10
128 101
232 206
2 286
287 117
282 180
132 93
79 232
153 81
291 176
164 120
4 38
152 59
78 129
100 145
108 193
17 150
63 129
246 32
32 28
175 22
71 168
28 286
22 188
151 91
237 61
19 190
226 269
139 163
248 250
257 77
199 259
91 247
24 43
159 43
94 217
82 106
29 298
28 215
65 296
293 216
46 152
231 147
37 224
47 230
95 172
194 241
68 238
200 64
280 231
228 299
124 84
99 272
201 69
144 157
219 111
246 108
139 1
155 286
149 23
78 74
108 128
151 220
185 12
229 197
177 246
185 169
84 154
191 267
248 275
126 238
34 33
78 79
69 129
56 267
298 182
65 46
55 71
126 160
