# source: JorikJooken
# original path: jj_extract\knapsackProblemInstances-master\problemInstances\n_1200_c_10000000000_g_10_f_0.1_eps_0.1_s_300\test.in
# optimal value: 9996115341
# format: n capacity, then weight value
1200 10000000000
6000000218 6000000201
6000000020 6000000106
6000000164 6000000278
6000000141 6000000094
6000000004 6000000129
6000000131 6000000040
6000000229 6000000217
6000000245 6000000076
6000000237 6000000035
6000000281 6000000120
6000000085 6000000230
6000000258 6000000044
6000000091 6000000144
6000000274 6000000105
6000000145 6000000140
6000000027 6000000093
6000000006 6000000270
6000000170 6000000170
6000000047 6000000008
6000000113 6000000155
6000000214 6000000001
6000000097 6000000031
6000000271 6000000062
6000000203 6000000296
6000000207 6000000175
6000000205 6000000212
6000000132 6000000042
6000000020 6000000191
6000000206 6000000163
6000000139 6000000047
6000000214 6000000181
6000000192 6000000035
6000000170 6000000286
6000000272 6000000118
6000000183 6000000139
6000000035 6000000015
6000000015 6000000040
6000000072 6000000098
6000000039 6000000278
6000000286 6000000146
6000000166 6000000273
6000000096 6000000113
6000000050 6000000103
6000000003 6000000258
6000000081 6000000169
6000000285 6000000164
6000000162 6000000224
6000000276 6000000022
6000000182 6000000085
6000000132 6000000003
6000000160 6000000253
6000000258 6000000223
6000000190 6000000052
6000000230 6000000117
6000000104 6000000259
6000000029 6000000238
6000000235 6000000030
6000000004 6000000269
6000000284 6000000251
6000000054 6000000007
6000000141 6000000213
6000000297 6000000276
6000000062 6000000277
6000000073 6000000137
6000000238 6000000200
6000000052 6000000236
6000000189 6000000069
6000000044 6000000300
6000000042 6000000094
6000000154 6000000133
6000000149 6000000141
6000000085 6000000296
6000000075 6000000007
6000000005 6000000183
6000000280 6000000167
6000000128 6000000264
6000000241 6000000096
6000000174 6000000245
6000000288 6000000229
6000000259 6000000220
6000000020 6000000221
6000000201 6000000271
6000000061 6000000094
6000000109 6000000022
6000000229 6000000279
6000000068 6000000078
6000000135 6000000094
6000000111 6000000095
6000000002 6000000222
6000000260 6000000072
6000000191 6000000072
6000000011 6000000208
6000000139 6000000032
6000000163 6000000040
6000000299 6000000085
6000000194 6000000159
6000000217 6000000100
6000000002 6000000277
6000000121 6000000072
6000000252 6000000272
6000000226 6000000230
6000000141 6000000107
6000000011 6000000121
6000000158 6000000211
6000000124 6000000140
6000000213 6000000236
6000000039 6000000001
6000000188 6000000163
6000000178 6000000284
6000000090 6000000167
6000000273 6000000223
6000000153 6000000173
6000000249 6000000074
6000000278 6000000140
6000000238 6000000101
6000000106 6000000156
6000000122 6000000122
6000000016 6000000125
6000000234 6000000293
6000000064 6000000294
3500000284 3500000273
3500000026 3500000202
3500000170 3500000047
3500000273 3500000126
3500000027 3500000173
3500000117 3500000240
3500000138 3500000001
3500000064 3500000134
3500000044 3500000107
3500000017 3500000099
3500000286 3500000027
3500000028 3500000143
3500000210 3500000217
3500000236 3500000081
3500000254 3500000168
3500000028 3500000124
3500000053 3500000300
3500000176 3500000064
3500000272 3500000061
3500000198 3500000267
3500000117 3500000231
3500000202 3500000183
3500000246 3500000151
3500000042 3500000041
3500000201 3500000285
3500000101 3500000027
3500000192 3500000244
3500000039 3500000065
3500000130 3500000132
3500000262 3500000180
3500000156 3500000046
3500000176 3500000242
3500000272 3500000289
3500000028 3500000153
3500000062 3500000239
3500000065 3500000057
3500000055 3500000082
3500000208 3500000202
3500000247 3500000197
3500000271 3500000008
3500000003 3500000145
3500000190 3500000086
3500000251 3500000057
3500000003 3500000056
3500000268 3500000059
3500000070 3500000150
3500000042 3500000132
3500000208 3500000212
3500000297 3500000096
3500000126 3500000162
3500000017 3500000290
3500000283 3500000109
3500000106 3500000261
3500000057 3500000231
3500000183 3500000173
3500000061 3500000088
3500000179 3500000174
3500000281 3500000187
3500000193 3500000282
3500000132 3500000267
3500000086 3500000066
3500000013 3500000249
3500000105 3500000043
3500000270 3500000272
3500000244 3500000296
3500000168 3500000107
3500000197 3500000284
3500000028 3500000203
3500000186 3500000105
3500000181 3500000194
3500000286 3500000165
3500000282 3500000196
3500000042 3500000166
3500000121 3500000034
3500000199 3500000016
3500000149 3500000099
3500000294 3500000256
3500000161 3500000033
3500000037 3500000116
3500000049 3500000063
3500000056 3500000050
3500000014 3500000247
3500000126 3500000099
3500000236 3500000281
3500000173 3500000080
3500000220 3500000134
3500000007 3500000236
3500000117 3500000220
3500000178 3500000230
3500000285 3500000005
3500000174 3500000232
3500000123 3500000221
3500000120 3500000174
3500000044 3500000029
3500000042 3500000168
3500000149 3500000031
3500000226 3500000257
3500000196 3500000176
3500000178 3500000209
3500000299 3500000210
3500000236 3500000298
3500000133 3500000182
3500000086 3500000175
3500000176 3500000085
3500000091 3500000202
3500000204 3500000073
3500000125 3500000007
3500000056 3500000194
3500000022 3500000121
3500000206 3500000155
3500000129 3500000068
3500000093 3500000243
3500000168 3500000232
3500000176 3500000215
3500000256 3500000186
3500000145 3500000285
3500000269 3500000032
3500000111 3500000139
3500000198 3500000291
3500000024 3500000245
2250000124 2250000111
2250000024 2250000071
2250000107 2250000223
2250000289 2250000205
2250000280 2250000220
2250000135 2250000083
2250000033 2250000014
2250000246 2250000202
2250000245 2250000040
2250000070 2250000098
2250000108 2250000234
2250000115 2250000095
2250000042 2250000286
2250000146 2250000169
2250000187 2250000297
2250000233 2250000245
2250000132 2250000056
2250000295 2250000216
2250000171 2250000258
2250000294 2250000109
2250000095 2250000276
2250000257 2250000254
2250000297 2250000273
2250000056 2250000124
2250000298 2250000087
2250000290 2250000087
2250000133 2250000022
2250000181 2250000080
2250000280 2250000299
2250000107 2250000270
2250000293 2250000099
2250000201 2250000160
2250000084 2250000199
2250000085 2250000276
2250000134 2250000078
2250000143 2250000098
2250000167 2250000061
2250000153 2250000149
2250000081 2250000198
2250000158 2250000143
2250000291 2250000045
2250000078 2250000137
2250000159 2250000227
2250000187 2250000202
2250000162 2250000016
2250000016 2250000153
2250000259 2250000085
2250000038 2250000205
2250000275 2250000211
2250000175 2250000056
2250000037 2250000063
2250000125 2250000145
2250000173 2250000296
2250000029 2250000041
2250000045 2250000032
2250000131 2250000235
2250000099 2250000095
2250000147 2250000183
2250000125 2250000080
2250000105 2250000065
2250000292 2250000028
2250000270 2250000089
2250000107 2250000218
2250000264 2250000298
2250000193 2250000282
2250000195 2250000197
2250000211 2250000017
2250000024 2250000240
2250000136 2250000132
2250000180 2250000278
2250000242 2250000276
2250000045 2250000158
2250000144 2250000137
2250000001 2250000102
2250000171 2250000072
2250000016 2250000200
2250000293 2250000177
2250000280 2250000111
2250000248 2250000233
2250000146 2250000024
2250000251 2250000280
2250000175 2250000068
2250000064 2250000062
2250000164 2250000131
2250000275 2250000212
2250000063 2250000180
2250000182 2250000036
2250000094 2250000078
2250000050 2250000107
2250000189 2250000234
2250000125 2250000038
2250000050 2250000219
2250000009 2250000182
2250000190 2250000110
2250000277 2250000111
2250000064 2250000177
2250000192 2250000044
2250000022 2250000011
2250000037 2250000246
2250000015 2250000089
2250000220 2250000260
2250000042 2250000090
2250000072 2250000105
2250000172 2250000250
2250000206 2250000220
2250000257 2250000153
2250000041 2250000207
2250000106 2250000202
2250000201 2250000160
2250000216 2250000062
2250000242 2250000128
2250000013 2250000242
2250000276 2250000112
2250000259 2250000206
2250000046 2250000094
2250000132 2250000168
2250000273 2250000136
2250000004 2250000210
2250000129 2250000015
2250000249 2250000193
1625000076 1625000200
1625000251 1625000015
1625000072 1625000162
1625000192 1625000119
1625000291 1625000227
1625000121 1625000145
1625000172 1625000076
1625000221 1625000008
1625000231 1625000295
1625000195 1625000272
1625000226 1625000299
1625000295 1625000217
1625000041 1625000073
1625000016 1625000009
1625000196 1625000219
1625000102 1625000018
1625000261 1625000020
1625000171 1625000205
1625000283 1625000071
1625000066 1625000023
1625000141 1625000070
1625000249 1625000202
1625000148 1625000179
1625000022 1625000132
1625000024 1625000234
1625000238 1625000184
1625000013 1625000213
1625000083 1625000182
1625000082 1625000202
1625000277 1625000159
1625000241 1625000038
1625000164 1625000168
1625000035 1625000294
1625000062 1625000243
1625000155 1625000213
1625000138 1625000159
1625000159 1625000119
1625000085 1625000299
1625000215 1625000076
1625000262 1625000009
1625000118 1625000052
1625000250 1625000073
1625000136 1625000066
1625000126 1625000129
1625000104 1625000225
1625000282 1625000134
1625000023 1625000169
1625000295 1625000113
1625000073 1625000109
1625000157 1625000005
1625000241 1625000152
1625000036 1625000073
1625000036 1625000140
1625000290 1625000276
1625000178 1625000212
1625000005 1625000238
1625000049 1625000094
1625000065 1625000248
1625000174 1625000049
1625000026 1625000151
1625000050 1625000118
1625000007 1625000133
1625000062 1625000090
1625000007 1625000077
1625000201 1625000039
1625000252 1625000094
1625000261 1625000061
1625000269 1625000212
1625000066 1625000178
1625000140 1625000144
1625000169 1625000199
1625000300 1625000109
1625000165 1625000150
1625000147 1625000004
1625000055 1625000098
1625000256 1625000279
1625000131 1625000051
1625000107 1625000238
1625000096 1625000142
1625000234 1625000025
1625000100 1625000148
1625000150 1625000147
1625000105 1625000041
1625000015 1625000017
1625000151 1625000207
1625000014 1625000016
1625000174 1625000002
1625000152 1625000119
1625000197 1625000030
1625000139 1625000209
1625000264 1625000120
1625000182 1625000233
1625000131 1625000161
1625000019 1625000052
1625000048 1625000173
1625000203 1625000120
1625000180 1625000210
1625000085 1625000124
1625000267 1625000057
1625000225 1625000285
1625000143 1625000185
1625000065 1625000198
1625000107 1625000106
1625000219 1625000143
1625000101 1625000167
1625000263 1625000138
1625000113 1625000111
1625000042 1625000281
1625000030 1625000098
1625000260 1625000291
1625000010 1625000241
1625000287 1625000043
1625000125 1625000053
1625000073 1625000045
1625000216 1625000183
1625000279 1625000101
1625000133 1625000133
1625000055 1625000160
1625000003 1625000186
1625000277 1625000214
1312500175 1312500250
1312500276 1312500151
1312500241 1312500253
1312500144 1312500160
1312500224 1312500054
1312500143 1312500219
1312500248 1312500196
1312500024 1312500075
1312500266 1312500254
1312500167 1312500095
1312500280 1312500223
1312500262 1312500041
1312500062 1312500080
1312500018 1312500287
1312500295 1312500148
1312500238 1312500057
1312500084 1312500224
1312500242 1312500137
1312500218 1312500188
1312500276 1312500249
1312500293 1312500227
1312500100 1312500159
1312500260 1312500247
1312500177 1312500183
1312500026 1312500067
1312500066 1312500202
1312500132 1312500158
1312500195 1312500299
1312500117 1312500291
1312500170 1312500286
1312500160 1312500097
1312500081 1312500181
1312500116 1312500141
1312500123 1312500248
1312500042 1312500052
1312500154 1312500251
1312500231 1312500073
1312500239 1312500290
1312500031 1312500124
1312500059 1312500237
1312500162 1312500159
1312500294 1312500180
1312500114 1312500274
1312500198 1312500174
1312500139 1312500116
1312500049 1312500085
1312500255 1312500101
1312500197 1312500024
1312500067 1312500184
1312500252 1312500210
1312500046 1312500116
1312500207 1312500227
1312500268 1312500199
1312500005 1312500067
1312500070 1312500034
1312500100 1312500049
1312500135 1312500265
1312500258 1312500098
1312500030 1312500237
1312500036 1312500071
1312500107 1312500060
1312500207 1312500113
1312500181 1312500245
1312500068 1312500115
1312500290 1312500011
1312500036 1312500257
1312500126 1312500138
1312500244 1312500143
1312500030 1312500132
1312500266 1312500002
1312500069 1312500178
1312500220 1312500177
1312500003 1312500084
1312500198 1312500191
1312500208 1312500181
1312500272 1312500244
1312500150 1312500255
1312500230 1312500114
1312500028 1312500234
1312500103 1312500132
1312500034 1312500018
1312500259 1312500069
1312500009 1312500260
1312500090 1312500171
1312500210 1312500279
1312500132 1312500026
1312500041 1312500259
1312500016 1312500152
1312500144 1312500130
1312500297 1312500194
1312500164 1312500015
1312500065 1312500272
1312500009 1312500216
1312500113 1312500284
1312500078 1312500120
1312500095 1312500095
1312500108 1312500028
1312500099 1312500055
1312500261 1312500226
1312500241 1312500102
1312500153 1312500228
1312500091 1312500259
1312500058 1312500130
1312500033 1312500203
1312500027 1312500203
1312500077 1312500175
1312500091 1312500213
1312500031 1312500171
1312500254 1312500241
1312500217 1312500228
1312500109 1312500150
1312500229 1312500093
1312500196 1312500284
1312500064 1312500096
1312500028 1312500059
1312500267 1312500055
1312500112 1312500144
1312500123 1312500277
1312500242 1312500176
1312500276 1312500138
1156250241 1156250225
1156250259 1156250203
1156250083 1156250174
1156250074 1156250210
1156250007 1156250150
1156250197 1156250268
1156250087 1156250007
1156250221 1156250249
1156250220 1156250080
1156250248 1156250138
1156250177 1156250094
1156250104 1156250110
1156250296 1156250171
1156250160 1156250103
1156250045 1156250118
1156250143 1156250220
1156250052 1156250173
1156250100 1156250174
1156250063 1156250118
1156250296 1156250090
1156250213 1156250013
1156250100 1156250136
1156250253 1156250238
1156250206 1156250038
1156250280 1156250139
1156250133 1156250300
1156250219 1156250177
1156250173 1156250060
1156250168 1156250239
1156250001 1156250039
1156250079 1156250034
1156250001 1156250046
1156250270 1156250044
1156250208 1156250274
1156250001 1156250300
1156250066 1156250124
1156250166 1156250164
1156250012 1156250274
1156250127 1156250205
1156250025 1156250158
1156250260 1156250164
1156250089 1156250159
1156250211 1156250028
1156250189 1156250104
1156250172 1156250112
1156250029 1156250274
1156250121 1156250111
1156250151 1156250121
1156250014 1156250070
1156250126 1156250073
1156250151 1156250127
1156250189 1156250042
1156250253 1156250285
1156250090 1156250152
1156250228 1156250050
1156250001 1156250057
1156250266 1156250253
1156250253 1156250056
1156250182 1156250067
1156250251 1156250021
1156250086 1156250190
1156250262 1156250202
1156250048 1156250250
1156250151 1156250248
1156250065 1156250018
1156250216 1156250073
1156250239 1156250175
1156250092 1156250027
1156250272 1156250279
1156250216 1156250284
1156250263 1156250036
1156250070 1156250035
1156250255 1156250120
1156250062 1156250240
1156250206 1156250287
1156250102 1156250235
1156250251 1156250141
1156250300 1156250006
1156250148 1156250030
1156250259 1156250037
1156250071 1156250235
1156250135 1156250179
1156250273 1156250044
1156250081 1156250285
1156250047 1156250294
1156250210 1156250086
1156250131 1156250154
1156250143 1156250070
1156250144 1156250250
1156250217 1156250242
1156250210 1156250125
1156250235 1156250181
1156250091 1156250213
1156250182 1156250181
1156250097 1156250061
1156250034 1156250066
1156250233 1156250136
1156250001 1156250234
1156250036 1156250191
1156250184 1156250203
1156250153 1156250087
1156250172 1156250172
1156250236 1156250254
1156250141 1156250169
1156250089 1156250290
1156250030 1156250236
1156250208 1156250155
1156250127 1156250289
1156250280 1156250225
1156250068 1156250011
1156250243 1156250009
1156250138 1156250095
1156250110 1156250290
1156250200 1156250129
1156250269 1156250222
1156250210 1156250075
1156250218 1156250252
1156250082 1156250181
1156250155 1156250013
1156250048 1156250112
1078125061 1078125266
1078125144 1078125027
1078125050 1078125236
1078125043 1078125160
1078125042 1078125149
1078125072 1078125300
1078125107 1078125179
1078125168 1078125215
1078125057 1078125087
1078125245 1078125030
1078125022 1078125207
1078125227 1078125097
1078125269 1078125281
1078125009 1078125119
1078125243 1078125093
1078125125 1078125231
1078125128 1078125155
1078125194 1078125206
1078125088 1078125262
1078125024 1078125135
1078125183 1078125038
1078125015 1078125011
1078125200 1078125274
1078125013 1078125031
1078125135 1078125077
1078125021 1078125283
1078125019 1078125282
1078125294 1078125185
1078125243 1078125118
1078125028 1078125089
1078125202 1078125154
1078125280 1078125176
1078125285 1078125180
1078125293 1078125300
1078125230 1078125186
1078125087 1078125048
1078125029 1078125244
1078125132 1078125110
1078125228 1078125121
1078125088 1078125175
1078125105 1078125274
1078125027 1078125044
1078125121 1078125013
1078125229 1078125067
1078125240 1078125065
1078125195 1078125034
1078125230 1078125063
1078125135 1078125025
1078125093 1078125036
1078125095 1078125245
1078125029 1078125099
1078125218 1078125181
1078125092 1078125165
1078125113 1078125040
1078125192 1078125158
1078125197 1078125236
1078125212 1078125297
1078125114 1078125247
1078125156 1078125284
1078125085 1078125150
1078125135 1078125109
1078125114 1078125138
1078125208 1078125282
1078125233 1078125138
1078125165 1078125006
1078125100 1078125165
1078125202 1078125117
1078125110 1078125228
1078125050 1078125042
1078125148 1078125161
1078125030 1078125113
1078125167 1078125236
1078125024 1078125282
1078125121 1078125112
1078125115 1078125120
1078125160 1078125067
1078125189 1078125143
1078125230 1078125214
1078125254 1078125266
1078125227 1078125054
1078125177 1078125156
1078125145 1078125112
1078125187 1078125073
1078125230 1078125078
1078125121 1078125258
1078125219 1078125125
1078125022 1078125220
1078125193 1078125297
1078125085 1078125257
1078125300 1078125090
1078125122 1078125141
1078125264 1078125195
1078125023 1078125011
1078125021 1078125097
1078125125 1078125248
1078125179 1078125135
1078125144 1078125044
1078125282 1078125155
1078125137 1078125014
1078125072 1078125242
1078125116 1078125170
1078125205 1078125187
1078125122 1078125116
1078125208 1078125039
1078125064 1078125044
1078125281 1078125002
1078125182 1078125258
1078125092 1078125126
1078125198 1078125228
1078125081 1078125281
1078125211 1078125156
1078125154 1078125180
1078125180 1078125028
1078125193 1078125193
1078125036 1078125247
1078125214 1078125084
1078125084 1078125276
1078125118 1078125041
1078125121 1078125236
1078125126 1078125202
1039062650 1039062642
1039062549 1039062588
1039062713 1039062763
1039062655 1039062505
1039062762 1039062612
1039062775 1039062648
1039062674 1039062746
1039062626 1039062588
1039062635 1039062510
1039062550 1039062539
1039062603 1039062552
1039062676 1039062580
1039062701 1039062646
1039062544 1039062652
1039062770 1039062530
1039062513 1039062637
1039062605 1039062645
1039062765 1039062542
1039062597 1039062746
1039062699 1039062593
1039062516 1039062508
1039062519 1039062522
1039062800 1039062790
1039062688 1039062618
1039062614 1039062553
1039062566 1039062771
1039062608 1039062586
1039062565 1039062565
1039062738 1039062614
1039062677 1039062593
1039062697 1039062503
1039062703 1039062729
1039062588 1039062704
1039062741 1039062696
1039062697 1039062647
1039062700 1039062720
1039062559 1039062737
1039062582 1039062636
1039062650 1039062757
1039062529 1039062635
1039062736 1039062575
1039062518 1039062759
1039062515 1039062670
1039062580 1039062634
1039062565 1039062745
1039062512 1039062655
1039062717 1039062782
1039062547 1039062556
1039062571 1039062633
1039062720 1039062707
1039062568 1039062776
1039062582 1039062783
1039062510 1039062656
1039062793 1039062703
1039062578 1039062614
1039062714 1039062519
1039062763 1039062585
1039062695 1039062682
1039062657 1039062525
1039062516 1039062632
1039062504 1039062545
1039062653 1039062763
1039062689 1039062545
1039062619 1039062618
1039062522 1039062561
1039062506 1039062584
1039062523 1039062554
1039062733 1039062656
1039062756 1039062579
1039062575 1039062774
1039062617 1039062772
1039062599 1039062647
1039062671 1039062549
1039062581 1039062763
1039062595 1039062744
1039062651 1039062592
1039062639 1039062520
1039062671 1039062632
1039062778 1039062764
1039062633 1039062681
1039062734 1039062509
1039062622 1039062727
1039062799 1039062771
1039062774 1039062766
1039062687 1039062714
1039062640 1039062705
1039062787 1039062617
1039062633 1039062562
1039062535 1039062662
1039062583 1039062568
1039062710 1039062595
1039062549 1039062563
1039062715 1039062611
1039062656 1039062744
1039062579 1039062589
1039062795 1039062514
1039062574 1039062655
1039062714 1039062544
1039062757 1039062525
1039062590 1039062513
1039062739 1039062658
1039062726 1039062712
1039062603 1039062759
1039062697 1039062501
1039062604 1039062671
1039062767 1039062759
1039062529 1039062763
1039062585 1039062781
1039062753 1039062642
1039062509 1039062672
1039062534 1039062586
1039062753 1039062737
1039062645 1039062525
1039062663 1039062573
1039062694 1039062525
1039062605 1039062755
1039062608 1039062535
1039062726 1039062633
1039062626 1039062714
1039062548 1039062501
1019531363 1019531465
1019531478 1019531334
1019531390 1019531271
1019531432 1019531523
1019531319 1019531366
1019531356 1019531385
1019531364 1019531325
1019531276 1019531500
1019531527 1019531283
1019531343 1019531417
1019531495 1019531340
1019531283 1019531514
1019531493 1019531448
1019531548 1019531334
1019531504 1019531347
1019531459 1019531275
1019531496 1019531396
1019531422 1019531309
1019531490 1019531519
1019531256 1019531497
1019531549 1019531501
1019531398 1019531275
1019531448 1019531469
1019531304 1019531428
1019531503 1019531314
1019531333 1019531492
1019531531 1019531303
1019531455 1019531327
1019531525 1019531476
1019531370 1019531359
1019531530 1019531505
1019531461 1019531412
1019531380 1019531542
1019531543 1019531297
1019531392 1019531396
1019531348 1019531293
1019531346 1019531385
1019531281 1019531550
1019531252 1019531510
1019531291 1019531331
1019531550 1019531542
1019531505 1019531438
1019531533 1019531284
1019531262 1019531371
1019531506 1019531365
1019531531 1019531476
1019531497 1019531411
1019531492 1019531382
1019531325 1019531354
1019531293 1019531466
1019531345 1019531461
1019531442 1019531265
1019531449 1019531463
1019531399 1019531420
1019531371 1019531320
1019531302 1019531335
1019531496 1019531255
1019531498 1019531490
1019531340 1019531396
1019531393 1019531377
1019531533 1019531444
1019531445 1019531461
1019531311 1019531277
1019531542 1019531439
1019531274 1019531377
1019531419 1019531351
1019531408 1019531263
1019531337 1019531315
1019531362 1019531381
1019531355 1019531388
1019531413 1019531509
1019531500 1019531462
1019531362 1019531281
1019531511 1019531267
1019531329 1019531381
1019531257 1019531494
1019531419 1019531280
1019531413 1019531313
1019531286 1019531516
1019531424 1019531253
1019531388 1019531463
1019531495 1019531347
1019531280 1019531300
1019531438 1019531548
1019531442 1019531543
1019531330 1019531283
1019531476 1019531473
1019531310 1019531512
1019531453 1019531390
1019531388 1019531349
1019531539 1019531261
1019531550 1019531293
1019531424 1019531342
1019531294 1019531266
1019531330 1019531529
1019531358 1019531382
1019531274 1019531257
1019531464 1019531350
1019531545 1019531344
1019531327 1019531357
1019531528 1019531294
1019531438 1019531383
1019531308 1019531369
1019531493 1019531295
1019531549 1019531293
1019531509 1019531534
1019531286 1019531463
1019531460 1019531476
1019531502 1019531344
1019531378 1019531526
1019531268 1019531537
1019531401 1019531442
1019531275 1019531312
1019531519 1019531358
1019531351 1019531467
1019531403 1019531330
1019531312 1019531411
1019531306 1019531424
1019531470 1019531472
1019531406 1019531379
283 291
200 63
211 117
227 35
227 3
47 98
78 259
52 130
69 232
42 143
120 231
150 33
267 126
17 131
237 226
220 168
240 208
228 265
157 50
284 245
300 110
44 178
235 72
214 295
41 126
129 246
218 91
187 65
16 152
186 127
205 109
140 284
24 28
238 281
206 208
57 294
270 218
175 44
218 186
293 153
287 201
181 107
82 110
253 143
108 157
132 265
43 208
24 10
37 76
276 86
267 229
23 106
272 123
247 252
36 170
16 29
269 276
199 299
259 280
205 206
125 47
298 202
17 107
83 254
290 234
117 174
231 275
259 259
69 243
10 172
252 281
250 67
190 161
76 3
182 121
249 19
138 160
7 273
39 171
280 68
157 23
89 211
85 145
179 101
104 268
191 246
50 15
8 13
207 35
119 238
49 82
44 183
10 255
20 42
205 170
285 146
208 283
265 151
177 175
67 218
168 145
290 151
83 33
272 143
172 209
65 243
37 17
248 165
21 228
39 7
298 48
37 182
135 111
23 170
126 180
245 235
152 118
177 297
172 224
71 56
