# source: JorikJooken
# original path: jj_extract\knapsackProblemInstances-master\problemInstances\n_400_c_100000000_g_2_f_0.1_eps_0.1_s_200\test.in
# optimal value: 60003913
# format: n capacity, then weight value
400 100000000
60000057 60000103
60000137 60000048
60000014 60000172
60000040 60000014
60000147 60000174
60000121 60000172
60000067 60000178
60000028 60000034
60000084 60000123
60000066 60000084
60000124 60000102
60000167 60000017
60000044 60000135
60000123 60000023
60000072 60000170
60000187 60000145
60000026 60000084
60000151 60000134
60000058 60000067
60000170 60000191
60000108 60000101
60000020 60000078
60000101 60000150
60000147 60000143
60000153 60000076
60000097 60000102
60000033 60000082
60000076 60000172
60000056 60000067
60000087 60000122
60000119 60000045
60000035 60000079
60000150 60000025
60000127 60000136
60000182 60000075
60000156 60000007
60000183 60000181
60000003 60000008
60000163 60000163
60000023 60000006
60000128 60000164
60000017 60000161
60000090 60000162
60000154 60000090
60000187 60000164
60000115 60000044
60000112 60000192
60000154 60000147
60000187 60000108
60000131 60000036
60000147 60000125
60000093 60000151
60000072 60000145
60000120 60000028
60000148 60000046
60000011 60000186
60000186 60000175
60000061 60000157
60000187 60000066
60000192 60000140
60000062 60000060
60000071 60000054
60000149 60000099
60000101 60000026
60000111 60000009
60000075 60000134
60000078 60000095
60000199 60000118
60000159 60000107
60000066 60000070
60000059 60000050
60000142 60000056
60000001 60000092
60000150 60000104
60000163 60000163
60000003 60000189
60000036 60000167
60000081 60000161
60000017 60000137
60000099 60000065
60000105 60000153
60000031 60000017
60000076 60000051
60000096 60000154
60000150 60000079
60000106 60000147
60000160 60000037
60000127 60000108
60000024 60000078
60000115 60000040
60000063 60000118
60000042 60000120
60000013 60000200
60000194 60000108
60000077 60000105
60000192 60000095
60000122 60000113
60000177 60000063
60000168 60000063
60000191 60000127
60000147 60000174
60000013 60000035
60000145 60000136
60000045 60000139
60000192 60000122
60000197 60000150
60000173 60000186
60000057 60000088
60000006 60000055
60000109 60000166
60000002 60000181
60000041 60000127
60000009 60000048
60000029 60000136
60000005 60000028
60000179 60000153
60000115 60000043
60000173 60000185
60000080 60000053
60000090 60000082
60000061 60000046
60000117 60000013
60000169 60000127
60000154 60000108
60000070 60000011
60000126 60000033
60000181 60000022
60000005 60000043
60000140 60000103
60000001 60000192
60000036 60000144
60000141 60000144
60000053 60000144
60000045 60000103
60000065 60000111
60000171 60000168
60000102 60000142
60000031 60000146
60000038 60000074
60000106 60000129
60000162 60000048
60000197 60000076
60000029 60000128
60000130 60000161
60000056 60000100
60000154 60000154
60000089 60000044
60000039 60000166
60000157 60000076
60000153 60000134
60000142 60000012
60000086 60000189
60000014 60000140
60000119 60000079
60000169 60000098
60000130 60000119
60000056 60000084
60000159 60000041
60000138 60000016
60000177 60000103
60000080 60000055
60000024 60000120
60000162 60000082
60000098 60000184
60000058 60000146
60000113 60000074
60000010 60000003
60000192 60000173
60000198 60000007
60000160 60000163
60000019 60000179
60000051 60000150
60000146 60000062
60000024 60000085
60000089 60000041
60000029 60000156
60000001 60000123
60000058 60000101
60000064 60000067
60000166 60000182
60000033 60000195
60000177 60000055
60000019 60000155
60000127 60000039
60000082 60000132
60000085 60000137
60000133 60000142
60000042 60000086
60000077 60000186
60000196 60000100
60000163 60000076
60000012 60000185
60000139 60000068
60000056 60000123
60000113 60000180
60000195 60000087
60000183 60000106
60000038 60000114
60000030 60000072
60000088 60000139
60000106 60000083
60000064 60000169
60000024 60000037
60000062 60000120
60000039 60000124
60000032 60000148
60000154 60000067
60000113 60000182
60000125 60000186
60000015 60000025
60000157 60000191
60000102 60000198
60000097 60000114
60000114 60000081
60000159 60000033
60000149 60000037
60000197 60000196
60000021 60000010
60000067 60000157
60000144 60000165
60000083 60000104
60000107 60000196
60000106 60000051
60000094 60000024
60000055 60000052
60000099 60000102
60000046 60000125
60000045 60000145
60000198 60000080
60000072 60000056
60000194 60000161
60000066 60000041
60000137 60000123
60000111 60000078
60000064 60000085
60000200 60000199
60000044 60000002
60000146 60000124
60000007 60000068
60000185 60000046
60000096 60000014
60000170 60000187
60000163 60000109
60000123 60000055
60000108 60000168
60000030 60000146
60000083 60000011
60000148 60000119
60000198 60000069
60000126 60000044
60000156 60000049
60000081 60000048
60000073 60000179
60000053 60000082
60000050 60000069
60000164 60000050
60000028 60000011
60000034 60000086
60000151 60000127
60000124 60000183
60000007 60000109
60000005 60000106
60000013 60000147
60000172 60000118
60000108 60000180
60000100 60000189
60000193 60000159
60000172 60000045
60000009 60000046
60000176 60000180
60000011 60000050
60000102 60000096
60000129 60000185
60000169 60000089
60000121 60000048
60000054 60000161
60000017 60000072
60000116 60000111
60000058 60000178
60000180 60000009
60000118 60000185
60000045 60000013
60000052 60000126
60000044 60000027
60000198 60000142
60000047 60000059
60000017 60000002
60000185 60000032
60000185 60000021
60000153 60000128
60000103 60000150
60000113 60000172
60000097 60000155
60000139 60000062
60000182 60000168
60000090 60000131
60000149 60000109
60000104 60000121
60000003 60000088
60000066 60000026
60000091 60000033
60000064 60000155
60000187 60000151
60000163 60000096
60000039 60000151
60000049 60000139
60000059 60000067
60000147 60000186
60000019 60000185
60000157 60000119
60000183 60000058
60000068 60000018
60000184 60000174
60000081 60000145
60000047 60000184
60000087 60000166
60000081 60000151
60000114 60000004
60000152 60000139
60000037 60000096
60000060 60000115
60000063 60000186
60000003 60000162
60000158 60000076
60000066 60000074
60000176 60000142
60000193 60000045
60000012 60000118
60000019 60000023
60000006 60000165
60000003 60000063
60000039 60000140
60000190 60000118
60000096 60000102
60000164 60000144
60000022 60000133
60000055 60000055
60000099 60000189
60000068 60000142
60000101 60000150
60000167 60000195
60000031 60000001
60000129 60000151
60000091 60000077
60000057 60000019
60000045 60000118
60000035 60000156
60000175 60000137
60000140 60000139
60000043 60000131
60000197 60000035
60000028 60000061
60000110 60000040
60000119 60000158
60000026 60000109
60000088 60000134
60000002 60000116
60000180 60000083
60000160 60000054
60000070 60000134
114 147
82 175
80 8
20 22
42 179
103 147
189 76
46 133
151 23
60 172
181 51
37 143
154 23
53 51
94 33
199 55
158 138
58 190
151 46
45 26
102 40
131 113
68 12
73 94
72 141
64 147
189 56
4 114
110 11
48 71
93 118
125 88
27 31
94 89
54 143
123 59
150 141
134 102
89 171
23 134
