# source: JorikJooken
# original path: jj_extract\knapsackProblemInstances-master\problemInstances\n_800_c_1000000_g_14_f_0.3_eps_0.001_s_300\test.in
# optimal value: 1027973
# format: n capacity, then weight value
800 1000000
501010 501165
501091 501197
501283 501149
501074 501164
501182 501112
501242 501041
501233 501150
501179 501267
501300 501088
501005 501088
501138 501201
501069 501072
501161 501240
501108 501204
501011 501135
501094 501191
501230 501159
501092 501225
501263 501267
501018 501162
501239 501191
501109 501121
501148 501032
501121 501119
501148 501149
501109 501079
501285 501031
501063 501164
501204 501194
501124 501171
501159 501042
501013 501138
501257 501118
501009 501068
501033 501273
501297 501133
501060 501044
501233 501173
501130 501134
501045 501163
501048 501030
501064 501060
501088 501132
251168 251124
251240 251158
251219 251185
251209 251202
251219 251021
251053 251050
251225 251101
251005 251068
251275 251114
251053 251140
251202 251066
251092 251081
251082 251144
251012 251142
251246 251290
251255 251046
251230 251224
251187 251229
251116 251060
251029 251156
251112 251091
251035 251278
251025 251110
251128 251261
251064 251068
251194 251281
251249 251050
251172 251151
251223 251217
251052 251219
251267 251021
251073 251124
251153 251012
251053 251035
251292 251023
251145 251224
251288 251195
251114 251193
251001 251064
251154 251069
251283 251253
251154 251214
251083 251011
126285 126064
126205 126111
126166 126069
126138 126124
126059 126144
126233 126064
126257 126280
126271 126189
126189 126108
126095 126229
126025 126074
126194 126299
126152 126202
126073 126033
126096 126204
126122 126059
126260 126076
126248 126259
126120 126241
126036 126089
126262 126129
126130 126285
126019 126213
126267 126081
126210 126183
126282 126080
126231 126127
126247 126170
126221 126204
126023 126234
126179 126227
126294 126192
126234 126048
126106 126001
126190 126183
126258 126267
126171 126022
126007 126087
126175 126241
126251 126034
126119 126069
126292 126289
126235 126054
63773 63719
63669 63670
63578 63753
63793 63747
63726 63752
63562 63614
63698 63504
63582 63638
63575 63606
63770 63662
63702 63778
63726 63537
63772 63694
63766 63724
63646 63521
63621 63706
63795 63636
63800 63535
63660 63676
63800 63532
63687 63770
63689 63698
63742 63674
63717 63726
63508 63522
63731 63746
63675 63665
63512 63701
63799 63555
63674 63525
63586 63617
63501 63645
63683 63549
63558 63748
63525 63756
63537 63547
63657 63796
63672 63640
63745 63662
63509 63517
63529 63767
63598 63549
63658 63584
32379 32376
32420 32317
32265 32266
32374 32529
32441 32406
32379 32548
32414 32325
32348 32381
32415 32360
32389 32303
32374 32536
32418 32315
32537 32364
32343 32467
32277 32253
32341 32541
32407 32518
32541 32408
32334 32434
32417 32544
32260 32399
32353 32311
32356 32337
32302 32256
32407 32548
32468 32523
32350 32514
32390 32504
32476 32351
32458 32323
32404 32350
32320 32481
32403 32345
32262 32530
32422 32508
32426 32397
32302 32500
32311 32496
32308 32413
32311 32279
32362 32268
32421 32483
32532 32546
16791 16840
16631 16661
16666 16920
16881 16877
16894 16871
16680 16763
16834 16773
16635 16629
16745 16906
16826 16785
16846 16780
16891 16701
16741 16720
16799 16770
16706 16916
16732 16681
16875 16806
16742 16912
16754 16783
16874 16832
16645 16645
16905 16749
16688 16835
16890 16801
16848 16872
16711 16816
16907 16685
16837 16774
16684 16755
16909 16646
16653 16923
16711 16809
16920 16706
16872 16906
16791 16638
16647 16860
16904 16669
16694 16672
16880 16754
16637 16781
16674 16893
16897 16650
16662 16680
8887 8830
9102 8966
9069 9089
9029 8816
9017 8867
8881 8876
8900 9074
8847 8944
8962 8920
8937 9009
8865 9064
8954 8985
8962 9025
8940 8960
8920 8841
8902 9086
9092 9085
8939 8951
9087 8997
8850 8880
9087 9028
9013 9063
9028 9048
8840 9089
8840 8850
9083 9075
8867 8925
8851 9105
9018 8916
9104 9102
9035 8934
9046 8990
9009 9081
9029 8941
8863 9101
9069 9008
8819 8876
8875 8865
9012 8883
9112 8936
8848 9022
9104 9099
9018 8834
5182 5178
4933 5097
5056 5122
5192 5077
5183 4910
4997 4930
5124 5009
5100 4996
5021 5037
5101 5142
5177 5165
4934 5006
5034 5047
5079 4956
5055 5186
5033 5042
4960 5053
5014 5081
4998 4933
4969 5099
4976 4963
5167 5199
5106 5199
4996 4938
5146 5185
5099 5184
5033 4938
5144 5105
5172 4922
5068 5001
5074 5204
5201 5206
5038 5185
5103 5181
4987 4956
5118 5126
5123 5186
5037 5113
5079 4966
5117 4986
4986 4993
5067 5140
5191 5144
3107 3248
3028 3070
3150 3204
3123 3125
2974 3230
3102 3247
3014 3064
3128 3152
3114 3089
3194 3133
3169 2993
3107 3112
3020 3019
3019 3234
2973 3031
3243 2977
3185 3111
3115 3140
3002 3011
3162 2979
3093 3066
3159 3062
3077 3059
3154 3084
3110 3050
3074 3209
3212 3183
2985 3131
2986 3078
3167 3001
2962 3039
3074 3244
3204 3185
3119 3159
3033 3117
3164 2973
3081 3174
3203 3253
3071 3219
3183 3174
3175 2973
3126 3136
3087 3024
2197 2195
2154 2029
2061 2202
2017 2039
2239 2003
2148 2007
2252 2146
2083 2179
2163 2257
2165 2272
2247 2187
1991 2091
2077 2144
2126 2147
2196 2179
1997 2097
2176 2259
2254 2013
2249 2251
2107 2266
2254 2043
2173 2140
2257 2076
2250 2231
2257 2167
2075 2044
2037 2094
2007 2235
2221 2203
2030 2083
2007 2165
2200 2144
2076 2162
1984 2159
2209 2048
2083 2046
2208 2201
2049 2053
2011 2243
2077 2170
2260 2107
2237 2095
2025 2087
1640 1538
1713 1633
1768 1761
1646 1554
1595 1721
1502 1733
1771 1739
1633 1613
1538 1620
1644 1603
1708 1554
1594 1564
1543 1764
1701 1617
1492 1626
1743 1642
1515 1560
1698 1760
1744 1778
1595 1592
1716 1518
1692 1691
1673 1648
1753 1547
1720 1656
1713 1712
1556 1752
1717 1504
1687 1785
1760 1550
1614 1514
1746 1521
1759 1754
1579 1512
1545 1503
1512 1731
1651 1730
1781 1671
1766 1765
1774 1519
1600 1555
1512 1726
1696 1754
1485 1437
1341 1437
1282 1270
1335 1314
1450 1272
1408 1349
1435 1450
1444 1472
1385 1472
1375 1462
1339 1325
1363 1498
1523 1375
1456 1251
1436 1465
1382 1504
1331 1360
1389 1333
1513 1276
1472 1384
1497 1429
1331 1482
1521 1459
1402 1266
1380 1540
1455 1305
1339 1346
1426 1458
1337 1487
1354 1434
1516 1323
1411 1245
1382 1351
1458 1382
1496 1487
1425 1291
1251 1353
1403 1511
1348 1356
1415 1494
1502 1421
1397 1324
1487 1459
1313 1124
1158 1381
1255 1296
1177 1278
1130 1174
1327 1353
1295 1400
1294 1332
1292 1168
1176 1287
1228 1225
1317 1413
1320 1400
1285 1128
1155 1237
1413 1340
1339 1199
1131 1205
1320 1351
1235 1138
1262 1322
1189 1389
1167 1290
1235 1373
1347 1269
1205 1163
1333 1234
1369 1173
1292 1422
1401 1144
1376 1284
1421 1327
1274 1349
1201 1124
1216 1153
1308 1296
1143 1164
1420 1264
1381 1128
1231 1205
1393 1195
1230 1418
1301 1235
241 206
234 188
244 255
125 224
64 20
96 201
27 176
146 146
14 80
217 195
227 250
288 267
191 128
256 129
149 283
242 88
190 268
145 20
55 119
67 197
284 213
47 36
244 258
53 129
243 113
109 208
173 286
89 215
184 230
164 69
198 77
254 34
167 143
175 247
151 22
158 102
226 271
159 209
172 247
267 149
1 266
165 282
68 107
29 174
202 37
200 296
108 256
288 73
272 69
230 228
238 182
141 295
12 98
156 103
79 237
197 57
62 206
235 164
122 12
70 153
73 228
192 137
215 230
213 17
281 258
99 159
224 58
246 161
185 140
169 233
145 98
139 78
212 73
59 81
174 237
78 295
279 89
8 267
33 89
300 64
74 220
154 149
221 56
93 108
110 126
23 278
42 222
70 197
94 56
253 58
235 291
185 209
119 169
166 111
270 222
267 152
212 168
188 27
38 126
194 259
3 221
19 98
103 281
282 278
120 139
40 115
222 108
16 1
272 7
298 66
120 182
243 208
293 160
43 244
84 3
230 40
221 235
26 247
47 132
265 132
194 89
141 58
110 100
56 19
204 112
236 159
116 119
287 15
202 295
17 150
288 109
78 195
237 221
26 254
79 260
279 168
180 218
184 137
100 17
131 174
219 68
283 198
155 98
89 43
78 188
272 193
110 267
100 217
135 155
125 47
273 116
152 76
213 211
132 34
70 172
170 23
14 252
221 51
26 10
80 239
226 146
217 121
259 152
94 121
98 119
175 127
156 61
116 47
40 109
197 37
202 116
248 159
278 57
261 11
287 232
89 115
78 73
233 187
148 258
216 85
36 227
51 102
16 1
35 1
23 26
250 143
23 168
119 204
56 1
7 133
287 176
274 266
94 55
288 71
282 189
42 64
24 7
19 258
282 104
256 67
142 100
236 5
56 112
176 286
207 4
29 187
40 2
194 227
100 33
243 242
8 197
41 82
213 239
254 51
247 115
198 79
29 69
261 103
146 152
266 24
259 180
204 104
46 183
22 292
287 47
63 67
99 100
9 297
242 81
67 153
140 120
148 195
153 95
300 83
56 111
51 211
43 18
254 82
80 134
288 260
114 217
