# source: JorikJooken
# original path: jj_extract\knapsackProblemInstances-master\problemInstances\n_800_c_100000000_g_14_f_0.3_eps_0.001_s_300\test.in
# optimal value: 100030677
# format: n capacity, then weight value
800 100000000
50100083 50100113
50100299 50100284
50100272 50100005
50100085 50100251
50100009 50100260
50100014 50100237
50100184 50100206
50100165 50100200
50100204 50100166
50100125 50100050
50100160 50100166
50100245 50100249
50100075 50100253
50100178 50100098
50100144 50100151
50100148 50100185
50100128 50100114
50100111 50100032
50100087 50100207
50100299 50100016
50100005 50100052
50100217 50100096
50100112 50100152
50100084 50100041
50100063 50100198
50100026 50100236
50100223 50100033
50100056 50100130
50100064 50100059
50100206 50100148
50100165 50100086
50100228 50100175
50100017 50100298
50100126 50100297
50100069 50100193
50100011 50100273
50100247 50100157
50100184 50100190
50100265 50100215
50100172 50100246
50100113 50100077
50100163 50100262
50100098 50100147
25100202 25100282
25100158 25100278
25100137 25100036
25100218 25100237
25100283 25100187
25100190 25100194
25100291 25100152
25100124 25100281
25100207 25100211
25100269 25100056
25100298 25100237
25100246 25100193
25100102 25100067
25100274 25100114
25100287 25100289
25100062 25100095
25100070 25100164
25100050 25100147
25100160 25100215
25100054 25100285
25100002 25100232
25100108 25100020
25100184 25100299
25100183 25100256
25100190 25100161
25100080 25100266
25100067 25100293
25100108 25100128
25100237 25100066
25100157 25100155
25100025 25100101
25100123 25100274
25100003 25100085
25100281 25100270
25100203 25100271
25100086 25100294
25100212 25100068
25100243 25100134
25100269 25100163
25100063 25100277
25100080 25100033
25100267 25100047
25100102 25100127
12600291 12600123
12600296 12600199
12600151 12600152
12600201 12600035
12600295 12600252
12600222 12600114
12600272 12600230
12600079 12600125
12600211 12600187
12600167 12600049
12600168 12600261
12600100 12600205
12600296 12600090
12600039 12600079
12600131 12600054
12600064 12600123
12600031 12600278
12600065 12600207
12600267 12600262
12600272 12600285
12600161 12600123
12600263 12600202
12600041 12600235
12600048 12600232
12600006 12600147
12600249 12600139
12600088 12600239
12600095 12600226
12600043 12600005
12600135 12600093
12600150 12600260
12600099 12600174
12600247 12600108
12600038 12600256
12600129 12600239
12600184 12600280
12600005 12600197
12600163 12600218
12600163 12600098
12600114 12600043
12600182 12600143
12600038 12600036
12600209 12600231
6350189 6350001
6350060 6350180
6350189 6350064
6350092 6350004
6350053 6350166
6350067 6350108
6350114 6350269
6350167 6350059
6350246 6350292
6350238 6350020
6350029 6350231
6350212 6350225
6350233 6350041
6350217 6350133
6350104 6350142
6350018 6350156
6350175 6350236
6350286 6350004
6350034 6350230
6350275 6350064
6350083 6350173
6350036 6350017
6350146 6350077
6350260 6350170
6350021 6350096
6350281 6350241
6350034 6350063
6350083 6350002
6350087 6350287
6350203 6350145
6350066 6350254
6350055 6350007
6350290 6350153
6350257 6350154
6350158 6350182
6350046 6350034
6350033 6350272
6350253 6350126
6350038 6350069
6350062 6350126
6350164 6350184
6350046 6350248
6350286 6350082
3225286 3225135
3225115 3225126
3225157 3225139
3225240 3225023
3225004 3225270
3225021 3225220
3225127 3225248
3225001 3225131
3225269 3225061
3225032 3225204
3225266 3225123
3225046 3225168
3225179 3225149
3225026 3225105
3225231 3225028
3225017 3225023
3225151 3225279
3225247 3225199
3225070 3225161
3225018 3225036
3225253 3225147
3225202 3225285
3225036 3225129
3225217 3225180
3225287 3225129
3225152 3225103
3225061 3225197
3225256 3225271
3225154 3225153
3225043 3225165
3225177 3225070
3225066 3225130
3225270 3225177
3225299 3225166
3225164 3225168
3225108 3225006
3225088 3225042
3225076 3225183
3225161 3225260
3225205 3225019
3225053 3225097
3225016 3225127
3225119 3225264
1662738 1662597
1662707 1662624
1662539 1662611
1662582 1662597
1662626 1662766
1662558 1662647
1662703 1662770
1662634 1662766
1662744 1662522
1662758 1662666
1662697 1662683
1662522 1662538
1662633 1662633
1662592 1662709
1662524 1662660
1662527 1662538
1662631 1662758
1662775 1662764
1662730 1662569
1662565 1662704
1662543 1662651
1662757 1662687
1662536 1662619
1662515 1662729
1662734 1662691
1662781 1662587
1662789 1662609
1662649 1662611
1662533 1662778
1662800 1662719
1662541 1662537
1662654 1662632
1662509 1662793
1662607 1662535
1662791 1662635
1662657 1662629
1662712 1662770
1662699 1662533
1662742 1662659
1662547 1662558
1662744 1662587
1662582 1662713
1662786 1662791
881543 881433
881366 881343
881326 881344
881545 881390
881375 881482
881269 881301
881455 881424
881401 881363
881547 881434
881411 881323
881454 881434
881461 881478
881434 881256
881289 881339
881302 881509
881537 881447
881401 881549
881253 881386
881270 881408
881495 881494
881544 881467
881339 881545
881424 881273
881488 881263
881297 881383
881497 881368
881540 881452
881367 881282
881426 881512
881520 881496
881353 881479
881405 881505
881326 881366
881369 881254
881387 881311
881496 881500
881378 881259
881352 881520
881465 881404
881307 881365
881292 881413
881316 881477
881497 881444
490795 490728
490690 490903
490735 490890
490802 490925
490680 490741
490685 490662
490762 490692
490883 490752
490733 490737
490731 490881
490790 490860
490735 490756
490696 490904
490746 490774
490813 490786
490724 490792
490804 490814
490893 490764
490838 490680
490846 490717
490826 490869
490905 490697
490693 490893
490667 490859
490746 490628
490853 490855
490825 490657
490781 490675
490668 490649
490763 490659
490757 490852
490633 490891
490918 490773
490869 490729
490778 490658
490905 490658
490844 490886
490771 490727
490699 490637
490791 490904
490674 490765
490821 490718
490686 490649
295395 295343
295564 295346
295559 295577
295369 295508
295331 295317
295465 295424
295454 295358
295326 295611
295313 295404
295505 295339
295609 295334
295346 295564
295600 295446
295393 295540
295527 295570
295506 295486
295480 295490
295328 295551
295360 295524
295490 295499
295593 295435
295357 295578
295589 295395
295516 295421
295368 295319
295351 295447
295365 295415
295575 295543
295401 295538
295526 295339
295538 295427
295498 295337
295592 295396
295574 295440
295386 295361
295320 295441
295407 295388
295438 295354
295354 295331
295547 295352
295414 295399
295368 295451
295549 295563
197808 197866
197945 197712
197712 197699
197666 197923
197690 197773
197849 197697
197950 197697
197664 197937
197882 197759
197740 197791
197800 197886
197676 197701
197950 197689
197821 197692
197665 197917
197720 197899
197874 197688
197734 197680
197835 197797
197750 197820
197873 197927
197859 197787
197822 197945
197711 197793
197748 197857
197796 197800
197951 197920
197777 197849
197846 197948
197954 197720
197947 197785
197688 197714
197817 197780
197881 197711
197928 197847
197659 197698
197919 197713
197777 197884
197912 197877
197872 197803
197671 197728
197786 197719
197708 197705
149029 149118
149111 149066
149025 148883
148932 149093
149120 148979
149049 148874
148868 149098
149025 148964
148860 149073
149080 148969
148898 149098
148954 149069
148893 148958
148881 149092
148925 148982
148861 148923
148991 148833
149033 148956
149022 149029
149033 148905
148902 148958
148919 148853
148997 148858
148956 149100
149076 148923
149033 148887
149122 148915
148854 149039
149076 148953
148877 148970
148888 149024
148975 149045
149114 149105
148942 149114
149040 148902
149065 149039
148953 148866
148850 148878
148925 148853
148992 149101
149067 149030
148940 148927
148852 148922
124661 124679
124692 124529
124477 124702
124688 124539
124526 124493
124446 124429
124522 124454
124433 124618
124708 124653
124640 124512
124461 124476
124617 124427
124641 124455
124444 124614
124678 124627
124476 124514
124548 124443
124479 124592
124645 124666
124636 124634
124510 124497
124529 124681
124683 124657
124703 124478
124653 124481
124480 124621
124660 124683
124464 124653
124544 124630
124538 124637
124652 124567
124629 124709
124625 124565
124526 124569
124527 124553
124710 124499
124632 124463
124481 124700
124539 124584
124539 124706
124440 124605
124500 124647
124548 124473
112246 112332
112212 112320
112357 112253
112469 112431
112302 112404
112291 112373
112444 112493
112324 112251
112464 112243
112424 112249
112257 112413
112418 112434
112427 112483
112281 112366
112451 112456
112311 112233
112254 112396
112435 112469
112413 112430
112313 112328
112325 112466
112238 112470
112251 112463
112489 112292
112486 112414
112466 112455
112238 112351
112458 112307
112285 112268
112438 112215
112379 112417
112306 112292
112460 112304
112416 112454
112236 112315
112493 112208
112337 112286
112356 112327
112289 112348
112288 112289
112255 112317
112300 112423
112361 112444
78 220
38 264
38 210
138 35
130 212
121 78
145 108
162 249
184 120
166 74
240 217
190 55
268 115
17 239
10 182
270 246
98 91
62 261
224 42
164 3
296 267
240 236
56 49
236 250
13 40
94 228
108 151
263 281
138 257
17 105
39 15
50 190
255 33
79 15
143 242
84 131
47 166
147 89
142 240
217 75
28 53
69 290
71 94
121 180
182 143
174 140
270 188
117 269
7 277
15 262
10 56
4 70
257 96
17 284
144 68
142 83
74 47
165 138
11 274
257 210
38 20
238 74
178 22
247 126
200 271
217 220
264 82
33 240
172 10
100 80
178 64
7 144
55 100
258 100
112 264
192 79
138 241
89 47
211 2
125 198
96 269
297 61
126 270
244 56
264 53
104 122
200 231
109 238
287 197
270 79
219 11
31 201
58 157
98 63
290 75
292 8
224 64
254 92
237 72
105 95
240 24
81 164
218 297
205 87
261 175
259 292
87 40
177 259
272 128
263 275
159 60
134 191
171 82
215 203
67 220
112 26
256 87
134 123
162 151
199 267
196 187
189 68
30 234
4 273
179 136
293 233
70 76
229 45
236 156
79 211
52 267
139 49
163 120
250 191
234 297
2 20
238 106
25 251
249 121
39 141
267 296
153 103
282 127
161 154
80 60
198 270
91 127
235 132
127 199
67 14
187 250
1 256
2 163
197 226
87 203
49 136
22 43
172 173
92 39
20 15
174 258
168 38
278 185
42 69
193 47
270 102
156 264
234 183
258 262
130 217
107 175
259 266
160 256
193 9
124 137
18 292
30 202
235 232
101 200
146 40
267 110
82 189
233 17
256 29
265 57
165 296
229 208
256 275
101 242
197 45
275 55
236 12
233 155
229 158
283 217
55 262
292 289
185 11
218 38
165 80
171 208
283 119
229 1
21 11
274 150
139 192
236 268
211 192
281 98
189 116
49 63
32 99
125 79
240 293
80 111
91 276
288 287
49 244
287 154
161 156
72 133
161 134
200 277
135 34
136 189
279 148
76 283
1 201
200 208
228 144
178 170
248 153
175 179
13 35
59 215
271 74
50 225
117 247
133 9
56 174
90 180
