# source: JorikJooken
# original path: jj_extract\knapsackProblemInstances-master\problemInstances\n_800_c_1000000_g_6_f_0.3_eps_0.01_s_200\test.in
# optimal value: 1011765
# format: n capacity, then weight value
800 1000000
510008 510199
510188 510183
510140 510173
510041 510082
510091 510146
510158 510106
510159 510068
510156 510077
510083 510122
510146 510070
510114 510135
510074 510147
510066 510065
510141 510070
510184 510198
510122 510115
510016 510009
510062 510094
510034 510199
510121 510010
510029 510162
510068 510161
510061 510184
510124 510174
510196 510199
510020 510137
510006 510119
510018 510137
510101 510007
510025 510171
510195 510179
510027 510134
510126 510182
510052 510036
510056 510021
510157 510094
510152 510042
510011 510180
510007 510010
510007 510042
510194 510093
510088 510019
510053 510180
510012 510182
510058 510096
510013 510171
510096 510051
510092 510073
510088 510086
510056 510188
510056 510070
510065 510094
510198 510017
510011 510010
510144 510106
510192 510037
510088 510035
510057 510068
510129 510064
510105 510141
510076 510122
510165 510189
510029 510031
510050 510148
510012 510125
510142 510113
510051 510001
510041 510075
510077 510192
510113 510101
510048 510037
510116 510114
510124 510188
510064 510093
510033 510160
510023 510166
510029 510115
510165 510072
510039 510196
510055 510134
510193 510026
510031 510043
510118 510114
510019 510042
510081 510131
510196 510055
510161 510129
510104 510181
510167 510058
510140 510002
510070 510016
510198 510149
510106 510034
510154 510062
510066 510044
510067 510040
510063 510037
510151 510055
510147 510061
510040 510096
510156 510174
510022 510162
510128 510158
510071 510065
510060 510021
510188 510139
510015 510005
510006 510174
510161 510185
510150 510180
510023 510117
510140 510145
260149 260136
260107 260119
260063 260012
260113 260085
260038 260065
260086 260147
260096 260101
260082 260061
260094 260189
260177 260091
260066 260063
260188 260152
260061 260195
260012 260024
260128 260175
260178 260002
260124 260119
260149 260197
260040 260144
260111 260197
260118 260120
260100 260071
260161 260026
260076 260199
260130 260019
260149 260107
260125 260091
260188 260047
260038 260087
260147 260005
260026 260072
260018 260058
260018 260179
260047 260068
260064 260169
260079 260041
260163 260053
260095 260077
260133 260179
260191 260162
260153 260012
260193 260029
260044 260121
260147 260114
260144 260192
260176 260131
260014 260025
260136 260115
260195 260166
260048 260115
260100 260085
260186 260076
260186 260042
260112 260142
260175 260041
260111 260132
260022 260186
260044 260199
260179 260128
260106 260183
260027 260018
260042 260184
260127 260050
260188 260023
260111 260074
260149 260078
260148 260104
260142 260181
260066 260108
260046 260039
260060 260119
260054 260089
260194 260017
260013 260018
260051 260027
260092 260135
260039 260127
260174 260031
260045 260169
260083 260101
260165 260140
260004 260141
260075 260006
260080 260152
260011 260059
260008 260048
260035 260026
260123 260013
260193 260120
260110 260023
260022 260011
260002 260046
260088 260168
260079 260058
260192 260006
260086 260048
260105 260153
260195 260153
260139 260054
260072 260109
260147 260147
260113 260104
260003 260195
260011 260025
260188 260035
260066 260119
260103 260169
260040 260077
260057 260100
260022 260020
260119 260080
260145 260157
135045 135184
135037 135137
135054 135145
135149 135099
135155 135163
135122 135134
135024 135020
135053 135159
135192 135127
135103 135190
135157 135036
135111 135181
135092 135138
135185 135127
135161 135063
135148 135180
135163 135091
135059 135048
135141 135083
135195 135137
135135 135003
135084 135093
135042 135070
135004 135023
135165 135064
135182 135144
135182 135058
135071 135187
135153 135043
135125 135020
135198 135100
135164 135107
135080 135074
135166 135128
135151 135001
135001 135114
135099 135066
135145 135078
135043 135104
135157 135076
135081 135184
135105 135114
135060 135194
135178 135058
135185 135129
135171 135020
135149 135115
135119 135180
135185 135032
135170 135037
135045 135006
135044 135086
135145 135164
135017 135158
135132 135144
135142 135030
135085 135020
135176 135180
135198 135119
135013 135174
135180 135023
135108 135043
135045 135068
135048 135182
135122 135095
135004 135159
135076 135090
135174 135166
135135 135194
135012 135008
135082 135070
135036 135174
135095 135062
135150 135037
135032 135050
135057 135199
135006 135113
135154 135161
135087 135172
135121 135040
135119 135005
135195 135111
135109 135038
135169 135173
135004 135116
135123 135156
135135 135076
135018 135023
135126 135108
135021 135158
135004 135023
135154 135184
135058 135134
135198 135196
135058 135030
135080 135149
135157 135140
135180 135158
135004 135088
135123 135009
135138 135053
135044 135133
135134 135044
135006 135095
135193 135041
135034 135146
135157 135090
135122 135062
135023 135048
135170 135185
135115 135200
135143 135034
72563 72554
72582 72582
72615 72610
72506 72626
72666 72565
72661 72640
72692 72526
72504 72662
72582 72502
72660 72680
72618 72566
72587 72523
72635 72637
72664 72636
72604 72625
72694 72675
72669 72664
72620 72518
72533 72513
72692 72672
72516 72576
72552 72563
72550 72677
72623 72584
72639 72683
72603 72646
72501 72692
72628 72695
72684 72626
72503 72584
72575 72667
72530 72501
72675 72514
72581 72527
72672 72657
72612 72605
72662 72585
72651 72639
72536 72504
72569 72645
72513 72559
72555 72509
72572 72511
72549 72561
72651 72685
72608 72663
72572 72554
72686 72549
72567 72546
72671 72521
72581 72575
72641 72640
72651 72502
72534 72580
72533 72537
72673 72546
72583 72623
72545 72661
72581 72623
72656 72600
72552 72655
72522 72672
72585 72558
72535 72509
72625 72549
72614 72626
72661 72678
72657 72602
72644 72557
72661 72528
72566 72602
72531 72517
72669 72554
72670 72626
72515 72696
72603 72510
72508 72529
72594 72579
72678 72572
72555 72588
72502 72578
72593 72596
72576 72599
72569 72650
72593 72691
72623 72543
72574 72698
72512 72549
72691 72513
72508 72671
72622 72540
72603 72695
72561 72682
72539 72598
72502 72517
72640 72631
72577 72593
72628 72537
72516 72625
72596 72625
72595 72502
72654 72689
72569 72586
72563 72535
72578 72537
72580 72517
72520 72543
72654 72579
72527 72682
72612 72554
72619 72601
72684 72536
41385 41297
41280 41285
41339 41383
41402 41450
41333 41284
41446 41350
41397 41331
41433 41306
41279 41435
41426 41447
41330 41393
41336 41432
41310 41309
41414 41274
41310 41424
41339 41444
41415 41411
41450 41424
41289 41271
41356 41371
41251 41403
41409 41350
41378 41277
41282 41270
41281 41267
41418 41295
41442 41384
41407 41437
41376 41289
41370 41422
41388 41345
41435 41398
41415 41292
41381 41304
41401 41264
41305 41320
41337 41437
41311 41430
41399 41278
41352 41302
41258 41366
41367 41393
41420 41403
41421 41286
41305 41322
41392 41317
41409 41431
41365 41267
41402 41363
41321 41262
41357 41322
41399 41354
41355 41270
41440 41430
41326 41332
41424 41368
41419 41263
41261 41403
41383 41361
41357 41301
41366 41294
41297 41375
41303 41348
41411 41269
41302 41368
41321 41438
41371 41268
41288 41436
41316 41394
41316 41422
41368 41376
41420 41364
41356 41257
41304 41323
41282 41278
41308 41317
41389 41300
41277 41295
41311 41408
41442 41401
41266 41409
41418 41352
41266 41437
41332 41412
41325 41352
41372 41257
41419 41410
41417 41290
41342 41383
41371 41410
41394 41411
41442 41372
41269 41338
41427 41272
41423 41324
41302 41283
41291 41378
41277 41268
41272 41365
41261 41444
41430 41406
41278 41385
41392 41295
41303 41406
41351 41379
41323 41297
41265 41446
41421 41397
41372 41323
41384 41323
41330 41284
41345 41255
68 110
156 106
74 122
151 148
60 130
108 139
112 157
32 157
47 140
161 192
72 39
24 192
82 103
82 126
36 32
25 154
31 8
104 24
155 167
195 151
88 112
133 8
175 2
183 104
37 89
190 117
70 139
103 102
72 97
12 188
23 112
23 59
2 163
178 44
94 12
13 146
125 115
144 176
115 33
44 125
6 97
132 113
169 136
181 53
114 117
104 26
73 180
23 10
182 75
54 112
141 67
70 60
151 194
34 14
133 70
190 40
127 186
102 101
200 156
56 86
187 157
13 198
159 109
168 17
187 134
16 173
116 38
190 154
148 146
136 58
33 40
28 187
108 3
60 171
131 152
39 156
164 56
83 8
179 198
26 91
71 51
194 194
79 5
24 163
55 44
111 24
180 72
137 146
193 99
53 142
127 26
83 192
161 169
173 186
44 43
186 187
116 128
181 117
31 140
186 37
13 2
18 199
188 97
26 164
85 181
93 197
86 120
131 84
167 35
150 118
161 198
135 131
184 84
134 138
91 142
68 51
25 170
38 130
112 144
110 46
164 40
103 28
172 194
41 191
157 55
126 138
195 99
32 166
182 134
130 157
125 81
129 117
144 106
62 159
127 96
73 136
87 118
39 30
34 140
62 125
192 31
199 67
151 100
100 150
39 128
183 145
61 90
11 197
187 3
199 44
186 10
50 145
83 82
71 159
17 152
43 72
137 156
194 161
54 146
112 143
128 2
22 12
76 31
199 75
7 184
148 189
166 107
57 165
165 25
4 138
165 161
177 13
164 137
29 198
182 71
117 25
194 89
92 134
33 168
160 89
52 134
198 65
131 37
103 168
19 120
61 100
73 22
5 21
103 128
4 99
177 105
94 50
109 45
97 139
188 57
127 145
70 49
9 33
173 126
46 174
19 155
42 162
119 32
189 117
78 165
166 187
155 73
12 125
61 128
115 125
98 167
28 110
21 47
166 175
156 74
13 112
79 165
5 59
82 14
36 67
153 176
161 159
199 166
187 164
25 45
131 119
83 24
125 194
153 52
12 176
150 30
35 15
120 46
92 147
154 37
167 86
54 29
147 94
71 200
145 90
