# source: JorikJooken
# original path: jj_extract\knapsackProblemInstances-master\problemInstances\n_600_c_10000000000_g_2_f_0.3_eps_0.1_s_200\test.in
# optimal value: 6000017987
# format: n capacity, then weight value
600 10000000000
6000000172 6000000021
6000000092 6000000146
6000000046 6000000080
6000000178 6000000035
6000000167 6000000164
6000000058 6000000101
6000000120 6000000154
6000000079 6000000061
6000000135 6000000166
6000000144 6000000154
6000000079 6000000153
6000000185 6000000042
6000000045 6000000010
6000000015 6000000047
6000000076 6000000070
6000000096 6000000109
6000000061 6000000086
6000000183 6000000149
6000000019 6000000031
6000000005 6000000062
6000000106 6000000005
6000000079 6000000142
6000000090 6000000124
6000000144 6000000077
6000000103 6000000089
6000000037 6000000032
6000000157 6000000019
6000000078 6000000199
6000000179 6000000121
6000000155 6000000138
6000000027 6000000182
6000000200 6000000093
6000000091 6000000019
6000000100 6000000165
6000000076 6000000026
6000000197 6000000126
6000000158 6000000167
6000000178 6000000090
6000000069 6000000007
6000000075 6000000069
6000000093 6000000133
6000000115 6000000188
6000000008 6000000120
6000000139 6000000193
6000000146 6000000197
6000000168 6000000192
6000000084 6000000098
6000000004 6000000053
6000000051 6000000106
6000000129 6000000152
6000000058 6000000109
6000000074 6000000126
6000000033 6000000073
6000000184 6000000091
6000000110 6000000141
6000000065 6000000130
6000000041 6000000174
6000000104 6000000123
6000000119 6000000157
6000000058 6000000009
6000000095 6000000085
6000000137 6000000151
6000000038 6000000118
6000000160 6000000184
6000000117 6000000187
6000000175 6000000140
6000000065 6000000103
6000000175 6000000105
6000000149 6000000143
6000000037 6000000034
6000000095 6000000048
6000000182 6000000075
6000000060 6000000104
6000000106 6000000040
6000000052 6000000118
6000000016 6000000036
6000000003 6000000191
6000000199 6000000089
6000000040 6000000052
6000000033 6000000091
6000000172 6000000010
6000000078 6000000166
6000000069 6000000189
6000000009 6000000104
6000000184 6000000182
6000000132 6000000065
6000000087 6000000100
6000000165 6000000171
6000000078 6000000067
6000000054 6000000150
6000000005 6000000090
6000000104 6000000027
6000000012 6000000057
6000000182 6000000052
6000000036 6000000165
6000000044 6000000138
6000000113 6000000171
6000000017 6000000044
6000000067 6000000115
6000000075 6000000055
6000000018 6000000078
6000000027 6000000014
6000000054 6000000018
6000000036 6000000095
6000000085 6000000032
6000000155 6000000064
6000000040 6000000016
6000000129 6000000135
6000000005 6000000163
6000000120 6000000145
6000000108 6000000189
6000000002 6000000112
6000000165 6000000102
6000000002 6000000104
6000000137 6000000001
6000000017 6000000100
6000000142 6000000038
6000000031 6000000048
6000000097 6000000125
6000000150 6000000082
6000000062 6000000096
6000000169 6000000052
6000000133 6000000179
6000000176 6000000094
6000000199 6000000074
6000000191 6000000162
6000000005 6000000191
6000000040 6000000101
6000000187 6000000107
6000000166 6000000010
6000000013 6000000048
6000000165 6000000041
6000000160 6000000025
6000000171 6000000025
6000000131 6000000031
6000000029 6000000090
6000000069 6000000168
6000000139 6000000021
6000000134 6000000176
6000000161 6000000177
6000000030 6000000117
6000000056 6000000178
6000000115 6000000158
6000000136 6000000023
6000000067 6000000143
6000000117 6000000063
6000000089 6000000186
6000000125 6000000055
6000000093 6000000111
6000000136 6000000010
6000000029 6000000096
6000000136 6000000029
6000000187 6000000077
6000000171 6000000036
6000000153 6000000197
6000000016 6000000011
6000000165 6000000143
6000000118 6000000098
6000000061 6000000031
6000000009 6000000132
6000000183 6000000080
6000000036 6000000136
6000000142 6000000154
6000000097 6000000074
6000000047 6000000146
6000000097 6000000071
6000000055 6000000160
6000000195 6000000178
6000000084 6000000076
6000000024 6000000032
6000000088 6000000154
6000000017 6000000103
6000000191 6000000007
6000000127 6000000104
6000000103 6000000150
6000000130 6000000086
6000000132 6000000024
6000000139 6000000131
6000000155 6000000076
6000000037 6000000003
6000000176 6000000035
6000000048 6000000146
6000000056 6000000196
6000000146 6000000188
6000000015 6000000193
6000000065 6000000018
6000000116 6000000126
6000000079 6000000159
6000000014 6000000073
6000000163 6000000014
6000000192 6000000169
6000000073 6000000014
6000000097 6000000015
6000000082 6000000142
6000000164 6000000128
6000000194 6000000197
6000000020 6000000097
6000000076 6000000052
6000000025 6000000006
6000000188 6000000183
6000000113 6000000094
6000000111 6000000023
6000000041 6000000071
6000000072 6000000148
6000000014 6000000160
6000000043 6000000095
6000000107 6000000189
6000000051 6000000141
6000000026 6000000070
6000000152 6000000161
6000000055 6000000041
6000000122 6000000110
6000000085 6000000142
6000000144 6000000171
6000000040 6000000182
6000000064 6000000169
6000000100 6000000070
6000000161 6000000075
6000000165 6000000113
6000000083 6000000116
6000000046 6000000068
6000000081 6000000099
6000000057 6000000111
6000000196 6000000110
6000000157 6000000186
6000000168 6000000118
6000000124 6000000067
6000000177 6000000075
6000000131 6000000105
6000000138 6000000064
6000000171 6000000062
6000000171 6000000144
6000000153 6000000018
6000000141 6000000161
6000000080 6000000200
6000000003 6000000173
6000000054 6000000096
6000000033 6000000193
6000000114 6000000036
6000000017 6000000161
6000000069 6000000153
6000000141 6000000077
6000000161 6000000116
6000000113 6000000122
6000000101 6000000025
6000000108 6000000145
6000000168 6000000186
6000000119 6000000019
6000000187 6000000042
6000000125 6000000053
6000000110 6000000118
6000000059 6000000146
6000000046 6000000144
6000000068 6000000085
6000000109 6000000085
6000000092 6000000066
6000000068 6000000151
6000000014 6000000124
6000000133 6000000145
6000000039 6000000149
6000000096 6000000137
6000000036 6000000108
6000000108 6000000051
6000000041 6000000100
6000000007 6000000121
6000000093 6000000055
6000000053 6000000070
6000000006 6000000076
6000000162 6000000040
6000000059 6000000036
6000000112 6000000180
6000000139 6000000109
6000000034 6000000153
6000000116 6000000105
6000000021 6000000004
6000000177 6000000019
6000000023 6000000114
6000000185 6000000048
6000000167 6000000084
6000000028 6000000026
6000000092 6000000098
6000000057 6000000175
6000000152 6000000093
6000000199 6000000054
6000000115 6000000062
6000000087 6000000086
6000000156 6000000005
6000000001 6000000058
6000000049 6000000073
6000000198 6000000082
6000000162 6000000072
6000000008 6000000124
6000000128 6000000034
6000000159 6000000063
6000000086 6000000156
6000000182 6000000037
6000000023 6000000154
6000000073 6000000086
6000000156 6000000003
6000000158 6000000176
6000000060 6000000069
6000000035 6000000179
6000000038 6000000092
6000000096 6000000104
6000000163 6000000147
6000000184 6000000109
6000000174 6000000111
6000000024 6000000195
6000000121 6000000122
6000000151 6000000052
6000000121 6000000043
6000000140 6000000145
6000000075 6000000112
6000000154 6000000030
6000000086 6000000123
6000000153 6000000094
6000000030 6000000184
6000000125 6000000134
6000000110 6000000143
6000000053 6000000162
6000000180 6000000195
6000000068 6000000106
6000000055 6000000090
6000000185 6000000178
6000000136 6000000197
6000000140 6000000192
6000000152 6000000160
6000000138 6000000009
6000000060 6000000095
6000000130 6000000034
6000000009 6000000154
6000000108 6000000071
6000000128 6000000130
6000000017 6000000134
6000000052 6000000196
6000000144 6000000112
6000000002 6000000075
6000000118 6000000147
6000000061 6000000019
6000000085 6000000150
6000000172 6000000134
6000000149 6000000065
6000000153 6000000179
6000000016 6000000147
6000000138 6000000017
6000000190 6000000019
6000000011 6000000122
6000000087 6000000012
6000000023 6000000067
6000000080 6000000021
6000000172 6000000163
6000000030 6000000045
6000000134 6000000177
6000000191 6000000067
6000000016 6000000115
6000000177 6000000195
6000000121 6000000122
6000000158 6000000036
6000000160 6000000117
6000000156 6000000078
6000000097 6000000181
6000000150 6000000004
6000000081 6000000025
6000000067 6000000012
6000000068 6000000088
6000000048 6000000043
6000000109 6000000004
6000000051 6000000091
6000000046 6000000002
6000000170 6000000077
6000000189 6000000031
6000000187 6000000117
6000000110 6000000159
6000000157 6000000028
6000000175 6000000178
6000000154 6000000179
6000000032 6000000128
6000000050 6000000068
6000000185 6000000088
6000000003 6000000200
6000000049 6000000040
6000000085 6000000121
6000000046 6000000107
6000000187 6000000084
6000000069 6000000009
6000000055 6000000065
6000000033 6000000101
6000000009 6000000088
6000000008 6000000058
6000000165 6000000184
6000000162 6000000045
6000000018 6000000049
6000000151 6000000198
6000000170 6000000057
6000000002 6000000130
6000000156 6000000154
6000000002 6000000035
6000000175 6000000055
6000000048 6000000065
6000000165 6000000193
6000000083 6000000078
6000000138 6000000168
6000000003 6000000046
6000000163 6000000160
6000000171 6000000142
6000000018 6000000196
6000000148 6000000091
6000000061 6000000048
6000000011 6000000193
6000000084 6000000042
6000000157 6000000129
6000000108 6000000025
6000000103 6000000097
6000000194 6000000064
6000000128 6000000023
6000000181 6000000168
6000000183 6000000020
6000000027 6000000113
6000000192 6000000019
6000000130 6000000125
132 174
84 92
185 103
21 78
3 188
154 150
82 198
60 51
50 19
18 44
112 80
122 89
63 170
143 176
159 58
190 78
69 47
140 9
140 37
158 137
88 153
135 128
25 100
69 102
182 174
140 194
115 161
55 96
46 65
192 79
59 86
9 81
75 143
160 117
185 66
37 77
61 29
187 120
166 117
78 175
85 33
200 188
11 131
89 88
122 76
71 149
88 112
28 196
91 125
192 147
69 153
189 139
62 183
13 12
38 62
155 85
89 133
181 86
168 63
10 40
10 160
114 178
123 98
114 80
105 58
188 23
47 131
148 176
60 141
12 159
80 79
95 189
192 173
131 33
96 89
34 32
93 167
15 22
69 93
156 62
186 137
57 197
159 72
127 16
53 40
22 116
80 99
115 157
91 11
153 124
187 179
95 54
150 167
23 187
75 168
65 144
156 37
143 93
157 151
185 36
181 74
178 91
62 98
154 69
63 177
93 119
194 44
56 59
38 59
185 78
164 79
198 6
149 133
156 123
200 133
150 111
63 29
135 30
150 48
152 190
153 65
103 92
142 94
86 91
118 76
183 88
179 185
154 85
177 186
143 21
123 2
93 83
12 13
18 31
78 60
73 128
43 174
181 125
180 166
90 138
50 85
16 26
191 73
84 22
37 70
17 75
69 192
126 69
133 146
128 76
58 142
186 21
40 108
145 21
31 37
54 103
62 131
77 55
44 72
189 195
187 111
121 100
104 29
14 74
123 13
39 50
67 75
103 150
197 63
33 180
101 81
86 15
43 45
164 37
171 125
182 36
148 148
5 194
116 3
30 116
