# source: JorikJooken
# original path: jj_extract\knapsackProblemInstances-master\problemInstances\n_600_c_10000000000_g_10_f_0.2_eps_0.01_s_300\test.in
# optimal value: 9999254455
# format: n capacity, then weight value
600 10000000000
5100000103 5100000187
5100000110 5100000008
5100000175 5100000118
5100000201 5100000012
5100000252 5100000285
5100000017 5100000178
5100000053 5100000280
5100000213 5100000210
5100000294 5100000185
5100000024 5100000207
5100000033 5100000085
5100000092 5100000179
5100000170 5100000282
5100000032 5100000133
5100000186 5100000211
5100000100 5100000023
5100000195 5100000101
5100000258 5100000247
5100000028 5100000300
5100000036 5100000232
5100000265 5100000049
5100000264 5100000098
5100000127 5100000269
5100000070 5100000197
5100000163 5100000296
5100000152 5100000062
5100000265 5100000011
5100000148 5100000160
5100000148 5100000029
5100000175 5100000160
5100000178 5100000246
5100000122 5100000143
5100000036 5100000010
5100000120 5100000075
5100000091 5100000127
5100000157 5100000206
5100000184 5100000100
5100000221 5100000047
5100000112 5100000009
5100000265 5100000038
5100000253 5100000065
5100000221 5100000262
5100000107 5100000170
5100000147 5100000028
5100000218 5100000282
5100000169 5100000290
5100000170 5100000108
5100000111 5100000251
5100000014 5100000240
5100000172 5100000267
5100000061 5100000271
5100000235 5100000025
5100000175 5100000038
2600000263 2600000178
2600000208 2600000100
2600000277 2600000077
2600000282 2600000169
2600000194 2600000071
2600000105 2600000051
2600000181 2600000249
2600000141 2600000148
2600000028 2600000276
2600000122 2600000055
2600000260 2600000082
2600000016 2600000287
2600000124 2600000182
2600000130 2600000219
2600000229 2600000110
2600000283 2600000007
2600000185 2600000107
2600000021 2600000071
2600000236 2600000010
2600000113 2600000142
2600000142 2600000141
2600000031 2600000188
2600000253 2600000019
2600000033 2600000039
2600000074 2600000152
2600000218 2600000265
2600000125 2600000180
2600000166 2600000107
2600000007 2600000235
2600000040 2600000111
2600000197 2600000190
2600000260 2600000117
2600000274 2600000200
2600000017 2600000010
2600000134 2600000266
2600000123 2600000093
2600000194 2600000290
2600000230 2600000164
2600000125 2600000203
2600000208 2600000114
2600000165 2600000032
2600000068 2600000227
2600000238 2600000102
2600000194 2600000100
2600000234 2600000173
2600000163 2600000183
2600000264 2600000291
2600000211 2600000008
2600000033 2600000268
2600000275 2600000299
2600000120 2600000087
2600000107 2600000159
2600000040 2600000252
1350000175 1350000082
1350000154 1350000225
1350000119 1350000012
1350000086 1350000270
1350000248 1350000024
1350000130 1350000199
1350000218 1350000283
1350000220 1350000066
1350000118 1350000223
1350000092 1350000044
1350000152 1350000208
1350000070 1350000062
1350000045 1350000260
1350000208 1350000160
1350000001 1350000041
1350000152 1350000284
1350000128 1350000029
1350000031 1350000077
1350000220 1350000186
1350000264 1350000160
1350000198 1350000294
1350000267 1350000156
1350000106 1350000163
1350000190 1350000262
1350000212 1350000098
1350000096 1350000264
1350000247 1350000165
1350000184 1350000237
1350000019 1350000237
1350000063 1350000059
1350000277 1350000234
1350000030 1350000057
1350000299 1350000153
1350000159 1350000008
1350000206 1350000114
1350000083 1350000164
1350000141 1350000168
1350000300 1350000097
1350000235 1350000231
1350000257 1350000057
1350000120 1350000171
1350000289 1350000036
1350000274 1350000084
1350000181 1350000013
1350000283 1350000224
1350000245 1350000214
1350000165 1350000116
1350000030 1350000162
1350000194 1350000243
1350000003 1350000064
1350000017 1350000069
1350000295 1350000086
1350000006 1350000179
725000127 725000005
725000038 725000090
725000071 725000172
725000025 725000012
725000083 725000060
725000225 725000084
725000217 725000278
725000181 725000091
725000149 725000116
725000132 725000282
725000118 725000290
725000268 725000186
725000048 725000193
725000236 725000269
725000056 725000235
725000211 725000001
725000149 725000198
725000110 725000040
725000225 725000209
725000225 725000109
725000195 725000133
725000018 725000299
725000087 725000078
725000141 725000297
725000110 725000265
725000219 725000036
725000219 725000009
725000107 725000192
725000061 725000273
725000029 725000139
725000042 725000218
725000193 725000176
725000144 725000129
725000164 725000239
725000061 725000085
725000159 725000270
725000249 725000230
725000149 725000181
725000191 725000112
725000267 725000177
725000008 725000049
725000048 725000246
725000103 725000026
725000163 725000175
725000290 725000189
725000212 725000075
725000172 725000129
725000010 725000254
725000188 725000162
725000046 725000085
725000016 725000179
725000264 725000081
725000030 725000300
412500106 412500063
412500219 412500112
412500219 412500035
412500237 412500259
412500237 412500007
412500102 412500115
412500153 412500176
412500239 412500118
412500275 412500013
412500129 412500214
412500299 412500043
412500225 412500177
412500124 412500027
412500171 412500224
412500124 412500235
412500112 412500272
412500294 412500060
412500048 412500206
412500091 412500111
412500282 412500232
412500007 412500035
412500075 412500164
412500216 412500042
412500246 412500197
412500200 412500043
412500029 412500142
412500099 412500179
412500116 412500138
412500236 412500243
412500089 412500276
412500193 412500137
412500191 412500066
412500006 412500025
412500274 412500273
412500203 412500157
412500271 412500287
412500023 412500152
412500190 412500057
412500275 412500100
412500288 412500221
412500223 412500233
412500122 412500243
412500253 412500074
412500170 412500131
412500027 412500092
412500240 412500098
412500037 412500226
412500034 412500291
412500030 412500020
412500010 412500280
412500003 412500273
412500032 412500161
412500114 412500094
256250062 256250265
256250143 256250186
256250119 256250086
256250097 256250233
256250213 256250029
256250051 256250297
256250017 256250031
256250201 256250272
256250194 256250041
256250205 256250265
256250013 256250165
256250012 256250063
256250141 256250138
256250128 256250057
256250130 256250284
256250013 256250071
256250260 256250030
256250107 256250047
256250093 256250278
256250043 256250032
256250177 256250076
256250279 256250079
256250020 256250290
256250101 256250020
256250185 256250029
256250139 256250010
256250129 256250025
256250015 256250210
256250213 256250089
256250231 256250158
256250018 256250225
256250229 256250294
256250283 256250215
256250141 256250040
256250243 256250071
256250077 256250159
256250065 256250087
256250292 256250264
256250019 256250095
256250030 256250006
256250285 256250100
256250136 256250010
256250100 256250146
256250217 256250137
256250150 256250011
256250211 256250248
256250213 256250215
256250169 256250186
256250031 256250054
256250299 256250212
256250268 256250084
256250144 256250058
256250077 256250271
178125295 178125055
178125153 178125196
178125130 178125288
178125194 178125154
178125189 178125240
178125206 178125174
178125193 178125131
178125264 178125128
178125089 178125017
178125297 178125159
178125202 178125056
178125031 178125037
178125111 178125291
178125245 178125133
178125169 178125106
178125251 178125232
178125242 178125030
178125072 178125237
178125111 178125228
178125143 178125293
178125087 178125196
178125228 178125083
178125274 178125033
178125262 178125234
178125049 178125056
178125140 178125120
178125230 178125254
178125170 178125056
178125024 178125103
178125124 178125150
178125143 178125087
178125132 178125234
178125297 178125272
178125108 178125184
178125016 178125261
178125083 178125084
178125149 178125255
178125183 178125300
178125175 178125027
178125231 178125127
178125296 178125159
178125236 178125070
178125150 178125282
178125035 178125193
178125147 178125088
178125087 178125124
178125259 178125277
178125211 178125075
178125260 178125167
178125135 178125019
178125098 178125014
178125193 178125130
178125127 178125099
139062744 139062695
139062738 139062573
139062698 139062584
139062600 139062784
139062593 139062758
139062566 139062771
139062662 139062776
139062505 139062767
139062693 139062557
139062759 139062648
139062746 139062654
139062750 139062708
139062775 139062509
139062681 139062758
139062665 139062523
139062707 139062719
139062695 139062786
139062599 139062559
139062576 139062726
139062662 139062599
139062789 139062685
139062673 139062684
139062646 139062788
139062638 139062558
139062655 139062762
139062705 139062610
139062630 139062547
139062731 139062650
139062695 139062680
139062768 139062625
139062621 139062716
139062644 139062769
139062558 139062621
139062758 139062723
139062640 139062677
139062723 139062756
139062696 139062742
139062709 139062600
139062692 139062527
139062678 139062660
139062627 139062752
139062583 139062557
139062571 139062525
139062705 139062790
139062548 139062620
139062666 139062649
139062712 139062642
139062703 139062607
139062604 139062537
139062671 139062579
139062623 139062729
139062741 139062745
139062754 139062692
119531522 119531550
119531485 119531520
119531476 119531398
119531384 119531393
119531334 119531332
119531440 119531282
119531370 119531319
119531354 119531409
119531529 119531452
119531289 119531456
119531334 119531516
119531369 119531310
119531291 119531498
119531406 119531373
119531484 119531254
119531370 119531435
119531424 119531405
119531520 119531434
119531435 119531545
119531521 119531482
119531278 119531342
119531270 119531415
119531283 119531331
119531496 119531522
119531267 119531261
119531383 119531287
119531413 119531380
119531260 119531529
119531502 119531397
119531311 119531304
119531297 119531301
119531281 119531292
119531436 119531541
119531296 119531303
119531426 119531452
119531404 119531492
119531360 119531519
119531340 119531383
119531510 119531263
119531420 119531530
119531430 119531330
119531507 119531289
119531510 119531394
119531533 119531268
119531499 119531462
119531434 119531462
119531535 119531304
119531398 119531296
119531458 119531415
119531290 119531324
119531514 119531345
119531299 119531359
119531427 119531454
185 197
46 46
24 43
133 234
133 179
163 1
197 296
287 39
46 108
249 200
254 21
191 45
51 138
247 290
120 249
118 245
113 91
263 147
284 23
7 222
257 204
59 48
129 48
162 180
27 27
291 148
24 86
273 295
51 80
43 83
168 62
177 44
225 152
237 231
11 189
219 273
209 47
216 206
140 284
255 130
107 74
125 107
209 170
64 184
55 45
198 165
279 251
112 101
64 170
213 229
250 220
32 246
34 223
300 96
17 276
166 281
57 160
78 211
15 28
63 176
152 68
288 200
288 164
24 129
255 63
277 137
26 184
143 167
86 194
217 178
86 194
43 125
142 85
163 227
161 293
37 18
33 204
201 4
138 280
57 91
214 232
278 138
252 83
233 269
169 244
82 38
3 237
109 249
83 230
287 109
86 278
226 289
170 200
255 121
231 164
7 285
126 165
57 268
84 53
156 175
31 96
147 106
202 181
273 74
178 243
121 281
197 277
136 113
256 296
1 14
89 189
36 190
26 283
178 111
176 251
252 213
241 280
265 203
106 271
97 149
12 298
91 229
243 69
