# source: JorikJooken
# original path: jj_extract\knapsackProblemInstances-master\problemInstances\n_400_c_1000000_g_10_f_0.3_eps_0_s_300\test.in
# optimal value: 1012341
# format: n capacity, then weight value
400 1000000
500061 500133
500264 500026
500113 500297
500127 500151
500084 500063
500204 500120
500281 500086
500091 500128
500018 500198
500238 500114
500034 500146
500238 500210
500203 500179
500286 500214
500115 500154
500243 500231
500207 500208
500158 500293
500167 500129
500235 500287
500060 500194
500281 500081
500104 500285
500075 500056
500241 500004
500207 500054
500050 500157
500190 500131
500243 500117
500042 500075
500172 500014
250205 250132
250129 250045
250245 250008
250270 250146
250109 250299
250010 250132
250296 250153
250138 250207
250227 250241
250016 250299
250194 250252
250147 250031
250163 250213
250150 250148
250197 250253
250013 250047
250244 250165
250143 250030
250232 250016
250038 250143
250163 250208
250237 250277
250171 250224
250081 250078
250161 250185
250245 250025
250282 250182
250243 250252
250035 250158
250177 250241
250154 250194
125156 125208
125274 125266
125240 125286
125057 125221
125092 125171
125003 125156
125022 125286
125175 125201
125007 125116
125155 125275
125048 125018
125164 125013
125010 125212
125010 125210
125072 125053
125296 125075
125154 125233
125100 125166
125033 125136
125064 125161
125081 125052
125074 125009
125292 125048
125198 125245
125204 125224
125170 125133
125080 125096
125289 125277
125165 125220
125111 125231
125109 125196
62629 62578
62546 62788
62625 62540
62718 62674
62515 62617
62589 62624
62560 62745
62665 62539
62556 62772
62778 62752
62597 62627
62561 62777
62564 62691
62761 62764
62656 62571
62555 62666
62553 62602
62532 62637
62656 62709
62708 62575
62721 62786
62608 62557
62742 62697
62591 62509
62514 62749
62782 62567
62703 62762
62728 62523
62690 62534
62764 62749
62738 62647
31550 31342
31457 31272
31532 31426
31296 31436
31391 31394
31470 31499
31339 31497
31376 31527
31402 31454
31535 31308
31508 31301
31332 31260
31535 31388
31402 31265
31404 31292
31462 31525
31269 31263
31369 31375
31324 31422
31300 31388
31327 31387
31406 31504
31427 31378
31534 31429
31464 31421
31318 31342
31512 31338
31349 31372
31255 31456
31430 31379
31475 31474
15697 15846
15727 15782
15720 15678
15887 15673
15776 15707
15790 15795
15708 15739
15755 15647
15643 15810
15907 15911
15665 15874
15880 15918
15706 15746
15782 15774
15654 15828
15915 15822
15761 15674
15810 15828
15907 15925
15888 15917
15841 15829
15841 15915
15772 15783
15627 15649
15800 15722
15740 15710
15665 15697
15828 15901
15773 15810
15897 15675
15842 15744
7986 7868
7871 7877
7887 7984
7906 8006
8039 8083
7938 8051
7898 8082
8105 8072
7874 7849
8091 8040
7864 7825
7898 7873
8008 8054
7963 7931
8102 8106
7963 7892
7947 7959
8110 7951
8078 7968
7865 8102
7869 7867
7858 8058
7822 8041
7943 8057
8028 7927
7872 7834
8053 8013
8078 7924
7870 7819
8066 7914
8063 7897
3957 4040
4039 3956
4197 4202
4149 4147
4111 3932
3978 3916
4124 3989
4197 4051
4129 3989
4002 4026
4155 4120
4190 4100
4104 3956
3968 3970
3926 3912
4056 3921
4200 4019
4017 4167
3913 4114
3993 4057
4043 3929
4120 4139
4031 3930
3996 4005
3983 4199
4112 4001
4145 4167
4116 4203
4033 4002
3987 4016
4082 4063
2051 1989
2136 2153
1998 2153
2248 2145
2026 2189
2222 2231
2113 2226
2211 2065
2239 2075
2242 2104
2050 2145
2187 2114
2027 1981
2206 2096
1995 2009
2103 1993
2001 1970
2021 2076
1999 1982
2122 2196
2253 1956
1967 2143
1954 2115
2095 2149
2162 2248
2126 2033
2139 2014
2116 1955
2239 2165
2109 1997
2032 2133
224 160
115 12
147 294
59 277
283 47
229 248
97 140
200 159
19 29
255 80
143 205
296 113
169 121
37 36
211 168
116 292
48 157
78 268
16 292
34 238
109 179
288 159
147 254
163 15
157 186
166 69
200 144
124 278
256 80
68 3
174 300
115 132
267 63
287 215
134 294
46 117
204 74
215 216
225 153
123 182
20 102
246 230
54 38
251 278
281 90
210 237
297 182
52 247
50 253
118 209
37 71
240 130
266 162
90 32
155 202
127 101
223 22
118 101
160 46
149 260
252 169
247 207
94 245
156 275
27 96
275 256
202 21
266 69
65 78
24 110
36 192
247 204
91 175
267 240
145 130
35 81
75 36
136 225
83 8
89 162
196 50
126 40
95 118
177 97
223 46
144 191
169 254
167 32
9 46
192 64
165 42
125 298
216 258
243 230
117 198
210 189
276 254
81 223
30 110
144 229
64 87
209 176
144 274
34 64
215 150
176 27
163 272
119 261
55 113
167 70
156 72
109 112
234 240
284 85
25 98
246 97
279 128
251 11
289 104
13 149
7 12
