# source: JorikJooken
# original path: jj_extract\knapsackProblemInstances-master\problemInstances\n_400_c_100000000_g_6_f_0.2_eps_0.001_s_200\test.in
# optimal value: 99987754
# format: n capacity, then weight value
400 100000000
50100175 50100163
50100131 50100139
50100075 50100196
50100055 50100112
50100109 50100148
50100199 50100130
50100070 50100074
50100136 50100034
50100003 50100020
50100144 50100136
50100113 50100099
50100141 50100059
50100013 50100069
50100102 50100154
50100018 50100192
50100135 50100144
50100065 50100066
50100096 50100191
50100129 50100089
50100019 50100076
50100181 50100194
50100059 50100187
50100069 50100027
50100173 50100138
50100199 50100104
50100061 50100133
50100014 50100172
50100097 50100070
50100112 50100104
50100142 50100030
50100065 50100043
50100160 50100121
50100045 50100009
50100062 50100051
50100024 50100006
50100118 50100087
50100105 50100166
50100135 50100111
50100177 50100133
50100057 50100085
50100200 50100183
50100116 50100143
50100010 50100077
50100156 50100112
50100100 50100156
50100118 50100139
50100087 50100047
50100079 50100035
50100098 50100080
50100057 50100189
50100095 50100065
50100185 50100071
50100124 50100139
50100070 50100180
50100159 50100073
50100002 50100164
50100143 50100184
50100180 50100037
50100010 50100007
50100185 50100085
50100018 50100019
50100033 50100094
50100020 50100035
50100109 50100157
25100136 25100132
25100025 25100072
25100180 25100051
25100138 25100018
25100074 25100121
25100163 25100096
25100152 25100028
25100107 25100073
25100094 25100106
25100109 25100143
25100121 25100011
25100068 25100155
25100128 25100077
25100088 25100070
25100155 25100183
25100190 25100164
25100085 25100115
25100096 25100013
25100130 25100046
25100069 25100062
25100016 25100032
25100094 25100040
25100110 25100054
25100146 25100179
25100117 25100111
25100086 25100157
25100187 25100198
25100182 25100098
25100009 25100159
25100020 25100109
25100102 25100050
25100025 25100008
25100116 25100165
25100062 25100083
25100071 25100150
25100148 25100151
25100169 25100028
25100048 25100183
25100157 25100095
25100096 25100012
25100022 25100055
25100188 25100178
25100122 25100161
25100096 25100158
25100022 25100183
25100047 25100021
25100073 25100174
25100132 25100021
25100005 25100034
25100137 25100169
25100196 25100058
25100174 25100184
25100128 25100170
25100016 25100151
25100035 25100053
25100173 25100084
25100023 25100120
25100072 25100113
25100131 25100106
25100045 25100054
25100179 25100061
25100113 25100050
25100159 25100080
25100082 25100180
12600011 12600107
12600076 12600132
12600124 12600035
12600100 12600079
12600082 12600027
12600083 12600104
12600041 12600102
12600075 12600161
12600166 12600140
12600118 12600174
12600184 12600072
12600068 12600121
12600137 12600058
12600074 12600124
12600126 12600110
12600162 12600029
12600039 12600173
12600187 12600092
12600103 12600009
12600150 12600113
12600109 12600194
12600089 12600091
12600187 12600026
12600023 12600130
12600172 12600193
12600094 12600172
12600048 12600021
12600166 12600073
12600004 12600121
12600101 12600008
12600078 12600170
12600176 12600042
12600141 12600070
12600066 12600098
12600190 12600152
12600104 12600139
12600170 12600112
12600040 12600187
12600169 12600013
12600169 12600015
12600014 12600044
12600145 12600183
12600113 12600136
12600186 12600139
12600193 12600178
12600011 12600091
12600113 12600121
12600160 12600109
12600111 12600188
12600179 12600112
12600044 12600055
12600015 12600061
12600057 12600043
12600044 12600111
12600055 12600056
12600015 12600108
12600027 12600176
12600045 12600075
12600196 12600097
12600163 12600193
12600169 12600017
12600038 12600110
12600180 12600155
12600077 12600059
6350156 6350186
6350124 6350108
6350001 6350198
6350159 6350132
6350118 6350074
6350069 6350028
6350199 6350150
6350168 6350199
6350183 6350194
6350176 6350192
6350032 6350120
6350025 6350014
6350055 6350035
6350037 6350177
6350076 6350067
6350156 6350120
6350182 6350198
6350161 6350085
6350089 6350198
6350121 6350139
6350087 6350103
6350103 6350013
6350129 6350022
6350086 6350056
6350177 6350004
6350165 6350038
6350054 6350172
6350167 6350068
6350061 6350016
6350154 6350193
6350068 6350113
6350001 6350046
6350149 6350062
6350170 6350172
6350095 6350195
6350048 6350173
6350167 6350138
6350038 6350157
6350053 6350029
6350100 6350011
6350110 6350095
6350115 6350022
6350014 6350164
6350058 6350059
6350002 6350055
6350078 6350165
6350003 6350182
6350121 6350079
6350017 6350081
6350163 6350046
6350034 6350020
6350012 6350064
6350030 6350046
6350159 6350169
6350131 6350199
6350122 6350110
6350110 6350091
6350061 6350083
6350049 6350157
6350002 6350082
6350191 6350150
6350046 6350191
6350056 6350060
6350106 6350113
3225179 3225188
3225135 3225043
3225174 3225191
3225058 3225162
3225063 3225172
3225131 3225046
3225070 3225038
3225113 3225180
3225062 3225111
3225075 3225196
3225113 3225124
3225105 3225166
3225115 3225125
3225052 3225060
3225080 3225154
3225112 3225058
3225134 3225098
3225090 3225098
3225165 3225118
3225174 3225053
3225116 3225151
3225075 3225020
3225096 3225130
3225022 3225033
3225172 3225103
3225176 3225100
3225124 3225082
3225037 3225059
3225003 3225124
3225085 3225157
3225089 3225183
3225091 3225188
3225084 3225072
3225096 3225197
3225144 3225029
3225091 3225051
3225044 3225056
3225103 3225119
3225182 3225118
3225124 3225053
3225119 3225139
3225151 3225199
3225004 3225178
3225037 3225185
3225186 3225168
3225121 3225076
3225027 3225106
3225148 3225193
3225178 3225070
3225044 3225157
3225084 3225151
3225001 3225180
3225041 3225121
3225135 3225019
3225083 3225185
3225164 3225196
3225117 3225156
3225154 3225146
3225125 3225045
3225026 3225066
3225080 3225031
3225145 3225066
3225003 3225155
3225051 3225136
49 80
28 11
118 159
112 169
191 6
26 63
115 130
75 83
163 46
137 56
1 166
92 54
131 181
25 4
120 130
98 120
122 168
125 99
196 132
34 56
99 41
133 87
26 61
65 103
83 160
72 110
28 22
52 189
182 105
93 4
111 137
151 176
99 50
155 15
186 48
141 181
37 197
77 48
101 38
148 92
125 25
10 30
193 136
184 2
31 190
136 172
5 59
134 89
86 21
199 57
104 164
129 174
23 133
14 192
81 7
55 10
198 124
198 153
183 108
79 11
111 66
113 85
193 56
180 38
35 155
189 12
100 38
31 97
23 51
134 157
44 163
135 155
117 93
53 164
36 114
149 189
24 139
92 41
28 23
151 96
