# source: JorikJooken
# original path: jj_extract\knapsackProblemInstances-master\problemInstances\n_400_c_1000000_g_10_f_0.3_eps_0.001_s_100\test.in
# optimal value: 1004769
# format: n capacity, then weight value
400 1000000
501052 501018
501087 501080
501042 501019
501088 501016
501059 501034
501059 501097
501085 501041
501015 501058
501024 501002
501097 501097
501011 501042
501099 501020
501013 501009
501093 501077
501045 501067
501042 501089
501023 501094
501008 501008
501014 501042
501085 501040
501036 501055
501021 501009
501068 501091
501039 501033
501005 501038
501069 501067
501024 501051
501014 501052
501033 501032
501026 501054
501064 501071
251073 251066
251037 251006
251020 251049
251018 251024
251090 251024
251023 251040
251016 251097
251029 251027
251023 251075
251063 251051
251070 251066
251031 251072
251035 251096
251035 251049
251013 251018
251075 251083
251032 251091
251040 251048
251058 251019
251035 251062
251016 251088
251047 251004
251057 251062
251047 251027
251049 251050
251073 251018
251045 251011
251057 251035
251015 251085
251062 251042
251011 251060
126036 126062
126096 126039
126072 126044
126053 126093
126091 126010
126098 126025
126063 126008
126023 126069
126093 126011
126047 126054
126061 126089
126024 126008
126021 126062
126055 126029
126023 126089
126085 126098
126022 126010
126060 126037
126100 126044
126073 126041
126031 126056
126074 126039
126050 126044
126034 126025
126068 126006
126083 126012
126016 126092
126072 126014
126044 126059
126079 126028
126077 126078
63534 63589
63529 63570
63522 63599
63595 63558
63543 63550
63552 63550
63519 63533
63508 63529
63526 63546
63593 63536
63540 63586
63600 63527
63518 63565
63590 63527
63592 63536
63588 63515
63549 63507
63546 63557
63508 63547
63536 63507
63509 63521
63552 63527
63534 63514
63586 63519
63517 63578
63574 63598
63505 63565
63555 63531
63587 63575
63564 63533
63508 63558
32321 32318
32298 32267
32276 32258
32255 32325
32280 32329
32286 32317
32344 32343
32344 32318
32324 32343
32335 32272
32273 32254
32301 32336
32274 32309
32344 32290
32268 32264
32264 32349
32282 32325
32275 32343
32297 32316
32324 32339
32309 32268
32305 32293
32333 32346
32253 32295
32323 32346
32297 32326
32285 32292
32271 32315
32306 32346
32281 32304
32327 32334
16639 16659
16670 16644
16631 16724
16636 16674
16678 16675
16708 16637
16686 16717
16669 16640
16702 16648
16642 16644
16685 16700
16718 16628
16649 16710
16720 16660
16701 16681
16721 16670
16701 16636
16645 16658
16685 16681
16631 16669
16703 16660
16715 16640
16701 16633
16700 16716
16656 16667
16699 16695
16655 16685
16628 16689
16644 16691
16656 16648
16688 16711
8886 8880
8835 8834
8876 8891
8893 8856
8833 8857
8816 8816
8815 8862
8864 8851
8880 8833
8862 8845
8844 8877
8838 8877
8906 8830
8835 8872
8829 8832
8835 8863
8889 8909
8819 8861
8825 8855
8886 8889
8820 8870
8912 8824
8886 8823
8850 8883
8833 8911
8909 8857
8905 8885
8844 8829
8882 8905
8911 8860
8860 8842
4959 4912
4996 4913
4979 4921
4922 4934
4989 4909
4937 5001
4934 4998
4972 5002
4981 4918
4962 4983
4983 4956
4931 4964
4987 4965
4956 4971
4947 4925
4976 4933
4932 4919
4937 4928
4982 4972
4956 4999
4938 5004
4986 4970
4936 4954
4975 4978
4960 4939
4918 4993
4973 4956
4956 4984
4929 4997
4974 4994
4991 4989
2997 3037
2958 2962
2997 3027
2988 2991
2964 2987
3016 2977
3048 3033
3022 3028
2955 3016
3017 3016
3038 2995
2994 3037
3052 2984
3030 3001
3050 2958
3042 3014
3000 2959
2969 2967
2979 2969
3019 3038
2999 2961
3034 3047
3023 2963
2954 2991
2994 3011
3039 2987
2959 3038
3000 2993
3043 3046
3049 3004
3049 3002
6 8
52 89
91 21
49 98
65 64
6 46
65 79
38 48
83 83
40 38
31 8
30 88
18 33
77 11
83 32
76 18
5 83
35 62
71 82
9 92
67 90
98 71
15 22
89 26
72 52
72 93
17 93
15 21
83 23
64 51
62 59
46 77
31 12
72 68
95 37
21 7
6 24
31 99
54 43
65 97
58 34
38 89
32 8
65 32
7 100
53 15
35 75
2 85
2 13
12 47
56 54
86 48
26 51
17 31
17 17
77 29
1 44
64 61
24 23
42 32
58 18
42 95
35 49
25 37
81 99
69 35
40 18
18 70
17 37
15 69
78 54
46 66
12 84
93 52
14 95
29 58
73 48
41 37
45 96
65 30
25 6
59 36
45 26
59 80
92 82
83 70
85 35
61 48
54 62
81 65
8 62
22 100
35 21
14 27
38 88
73 25
36 52
94 61
55 92
29 8
33 8
38 13
9 3
17 71
35 45
70 76
97 2
77 98
83 58
74 41
66 87
90 70
93 63
14 91
34 35
62 15
33 98
11 11
86 68
96 37
53 6
