# source: JorikJooken
# original path: jj_extract\knapsackProblemInstances-master\problemInstances\n_1000_c_1000000_g_6_f_0.1_eps_1e-05_s_100\test.in
# optimal value: 976398
# format: n capacity, then weight value
1000 1000000
500029 500032
500013 500100
500042 500093
500069 500069
500063 500086
500088 500030
500037 500073
500074 500057
500077 500064
500075 500020
500049 500105
500069 500022
500051 500035
500095 500089
500084 500085
500033 500059
500068 500051
500106 500023
500039 500022
500071 500070
500034 500093
500105 500087
500105 500079
500011 500032
500053 500099
500040 500061
500090 500098
500034 500064
500023 500050
500063 500042
500077 500019
500016 500037
500084 500031
500054 500031
500053 500054
500017 500097
500019 500014
500017 500107
500041 500021
500036 500087
500078 500032
500070 500106
500042 500088
500026 500011
500095 500032
500077 500088
500044 500101
500010 500032
500068 500023
500059 500053
500101 500046
500108 500022
500034 500042
500087 500056
500054 500083
500041 500099
500032 500015
500106 500081
500040 500048
500028 500077
500080 500073
500071 500091
500060 500036
500106 500056
500027 500040
500084 500022
500076 500105
500108 500048
500037 500058
500026 500098
500044 500011
500069 500090
500079 500028
500045 500022
500031 500085
500082 500061
500070 500041
500081 500079
500041 500071
500095 500069
500060 500064
500082 500061
500070 500053
500022 500011
500058 500037
500057 500084
500106 500010
500036 500049
500037 500013
500073 500042
500018 500010
500085 500016
500097 500064
500050 500067
500076 500078
500104 500101
500093 500098
500088 500021
500070 500092
500021 500010
500069 500053
500103 500066
500045 500104
500031 500084
500101 500089
500068 500039
500076 500022
500058 500030
500036 500056
500024 500074
500092 500059
500071 500074
500109 500099
500084 500064
500050 500087
500033 500072
500060 500083
500035 500103
500071 500051
500082 500016
500059 500095
500039 500070
500095 500060
500067 500084
500030 500013
500026 500078
500094 500096
500085 500079
500054 500033
500082 500025
500098 500060
500100 500106
500051 500034
500088 500081
500085 500054
500076 500027
500041 500029
500038 500109
500033 500054
500031 500065
500057 500049
500059 500034
500077 500020
500010 500102
500065 500050
500029 500071
500042 500105
500037 500057
500077 500099
500014 500082
500070 500078
500014 500056
500065 500087
500093 500042
500044 500077
500033 500049
500099 500080
500045 500016
500056 500082
500105 500064
500012 500014
500044 500045
500037 500075
500061 500016
500054 500072
500057 500103
500045 500057
500013 500107
500082 500029
500101 500107
500088 500037
500058 500024
500053 500059
500019 500017
500026 500066
500036 500060
500087 500018
500028 500049
500083 500020
500076 500011
250021 250074
250063 250019
250026 250033
250108 250103
250069 250092
250076 250054
250080 250013
250030 250047
250092 250090
250012 250098
250058 250101
250105 250084
250062 250077
250084 250084
250074 250081
250063 250069
250012 250110
250062 250109
250074 250059
250108 250016
250077 250047
250049 250029
250094 250098
250064 250061
250013 250026
250014 250048
250099 250058
250011 250080
250070 250110
250090 250069
250105 250047
250035 250059
250075 250037
250056 250091
250037 250087
250038 250061
250068 250105
250076 250088
250043 250076
250054 250066
250083 250024
250069 250076
250096 250070
250027 250066
250046 250076
250042 250110
250043 250108
250036 250061
250019 250090
250055 250082
250066 250025
250076 250022
250085 250062
250031 250035
250092 250090
250012 250022
250103 250068
250079 250079
250017 250080
250104 250021
250013 250097
250080 250032
250068 250085
250090 250056
250039 250026
250060 250076
250015 250015
250085 250083
250077 250109
250098 250033
250076 250096
250094 250087
250081 250070
250032 250103
250013 250073
250084 250101
250037 250064
250109 250052
250082 250051
250103 250089
250080 250028
250094 250056
250064 250013
250057 250067
250048 250063
250068 250055
250034 250101
250046 250040
250070 250089
250057 250030
250089 250105
250054 250044
250079 250036
250098 250069
250046 250076
250052 250091
250102 250104
250018 250074
250063 250107
250101 250108
250040 250038
250049 250091
250061 250106
250043 250094
250061 250073
250040 250015
250079 250092
250060 250046
250049 250055
250059 250025
250105 250045
250092 250074
250035 250102
250082 250093
250090 250068
250042 250071
250012 250043
250070 250048
250053 250020
250108 250013
250013 250036
250097 250046
250021 250022
250036 250054
250014 250054
250050 250074
250064 250067
250060 250049
250035 250088
250099 250059
250021 250097
250106 250011
250045 250068
250015 250027
250096 250067
250069 250077
250053 250036
250063 250088
250057 250031
250011 250068
250078 250080
250106 250073
250051 250022
250090 250082
250084 250060
250071 250078
250049 250067
250018 250052
250037 250095
250106 250057
250021 250040
250095 250068
250014 250110
250012 250028
250043 250096
250021 250045
250021 250073
250017 250056
250087 250101
250081 250101
250093 250071
250105 250064
250082 250097
250047 250040
250074 250065
250102 250070
250062 250072
250071 250106
250048 250051
250084 250079
250024 250103
250018 250073
250029 250091
250053 250101
250060 250055
250049 250018
250023 250018
250012 250017
250033 250075
250070 250029
125097 125100
125019 125078
125078 125103
125038 125064
125096 125108
125089 125025
125109 125048
125047 125071
125086 125068
125072 125018
125079 125044
125103 125093
125087 125071
125062 125058
125085 125061
125090 125049
125029 125073
125079 125021
125018 125022
125104 125095
125050 125014
125102 125072
125080 125072
125048 125060
125056 125033
125030 125068
125095 125038
125105 125099
125060 125052
125080 125039
125013 125106
125041 125053
125025 125046
125083 125073
125050 125066
125069 125090
125088 125092
125029 125078
125056 125096
125046 125109
125058 125048
125048 125040
125035 125068
125047 125085
125065 125041
125096 125102
125108 125021
125086 125099
125028 125095
125073 125042
125076 125065
125066 125100
125106 125063
125053 125092
125036 125108
125016 125066
125011 125016
125062 125030
125064 125053
125104 125098
125031 125075
125091 125047
125071 125022
125018 125086
125099 125064
125025 125062
125019 125101
125076 125061
125066 125011
125076 125058
125015 125056
125020 125079
125021 125099
125056 125055
125024 125078
125050 125030
125110 125090
125038 125067
125045 125102
125108 125027
125031 125046
125082 125049
125067 125074
125045 125105
125086 125018
125108 125089
125081 125110
125109 125061
125056 125015
125058 125063
125069 125012
125108 125106
125100 125019
125078 125031
125065 125104
125020 125088
125019 125098
125091 125025
125092 125065
125094 125051
125035 125097
125101 125019
125021 125032
125106 125067
125104 125027
125068 125085
125021 125023
125029 125088
125030 125075
125035 125103
125108 125104
125109 125037
125068 125026
125057 125066
125023 125101
125086 125017
125089 125086
125059 125109
125025 125043
125040 125049
125063 125048
125082 125049
125089 125024
125093 125018
125059 125022
125069 125017
125074 125086
125091 125071
125074 125078
125068 125076
125025 125052
125058 125042
125101 125057
125025 125089
125051 125089
125104 125026
125084 125072
125110 125076
125031 125099
125103 125102
125013 125019
125057 125092
125055 125014
125014 125093
125029 125091
125098 125068
125090 125056
125102 125090
125078 125035
125094 125053
125090 125103
125037 125084
125027 125041
125063 125103
125041 125042
125031 125108
125031 125071
125061 125081
125032 125054
125048 125061
125057 125090
125051 125086
125038 125057
125086 125084
125040 125014
125056 125071
125065 125081
125050 125059
125037 125083
125047 125019
125110 125088
125089 125090
125029 125101
125037 125026
125056 125068
125074 125105
125102 125042
125089 125032
125020 125094
125057 125076
62546 62581
62554 62552
62562 62579
62548 62522
62583 62533
62545 62585
62572 62530
62553 62595
62528 62569
62545 62518
62521 62597
62592 62512
62541 62597
62565 62605
62515 62580
62526 62559
62574 62556
62534 62524
62551 62548
62552 62568
62543 62564
62521 62543
62515 62514
62601 62525
62607 62584
62541 62518
62591 62557
62580 62599
62533 62518
62536 62565
62544 62531
62569 62583
62561 62568
62606 62548
62600 62563
62594 62565
62511 62562
62591 62570
62580 62570
62548 62546
62536 62526
62608 62521
62552 62526
62542 62586
62588 62581
62575 62586
62564 62545
62568 62607
62587 62521
62554 62588
62578 62603
62586 62534
62532 62531
62568 62577
62518 62565
62559 62518
62589 62604
62529 62589
62534 62531
62571 62541
62512 62542
62604 62570
62553 62605
62560 62565
62514 62580
62605 62555
62552 62567
62539 62600
62597 62595
62584 62552
62511 62518
62538 62539
62557 62548
62512 62594
62532 62562
62592 62542
62589 62557
62549 62577
62543 62590
62514 62590
62553 62596
62541 62561
62547 62554
62585 62520
62605 62545
62595 62565
62608 62551
62521 62529
62588 62556
62604 62604
62576 62534
62540 62605
62513 62516
62575 62528
62578 62516
62520 62555
62592 62540
62572 62552
62521 62551
62598 62564
62591 62521
62530 62592
62549 62570
62510 62531
62597 62598
62608 62601
62559 62519
62524 62516
62560 62574
62591 62530
62587 62542
62515 62567
62525 62587
62559 62530
62514 62561
62575 62541
62608 62512
62552 62584
62545 62537
62562 62511
62592 62570
62582 62558
62577 62533
62585 62569
62549 62551
62569 62603
62518 62556
62562 62565
62576 62569
62573 62587
62607 62565
62571 62580
62583 62577
62538 62568
62608 62547
62573 62577
62535 62510
62605 62564
62580 62537
62543 62561
62527 62600
62532 62557
62518 62550
62588 62557
62529 62541
62564 62540
62553 62526
62547 62565
62570 62516
62576 62550
62561 62596
62579 62581
62519 62574
62554 62587
62518 62538
62578 62574
62511 62554
62608 62597
62558 62595
62586 62586
62525 62570
62524 62533
62521 62549
62592 62550
62571 62558
62548 62560
62555 62572
62559 62510
62520 62594
62565 62532
62547 62550
62553 62583
62547 62558
62608 62551
62549 62597
62532 62511
62592 62545
62562 62583
62592 62521
62556 62560
31353 31299
31272 31279
31340 31272
31278 31285
31357 31326
31313 31299
31280 31322
31314 31352
31271 31346
31291 31355
31340 31324
31354 31318
31346 31288
31326 31261
31311 31261
31280 31274
31283 31272
31304 31272
31325 31279
31317 31262
31329 31357
31354 31337
31317 31270
31333 31359
31326 31308
31322 31305
31324 31315
31339 31293
31356 31322
31334 31298
31286 31348
31333 31339
31358 31305
31267 31335
31353 31329
31346 31279
31307 31286
31336 31329
31359 31283
31273 31263
31297 31279
31279 31313
31357 31337
31305 31345
31332 31335
31319 31298
31347 31329
31354 31272
31295 31328
31336 31292
31356 31356
31357 31326
31281 31312
31334 31306
31280 31287
31313 31348
31337 31280
31317 31340
31341 31360
31327 31278
31332 31343
31336 31334
31270 31342
31281 31270
31279 31336
31301 31341
31358 31272
31350 31358
31313 31308
31309 31265
31310 31352
31312 31281
31325 31336
31281 31356
31294 31348
31357 31308
31336 31347
31300 31290
31335 31331
31335 31341
31353 31338
31338 31285
31263 31270
31296 31318
31357 31343
31342 31325
31291 31307
31349 31299
31355 31304
31319 31355
31285 31340
31308 31305
31293 31325
31306 31307
31262 31324
31300 31303
31349 31284
31284 31344
31289 31347
31340 31309
31359 31272
31338 31314
31321 31317
31349 31298
31310 31335
31331 31307
31357 31341
31330 31329
31303 31300
31286 31327
31272 31354
31333 31355
31300 31328
31276 31315
31322 31286
31269 31354
31316 31273
31330 31299
31350 31280
31273 31267
31287 31359
31315 31282
31273 31318
31298 31297
31269 31297
31304 31350
31305 31323
31263 31279
31283 31349
31326 31290
31353 31270
31269 31263
31322 31277
31268 31281
31328 31319
31271 31322
31272 31349
31287 31312
31281 31316
31293 31276
31360 31331
31313 31298
31279 31292
31263 31342
31285 31270
31330 31302
31336 31279
31302 31312
31311 31331
31334 31272
31321 31335
31313 31330
31291 31315
31330 31356
31352 31303
31322 31306
31330 31310
31352 31273
31329 31351
31358 31282
31337 31284
31279 31296
31354 31285
31304 31309
31281 31310
31290 31332
31343 31325
31263 31312
31296 31284
31289 31360
31273 31275
31292 31308
31290 31292
31281 31312
31261 31265
31309 31329
31318 31277
31297 31331
31310 31301
31346 31301
65 99
67 93
42 19
89 57
88 50
99 100
64 1
23 86
14 65
33 92
95 33
37 89
90 52
29 25
49 88
22 7
42 72
72 33
89 22
46 18
33 1
75 87
20 1
66 89
12 45
13 43
45 80
37 51
25 95
8 43
27 3
98 14
32 87
81 19
25 38
5 40
9 9
31 43
79 22
2 52
4 51
93 29
66 32
62 87
9 69
13 26
80 16
50 71
81 47
97 1
85 54
64 7
42 39
5 74
51 39
22 48
68 33
67 16
68 95
8 22
97 45
83 47
44 86
79 16
22 55
96 16
70 52
46 17
59 47
60 9
1 12
85 100
59 1
98 55
23 64
48 62
60 91
45 11
12 47
72 9
2 23
54 61
6 5
83 29
7 37
3 16
75 50
50 9
51 88
17 2
100 74
58 43
28 95
43 76
22 31
69 1
72 16
69 31
55 55
62 97
