# source: JorikJooken
# original path: jj_extract\knapsackProblemInstances-master\problemInstances\n_800_c_100000000_g_10_f_0.3_eps_0.01_s_300\test.in
# optimal value: 100022050
# format: n capacity, then weight value
800 100000000
51000091 51000031
51000005 51000194
51000201 51000288
51000101 51000050
51000031 51000052
51000023 51000294
51000240 51000120
51000237 51000123
51000053 51000126
51000213 51000183
51000112 51000154
51000045 51000089
51000088 51000168
51000052 51000213
51000234 51000202
51000209 51000050
51000114 51000067
51000138 51000227
51000197 51000240
51000179 51000223
51000205 51000119
51000275 51000244
51000103 51000088
51000255 51000248
51000206 51000228
51000234 51000211
51000283 51000214
51000076 51000108
51000052 51000141
51000230 51000051
51000150 51000300
51000133 51000218
51000154 51000042
51000120 51000063
51000078 51000267
51000298 51000122
51000210 51000222
51000205 51000092
51000136 51000225
51000225 51000039
51000077 51000050
51000169 51000056
51000144 51000116
51000006 51000078
51000293 51000157
51000075 51000092
51000122 51000170
51000229 51000184
51000268 51000041
51000229 51000143
51000183 51000239
51000230 51000109
51000267 51000043
51000100 51000046
51000152 51000270
51000055 51000237
51000152 51000253
51000151 51000195
51000219 51000199
51000090 51000126
51000216 51000106
51000061 51000039
26000204 26000252
26000114 26000280
26000275 26000226
26000186 26000204
26000298 26000006
26000169 26000005
26000283 26000251
26000011 26000065
26000182 26000240
26000071 26000124
26000140 26000213
26000211 26000060
26000031 26000095
26000234 26000162
26000213 26000209
26000182 26000164
26000030 26000278
26000030 26000049
26000285 26000295
26000099 26000054
26000216 26000296
26000292 26000165
26000217 26000165
26000107 26000024
26000259 26000137
26000223 26000292
26000078 26000076
26000012 26000021
26000074 26000136
26000175 26000234
26000274 26000088
26000199 26000244
26000243 26000081
26000064 26000234
26000138 26000028
26000036 26000271
26000260 26000253
26000275 26000182
26000017 26000243
26000032 26000124
26000115 26000129
26000057 26000290
26000222 26000092
26000264 26000023
26000128 26000021
26000254 26000074
26000124 26000148
26000214 26000068
26000008 26000299
26000094 26000030
26000112 26000068
26000059 26000026
26000295 26000160
26000121 26000292
26000155 26000241
26000136 26000184
26000272 26000239
26000206 26000154
26000224 26000259
26000267 26000241
26000241 26000293
26000253 26000025
13500185 13500222
13500099 13500043
13500194 13500037
13500061 13500012
13500062 13500005
13500167 13500191
13500101 13500163
13500255 13500200
13500239 13500165
13500215 13500118
13500091 13500235
13500156 13500209
13500154 13500005
13500101 13500049
13500094 13500032
13500140 13500205
13500195 13500197
13500201 13500247
13500122 13500081
13500018 13500131
13500082 13500181
13500128 13500023
13500149 13500289
13500013 13500260
13500166 13500054
13500111 13500256
13500299 13500113
13500068 13500197
13500132 13500255
13500143 13500031
13500034 13500245
13500222 13500272
13500223 13500111
13500284 13500243
13500065 13500206
13500060 13500114
13500135 13500028
13500122 13500117
13500004 13500196
13500225 13500186
13500099 13500145
13500267 13500021
13500186 13500023
13500021 13500077
13500160 13500034
13500024 13500133
13500152 13500189
13500093 13500042
13500148 13500166
13500237 13500235
13500238 13500276
13500124 13500253
13500131 13500185
13500178 13500276
13500290 13500017
13500045 13500074
13500034 13500083
13500268 13500031
13500023 13500145
13500011 13500134
13500265 13500138
13500047 13500256
7250205 7250026
7250071 7250012
7250025 7250234
7250151 7250240
7250274 7250215
7250060 7250260
7250195 7250106
7250126 7250039
7250277 7250229
7250079 7250217
7250067 7250097
7250241 7250112
7250140 7250254
7250275 7250197
7250214 7250280
7250089 7250070
7250242 7250032
7250123 7250112
7250143 7250074
7250191 7250023
7250108 7250124
7250290 7250109
7250054 7250122
7250290 7250009
7250174 7250127
7250228 7250123
7250193 7250141
7250036 7250004
7250188 7250268
7250008 7250061
7250093 7250244
7250247 7250119
7250213 7250144
7250199 7250065
7250182 7250156
7250280 7250158
7250227 7250103
7250289 7250012
7250050 7250187
7250046 7250201
7250031 7250105
7250253 7250084
7250258 7250070
7250042 7250112
7250296 7250145
7250164 7250244
7250213 7250069
7250202 7250256
7250090 7250127
7250207 7250187
7250105 7250177
7250010 7250210
7250191 7250073
7250108 7250278
7250087 7250082
7250076 7250182
7250179 7250135
7250154 7250013
7250171 7250260
7250025 7250212
7250175 7250120
7250067 7250282
4125056 4125011
4125038 4125037
4125057 4125295
4125009 4125053
4125188 4125254
4125035 4125252
4125156 4125278
4125075 4125227
4125068 4125128
4125273 4125254
4125153 4125284
4125136 4125199
4125172 4125201
4125170 4125009
4125211 4125103
4125252 4125263
4125281 4125078
4125125 4125186
4125121 4125254
4125078 4125201
4125083 4125048
4125079 4125187
4125297 4125037
4125284 4125074
4125189 4125163
4125049 4125249
4125185 4125119
4125250 4125013
4125125 4125116
4125213 4125151
4125252 4125236
4125139 4125162
4125191 4125026
4125168 4125056
4125179 4125035
4125045 4125058
4125241 4125034
4125195 4125091
4125289 4125144
4125142 4125263
4125284 4125048
4125149 4125249
4125151 4125097
4125067 4125275
4125139 4125268
4125228 4125220
4125021 4125040
4125087 4125048
4125081 4125085
4125153 4125189
4125025 4125156
4125240 4125053
4125097 4125122
4125078 4125026
4125039 4125032
4125280 4125158
4125243 4125103
4125122 4125260
4125033 4125046
4125202 4125213
4125207 4125268
4125047 4125172
2562646 2562570
2562525 2562612
2562679 2562760
2562700 2562551
2562759 2562693
2562639 2562676
2562572 2562719
2562796 2562590
2562614 2562552
2562534 2562800
2562541 2562674
2562547 2562708
2562698 2562680
2562552 2562512
2562643 2562507
2562517 2562555
2562767 2562643
2562541 2562510
2562685 2562604
2562573 2562783
2562540 2562599
2562793 2562749
2562549 2562789
2562769 2562573
2562655 2562718
2562559 2562696
2562593 2562627
2562642 2562506
2562735 2562718
2562777 2562631
2562791 2562501
2562652 2562580
2562634 2562662
2562584 2562527
2562756 2562672
2562532 2562790
2562633 2562663
2562543 2562659
2562700 2562777
2562515 2562505
2562553 2562644
2562721 2562572
2562720 2562569
2562645 2562585
2562572 2562734
2562656 2562610
2562622 2562794
2562551 2562512
2562596 2562796
2562503 2562646
2562505 2562680
2562639 2562571
2562684 2562592
2562654 2562612
2562792 2562616
2562506 2562655
2562635 2562701
2562771 2562642
2562633 2562596
2562638 2562650
2562685 2562579
2562681 2562779
1781337 1781401
1781251 1781363
1781351 1781283
1781451 1781267
1781412 1781424
1781304 1781498
1781316 1781424
1781545 1781305
1781275 1781403
1781449 1781258
1781524 1781474
1781451 1781389
1781540 1781469
1781542 1781319
1781289 1781327
1781498 1781487
1781393 1781306
1781356 1781340
1781543 1781318
1781350 1781258
1781528 1781459
1781385 1781268
1781427 1781511
1781464 1781511
1781359 1781424
1781346 1781485
1781300 1781336
1781282 1781343
1781544 1781501
1781375 1781353
1781491 1781541
1781460 1781397
1781270 1781539
1781534 1781471
1781533 1781292
1781308 1781348
1781475 1781334
1781387 1781348
1781419 1781322
1781517 1781374
1781355 1781377
1781358 1781420
1781394 1781537
1781443 1781495
1781525 1781309
1781490 1781254
1781394 1781510
1781492 1781261
1781541 1781303
1781352 1781405
1781398 1781358
1781323 1781399
1781460 1781319
1781322 1781537
1781483 1781465
1781386 1781290
1781405 1781273
1781396 1781308
1781549 1781479
1781485 1781323
1781343 1781329
1781529 1781390
1390899 1390853
1390686 1390799
1390921 1390743
1390863 1390727
1390875 1390835
1390840 1390632
1390797 1390698
1390665 1390753
1390733 1390639
1390689 1390730
1390691 1390816
1390638 1390702
1390635 1390691
1390912 1390632
1390709 1390654
1390674 1390836
1390674 1390740
1390680 1390922
1390924 1390885
1390848 1390821
1390791 1390839
1390890 1390774
1390755 1390869
1390701 1390781
1390636 1390649
1390668 1390641
1390709 1390917
1390896 1390784
1390703 1390887
1390772 1390632
1390702 1390841
1390904 1390842
1390877 1390783
1390682 1390772
1390841 1390725
1390809 1390863
1390913 1390627
1390669 1390857
1390661 1390767
1390918 1390638
1390884 1390641
1390821 1390720
1390766 1390854
1390908 1390740
1390668 1390811
1390772 1390639
1390645 1390762
1390649 1390670
1390647 1390843
1390820 1390845
1390812 1390718
1390836 1390633
1390637 1390903
1390668 1390639
1390813 1390717
1390724 1390890
1390756 1390915
1390831 1390895
1390690 1390876
1390876 1390745
1390902 1390693
1390636 1390920
1195567 1195554
1195487 1195328
1195463 1195528
1195491 1195470
1195404 1195406
1195573 1195329
1195402 1195354
1195387 1195495
1195421 1195519
1195386 1195423
1195481 1195587
1195472 1195577
1195413 1195383
1195539 1195346
1195446 1195371
1195386 1195352
1195494 1195606
1195516 1195405
1195351 1195516
1195535 1195318
1195323 1195556
1195605 1195564
1195540 1195576
1195507 1195358
1195526 1195320
1195475 1195338
1195353 1195506
1195544 1195408
1195428 1195433
1195500 1195446
1195380 1195359
1195518 1195409
1195408 1195566
1195475 1195359
1195400 1195467
1195323 1195589
1195427 1195565
1195354 1195498
1195382 1195480
1195554 1195402
1195337 1195357
1195395 1195414
1195547 1195430
1195384 1195549
1195430 1195449
1195402 1195401
1195541 1195469
1195423 1195489
1195561 1195451
1195477 1195487
1195453 1195517
1195571 1195581
1195598 1195520
1195341 1195342
1195444 1195431
1195380 1195557
1195571 1195587
1195541 1195555
1195574 1195393
1195602 1195395
1195397 1195411
1195383 1195554
1 92
103 74
65 122
76 134
222 272
163 259
276 135
140 274
47 238
277 231
211 171
252 36
109 153
30 265
207 109
252 268
100 116
45 176
71 84
78 278
295 53
212 65
122 286
184 14
292 124
300 90
259 233
253 63
255 259
76 283
255 274
92 212
100 181
281 140
210 81
261 25
167 15
262 133
273 9
225 252
136 230
158 151
138 80
282 57
93 221
155 168
117 294
242 93
45 256
9 192
247 253
209 72
130 293
143 253
149 208
256 255
179 268
274 241
281 183
25 138
86 187
164 158
103 287
117 111
215 137
101 136
71 281
288 158
97 186
2 190
255 258
191 165
216 205
61 266
286 54
173 182
243 217
281 250
70 143
184 223
141 26
236 210
70 44
250 194
130 183
157 261
250 189
250 126
150 148
29 196
83 21
259 92
177 181
262 266
283 121
54 113
253 145
192 275
222 275
238 84
20 275
277 140
216 282
211 137
58 298
104 182
92 203
14 133
95 240
24 194
225 37
34 180
63 128
33 242
197 272
202 284
32 236
93 29
260 89
38 105
155 184
74 194
192 34
265 86
86 155
16 84
136 74
52 194
88 187
211 6
50 78
276 187
5 108
116 28
185 108
90 174
71 248
248 183
275 78
262 216
173 160
263 71
32 66
143 172
162 103
242 226
75 216
274 232
115 148
214 17
56 235
194 247
295 193
92 114
24 125
226 55
283 276
126 250
199 231
153 18
69 217
14 162
193 290
77 138
213 175
23 226
26 200
155 91
269 207
253 124
68 244
159 297
70 125
151 58
292 4
292 168
230 244
25 176
198 39
272 108
22 112
292 43
169 104
55 170
97 105
12 47
112 144
282 159
276 167
271 300
143 59
109 154
212 72
294 211
55 147
261 290
72 33
207 193
116 281
235 167
82 262
155 275
262 46
235 238
204 86
113 87
26 232
159 162
296 189
79 9
207 223
202 121
60 278
168 142
282 247
109 70
244 22
192 14
189 43
47 141
50 14
28 80
165 215
248 202
242 195
288 235
139 257
113 186
34 157
115 78
230 177
195 158
120 193
113 157
118 166
226 162
33 231
103 291
244 214
106 271
299 75
271 209
