# source: JorikJooken
# original path: jj_extract\knapsackProblemInstances-master\problemInstances\n_1000_c_10000000000_g_10_f_0.2_eps_0.01_s_300\test.in
# optimal value: 9999265960
# format: n capacity, then weight value
1000 10000000000
5100000072 5100000054
5100000239 5100000102
5100000049 5100000117
5100000248 5100000003
5100000018 5100000075
5100000137 5100000131
5100000217 5100000051
5100000011 5100000010
5100000213 5100000272
5100000153 5100000133
5100000020 5100000084
5100000258 5100000251
5100000036 5100000118
5100000230 5100000113
5100000021 5100000160
5100000127 5100000246
5100000175 5100000298
5100000144 5100000288
5100000235 5100000271
5100000271 5100000258
5100000103 5100000070
5100000294 5100000135
5100000065 5100000022
5100000155 5100000149
5100000023 5100000258
5100000011 5100000056
5100000104 5100000102
5100000133 5100000174
5100000239 5100000225
5100000131 5100000264
5100000001 5100000147
5100000015 5100000155
5100000075 5100000131
5100000225 5100000117
5100000100 5100000118
5100000161 5100000127
5100000106 5100000291
5100000226 5100000052
5100000072 5100000015
5100000183 5100000024
5100000126 5100000218
5100000293 5100000103
5100000003 5100000094
5100000025 5100000082
5100000041 5100000045
5100000106 5100000192
5100000202 5100000096
5100000141 5100000263
5100000048 5100000085
5100000164 5100000108
5100000181 5100000295
5100000039 5100000254
5100000263 5100000182
5100000108 5100000102
5100000256 5100000051
5100000203 5100000266
5100000283 5100000217
5100000272 5100000243
5100000164 5100000079
5100000194 5100000104
5100000010 5100000078
5100000066 5100000028
5100000026 5100000106
5100000042 5100000126
5100000229 5100000182
5100000273 5100000262
5100000190 5100000038
5100000290 5100000128
5100000042 5100000190
5100000004 5100000161
5100000077 5100000190
5100000011 5100000064
5100000166 5100000268
5100000274 5100000048
5100000268 5100000282
5100000215 5100000044
5100000271 5100000237
5100000014 5100000058
5100000156 5100000277
5100000291 5100000268
5100000068 5100000031
5100000047 5100000127
5100000054 5100000018
5100000238 5100000237
5100000160 5100000074
5100000027 5100000236
5100000077 5100000046
5100000053 5100000016
2600000284 2600000113
2600000009 2600000154
2600000242 2600000038
2600000022 2600000083
2600000280 2600000189
2600000109 2600000010
2600000129 2600000211
2600000171 2600000235
2600000063 2600000054
2600000029 2600000098
2600000226 2600000221
2600000065 2600000030
2600000230 2600000285
2600000207 2600000274
2600000237 2600000193
2600000196 2600000010
2600000082 2600000233
2600000096 2600000094
2600000067 2600000232
2600000005 2600000130
2600000156 2600000166
2600000089 2600000172
2600000079 2600000268
2600000173 2600000004
2600000222 2600000246
2600000002 2600000103
2600000244 2600000166
2600000234 2600000288
2600000205 2600000268
2600000197 2600000212
2600000170 2600000256
2600000067 2600000073
2600000024 2600000080
2600000165 2600000264
2600000144 2600000146
2600000104 2600000058
2600000021 2600000267
2600000269 2600000268
2600000243 2600000111
2600000281 2600000047
2600000050 2600000034
2600000227 2600000066
2600000148 2600000050
2600000121 2600000252
2600000272 2600000003
2600000123 2600000145
2600000035 2600000147
2600000060 2600000086
2600000268 2600000114
2600000294 2600000300
2600000211 2600000078
2600000005 2600000029
2600000105 2600000067
2600000208 2600000128
2600000233 2600000020
2600000240 2600000134
2600000293 2600000144
2600000091 2600000207
2600000282 2600000274
2600000024 2600000254
2600000174 2600000079
2600000234 2600000041
2600000013 2600000257
2600000081 2600000247
2600000163 2600000282
2600000168 2600000081
2600000030 2600000037
2600000101 2600000021
2600000069 2600000262
2600000179 2600000012
2600000033 2600000210
2600000267 2600000030
2600000168 2600000169
2600000096 2600000247
2600000054 2600000281
2600000113 2600000171
2600000013 2600000189
2600000059 2600000034
2600000217 2600000094
2600000103 2600000128
2600000221 2600000255
2600000047 2600000216
2600000229 2600000169
2600000263 2600000207
2600000052 2600000006
2600000286 2600000273
2600000019 2600000095
2600000205 2600000240
1350000055 1350000262
1350000246 1350000194
1350000191 1350000191
1350000224 1350000272
1350000004 1350000269
1350000181 1350000050
1350000156 1350000038
1350000006 1350000219
1350000214 1350000080
1350000041 1350000210
1350000284 1350000063
1350000082 1350000205
1350000055 1350000221
1350000227 1350000141
1350000006 1350000158
1350000222 1350000010
1350000019 1350000095
1350000239 1350000049
1350000014 1350000061
1350000253 1350000255
1350000216 1350000178
1350000051 1350000078
1350000127 1350000135
1350000088 1350000237
1350000282 1350000100
1350000253 1350000209
1350000092 1350000087
1350000290 1350000176
1350000198 1350000038
1350000252 1350000148
1350000157 1350000266
1350000150 1350000281
1350000003 1350000058
1350000162 1350000130
1350000032 1350000041
1350000128 1350000022
1350000145 1350000170
1350000135 1350000003
1350000239 1350000195
1350000280 1350000173
1350000142 1350000063
1350000029 1350000106
1350000091 1350000189
1350000184 1350000112
1350000091 1350000069
1350000201 1350000125
1350000299 1350000163
1350000163 1350000250
1350000186 1350000204
1350000256 1350000297
1350000006 1350000268
1350000041 1350000056
1350000204 1350000017
1350000041 1350000298
1350000289 1350000020
1350000144 1350000179
1350000288 1350000004
1350000291 1350000035
1350000158 1350000042
1350000230 1350000188
1350000095 1350000071
1350000294 1350000258
1350000225 1350000248
1350000230 1350000159
1350000237 1350000119
1350000180 1350000161
1350000150 1350000076
1350000266 1350000292
1350000295 1350000269
1350000153 1350000065
1350000282 1350000020
1350000129 1350000136
1350000112 1350000075
1350000202 1350000130
1350000199 1350000002
1350000269 1350000157
1350000214 1350000060
1350000101 1350000297
1350000261 1350000187
1350000068 1350000024
1350000269 1350000154
1350000113 1350000300
1350000254 1350000243
1350000211 1350000259
1350000120 1350000009
1350000092 1350000126
1350000200 1350000068
1350000028 1350000183
725000097 725000054
725000258 725000115
725000200 725000124
725000059 725000189
725000253 725000245
725000108 725000253
725000091 725000243
725000253 725000156
725000261 725000207
725000096 725000192
725000257 725000136
725000186 725000117
725000188 725000086
725000209 725000244
725000074 725000266
725000155 725000178
725000227 725000272
725000052 725000231
725000064 725000293
725000153 725000094
725000255 725000033
725000199 725000300
725000134 725000174
725000208 725000007
725000009 725000022
725000010 725000063
725000029 725000244
725000148 725000044
725000228 725000121
725000195 725000294
725000032 725000206
725000278 725000265
725000086 725000289
725000013 725000143
725000108 725000221
725000191 725000180
725000117 725000239
725000164 725000061
725000160 725000104
725000059 725000168
725000073 725000142
725000081 725000212
725000189 725000039
725000192 725000150
725000154 725000002
725000109 725000253
725000015 725000233
725000225 725000050
725000152 725000240
725000146 725000133
725000036 725000118
725000028 725000067
725000199 725000107
725000223 725000240
725000239 725000127
725000019 725000027
725000164 725000023
725000064 725000272
725000267 725000060
725000018 725000110
725000198 725000216
725000120 725000126
725000085 725000229
725000225 725000103
725000123 725000295
725000011 725000250
725000193 725000292
725000102 725000161
725000155 725000103
725000126 725000236
725000070 725000208
725000225 725000120
725000153 725000131
725000063 725000118
725000205 725000144
725000067 725000271
725000277 725000290
725000233 725000110
725000164 725000014
725000155 725000273
725000106 725000122
725000210 725000267
725000019 725000277
725000235 725000261
725000289 725000157
725000015 725000070
725000250 725000241
725000241 725000017
412500259 412500034
412500032 412500047
412500127 412500185
412500280 412500267
412500111 412500048
412500275 412500161
412500094 412500195
412500106 412500281
412500222 412500288
412500167 412500243
412500081 412500270
412500215 412500190
412500276 412500060
412500298 412500246
412500217 412500225
412500279 412500275
412500249 412500166
412500199 412500164
412500154 412500029
412500201 412500104
412500143 412500074
412500198 412500048
412500110 412500178
412500120 412500043
412500267 412500022
412500275 412500176
412500064 412500076
412500130 412500193
412500038 412500004
412500287 412500206
412500166 412500034
412500060 412500048
412500200 412500110
412500292 412500240
412500242 412500075
412500288 412500030
412500237 412500218
412500233 412500216
412500251 412500037
412500274 412500293
412500144 412500041
412500187 412500261
412500277 412500113
412500132 412500090
412500300 412500144
412500038 412500241
412500231 412500045
412500159 412500223
412500075 412500121
412500156 412500112
412500267 412500198
412500155 412500274
412500078 412500037
412500244 412500017
412500069 412500151
412500183 412500062
412500060 412500122
412500065 412500186
412500121 412500074
412500273 412500209
412500199 412500286
412500172 412500143
412500179 412500212
412500256 412500119
412500012 412500002
412500106 412500166
412500137 412500095
412500199 412500006
412500075 412500048
412500254 412500185
412500124 412500172
412500285 412500277
412500011 412500213
412500279 412500098
412500251 412500006
412500050 412500280
412500299 412500225
412500117 412500229
412500258 412500291
412500050 412500019
412500101 412500273
412500116 412500197
412500060 412500193
412500088 412500033
412500014 412500068
412500214 412500192
412500292 412500213
412500087 412500120
256250046 256250227
256250297 256250058
256250209 256250059
256250040 256250187
256250054 256250136
256250285 256250284
256250121 256250074
256250168 256250120
256250298 256250296
256250003 256250137
256250189 256250296
256250220 256250238
256250255 256250146
256250183 256250037
256250198 256250110
256250294 256250227
256250098 256250158
256250115 256250004
256250262 256250253
256250131 256250044
256250202 256250199
256250223 256250121
256250238 256250125
256250102 256250219
256250127 256250171
256250288 256250041
256250108 256250012
256250275 256250140
256250099 256250057
256250130 256250192
256250207 256250100
256250212 256250084
256250151 256250173
256250071 256250011
256250028 256250094
256250170 256250089
256250219 256250024
256250044 256250271
256250287 256250201
256250179 256250008
256250123 256250169
256250198 256250082
256250171 256250192
256250270 256250038
256250300 256250137
256250027 256250054
256250054 256250052
256250146 256250179
256250273 256250112
256250035 256250136
256250018 256250292
256250212 256250177
256250191 256250052
256250149 256250097
256250115 256250201
256250263 256250157
256250298 256250141
256250279 256250104
256250178 256250154
256250226 256250070
256250095 256250165
256250058 256250184
256250264 256250039
256250281 256250289
256250300 256250211
256250092 256250057
256250248 256250145
256250278 256250029
256250080 256250266
256250034 256250121
256250090 256250096
256250272 256250004
256250192 256250018
256250179 256250279
256250276 256250197
256250272 256250105
256250299 256250125
256250156 256250204
256250239 256250299
256250111 256250082
256250035 256250116
256250135 256250220
256250124 256250139
256250275 256250187
256250188 256250048
256250070 256250140
256250290 256250289
256250282 256250178
178125009 178125099
178125040 178125168
178125258 178125269
178125266 178125064
178125193 178125017
178125293 178125100
178125007 178125116
178125207 178125133
178125059 178125028
178125144 178125053
178125255 178125015
178125209 178125245
178125083 178125064
178125073 178125175
178125143 178125247
178125048 178125109
178125169 178125085
178125082 178125009
178125162 178125067
178125085 178125098
178125283 178125112
178125157 178125132
178125176 178125081
178125182 178125192
178125209 178125182
178125141 178125173
178125066 178125103
178125219 178125140
178125206 178125005
178125149 178125067
178125297 178125035
178125075 178125016
178125009 178125063
178125056 178125261
178125076 178125160
178125183 178125063
178125111 178125091
178125023 178125066
178125177 178125106
178125121 178125252
178125099 178125026
178125185 178125229
178125285 178125084
178125205 178125075
178125231 178125070
178125219 178125065
178125125 178125004
178125242 178125212
178125153 178125046
178125128 178125053
178125125 178125172
178125136 178125051
178125274 178125171
178125210 178125115
178125012 178125258
178125138 178125034
178125265 178125038
178125111 178125136
178125222 178125088
178125295 178125117
178125156 178125037
178125002 178125019
178125177 178125141
178125091 178125001
178125261 178125118
178125111 178125293
178125231 178125199
178125175 178125185
178125041 178125088
178125227 178125119
178125048 178125014
178125181 178125247
178125212 178125255
178125228 178125156
178125081 178125254
178125296 178125005
178125009 178125080
178125254 178125121
178125297 178125205
178125022 178125175
178125051 178125185
178125162 178125016
178125276 178125193
178125055 178125006
178125257 178125051
178125278 178125207
178125248 178125147
178125254 178125244
139062505 139062728
139062698 139062741
139062528 139062764
139062794 139062769
139062735 139062581
139062626 139062614
139062555 139062513
139062516 139062782
139062676 139062589
139062727 139062528
139062531 139062691
139062717 139062560
139062720 139062644
139062754 139062503
139062684 139062719
139062584 139062608
139062684 139062655
139062508 139062678
139062575 139062642
139062754 139062596
139062648 139062671
139062626 139062725
139062635 139062511
139062613 139062609
139062553 139062526
139062568 139062699
139062652 139062694
139062777 139062578
139062764 139062533
139062578 139062508
139062754 139062747
139062579 139062591
139062715 139062712
139062675 139062797
139062605 139062729
139062519 139062509
139062725 139062798
139062598 139062616
139062721 139062668
139062787 139062523
139062675 139062700
139062724 139062774
139062731 139062789
139062707 139062660
139062660 139062517
139062690 139062756
139062555 139062701
139062795 139062604
139062795 139062739
139062787 139062597
139062504 139062756
139062528 139062593
139062523 139062510
139062711 139062651
139062782 139062700
139062577 139062531
139062542 139062595
139062602 139062571
139062607 139062659
139062575 139062659
139062618 139062617
139062564 139062647
139062686 139062546
139062687 139062647
139062607 139062758
139062613 139062618
139062583 139062794
139062605 139062511
139062587 139062623
139062545 139062580
139062526 139062548
139062758 139062561
139062584 139062621
139062642 139062581
139062789 139062704
139062720 139062773
139062680 139062518
139062654 139062521
139062640 139062542
139062527 139062519
139062738 139062702
139062595 139062732
139062546 139062662
139062544 139062644
139062513 139062792
139062773 139062777
139062742 139062567
139062760 139062700
119531480 119531479
119531338 119531463
119531437 119531344
119531351 119531408
119531457 119531307
119531423 119531535
119531389 119531261
119531527 119531285
119531317 119531404
119531315 119531522
119531521 119531292
119531311 119531460
119531255 119531296
119531276 119531446
119531295 119531469
119531469 119531350
119531398 119531267
119531366 119531531
119531304 119531254
119531264 119531487
119531451 119531412
119531311 119531434
119531411 119531453
119531386 119531451
119531532 119531473
119531397 119531472
119531282 119531449
119531319 119531535
119531442 119531434
119531458 119531468
119531353 119531405
119531351 119531550
119531444 119531252
119531415 119531418
119531313 119531301
119531310 119531258
119531550 119531486
119531370 119531310
119531322 119531529
119531360 119531503
119531287 119531397
119531288 119531543
119531252 119531342
119531318 119531321
119531464 119531515
119531358 119531533
119531523 119531474
119531298 119531536
119531363 119531533
119531439 119531301
119531409 119531367
119531490 119531375
119531459 119531549
119531385 119531421
119531364 119531487
119531432 119531253
119531436 119531393
119531394 119531268
119531319 119531338
119531341 119531385
119531365 119531376
119531315 119531438
119531324 119531527
119531345 119531263
119531257 119531539
119531382 119531364
119531399 119531417
119531466 119531265
119531530 119531413
119531355 119531512
119531289 119531426
119531316 119531319
119531462 119531382
119531355 119531388
119531394 119531382
119531261 119531330
119531327 119531428
119531489 119531272
119531422 119531300
119531342 119531507
119531360 119531345
119531410 119531338
119531349 119531280
119531535 119531414
119531533 119531536
119531461 119531487
119531394 119531467
119531465 119531259
100 105
175 168
221 154
77 18
18 45
28 51
90 106
12 78
140 288
7 155
235 106
248 153
276 66
24 254
50 158
12 279
126 112
239 31
179 34
253 172
266 192
199 256
162 228
290 198
186 89
191 59
28 223
5 201
271 28
110 237
144 85
16 108
49 128
273 144
134 214
256 23
207 93
16 195
273 220
299 34
248 273
208 271
188 59
212 22
7 102
190 129
4 4
122 62
282 14
87 41
74 47
119 17
156 118
176 123
162 25
82 96
202 260
25 139
289 263
48 239
36 142
21 77
37 214
168 275
29 76
227 139
172 212
289 203
78 107
121 141
201 29
73 37
129 236
13 99
276 275
290 270
48 27
275 201
102 2
34 11
86 14
238 43
21 251
88 237
229 86
275 240
287 132
244 123
15 159
57 259
8 220
185 216
115 89
133 67
157 200
166 125
24 284
46 188
89 59
136 50
258 287
246 81
292 290
251 244
53 45
241 186
67 28
276 256
174 72
247 155
265 290
165 31
128 241
127 41
271 225
230 78
133 123
264 198
5 123
146 133
239 299
290 110
266 278
20 114
52 36
242 132
239 279
285 256
51 271
263 94
82 266
146 105
85 284
137 230
283 249
169 210
222 154
91 264
81 249
64 291
34 296
43 229
269 90
24 43
268 96
119 162
203 113
127 172
52 6
23 255
196 127
236 7
132 241
130 238
126 20
84 258
10 265
245 108
114 202
290 163
25 55
230 216
204 38
51 223
224 181
61 197
154 90
108 200
288 214
171 211
109 259
229 117
24 129
22 218
199 27
210 50
232 81
95 224
283 85
176 26
276 138
47 193
17 94
266 163
50 96
185 206
125 282
86 129
225 229
124 140
57 110
112 212
299 51
238 133
190 116
140 141
1 158
12 73
31 127
1 258
273 224
168 151
180 235
232 210
94 1
40 59
212 247
122 256
