# source: JorikJooken
# original path: jj_extract\knapsackProblemInstances-master\problemInstances\n_400_c_10000000000_g_14_f_0.1_eps_0.1_s_300\test.in
# optimal value: 9999765703
# format: n capacity, then weight value
400 10000000000
6000000058 6000000151
6000000244 6000000120
6000000200 6000000085
6000000162 6000000162
6000000201 6000000093
6000000046 6000000215
6000000215 6000000106
6000000200 6000000084
6000000055 6000000023
6000000037 6000000137
6000000010 6000000080
6000000186 6000000142
6000000291 6000000016
6000000070 6000000169
6000000055 6000000225
6000000180 6000000228
6000000280 6000000015
6000000233 6000000148
6000000147 6000000223
6000000087 6000000217
6000000215 6000000264
6000000127 6000000033
6000000080 6000000234
6000000148 6000000006
6000000205 6000000092
6000000019 6000000283
6000000069 6000000274
3500000284 3500000158
3500000140 3500000118
3500000240 3500000067
3500000283 3500000056
3500000154 3500000186
3500000108 3500000074
3500000087 3500000026
3500000188 3500000161
3500000095 3500000114
3500000086 3500000268
3500000159 3500000263
3500000049 3500000267
3500000051 3500000006
3500000211 3500000013
3500000160 3500000285
3500000113 3500000116
3500000245 3500000024
3500000152 3500000103
3500000170 3500000096
3500000294 3500000198
3500000239 3500000092
3500000060 3500000033
3500000247 3500000169
3500000022 3500000037
3500000219 3500000186
3500000056 3500000194
3500000052 3500000269
2250000013 2250000077
2250000096 2250000106
2250000121 2250000105
2250000283 2250000143
2250000084 2250000041
2250000069 2250000276
2250000097 2250000046
2250000131 2250000157
2250000218 2250000247
2250000188 2250000109
2250000214 2250000041
2250000118 2250000016
2250000114 2250000282
2250000067 2250000020
2250000129 2250000132
2250000101 2250000088
2250000098 2250000159
2250000050 2250000006
2250000123 2250000160
2250000230 2250000216
2250000266 2250000172
2250000022 2250000255
2250000246 2250000101
2250000180 2250000051
2250000209 2250000020
2250000051 2250000230
2250000054 2250000181
1625000038 1625000117
1625000032 1625000017
1625000063 1625000100
1625000181 1625000120
1625000018 1625000112
1625000234 1625000151
1625000096 1625000167
1625000122 1625000176
1625000160 1625000045
1625000088 1625000001
1625000084 1625000155
1625000072 1625000217
1625000166 1625000231
1625000102 1625000127
1625000110 1625000115
1625000007 1625000054
1625000134 1625000169
1625000030 1625000124
1625000118 1625000208
1625000248 1625000034
1625000060 1625000006
1625000011 1625000081
1625000073 1625000064
1625000016 1625000213
1625000051 1625000171
1625000223 1625000063
1625000231 1625000077
1312500288 1312500138
1312500143 1312500157
1312500215 1312500054
1312500159 1312500215
1312500056 1312500001
1312500243 1312500273
1312500056 1312500024
1312500161 1312500212
1312500044 1312500016
1312500109 1312500169
1312500221 1312500033
1312500031 1312500188
1312500123 1312500047
1312500211 1312500272
1312500241 1312500058
1312500281 1312500117
1312500080 1312500193
1312500218 1312500171
1312500260 1312500209
1312500247 1312500195
1312500013 1312500119
1312500147 1312500054
1312500169 1312500072
1312500272 1312500218
1312500054 1312500155
1312500106 1312500105
1312500261 1312500246
1156250096 1156250035
1156250165 1156250003
1156250135 1156250192
1156250154 1156250012
1156250006 1156250149
1156250080 1156250195
1156250174 1156250245
1156250280 1156250097
1156250258 1156250168
1156250276 1156250258
1156250015 1156250087
1156250255 1156250275
1156250264 1156250159
1156250075 1156250102
1156250053 1156250061
1156250064 1156250079
1156250014 1156250215
1156250135 1156250045
1156250025 1156250148
1156250086 1156250231
1156250255 1156250120
1156250152 1156250174
1156250289 1156250098
1156250130 1156250055
1156250210 1156250093
1156250190 1156250103
1156250010 1156250269
1078125261 1078125230
1078125189 1078125233
1078125266 1078125095
1078125027 1078125024
1078125239 1078125229
1078125127 1078125201
1078125076 1078125160
1078125106 1078125168
1078125277 1078125224
1078125281 1078125105
1078125076 1078125246
1078125130 1078125138
1078125131 1078125016
1078125151 1078125182
1078125263 1078125204
1078125037 1078125288
1078125082 1078125186
1078125236 1078125100
1078125154 1078125180
1078125071 1078125240
1078125210 1078125190
1078125207 1078125006
1078125082 1078125109
1078125001 1078125170
1078125275 1078125225
1078125152 1078125090
1078125195 1078125002
1039062637 1039062643
1039062545 1039062593
1039062738 1039062720
1039062692 1039062771
1039062684 1039062766
1039062523 1039062772
1039062739 1039062723
1039062634 1039062797
1039062555 1039062601
1039062607 1039062779
1039062653 1039062734
1039062527 1039062716
1039062753 1039062695
1039062713 1039062764
1039062714 1039062779
1039062593 1039062601
1039062611 1039062774
1039062522 1039062628
1039062701 1039062755
1039062654 1039062625
1039062682 1039062559
1039062513 1039062797
1039062574 1039062634
1039062691 1039062727
1039062794 1039062754
1039062619 1039062648
1039062667 1039062778
1019531373 1019531478
1019531441 1019531336
1019531261 1019531380
1019531479 1019531391
1019531316 1019531385
1019531275 1019531381
1019531253 1019531322
1019531346 1019531375
1019531325 1019531421
1019531493 1019531483
1019531278 1019531317
1019531354 1019531437
1019531463 1019531306
1019531545 1019531535
1019531304 1019531256
1019531325 1019531267
1019531278 1019531465
1019531450 1019531535
1019531485 1019531447
1019531323 1019531419
1019531266 1019531516
1019531400 1019531417
1019531280 1019531538
1019531278 1019531483
1019531469 1019531529
1019531426 1019531503
1019531416 1019531547
1009765822 1009765641
1009765670 1009765686
1009765684 1009765800
1009765709 1009765718
1009765828 1009765842
1009765881 1009765738
1009765753 1009765721
1009765779 1009765809
1009765726 1009765918
1009765921 1009765651
1009765705 1009765767
1009765713 1009765850
1009765746 1009765652
1009765742 1009765780
1009765875 1009765753
1009765726 1009765841
1009765830 1009765647
1009765820 1009765629
1009765683 1009765876
1009765717 1009765710
1009765657 1009765683
1009765642 1009765784
1009765836 1009765674
1009765656 1009765924
1009765847 1009765913
1009765856 1009765793
1009765648 1009765702
1004883094 1004883045
1004882911 1004882851
1004882972 1004882873
1004883007 1004882980
1004883074 1004883086
1004882853 1004882862
1004883044 1004883040
1004883099 1004882857
1004882992 1004883060
1004883038 1004882940
1004882860 1004882915
1004882923 1004883033
1004883032 1004882980
1004882910 1004882957
1004882865 1004883074
1004883001 1004882988
1004882994 1004883087
1004882816 1004883032
1004882851 1004882908
1004883086 1004883000
1004882953 1004882980
1004882870 1004882828
1004883093 1004882909
1004883028 1004882935
1004883102 1004883090
1004882818 1004883076
1004882996 1004883001
1002441442 1002441507
1002441600 1002441577
1002441450 1002441555
1002441494 1002441466
1002441483 1002441508
1002441695 1002441487
1002441494 1002441604
1002441486 1002441408
1002441618 1002441475
1002441635 1002441633
1002441412 1002441445
1002441681 1002441493
1002441591 1002441457
1002441593 1002441650
1002441553 1002441561
1002441520 1002441682
1002441469 1002441476
1002441516 1002441437
1002441525 1002441411
1002441440 1002441698
1002441467 1002441600
1002441564 1002441595
1002441531 1002441409
1002441575 1002441652
1002441519 1002441436
1002441419 1002441518
1002441504 1002441641
1001220773 1001220835
1001220823 1001220719
1001220760 1001220982
1001220748 1001220736
1001220981 1001220878
1001220823 1001220940
1001220889 1001220820
1001220869 1001220736
1001220815 1001220857
1001220715 1001220720
1001220797 1001220739
1001221002 1001220843
1001220922 1001220975
1001220924 1001220986
1001220717 1001220921
1001220973 1001220788
1001220782 1001220862
1001220998 1001220754
1001220718 1001220742
1001220782 1001220757
1001220830 1001220958
1001220795 1001220745
1001220774 1001220882
1001220885 1001220935
1001220999 1001220848
1001220756 1001220976
1001220752 1001220949
222 95
20 124
270 159
261 116
52 116
171 261
254 161
40 20
105 21
203 26
206 295
24 125
228 183
193 203
76 232
211 271
297 251
2 295
241 296
12 8
246 83
209 8
25 293
179 29
183 183
9 77
287 91
150 22
210 52
169 224
275 199
7 186
155 45
172 202
128 72
205 261
136 239
261 171
212 204
62 123
108 129
141 90
98 300
68 113
185 151
122 110
258 52
248 97
258 227
