# source: JorikJooken
# original path: jj_extract\knapsackProblemInstances-master\problemInstances\n_1000_c_100000000_g_2_f_0.2_eps_1e-05_s_300\test.in
# optimal value: 50030545
# format: n capacity, then weight value
1000 100000000
50001120 50001048
50001047 50001092
50001055 50001102
50001247 50001282
50001194 50001274
50001280 50001210
50001252 50001200
50001163 50001251
50001111 50001250
50001284 50001056
50001210 50001028
50001249 50001152
50001009 50001099
50001226 50001238
50001204 50001162
50001254 50001258
50001106 50001183
50001109 50001242
50001070 50001073
50001054 50001036
50001177 50001152
50001132 50001058
50001059 50001012
50001255 50001017
50001244 50001030
50001167 50001094
50001159 50001136
50001040 50001015
50001041 50001087
50001193 50001020
50001278 50001296
50001117 50001204
50001286 50001204
50001227 50001134
50001287 50001107
50001056 50001102
50001220 50001076
50001170 50001100
50001094 50001212
50001058 50001236
50001238 50001023
50001249 50001293
50001245 50001284
50001175 50001106
50001181 50001128
50001265 50001128
50001271 50001149
50001221 50001168
50001240 50001080
50001180 50001064
50001281 50001129
50001146 50001061
50001004 50001096
50001035 50001090
50001012 50001248
50001064 50001131
50001119 50001055
50001144 50001254
50001225 50001156
50001240 50001273
50001044 50001109
50001049 50001288
50001080 50001281
50001181 50001129
50001250 50001281
50001051 50001027
50001047 50001204
50001270 50001179
50001192 50001250
50001003 50001085
50001186 50001169
50001027 50001293
50001205 50001142
50001209 50001033
50001143 50001266
50001007 50001149
50001218 50001227
50001099 50001252
50001051 50001166
50001227 50001050
50001091 50001050
50001195 50001263
50001152 50001020
50001047 50001186
50001272 50001156
50001134 50001297
50001014 50001244
50001244 50001045
50001126 50001074
50001061 50001189
50001069 50001105
50001210 50001266
50001046 50001006
50001164 50001153
50001047 50001109
50001145 50001209
50001288 50001254
50001193 50001247
50001244 50001099
50001280 50001198
50001003 50001190
50001058 50001190
50001103 50001085
50001233 50001128
50001215 50001201
50001017 50001206
50001246 50001230
50001037 50001278
50001218 50001273
50001210 50001088
50001089 50001121
50001031 50001140
50001091 50001006
50001070 50001265
50001245 50001086
50001183 50001080
50001221 50001015
50001083 50001107
50001148 50001022
50001200 50001128
50001259 50001265
50001243 50001241
50001147 50001279
50001225 50001178
50001078 50001031
50001181 50001072
50001224 50001251
50001144 50001071
50001232 50001082
50001161 50001062
50001299 50001134
50001050 50001032
50001150 50001080
50001043 50001142
50001033 50001087
50001098 50001249
50001272 50001175
50001004 50001141
50001231 50001227
50001241 50001270
50001129 50001089
50001238 50001092
50001128 50001277
50001121 50001068
50001155 50001225
50001299 50001188
50001042 50001105
50001137 50001055
50001222 50001121
50001194 50001256
50001255 50001282
50001172 50001236
50001176 50001143
50001167 50001189
50001123 50001199
50001251 50001069
50001238 50001155
50001034 50001041
50001202 50001198
50001258 50001245
50001227 50001038
50001228 50001149
50001022 50001068
50001106 50001200
50001259 50001236
50001109 50001015
50001223 50001096
50001068 50001267
50001214 50001163
50001220 50001195
50001068 50001177
50001292 50001098
50001073 50001144
50001209 50001081
50001155 50001069
50001213 50001282
50001011 50001169
50001080 50001154
50001109 50001212
50001204 50001136
50001182 50001152
50001209 50001199
50001145 50001217
50001259 50001053
50001174 50001235
50001116 50001059
50001283 50001081
50001072 50001094
50001143 50001225
50001085 50001129
50001166 50001111
50001182 50001079
50001007 50001184
50001080 50001290
50001273 50001011
50001295 50001111
50001201 50001034
50001001 50001252
50001020 50001149
50001257 50001066
50001265 50001266
50001062 50001040
50001112 50001218
50001043 50001069
50001034 50001222
50001003 50001277
50001220 50001172
50001164 50001100
50001233 50001238
50001118 50001127
50001127 50001087
50001162 50001251
50001209 50001215
50001215 50001160
50001201 50001299
50001094 50001045
50001169 50001022
50001004 50001071
50001233 50001027
50001282 50001251
50001073 50001033
50001175 50001286
50001191 50001219
50001036 50001136
50001255 50001271
50001104 50001008
50001188 50001226
50001284 50001207
50001028 50001085
50001275 50001114
50001182 50001268
50001221 50001258
50001172 50001052
50001092 50001013
50001081 50001229
50001074 50001287
50001135 50001030
50001149 50001251
50001248 50001210
50001069 50001072
50001039 50001007
50001147 50001298
50001193 50001199
50001157 50001282
50001271 50001165
50001060 50001037
50001232 50001065
50001055 50001277
50001011 50001250
50001110 50001015
50001183 50001292
50001191 50001250
50001080 50001121
50001059 50001004
50001295 50001159
50001147 50001117
50001080 50001217
50001271 50001021
50001001 50001231
50001227 50001271
50001121 50001224
50001234 50001296
50001175 50001247
50001109 50001141
50001273 50001204
50001172 50001118
50001140 50001004
50001017 50001173
50001290 50001023
50001076 50001007
50001087 50001231
50001280 50001299
50001216 50001276
50001016 50001118
50001110 50001062
50001285 50001095
50001087 50001214
50001183 50001013
50001046 50001139
50001224 50001164
50001269 50001251
50001019 50001201
50001126 50001183
50001174 50001153
50001039 50001187
50001220 50001060
50001265 50001176
50001154 50001116
50001086 50001159
50001026 50001222
50001230 50001288
50001181 50001144
50001077 50001013
50001224 50001187
50001004 50001271
50001210 50001145
50001020 50001184
50001242 50001245
50001169 50001075
50001244 50001156
50001002 50001097
50001068 50001129
50001195 50001009
50001166 50001182
50001123 50001230
50001286 50001218
50001023 50001029
50001187 50001265
50001178 50001197
50001270 50001174
50001060 50001197
50001085 50001241
50001038 50001009
50001240 50001034
50001232 50001181
50001294 50001224
50001262 50001024
50001225 50001193
50001261 50001275
50001072 50001281
50001270 50001262
50001298 50001060
50001209 50001102
50001257 50001051
50001155 50001185
50001139 50001112
50001247 50001277
50001263 50001192
50001214 50001087
50001122 50001266
50001216 50001298
50001003 50001180
50001037 50001034
50001197 50001161
50001230 50001218
50001029 50001175
50001044 50001001
50001168 50001114
50001237 50001224
50001057 50001156
50001180 50001286
50001098 50001147
50001207 50001032
50001209 50001163
50001005 50001195
50001264 50001028
50001129 50001283
50001116 50001229
50001260 50001132
50001068 50001274
50001061 50001199
50001020 50001026
50001125 50001254
50001115 50001093
50001087 50001243
50001087 50001203
50001262 50001050
50001187 50001039
50001076 50001125
50001242 50001209
50001073 50001252
50001139 50001252
50001109 50001124
50001264 50001268
50001157 50001194
50001114 50001143
50001101 50001088
50001209 50001225
50001137 50001215
50001270 50001093
50001045 50001275
50001207 50001119
50001258 50001261
50001020 50001200
50001106 50001003
50001225 50001097
50001011 50001063
50001133 50001164
50001187 50001039
50001003 50001132
50001034 50001039
50001174 50001041
50001089 50001217
50001233 50001030
50001289 50001264
50001056 50001000
50001056 50001036
50001007 50001042
50001041 50001172
50001226 50001218
50001120 50001108
50001269 50001216
50001283 50001001
50001218 50001175
50001154 50001043
50001071 50001193
50001101 50001200
50001004 50001249
50001023 50001040
50001069 50001251
50001106 50001182
50001052 50001083
50001058 50001260
50001051 50001212
50001127 50001277
50001132 50001285
50001027 50001127
50001029 50001000
50001148 50001227
50001038 50001228
50001120 50001112
50001284 50001058
50001234 50001224
50001148 50001299
50001050 50001250
50001180 50001273
50001018 50001070
50001054 50001161
50001133 50001293
50001007 50001068
50001199 50001292
50001027 50001232
50001117 50001025
50001224 50001120
50001068 50001262
50001054 50001274
50001093 50001049
50001024 50001167
50001099 50001014
50001100 50001070
50001201 50001143
50001055 50001266
50001299 50001224
50001108 50001250
50001038 50001117
50001215 50001043
50001101 50001016
50001284 50001048
50001259 50001049
50001013 50001088
50001155 50001156
50001224 50001011
50001284 50001138
50001164 50001236
50001178 50001118
50001062 50001049
50001238 50001112
50001045 50001291
50001214 50001005
50001272 50001221
50001044 50001221
50001067 50001287
50001061 50001128
50001180 50001126
50001173 50001055
50001233 50001265
50001238 50001246
50001223 50001025
50001150 50001172
50001018 50001214
50001145 50001109
50001101 50001120
50001003 50001274
50001011 50001140
50001225 50001163
50001290 50001160
50001272 50001268
50001225 50001177
50001031 50001071
50001030 50001027
50001246 50001293
50001231 50001152
50001201 50001160
50001296 50001127
50001153 50001226
50001298 50001033
50001183 50001112
50001078 50001205
50001193 50001017
50001172 50001295
50001064 50001140
50001223 50001176
50001117 50001034
50001163 50001241
50001211 50001134
50001140 50001185
50001129 50001032
50001262 50001204
50001211 50001029
50001289 50001117
50001024 50001139
50001172 50001041
50001020 50001016
50001165 50001131
50001262 50001127
50001169 50001284
50001262 50001134
50001074 50001112
50001263 50001263
50001279 50001089
50001023 50001290
50001041 50001266
50001061 50001200
50001193 50001107
50001216 50001097
50001171 50001017
50001149 50001102
50001252 50001286
50001027 50001014
50001043 50001213
50001126 50001276
50001204 50001128
50001051 50001254
50001298 50001145
50001050 50001205
50001259 50001239
50001092 50001100
50001158 50001250
50001063 50001192
50001236 50001096
50001118 50001299
50001071 50001222
50001227 50001218
50001284 50001032
50001298 50001069
50001179 50001184
50001271 50001040
50001291 50001229
50001240 50001168
50001052 50001145
50001252 50001009
50001028 50001183
50001169 50001007
50001030 50001109
50001017 50001022
50001045 50001264
50001260 50001160
50001195 50001238
50001146 50001045
50001009 50001226
50001197 50001043
50001103 50001286
50001262 50001264
50001207 50001138
50001209 50001110
50001221 50001067
50001031 50001196
50001173 50001039
50001118 50001284
50001213 50001029
50001251 50001064
50001086 50001257
50001269 50001030
50001062 50001018
50001270 50001112
50001043 50001270
50001048 50001054
50001003 50001242
50001158 50001233
50001153 50001000
50001216 50001070
50001100 50001241
50001256 50001174
50001067 50001116
50001042 50001221
50001069 50001266
50001218 50001223
50001194 50001060
50001113 50001023
50001133 50001298
50001190 50001136
50001092 50001099
50001110 50001205
50001094 50001279
50001198 50001287
50001084 50001171
50001246 50001161
50001211 50001044
50001205 50001143
50001142 50001007
50001213 50001043
50001009 50001140
50001249 50001003
50001108 50001201
50001221 50001070
50001168 50001109
50001145 50001273
50001070 50001179
50001011 50001153
50001271 50001063
50001189 50001103
50001201 50001033
50001125 50001095
50001207 50001151
50001186 50001130
50001238 50001030
50001087 50001172
50001127 50001297
50001075 50001267
50001232 50001207
50001165 50001031
50001238 50001191
50001278 50001147
50001077 50001246
50001198 50001240
50001069 50001216
50001176 50001098
50001228 50001128
50001024 50001113
50001233 50001296
50001130 50001032
50001155 50001110
50001132 50001065
50001068 50001294
50001168 50001001
50001269 50001144
50001073 50001063
50001204 50001254
50001033 50001288
50001238 50001182
50001085 50001286
50001199 50001293
50001039 50001258
50001120 50001230
50001216 50001127
50001160 50001277
50001174 50001288
50001116 50001261
50001253 50001224
50001123 50001261
50001218 50001004
50001234 50001048
50001056 50001281
50001045 50001202
50001236 50001005
50001112 50001144
50001048 50001097
50001198 50001028
50001294 50001086
50001261 50001043
50001094 50001210
50001145 50001223
50001083 50001292
50001023 50001144
50001178 50001109
50001155 50001222
50001060 50001010
50001040 50001256
50001097 50001286
50001102 50001292
50001042 50001118
50001139 50001042
50001004 50001079
50001167 50001040
50001239 50001283
50001165 50001229
50001149 50001278
50001147 50001212
50001283 50001069
50001000 50001149
50001134 50001044
50001207 50001064
50001157 50001158
50001183 50001195
50001125 50001131
50001154 50001050
50001282 50001272
50001032 50001076
50001135 50001294
50001227 50001033
50001266 50001104
50001258 50001036
50001044 50001084
50001192 50001024
50001206 50001030
50001208 50001037
50001147 50001027
50001178 50001137
50001123 50001164
50001246 50001208
50001141 50001194
50001009 50001265
50001292 50001078
50001186 50001218
50001236 50001054
50001128 50001053
50001211 50001193
50001263 50001272
50001097 50001174
50001078 50001086
50001007 50001281
50001217 50001104
50001232 50001096
50001114 50001154
50001102 50001091
50001143 50001018
50001148 50001187
50001204 50001115
50001193 50001040
50001014 50001268
50001192 50001100
50001281 50001087
50001278 50001288
50001142 50001038
50001142 50001183
50001260 50001253
50001075 50001059
50001195 50001226
50001231 50001057
50001096 50001279
50001139 50001261
50001137 50001257
50001075 50001050
50001247 50001183
50001088 50001011
50001284 50001141
50001240 50001079
50001021 50001038
50001174 50001271
50001117 50001218
50001172 50001009
50001202 50001110
50001245 50001218
50001020 50001185
50001126 50001138
50001261 50001141
50001039 50001226
50001199 50001165
50001044 50001183
50001183 50001049
50001009 50001028
50001063 50001063
50001026 50001202
50001276 50001237
50001003 50001140
50001015 50001237
50001112 50001299
50001176 50001007
50001294 50001237
50001194 50001017
50001033 50001285
50001180 50001299
50001106 50001039
50001253 50001182
50001220 50001273
50001196 50001084
50001299 50001101
50001129 50001058
50001133 50001022
50001056 50001169
50001137 50001064
50001086 50001048
50001290 50001234
50001044 50001036
50001224 50001214
50001132 50001170
50001253 50001130
50001101 50001196
50001139 50001151
50001291 50001153
50001144 50001197
50001272 50001239
50001064 50001168
50001277 50001288
50001187 50001066
50001034 50001010
50001276 50001006
50001260 50001254
50001180 50001093
50001203 50001044
50001004 50001279
50001059 50001289
50001054 50001035
50001101 50001192
50001271 50001086
50001066 50001133
50001135 50001234
50001108 50001009
50001210 50001061
50001124 50001287
50001277 50001025
50001170 50001043
50001245 50001026
50001108 50001100
50001149 50001200
50001286 50001279
50001233 50001265
50001182 50001091
50001074 50001163
50001004 50001069
50001074 50001085
50001015 50001104
50001169 50001173
50001272 50001157
50001238 50001099
50001014 50001235
50001234 50001133
50001118 50001290
50001144 50001024
50001125 50001039
285 194
252 210
202 75
90 297
164 153
90 233
179 65
238 27
253 75
225 48
212 194
131 210
71 123
278 159
256 135
159 201
105 117
81 184
164 80
174 26
77 262
224 128
201 115
4 22
155 91
24 144
85 128
196 286
286 222
42 124
276 296
210 70
96 243
198 98
174 300
281 149
48 101
231 177
163 244
61 190
130 175
232 236
121 185
289 143
185 217
168 218
152 127
277 33
235 112
13 291
179 104
269 42
108 181
67 202
232 72
127 94
62 192
17 140
17 237
42 188
84 294
174 107
21 46
235 91
125 64
224 96
144 68
227 105
75 289
249 39
40 242
164 215
50 231
19 180
159 68
51 143
285 200
36 165
138 271
204 58
300 70
183 1
95 3
234 18
180 21
122 89
142 209
172 281
45 44
36 74
147 90
130 285
144 266
231 79
199 170
154 116
208 135
260 9
169 273
201 80
96 248
238 276
29 289
2 52
19 22
137 33
20 270
100 24
30 80
198 214
296 171
107 59
86 259
221 55
254 152
128 212
187 45
6 15
97 66
283 63
256 81
22 231
233 223
72 252
227 12
10 223
169 180
98 68
212 67
238 116
259 4
270 95
237 227
127 93
102 87
82 220
298 135
278 225
87 78
172 221
278 198
73 12
157 280
281 110
130 5
79 94
246 51
80 260
22 295
115 240
207 187
107 287
171 70
204 182
1 182
40 186
164 168
211 111
124 270
145 231
44 249
295 62
65 71
96 109
78 154
169 189
5 101
254 250
173 218
174 273
162 97
287 69
288 147
205 57
153 220
210 220
6 14
10 189
5 88
90 220
121 109
282 231
211 34
74 222
48 176
18 95
268 68
74 148
277 22
173 29
14 79
128 292
34 96
4 194
96 225
115 137
114 111
218 36
42 181
92 232
