# source: JorikJooken
# original path: jj_extract\knapsackProblemInstances-master\problemInstances\n_400_c_100000000_g_6_f_0.1_eps_0.001_s_200\test.in
# optimal value: 99984190
# format: n capacity, then weight value
400 100000000
50100169 50100097
50100073 50100132
50100049 50100026
50100025 50100004
50100177 50100073
50100002 50100055
50100185 50100143
50100043 50100086
50100153 50100185
50100172 50100033
50100153 50100115
50100174 50100151
50100199 50100106
50100190 50100193
50100092 50100028
50100150 50100192
50100145 50100152
50100148 50100096
50100117 50100134
50100060 50100090
50100082 50100029
50100192 50100092
50100086 50100003
50100163 50100030
50100038 50100060
50100098 50100195
50100130 50100003
50100082 50100114
50100110 50100057
50100157 50100150
50100028 50100161
50100028 50100121
50100091 50100042
50100097 50100173
50100032 50100062
50100164 50100014
50100058 50100136
50100035 50100076
50100011 50100115
50100064 50100049
50100137 50100110
50100071 50100056
50100161 50100075
50100024 50100079
50100002 50100070
50100021 50100030
50100062 50100004
50100048 50100140
50100041 50100025
50100195 50100012
50100105 50100139
50100173 50100180
50100121 50100001
50100112 50100061
50100175 50100087
50100158 50100191
50100072 50100126
50100126 50100149
50100102 50100056
50100163 50100041
50100025 50100106
50100047 50100103
50100076 50100126
50100077 50100140
50100199 50100098
50100155 50100188
50100071 50100013
50100190 50100080
50100192 50100083
50100099 50100017
50100148 50100144
50100185 50100023
25100187 25100076
25100166 25100154
25100094 25100062
25100122 25100006
25100049 25100161
25100063 25100050
25100111 25100189
25100055 25100015
25100143 25100115
25100195 25100115
25100169 25100152
25100119 25100022
25100091 25100007
25100193 25100176
25100191 25100021
25100060 25100140
25100195 25100149
25100192 25100139
25100067 25100154
25100017 25100148
25100190 25100075
25100082 25100075
25100048 25100004
25100106 25100122
25100090 25100170
25100019 25100148
25100112 25100126
25100198 25100195
25100173 25100066
25100085 25100124
25100092 25100163
25100022 25100096
25100158 25100117
25100059 25100071
25100066 25100050
25100175 25100170
25100139 25100051
25100189 25100055
25100192 25100118
25100071 25100065
25100104 25100080
25100016 25100075
25100163 25100139
25100197 25100069
25100122 25100146
25100147 25100195
25100032 25100029
25100133 25100147
25100036 25100063
25100131 25100178
25100117 25100063
25100098 25100090
25100037 25100130
25100051 25100176
25100160 25100188
25100072 25100042
25100112 25100088
25100147 25100037
25100108 25100007
25100036 25100045
25100159 25100073
25100106 25100049
25100054 25100047
25100135 25100157
25100033 25100051
25100142 25100028
25100034 25100119
25100020 25100125
25100140 25100060
25100199 25100145
25100104 25100160
25100156 25100028
12600116 12600064
12600110 12600102
12600034 12600002
12600009 12600160
12600069 12600055
12600142 12600176
12600101 12600076
12600174 12600082
12600122 12600167
12600105 12600020
12600123 12600181
12600013 12600082
12600175 12600085
12600080 12600095
12600135 12600055
12600077 12600135
12600058 12600167
12600029 12600123
12600071 12600162
12600148 12600168
12600131 12600159
12600198 12600199
12600188 12600019
12600066 12600084
12600118 12600037
12600090 12600123
12600181 12600151
12600001 12600015
12600173 12600174
12600102 12600114
12600079 12600025
12600161 12600024
12600025 12600179
12600170 12600192
12600006 12600131
12600042 12600138
12600039 12600180
12600187 12600023
12600100 12600198
12600196 12600016
12600192 12600097
12600115 12600069
12600064 12600155
12600200 12600049
12600135 12600147
12600035 12600078
12600102 12600128
12600199 12600040
12600158 12600098
12600080 12600022
12600190 12600057
12600151 12600044
12600084 12600181
12600142 12600151
12600188 12600156
12600073 12600046
12600119 12600179
12600198 12600071
12600121 12600135
12600097 12600160
12600120 12600151
12600154 12600107
12600145 12600116
12600071 12600126
12600043 12600062
12600167 12600059
12600056 12600015
12600079 12600157
12600021 12600110
12600123 12600175
12600001 12600075
12600042 12600145
6350049 6350012
6350125 6350130
6350198 6350042
6350159 6350124
6350020 6350050
6350027 6350183
6350001 6350044
6350009 6350133
6350171 6350140
6350108 6350113
6350193 6350194
6350025 6350129
6350047 6350163
6350186 6350170
6350180 6350023
6350054 6350199
6350147 6350161
6350011 6350030
6350103 6350190
6350027 6350080
6350186 6350175
6350093 6350024
6350130 6350071
6350033 6350058
6350008 6350021
6350044 6350196
6350138 6350116
6350070 6350047
6350041 6350154
6350172 6350063
6350092 6350176
6350129 6350100
6350136 6350168
6350114 6350008
6350110 6350011
6350194 6350033
6350051 6350122
6350199 6350184
6350139 6350195
6350137 6350001
6350143 6350154
6350081 6350008
6350090 6350188
6350166 6350082
6350150 6350025
6350164 6350077
6350155 6350160
6350079 6350126
6350169 6350059
6350197 6350049
6350180 6350169
6350085 6350042
6350099 6350083
6350149 6350097
6350177 6350079
6350066 6350076
6350076 6350075
6350124 6350102
6350041 6350072
6350024 6350028
6350070 6350125
6350016 6350094
6350017 6350059
6350072 6350039
6350075 6350003
6350039 6350121
6350152 6350030
6350099 6350187
6350172 6350195
6350067 6350049
6350042 6350036
6350050 6350054
3225147 3225003
3225118 3225049
3225167 3225165
3225193 3225099
3225007 3225143
3225148 3225107
3225122 3225130
3225195 3225193
3225009 3225002
3225085 3225027
3225007 3225022
3225068 3225044
3225021 3225197
3225107 3225100
3225038 3225014
3225047 3225063
3225089 3225187
3225061 3225121
3225154 3225190
3225012 3225121
3225122 3225031
3225045 3225196
3225173 3225002
3225035 3225177
3225145 3225153
3225025 3225141
3225025 3225017
3225066 3225159
3225021 3225146
3225165 3225061
3225093 3225050
3225190 3225193
3225086 3225090
3225110 3225131
3225165 3225052
3225037 3225058
3225043 3225166
3225150 3225110
3225149 3225031
3225004 3225019
3225100 3225079
3225042 3225053
3225005 3225193
3225016 3225024
3225112 3225128
3225114 3225112
3225125 3225077
3225048 3225053
3225011 3225170
3225018 3225080
3225175 3225182
3225096 3225033
3225195 3225194
3225028 3225169
3225142 3225148
3225171 3225143
3225157 3225105
3225096 3225197
3225033 3225184
3225086 3225120
3225081 3225073
3225089 3225035
3225169 3225165
3225168 3225147
3225157 3225016
3225195 3225022
3225143 3225106
3225010 3225158
3225026 3225169
3225072 3225076
3225154 3225103
3225168 3225066
63 152
128 80
137 49
4 163
83 2
73 23
63 171
178 49
65 138
174 30
142 187
134 76
198 144
6 39
164 57
160 140
1 187
10 78
30 136
132 51
107 13
108 186
61 191
128 169
5 69
104 69
88 135
160 23
185 164
175 148
83 5
59 128
155 53
88 4
165 105
185 186
74 49
12 104
113 181
193 121
