# source: JorikJooken
# original path: jj_extract\knapsackProblemInstances-master\problemInstances\n_800_c_100000000_g_10_f_0.1_eps_0_s_300\test.in
# optimal value: 99858122
# format: n capacity, then weight value
800 100000000
50000170 50000271
50000068 50000051
50000150 50000276
50000173 50000256
50000111 50000180
50000252 50000173
50000016 50000166
50000278 50000131
50000205 50000040
50000215 50000095
50000235 50000067
50000045 50000211
50000222 50000182
50000048 50000044
50000025 50000277
50000076 50000196
50000116 50000266
50000011 50000257
50000157 50000172
50000098 50000022
50000198 50000254
50000077 50000080
50000094 50000074
50000259 50000227
50000067 50000017
50000135 50000015
50000136 50000218
50000024 50000292
50000152 50000287
50000101 50000263
50000126 50000100
50000071 50000069
50000045 50000149
50000067 50000177
50000029 50000118
50000233 50000298
50000270 50000212
50000091 50000012
50000115 50000092
50000007 50000279
50000047 50000086
50000016 50000204
50000190 50000193
50000144 50000112
50000097 50000030
50000192 50000180
50000208 50000128
50000172 50000153
50000176 50000296
50000184 50000181
50000007 50000296
50000107 50000176
50000262 50000017
50000218 50000262
50000025 50000087
50000174 50000078
50000268 50000116
50000052 50000006
50000190 50000253
50000168 50000159
50000262 50000271
50000097 50000189
50000299 50000203
50000111 50000095
50000018 50000120
50000069 50000281
50000168 50000130
50000113 50000044
50000053 50000212
50000148 50000103
50000110 50000082
50000297 50000187
50000052 50000144
50000224 50000144
50000132 50000072
50000188 50000174
50000146 50000134
50000126 50000099
50000295 50000187
50000282 50000286
25000178 25000106
25000077 25000139
25000247 25000050
25000271 25000078
25000228 25000128
25000178 25000066
25000145 25000148
25000102 25000069
25000111 25000188
25000269 25000289
25000272 25000116
25000236 25000040
25000189 25000243
25000190 25000247
25000184 25000148
25000263 25000270
25000148 25000063
25000072 25000139
25000142 25000291
25000021 25000164
25000147 25000140
25000283 25000193
25000005 25000137
25000146 25000262
25000300 25000035
25000230 25000253
25000234 25000194
25000055 25000107
25000212 25000007
25000147 25000201
25000152 25000261
25000141 25000145
25000099 25000031
25000019 25000138
25000094 25000246
25000118 25000084
25000272 25000173
25000237 25000138
25000097 25000146
25000181 25000250
25000137 25000015
25000155 25000294
25000294 25000034
25000112 25000136
25000154 25000188
25000078 25000028
25000002 25000105
25000250 25000209
25000018 25000022
25000014 25000006
25000124 25000176
25000296 25000161
25000129 25000232
25000174 25000267
25000118 25000062
25000299 25000080
25000220 25000278
25000127 25000231
25000211 25000173
25000209 25000263
25000182 25000024
25000198 25000142
25000070 25000090
25000040 25000124
25000253 25000245
25000218 25000167
25000267 25000046
25000084 25000048
25000046 25000233
25000188 25000072
25000264 25000182
25000283 25000079
25000263 25000223
25000151 25000279
25000160 25000006
25000045 25000179
25000199 25000243
25000072 25000300
25000050 25000285
25000193 25000235
12500109 12500171
12500257 12500066
12500159 12500260
12500124 12500154
12500229 12500071
12500022 12500155
12500117 12500243
12500026 12500008
12500081 12500215
12500272 12500043
12500091 12500088
12500158 12500162
12500028 12500270
12500037 12500275
12500083 12500272
12500129 12500044
12500139 12500067
12500035 12500158
12500062 12500067
12500156 12500158
12500147 12500072
12500048 12500061
12500281 12500104
12500120 12500067
12500120 12500149
12500265 12500029
12500198 12500144
12500096 12500035
12500064 12500293
12500011 12500072
12500068 12500234
12500118 12500120
12500128 12500028
12500143 12500005
12500093 12500175
12500206 12500097
12500107 12500119
12500207 12500110
12500279 12500215
12500117 12500121
12500191 12500238
12500252 12500058
12500030 12500064
12500198 12500057
12500020 12500113
12500258 12500146
12500127 12500046
12500044 12500168
12500060 12500069
12500248 12500266
12500132 12500080
12500134 12500066
12500047 12500148
12500077 12500094
12500163 12500105
12500230 12500044
12500045 12500055
12500237 12500016
12500240 12500102
12500171 12500042
12500086 12500241
12500134 12500177
12500290 12500280
12500196 12500089
12500154 12500001
12500251 12500068
12500082 12500009
12500208 12500228
12500041 12500292
12500277 12500027
12500256 12500145
12500168 12500101
12500174 12500228
12500244 12500068
12500181 12500117
12500012 12500101
12500100 12500018
12500060 12500264
12500243 12500179
12500016 12500070
6250048 6250218
6250163 6250046
6250073 6250036
6250175 6250029
6250227 6250188
6250120 6250218
6250156 6250271
6250180 6250018
6250228 6250213
6250006 6250199
6250087 6250057
6250091 6250279
6250009 6250199
6250177 6250095
6250242 6250150
6250152 6250231
6250014 6250225
6250237 6250133
6250147 6250170
6250175 6250144
6250149 6250241
6250259 6250072
6250209 6250289
6250160 6250183
6250035 6250202
6250152 6250285
6250280 6250243
6250223 6250170
6250025 6250156
6250038 6250286
6250014 6250053
6250098 6250273
6250251 6250277
6250074 6250142
6250031 6250137
6250126 6250278
6250143 6250112
6250157 6250243
6250135 6250070
6250004 6250163
6250108 6250024
6250134 6250119
6250229 6250242
6250188 6250281
6250241 6250146
6250296 6250201
6250146 6250060
6250039 6250181
6250200 6250298
6250084 6250163
6250101 6250292
6250091 6250039
6250069 6250110
6250138 6250138
6250152 6250038
6250262 6250031
6250201 6250141
6250201 6250174
6250050 6250101
6250126 6250056
6250085 6250003
6250102 6250218
6250136 6250083
6250113 6250107
6250181 6250024
6250203 6250166
6250275 6250195
6250207 6250180
6250122 6250239
6250247 6250134
6250111 6250151
6250273 6250179
6250062 6250215
6250219 6250167
6250185 6250210
6250066 6250062
6250023 6250186
6250017 6250292
6250255 6250128
6250111 6250106
3125011 3125032
3125275 3125260
3125156 3125286
3125048 3125146
3125136 3125268
3125075 3125182
3125116 3125014
3125102 3125134
3125195 3125113
3125069 3125109
3125231 3125222
3125112 3125144
3125266 3125212
3125136 3125132
3125076 3125064
3125153 3125115
3125080 3125168
3125247 3125112
3125183 3125145
3125051 3125183
3125184 3125080
3125052 3125092
3125288 3125114
3125277 3125160
3125078 3125078
3125025 3125198
3125016 3125263
3125086 3125206
3125067 3125147
3125006 3125046
3125094 3125139
3125158 3125228
3125137 3125224
3125040 3125132
3125109 3125278
3125242 3125259
3125101 3125273
3125004 3125296
3125269 3125174
3125168 3125160
3125088 3125219
3125107 3125262
3125284 3125076
3125272 3125071
3125164 3125120
3125160 3125190
3125046 3125069
3125187 3125117
3125057 3125156
3125002 3125155
3125117 3125084
3125034 3125036
3125223 3125111
3125267 3125053
3125261 3125139
3125218 3125100
3125295 3125092
3125018 3125146
3125050 3125247
3125013 3125275
3125220 3125007
3125214 3125044
3125226 3125072
3125030 3125160
3125067 3125062
3125177 3125180
3125268 3125060
3125272 3125299
3125097 3125170
3125155 3125010
3125292 3125094
3125204 3125118
3125098 3125022
3125293 3125065
3125198 3125174
3125263 3125177
3125278 3125117
3125028 3125136
3125132 3125197
3125180 3125260
1562655 1562647
1562515 1562581
1562665 1562658
1562735 1562756
1562626 1562507
1562796 1562675
1562510 1562655
1562678 1562672
1562786 1562574
1562771 1562576
1562565 1562659
1562733 1562771
1562617 1562640
1562639 1562524
1562684 1562705
1562758 1562553
1562594 1562765
1562583 1562626
1562723 1562741
1562621 1562581
1562563 1562522
1562570 1562537
1562703 1562618
1562525 1562559
1562581 1562582
1562572 1562532
1562598 1562599
1562716 1562757
1562690 1562635
1562699 1562552
1562712 1562775
1562549 1562698
1562582 1562731
1562614 1562704
1562658 1562631
1562651 1562790
1562744 1562707
1562640 1562583
1562606 1562684
1562531 1562623
1562645 1562737
1562646 1562717
1562731 1562634
1562736 1562555
1562549 1562641
1562648 1562578
1562508 1562649
1562709 1562672
1562679 1562719
1562694 1562587
1562572 1562586
1562763 1562652
1562673 1562563
1562595 1562675
1562616 1562665
1562722 1562798
1562772 1562516
1562633 1562656
1562759 1562503
1562522 1562549
1562523 1562785
1562502 1562710
1562788 1562716
1562558 1562713
1562662 1562707
1562592 1562585
1562628 1562533
1562571 1562786
1562730 1562536
1562519 1562727
1562770 1562633
1562769 1562766
1562714 1562787
1562539 1562550
1562751 1562677
1562750 1562514
1562777 1562600
1562515 1562511
1562734 1562595
1562701 1562672
781334 781385
781261 781437
781459 781493
781286 781500
781366 781482
781532 781342
781267 781384
781435 781491
781300 781303
781319 781338
781479 781366
781469 781427
781509 781294
781291 781450
781508 781487
781543 781522
781419 781339
781502 781496
781406 781266
781338 781466
781503 781307
781516 781370
781307 781488
781418 781414
781481 781496
781506 781549
781387 781252
781429 781487
781309 781376
781457 781446
781289 781469
781480 781472
781502 781447
781426 781389
781540 781317
781254 781305
781397 781526
781415 781472
781296 781339
781442 781322
781317 781286
781280 781430
781297 781503
781410 781262
781491 781531
781515 781433
781503 781331
781253 781269
781284 781406
781416 781340
781469 781272
781468 781266
781467 781534
781508 781539
781357 781319
781450 781362
781260 781441
781335 781499
781469 781284
781310 781349
781302 781446
781431 781494
781539 781418
781296 781445
781418 781415
781380 781387
781497 781303
781347 781270
781347 781318
781374 781400
781351 781304
781291 781339
781474 781443
781406 781327
781299 781457
781424 781256
781488 781256
781424 781394
781474 781316
781484 781478
390891 390832
390791 390923
390793 390729
390875 390818
390911 390893
390788 390694
390894 390649
390919 390924
390766 390873
390637 390824
390738 390893
390705 390685
390776 390857
390678 390753
390778 390686
390772 390703
390711 390923
390726 390872
390835 390796
390813 390731
390891 390897
390652 390807
390698 390746
390761 390836
390895 390682
390702 390733
390867 390799
390903 390899
390802 390765
390925 390638
390867 390821
390667 390912
390678 390905
390710 390718
390769 390822
390751 390630
390917 390747
390899 390639
390884 390907
390827 390764
390803 390673
390641 390822
390747 390843
390632 390910
390719 390737
390758 390653
390650 390755
390843 390791
390652 390852
390752 390777
390760 390853
390896 390872
390918 390815
390737 390721
390662 390768
390761 390881
390768 390668
390705 390916
390924 390894
390876 390836
390636 390793
390876 390836
390652 390813
390777 390766
390924 390659
390736 390633
390692 390832
390807 390842
390755 390655
390640 390851
390732 390756
390637 390894
390910 390830
390661 390922
390703 390649
390740 390898
390779 390781
390737 390669
390859 390666
390822 390649
195424 195405
195512 195576
195329 195402
195449 195447
195577 195457
195486 195569
195470 195538
195531 195384
195570 195376
195512 195384
195519 195545
195356 195594
195542 195547
195354 195347
195521 195412
195330 195502
195447 195341
195371 195454
195529 195471
195474 195575
195433 195539
195529 195426
195486 195476
195559 195460
195389 195422
195407 195469
195523 195375
195523 195396
195540 195372
195529 195350
195353 195411
195436 195328
195464 195322
195454 195484
195339 195546
195361 195451
195381 195342
195403 195585
195593 195423
195346 195319
195553 195496
195479 195553
195317 195599
195354 195565
195502 195521
195382 195561
195327 195509
195340 195517
195498 195456
195328 195402
195402 195580
195429 195477
195569 195547
195352 195570
195326 195406
195533 195493
195356 195584
195461 195533
195417 195601
195571 195373
195462 195458
195540 195518
195322 195554
195399 195537
195371 195486
195338 195571
195459 195383
195478 195539
195328 195397
195598 195524
195437 195396
195347 195555
195527 195346
195437 195550
195415 195524
195573 195573
195556 195516
195362 195516
195543 195509
195579 195476
4 140
12 287
168 86
159 231
297 227
273 233
124 226
176 300
52 164
228 295
294 82
262 150
256 262
228 207
261 146
77 155
248 300
94 74
20 69
49 185
239 207
46 204
148 174
238 125
279 136
36 236
276 166
159 281
112 247
200 4
24 19
242 277
139 78
266 145
18 271
236 191
26 75
184 270
52 173
258 285
134 26
29 89
183 248
300 49
171 195
30 91
178 229
126 248
67 135
36 236
129 13
49 115
222 211
67 73
21 240
280 229
183 206
118 273
166 287
52 165
65 239
146 116
86 268
126 175
288 14
98 177
145 123
257 194
246 204
224 143
113 110
115 248
159 101
14 257
146 98
210 61
104 37
287 240
35 262
298 221
