# source: JorikJooken
# original path: jj_extract\knapsackProblemInstances-master\problemInstances\n_600_c_100000000_g_14_f_0.3_eps_0.1_s_100\test.in
# optimal value: 100003971
# format: n capacity, then weight value
600 100000000
60000016 60000089
60000023 60000077
60000028 60000054
60000056 60000036
60000034 60000098
60000013 60000091
60000027 60000031
60000032 60000083
60000081 60000068
60000070 60000080
60000004 60000057
60000052 60000016
60000009 60000062
60000096 60000058
60000003 60000057
60000099 60000095
60000098 60000096
60000031 60000065
60000006 60000026
60000004 60000068
60000035 60000005
60000087 60000043
60000028 60000007
60000093 60000080
60000025 60000006
60000085 60000073
60000039 60000025
60000010 60000084
60000073 60000029
60000098 60000079
60000050 60000039
60000078 60000070
35000047 35000054
35000041 35000073
35000013 35000063
35000071 35000031
35000028 35000050
35000031 35000078
35000018 35000013
35000025 35000099
35000080 35000036
35000060 35000009
35000043 35000055
35000001 35000009
35000062 35000056
35000017 35000034
35000016 35000016
35000026 35000045
35000007 35000040
35000096 35000070
35000099 35000089
35000069 35000042
35000051 35000027
35000074 35000097
35000023 35000072
35000036 35000037
35000090 35000003
35000096 35000011
35000004 35000011
35000005 35000062
35000055 35000024
35000011 35000066
35000063 35000070
35000047 35000016
22500037 22500028
22500067 22500084
22500055 22500071
22500034 22500036
22500027 22500058
22500062 22500011
22500058 22500043
22500073 22500012
22500081 22500004
22500090 22500030
22500054 22500060
22500024 22500068
22500057 22500042
22500089 22500040
22500020 22500017
22500044 22500058
22500053 22500029
22500076 22500031
22500025 22500029
22500051 22500074
22500037 22500030
22500093 22500088
22500075 22500028
22500066 22500052
22500002 22500059
22500039 22500070
22500074 22500056
22500069 22500062
22500082 22500026
22500036 22500018
22500002 22500080
22500012 22500006
16250064 16250065
16250033 16250032
16250035 16250030
16250026 16250085
16250001 16250041
16250096 16250011
16250068 16250077
16250083 16250035
16250032 16250049
16250019 16250048
16250031 16250082
16250076 16250042
16250058 16250062
16250084 16250062
16250010 16250048
16250068 16250038
16250060 16250042
16250007 16250042
16250065 16250072
16250017 16250061
16250052 16250032
16250009 16250054
16250015 16250064
16250010 16250031
16250052 16250059
16250014 16250049
16250092 16250032
16250052 16250093
16250078 16250097
16250055 16250047
16250051 16250079
16250060 16250004
13125096 13125083
13125064 13125072
13125086 13125093
13125049 13125025
13125041 13125051
13125096 13125011
13125001 13125028
13125088 13125029
13125099 13125032
13125026 13125003
13125030 13125042
13125035 13125006
13125070 13125030
13125071 13125091
13125062 13125015
13125040 13125093
13125042 13125031
13125062 13125052
13125001 13125100
13125062 13125032
13125071 13125076
13125020 13125066
13125022 13125082
13125041 13125082
13125081 13125090
13125003 13125010
13125031 13125050
13125070 13125092
13125033 13125025
13125096 13125100
13125029 13125049
13125072 13125082
11562591 11562503
11562509 11562589
11562582 11562547
11562539 11562525
11562599 11562574
11562527 11562555
11562576 11562574
11562520 11562589
11562588 11562595
11562567 11562538
11562515 11562565
11562506 11562565
11562550 11562585
11562522 11562562
11562555 11562558
11562514 11562509
11562591 11562593
11562557 11562588
11562512 11562533
11562582 11562571
11562522 11562580
11562514 11562510
11562551 11562582
11562544 11562541
11562538 11562588
11562594 11562519
11562552 11562559
11562545 11562530
11562548 11562533
11562536 11562509
11562538 11562552
11562526 11562532
10781301 10781272
10781252 10781350
10781298 10781255
10781338 10781322
10781252 10781310
10781311 10781347
10781328 10781287
10781290 10781347
10781267 10781285
10781344 10781284
10781253 10781331
10781256 10781293
10781322 10781311
10781255 10781297
10781260 10781303
10781317 10781341
10781329 10781260
10781308 10781274
10781263 10781333
10781325 10781314
10781296 10781301
10781341 10781261
10781284 10781325
10781264 10781346
10781285 10781316
10781277 10781263
10781254 10781310
10781253 10781314
10781308 10781269
10781275 10781295
10781259 10781269
10781321 10781251
10390634 10390682
10390681 10390673
10390689 10390705
10390725 10390639
10390644 10390627
10390707 10390674
10390668 10390646
10390627 10390659
10390660 10390694
10390713 10390656
10390697 10390715
10390639 10390694
10390630 10390710
10390637 10390665
10390702 10390725
10390641 10390693
10390638 10390709
10390717 10390670
10390671 10390712
10390673 10390646
10390686 10390664
10390640 10390665
10390632 10390719
10390718 10390670
10390647 10390680
10390715 10390698
10390699 10390694
10390707 10390686
10390631 10390682
10390708 10390669
10390668 10390715
10390686 10390626
10195360 10195332
10195327 10195341
10195409 10195343
10195377 10195401
10195342 10195388
10195367 10195362
10195395 10195346
10195374 10195328
10195317 10195319
10195336 10195324
10195397 10195356
10195361 10195343
10195360 10195324
10195405 10195368
10195326 10195332
10195383 10195401
10195345 10195313
10195344 10195314
10195389 10195348
10195357 10195407
10195385 10195350
10195372 10195326
10195378 10195352
10195338 10195341
10195406 10195373
10195392 10195378
10195376 10195400
10195367 10195393
10195319 10195341
10195347 10195328
10195319 10195360
10195402 10195411
10097709 10097723
10097736 10097689
10097690 10097738
10097690 10097707
10097720 10097730
10097713 10097671
10097748 10097704
10097739 10097664
10097684 10097690
10097727 10097735
10097737 10097709
10097686 10097699
10097674 10097680
10097665 10097711
10097720 10097748
10097707 10097698
10097716 10097734
10097718 10097703
10097699 10097692
10097691 10097660
10097687 10097723
10097724 10097660
10097657 10097683
10097683 10097717
10097713 10097737
10097675 10097669
10097741 10097704
10097672 10097736
10097679 10097671
10097680 10097698
10097713 10097666
10097739 10097677
10048870 10048880
10048845 10048901
10048910 10048870
10048861 10048871
10048857 10048849
10048912 10048833
10048901 10048855
10048876 10048908
10048866 10048834
10048835 10048852
10048906 10048902
10048902 10048877
10048901 10048859
10048863 10048909
10048841 10048875
10048875 10048863
10048856 10048893
10048838 10048927
10048883 10048846
10048853 10048859
10048867 10048836
10048852 10048903
10048919 10048873
10048867 10048865
10048842 10048895
10048848 10048907
10048842 10048869
10048850 10048923
10048892 10048835
10048898 10048905
10048866 10048895
10048852 10048862
10024457 10024441
10024494 10024452
10024481 10024494
10024478 10024419
10024422 10024443
10024493 10024463
10024481 10024451
10024456 10024433
10024435 10024468
10024455 10024476
10024468 10024506
10024488 10024507
10024474 10024417
10024493 10024446
10024446 10024498
10024505 10024423
10024490 10024431
10024439 10024492
10024438 10024435
10024510 10024460
10024504 10024504
10024438 10024482
10024498 10024415
10024510 10024417
10024440 10024484
10024474 10024417
10024439 10024501
10024490 10024426
10024424 10024463
10024417 10024438
10024435 10024473
10024506 10024438
10012265 10012221
10012272 10012255
10012236 10012229
10012239 10012292
10012297 10012256
10012273 10012212
10012215 10012299
10012260 10012228
10012300 10012268
10012244 10012209
10012299 10012256
10012269 10012236
10012245 10012294
10012222 10012213
10012286 10012296
10012253 10012233
10012215 10012228
10012258 10012213
10012243 10012238
10012248 10012302
10012302 10012296
10012286 10012260
10012280 10012303
10012277 10012232
10012303 10012248
10012231 10012218
10012304 10012298
10012264 10012252
10012305 10012208
10012227 10012307
10012209 10012294
10012307 10012281
17 93
21 42
23 35
96 72
96 92
30 30
23 21
76 33
77 83
8 40
8 87
56 55
4 96
13 50
60 20
10 69
74 29
13 81
88 65
48 15
94 84
57 97
79 66
6 5
38 64
76 91
54 25
69 10
36 46
29 10
99 21
66 93
100 44
33 84
15 8
14 69
68 76
100 13
97 65
73 80
8 49
21 42
34 68
66 57
97 24
88 97
49 22
24 22
19 22
53 100
11 39
52 29
90 45
77 67
8 100
52 72
43 41
88 11
50 92
29 79
55 60
48 95
9 90
43 6
37 35
95 31
31 99
45 54
24 4
31 5
30 33
64 97
89 79
79 25
11 63
64 67
93 1
63 94
28 49
81 18
31 34
21 85
47 72
41 20
2 82
37 27
70 97
3 21
89 61
37 33
16 96
30 8
21 22
28 75
82 66
17 66
93 32
26 100
48 50
95 71
47 67
80 29
34 77
98 6
91 14
87 97
69 5
18 31
92 85
68 7
98 80
66 3
7 37
7 18
6 11
20 88
25 55
74 70
88 55
24 82
97 47
28 67
94 74
10 88
73 53
39 89
6 47
72 47
39 1
74 36
68 30
98 12
63 97
77 13
50 7
80 3
68 16
31 74
86 23
47 45
14 94
78 29
78 9
48 44
55 57
38 31
63 6
53 59
7 63
99 51
28 76
31 12
67 77
5 65
3 57
57 45
7 19
57 24
10 48
77 85
95 30
69 89
3 51
55 89
38 78
57 20
29 94
21 29
66 88
5 20
14 51
48 34
63 10
63 7
80 46
28 70
55 1
94 79
37 97
61 86
85 81
34 12
89 15
52 73
