# source: JorikJooken
# original path: jj_extract\knapsackProblemInstances-master\problemInstances\n_1000_c_1000000_g_6_f_0.2_eps_1e-05_s_200\test.in
# optimal value: 994001
# format: n capacity, then weight value
1000 1000000
500011 500089
500122 500186
500080 500138
500171 500083
500081 500097
500053 500082
500088 500080
500114 500136
500201 500059
500180 500095
500146 500069
500076 500124
500181 500204
500016 500157
500060 500130
500036 500112
500118 500138
500195 500172
500097 500158
500086 500100
500162 500158
500124 500054
500204 500076
500155 500066
500098 500115
500145 500049
500094 500062
500101 500096
500085 500051
500044 500104
500138 500159
500040 500069
500176 500136
500099 500042
500026 500034
500087 500138
500111 500207
500050 500143
500192 500056
500016 500193
500053 500023
500181 500077
500168 500208
500182 500049
500110 500136
500098 500097
500049 500061
500055 500168
500078 500104
500108 500148
500126 500065
500035 500121
500202 500111
500148 500135
500183 500106
500076 500174
500137 500011
500128 500151
500163 500096
500043 500115
500016 500116
500174 500147
500141 500058
500170 500196
500098 500046
500056 500162
500105 500135
500094 500132
500080 500123
500011 500071
500058 500195
500183 500190
500100 500071
500120 500075
500043 500192
500191 500156
500194 500158
500201 500164
500010 500165
500137 500196
500025 500056
500059 500074
500017 500142
500112 500085
500136 500140
500129 500162
500088 500117
500153 500179
500099 500114
500150 500030
500035 500125
500208 500193
500109 500191
500110 500188
500172 500062
500090 500117
500128 500033
500071 500099
500124 500072
500193 500175
500126 500053
500101 500181
500072 500021
500096 500173
500116 500029
500018 500175
500082 500130
500136 500096
500025 500186
500023 500055
500077 500098
500095 500136
500057 500093
500168 500196
500130 500205
500106 500071
500090 500110
500147 500036
500056 500066
500103 500083
500167 500106
500093 500111
500122 500138
500014 500164
500124 500126
500032 500185
500202 500186
500202 500175
500069 500155
500073 500068
500111 500181
500064 500090
500059 500168
500205 500093
500042 500178
500169 500049
500065 500188
500200 500196
500190 500104
500109 500069
500043 500142
500031 500047
500038 500066
500192 500107
500157 500083
500143 500191
500209 500192
500110 500089
500176 500028
500054 500074
500110 500122
500207 500087
500186 500177
500154 500183
500163 500134
500072 500205
500160 500030
500140 500090
500137 500152
500021 500158
250014 250146
250063 250051
250119 250046
250103 250105
250139 250019
250118 250150
250054 250146
250136 250155
250159 250110
250033 250061
250013 250030
250034 250012
250091 250181
250102 250065
250016 250078
250059 250144
250054 250187
250091 250012
250146 250129
250085 250136
250092 250078
250035 250141
250061 250016
250202 250197
250013 250103
250122 250129
250135 250121
250154 250157
250075 250189
250140 250054
250100 250045
250079 250050
250210 250118
250123 250195
250161 250062
250106 250129
250118 250182
250134 250056
250174 250030
250168 250049
250117 250066
250196 250135
250185 250200
250159 250150
250036 250145
250124 250054
250165 250030
250063 250079
250192 250157
250121 250164
250106 250155
250170 250157
250022 250106
250025 250171
250176 250094
250180 250029
250104 250169
250150 250013
250042 250137
250025 250020
250204 250063
250124 250171
250076 250188
250074 250011
250159 250080
250206 250064
250014 250099
250075 250147
250065 250118
250149 250058
250060 250186
250060 250066
250093 250022
250040 250140
250209 250173
250121 250101
250091 250128
250066 250085
250166 250159
250210 250034
250094 250094
250199 250115
250109 250153
250100 250052
250107 250144
250107 250105
250133 250193
250037 250056
250137 250117
250161 250124
250186 250097
250032 250036
250084 250110
250126 250128
250097 250023
250166 250069
250184 250161
250055 250035
250039 250173
250093 250191
250124 250147
250102 250052
250077 250139
250142 250115
250061 250014
250050 250195
250012 250124
250127 250011
250196 250068
250045 250149
250052 250025
250117 250029
250162 250210
250072 250146
250126 250122
250136 250171
250159 250180
250100 250210
250203 250121
250200 250158
250154 250068
250142 250161
250113 250042
250068 250040
250055 250179
250103 250117
250025 250100
250156 250132
250176 250179
250141 250115
250124 250129
250091 250056
250187 250150
250127 250046
250196 250115
250083 250029
250197 250209
250015 250175
250120 250154
250140 250016
250050 250135
250166 250139
250131 250014
250157 250029
250137 250106
250059 250040
250165 250025
250188 250015
250056 250044
250182 250073
250103 250042
250200 250111
250183 250203
250123 250173
250193 250113
250088 250044
250059 250039
250172 250100
250024 250096
250159 250020
125092 125154
125167 125108
125060 125084
125128 125063
125103 125160
125061 125033
125138 125086
125089 125047
125074 125119
125073 125197
125180 125098
125140 125012
125137 125042
125146 125064
125121 125049
125118 125050
125146 125030
125166 125181
125073 125057
125159 125118
125184 125131
125155 125074
125120 125031
125193 125209
125140 125195
125125 125164
125046 125148
125167 125132
125123 125207
125063 125196
125173 125162
125125 125169
125175 125204
125180 125100
125085 125011
125139 125042
125098 125181
125184 125084
125174 125063
125149 125173
125018 125176
125087 125119
125122 125050
125208 125093
125173 125016
125036 125162
125045 125169
125193 125205
125167 125209
125045 125066
125205 125135
125044 125128
125110 125039
125059 125055
125200 125129
125160 125114
125030 125194
125206 125132
125115 125060
125151 125107
125143 125011
125011 125112
125166 125095
125195 125054
125083 125017
125032 125172
125210 125164
125014 125168
125188 125112
125207 125085
125021 125078
125019 125035
125075 125028
125021 125149
125014 125074
125120 125100
125064 125139
125098 125039
125020 125160
125064 125178
125074 125058
125063 125154
125176 125196
125107 125106
125145 125075
125044 125173
125045 125068
125176 125183
125048 125124
125052 125162
125115 125059
125020 125158
125144 125143
125081 125205
125123 125125
125151 125090
125056 125165
125210 125037
125146 125086
125178 125064
125102 125205
125144 125023
125196 125072
125043 125014
125021 125210
125178 125040
125068 125077
125116 125093
125203 125054
125033 125129
125079 125045
125197 125031
125139 125136
125071 125145
125139 125030
125084 125066
125018 125104
125170 125131
125121 125049
125096 125074
125017 125023
125097 125077
125158 125012
125138 125194
125157 125162
125170 125012
125180 125085
125080 125040
125138 125027
125157 125092
125040 125118
125101 125027
125078 125052
125126 125197
125128 125163
125022 125019
125118 125194
125070 125102
125143 125046
125172 125173
125092 125104
125048 125047
125120 125146
125011 125035
125043 125093
125128 125037
125086 125067
125189 125057
125103 125177
125100 125210
125205 125141
125115 125075
125075 125014
125107 125140
125089 125044
125152 125078
125172 125118
125163 125124
125045 125075
125108 125051
62632 62574
62601 62668
62564 62665
62709 62554
62696 62687
62628 62523
62544 62524
62569 62512
62542 62662
62572 62574
62679 62587
62678 62510
62582 62622
62661 62638
62591 62533
62700 62622
62628 62604
62698 62520
62627 62630
62599 62618
62705 62572
62709 62648
62625 62570
62557 62647
62649 62514
62598 62706
62519 62535
62624 62587
62588 62511
62546 62624
62663 62651
62517 62580
62672 62573
62608 62690
62587 62551
62675 62535
62536 62652
62574 62680
62510 62589
62676 62607
62606 62615
62655 62601
62558 62604
62528 62617
62557 62571
62635 62609
62634 62705
62597 62592
62604 62669
62530 62625
62563 62596
62580 62607
62654 62641
62512 62524
62544 62603
62592 62617
62581 62539
62679 62666
62536 62672
62562 62651
62629 62626
62632 62637
62568 62646
62689 62612
62612 62604
62574 62623
62674 62518
62623 62617
62589 62641
62524 62680
62578 62655
62682 62686
62619 62531
62602 62671
62583 62604
62586 62526
62632 62535
62652 62600
62662 62690
62643 62588
62569 62573
62638 62690
62646 62526
62544 62511
62705 62525
62604 62557
62512 62540
62656 62619
62545 62661
62535 62699
62628 62639
62569 62599
62535 62574
62665 62547
62679 62681
62557 62587
62664 62670
62512 62532
62511 62564
62700 62652
62620 62682
62641 62622
62570 62545
62579 62538
62547 62616
62541 62575
62641 62521
62645 62586
62577 62622
62656 62696
62622 62689
62601 62697
62639 62664
62656 62523
62702 62520
62519 62578
62612 62612
62627 62538
62679 62707
62516 62510
62600 62640
62575 62675
62614 62667
62639 62637
62682 62647
62666 62606
62631 62540
62521 62619
62653 62643
62621 62618
62668 62526
62646 62538
62522 62519
62662 62696
62559 62686
62544 62598
62658 62675
62608 62703
62683 62614
62590 62622
62605 62690
62680 62618
62608 62511
62640 62647
62576 62708
62617 62535
62613 62647
62628 62683
62514 62549
62622 62569
62618 62536
62599 62513
62691 62671
62550 62692
62608 62527
62551 62695
62604 62597
62690 62673
62636 62568
62636 62542
31359 31372
31347 31341
31269 31437
31452 31418
31356 31448
31405 31448
31386 31332
31413 31293
31365 31262
31274 31347
31346 31380
31434 31346
31338 31308
31384 31383
31273 31459
31276 31419
31426 31332
31352 31390
31444 31318
31338 31454
31415 31313
31386 31346
31421 31298
31316 31406
31281 31283
31287 31459
31409 31312
31265 31280
31399 31327
31405 31334
31413 31455
31376 31391
31429 31424
31320 31325
31439 31430
31298 31304
31292 31454
31313 31411
31437 31309
31451 31457
31295 31373
31321 31446
31291 31335
31330 31262
31279 31421
31287 31366
31360 31371
31362 31313
31362 31452
31378 31393
31370 31415
31310 31316
31291 31307
31280 31297
31346 31443
31279 31418
31355 31310
31340 31459
31352 31419
31390 31301
31390 31349
31272 31451
31284 31429
31428 31447
31452 31262
31296 31295
31364 31358
31347 31348
31327 31428
31278 31372
31286 31382
31426 31369
31302 31444
31374 31339
31350 31314
31290 31454
31415 31447
31272 31338
31422 31421
31303 31332
31431 31366
31264 31403
31381 31328
31358 31268
31436 31413
31298 31288
31429 31293
31307 31431
31343 31338
31284 31279
31290 31407
31366 31343
31340 31271
31344 31282
31458 31305
31266 31287
31344 31261
31373 31326
31292 31398
31324 31389
31323 31456
31351 31435
31393 31444
31413 31373
31311 31320
31322 31459
31263 31382
31372 31396
31264 31446
31355 31446
31295 31291
31358 31342
31459 31282
31274 31446
31458 31346
31294 31457
31411 31267
31366 31299
31424 31448
31314 31384
31411 31433
31298 31302
31385 31267
31273 31436
31286 31291
31273 31406
31350 31426
31330 31450
31405 31423
31335 31350
31331 31294
31358 31355
31274 31383
31351 31387
31343 31273
31426 31353
31346 31369
31302 31335
31355 31376
31390 31267
31362 31306
31386 31286
31371 31373
31268 31334
31449 31282
31337 31388
31358 31360
31299 31270
31457 31456
31373 31327
31430 31319
31387 31273
31359 31316
31443 31398
31298 31413
31338 31342
31426 31345
31371 31335
31374 31310
31281 31324
12 113
99 52
95 170
178 199
131 111
80 174
80 54
192 40
85 38
110 98
74 17
93 200
86 57
25 99
67 174
154 33
149 123
8 11
42 106
169 101
157 73
9 54
46 86
22 139
116 104
95 86
163 182
22 111
165 44
129 40
200 171
65 41
80 91
111 190
39 34
192 78
138 48
74 54
72 86
89 170
21 97
14 26
85 22
15 99
47 93
121 155
90 50
130 36
197 50
157 157
57 21
182 30
100 21
151 41
59 4
2 168
156 80
159 189
125 167
165 26
46 31
143 5
181 21
177 121
4 194
9 38
139 178
8 96
158 89
88 16
19 174
144 166
60 86
200 34
35 52
74 66
11 34
35 154
128 192
118 55
186 3
68 143
12 120
83 83
30 157
128 85
121 191
103 180
5 178
166 6
166 20
2 140
89 86
13 148
113 57
161 148
77 196
119 136
83 57
15 141
97 153
101 88
144 36
122 91
5 104
44 172
101 97
106 147
177 98
145 67
41 11
194 101
129 196
18 57
68 77
49 105
135 185
96 98
67 81
191 28
82 83
139 5
22 60
133 16
123 144
171 185
34 109
191 31
103 164
155 66
22 103
71 7
59 22
18 118
50 161
176 95
87 84
98 33
3 57
12 66
144 178
163 112
96 42
181 156
135 2
94 182
4 173
29 77
12 114
51 39
41 139
85 138
176 100
104 77
25 143
14 75
70 26
29 99
38 173
184 145
198 38
43 152
139 15
110 36
42 184
75 97
93 32
197 77
93 135
165 109
25 7
164 100
98 170
174 198
56 55
32 45
170 72
126 3
18 180
152 187
106 180
135 77
155 20
45 29
30 101
108 44
192 139
181 139
165 179
97 80
185 160
158 122
120 176
182 64
77 7
137 182
83 27
9 3
124 16
97 186
