# source: JorikJooken
# original path: jj_extract\knapsackProblemInstances-master\problemInstances\n_800_c_1000000_g_14_f_0.3_eps_1e-05_s_300\test.in
# optimal value: 1026984
# format: n capacity, then weight value
800 1000000
500134 500093
500099 500269
500173 500081
500186 500171
500306 500165
500129 500083
500099 500293
500175 500184
500035 500147
500189 500201
500177 500046
500189 500278
500164 500014
500264 500205
500248 500172
500224 500098
500111 500069
500070 500236
500068 500284
500188 500159
500013 500245
500017 500019
500228 500242
500081 500010
500076 500038
500166 500070
500268 500303
500228 500281
500088 500123
500118 500080
500139 500263
500062 500059
500156 500137
500153 500110
500182 500241
500246 500073
500117 500108
500304 500107
500229 500105
500286 500071
500123 500255
500016 500043
500015 500243
250099 250114
250144 250227
250242 250278
250252 250288
250120 250220
250145 250114
250296 250256
250131 250238
250030 250088
250175 250269
250239 250075
250130 250240
250283 250166
250280 250291
250223 250230
250098 250092
250109 250179
250122 250095
250065 250309
250081 250131
250123 250273
250157 250269
250048 250262
250297 250117
250306 250189
250195 250149
250192 250253
250127 250138
250247 250107
250283 250020
250196 250056
250247 250265
250118 250204
250269 250029
250188 250079
250302 250270
250180 250211
250304 250262
250175 250201
250012 250246
250242 250092
250267 250163
250226 250264
125285 125125
125082 125190
125036 125227
125081 125222
125174 125309
125265 125258
125269 125125
125294 125255
125025 125133
125295 125024
125086 125173
125233 125058
125175 125172
125156 125265
125190 125218
125116 125074
125108 125244
125210 125023
125296 125200
125082 125272
125131 125044
125081 125222
125280 125023
125040 125027
125241 125249
125015 125146
125156 125059
125299 125081
125011 125305
125011 125104
125178 125258
125252 125096
125184 125310
125308 125169
125061 125049
125275 125284
125214 125104
125149 125083
125235 125110
125130 125078
125110 125024
125092 125078
125158 125049
62791 62735
62720 62745
62623 62735
62671 62635
62696 62621
62729 62785
62623 62722
62514 62700
62617 62704
62671 62581
62608 62761
62722 62728
62781 62596
62548 62808
62584 62512
62616 62771
62536 62628
62798 62579
62672 62655
62795 62661
62559 62751
62659 62760
62801 62751
62533 62708
62570 62667
62553 62538
62511 62743
62722 62556
62712 62631
62653 62543
62751 62639
62617 62700
62572 62626
62521 62643
62575 62768
62554 62775
62754 62656
62737 62603
62545 62566
62557 62663
62726 62515
62584 62613
62624 62724
31518 31460
31388 31332
31435 31520
31506 31329
31340 31369
31371 31283
31321 31446
31375 31316
31474 31389
31382 31477
31353 31322
31488 31304
31381 31280
31268 31466
31520 31469
31532 31380
31391 31416
31479 31314
31484 31351
31316 31267
31449 31284
31493 31292
31472 31338
31459 31402
31317 31454
31534 31296
31378 31355
31442 31523
31360 31530
31515 31341
31301 31441
31370 31413
31386 31343
31404 31555
31439 31263
31422 31275
31340 31551
31369 31332
31439 31346
31386 31451
31458 31485
31399 31481
31559 31534
15812 15670
15642 15676
15783 15772
15868 15753
15725 15737
15797 15681
15907 15825
15770 15767
15657 15771
15682 15742
15803 15718
15899 15676
15930 15859
15908 15860
15727 15934
15746 15909
15704 15661
15799 15735
15729 15796
15648 15806
15821 15808
15703 15786
15701 15834
15788 15866
15670 15786
15692 15872
15849 15873
15820 15888
15814 15655
15686 15747
15787 15804
15695 15650
15817 15821
15914 15663
15895 15640
15782 15663
15721 15642
15758 15791
15662 15668
15762 15665
15727 15882
15822 15744
15833 15685
8014 8121
7926 8063
7885 7992
8003 7931
8088 7851
8028 8006
8113 7967
8040 7833
7939 8082
7895 7975
7967 7978
7846 7938
7874 8031
7947 7899
8010 8110
8023 8070
7886 7907
8111 8047
7835 7887
8015 7997
8069 7857
7884 7885
8073 7892
7827 8080
8093 8122
8025 8060
8077 7945
7959 8104
8080 8086
8017 7950
8117 8043
8060 8038
7896 7900
7947 7930
8034 8119
7891 7891
7953 7943
7905 7873
7877 8116
8092 7992
8067 7981
7912 7909
8083 8078
4200 4124
4095 3973
4187 3995
4195 4082
4118 4133
4057 4094
4146 3933
4092 3964
3964 4186
4124 3973
4085 4128
4194 4207
4156 3957
4177 4018
4085 3957
3989 4073
4016 4195
4179 4134
4183 4032
4139 4138
4060 3972
4156 3927
3952 4189
3993 4067
3956 4190
4093 4007
4196 4102
3982 4075
3969 4142
4029 4055
4136 4215
4011 4185
4135 4139
3947 3998
3979 4147
3960 4125
4151 3997
4139 4183
3988 3974
4048 3998
3951 4096
4179 3995
3971 4063
1966 2186
1985 2241
1988 2154
2086 2122
2207 2242
2081 2262
2171 2093
2180 2098
1985 2253
2131 2042
2059 2058
2190 2050
1997 1994
2083 2061
2061 2173
2109 1967
2114 1980
1992 2165
2204 2248
2146 2056
1968 2214
1997 2219
1991 2137
2253 2222
2168 1988
2232 2007
2128 2216
2176 2063
2006 2051
2180 2219
2121 2175
2146 1999
1995 1999
2026 2165
1990 2121
2142 2162
2153 2107
2073 2119
2050 2242
2076 2203
2049 2214
2029 2030
2147 2000
1123 1025
1141 1086
1252 1240
1283 1017
1203 1084
1282 1207
1006 1209
1217 1054
1058 1182
1022 1169
1174 1183
1224 1051
1111 1120
1029 1031
1056 1239
1234 1156
1130 1032
1202 1034
1224 995
1018 1080
1226 1105
1063 1082
1165 1002
1107 1066
991 1087
1079 1285
1273 1265
1212 1250
1066 1231
1161 1140
1012 1260
1255 1080
1074 1255
1223 1024
1019 1198
1220 1099
1131 1131
1268 1253
1278 1171
1222 1069
1010 1059
1001 1002
1070 1017
585 646
779 536
612 623
547 704
691 584
587 727
785 632
577 529
580 500
573 730
525 572
660 661
687 601
783 685
537 742
645 752
686 575
514 642
776 723
685 645
696 506
736 565
653 647
688 548
681 606
696 568
611 768
701 712
567 550
761 795
592 594
612 554
639 754
680 675
796 573
527 531
773 655
670 720
764 655
619 578
723 650
628 669
762 600
365 363
348 345
392 290
445 482
424 404
516 287
297 390
469 298
503 277
362 416
460 356
311 343
322 444
476 538
453 408
430 258
423 540
453 538
532 429
299 256
459 408
513 433
346 463
473 279
542 508
299 494
508 346
493 515
356 360
409 363
472 532
284 325
480 457
505 317
315 380
257 386
277 337
450 267
423 311
295 354
418 452
355 350
296 554
406 140
386 336
194 261
249 316
363 301
195 405
193 225
166 236
390 338
346 270
415 253
197 281
370 209
393 337
187 375
166 158
410 361
400 200
360 172
284 403
193 349
376 179
363 282
295 289
406 389
367 401
425 188
387 134
258 204
289 240
353 175
152 216
415 257
301 268
267 322
212 170
359 306
432 139
143 187
156 282
429 208
338 265
207 160
296 125
150 83
282 167
135 154
277 30
7 96
79 40
241 170
11 125
115 109
2 236
143 162
17 15
67 156
194 87
289 168
174 201
174 179
74 198
41 197
22 36
288 87
73 26
14 105
95 202
174 280
172 9
34 191
251 96
76 68
38 49
299 45
81 16
87 102
295 137
141 133
91 132
235 218
62 136
237 123
53 127
87 240
120 5
155 39
131 16
118 29
86 74
256 110
163 143
293 262
223 34
208 12
8 272
163 205
143 140
27 162
250 78
91 273
263 272
204 197
162 244
164 83
92 239
293 5
287 135
231 279
206 124
17 124
264 211
208 294
185 294
192 201
209 113
265 236
18 72
125 117
272 127
42 217
242 138
234 89
68 257
211 36
286 272
108 10
167 281
295 291
65 3
233 257
275 5
80 165
125 72
80 42
83 240
196 225
110 225
278 182
52 29
275 277
162 41
27 207
220 228
293 230
231 298
150 208
105 13
111 54
270 239
20 264
137 173
126 80
186 95
70 179
187 156
5 157
58 57
193 214
158 62
225 246
183 46
5 7
159 112
138 34
61 22
212 43
289 236
259 232
238 63
270 39
283 27
107 81
51 28
134 285
94 106
179 170
171 130
14 42
279 118
99 146
220 294
6 45
178 49
58 110
2 137
105 88
34 230
186 135
217 133
222 131
186 23
41 145
108 133
201 128
197 222
182 231
216 286
191 170
106 59
106 175
195 248
296 120
177 223
82 186
21 270
12 116
287 35
278 118
63 208
228 279
291 163
152 124
92 8
263 75
299 224
107 3
1 176
43 52
92 289
119 20
163 42
97 10
268 139
20 129
242 212
237 67
123 158
210 268
217 132
39 93
84 193
264 134
224 185
68 270
44 67
184 44
29 150
128 209
132 192
234 40
101 77
271 61
190 4
118 293
47 29
115 293
79 275
28 206
268 240
72 26
98 134
134 174
230 169
120 56
55 205
234 181
239 33
239 108
61 77
242 203
196 193
64 63
249 36
133 177
79 130
210 228
269 228
247 50
256 230
115 242
52 75
63 287
242 38
267 126
171 33
251 297
145 30
209 289
232 254
67 14
101 178
190 280
67 146
