# source: JorikJooken
# original path: jj_extract\knapsackProblemInstances-master\problemInstances\n_1200_c_1000000_g_10_f_0.2_eps_0.001_s_200\test.in
# optimal value: 1019930
# format: n capacity, then weight value
1200 1000000
501159 501132
501101 501145
501138 501069
501188 501030
501061 501167
501105 501196
501062 501178
501162 501129
501141 501196
501155 501200
501045 501002
501098 501052
501076 501088
501118 501054
501055 501177
501113 501142
501102 501131
501137 501176
501063 501048
501011 501007
501124 501195
501047 501030
501193 501111
501174 501107
501028 501065
501188 501097
501190 501027
501060 501047
501086 501184
501094 501129
501174 501013
501013 501093
501120 501107
501112 501041
501118 501033
501009 501150
501083 501134
501105 501168
501189 501144
501117 501144
501175 501186
501178 501145
501164 501072
501157 501102
501061 501043
501063 501152
501041 501155
501013 501139
501099 501017
501144 501109
501181 501183
501063 501106
501174 501045
501186 501179
501115 501080
501002 501073
501008 501025
501138 501082
501012 501067
501088 501133
501030 501136
501086 501042
501071 501147
501146 501155
501086 501039
501195 501027
501007 501023
501027 501168
501040 501162
501002 501085
501118 501048
501148 501033
501183 501045
501007 501119
501002 501162
501194 501161
501054 501118
501043 501002
501165 501174
501152 501188
501133 501168
501050 501078
501096 501006
501075 501150
501102 501168
501079 501138
501068 501172
501155 501125
501060 501092
501174 501011
501162 501129
501182 501101
501175 501138
501193 501158
501152 501191
501150 501065
501041 501184
501134 501004
501055 501111
501195 501125
501136 501166
501189 501025
501063 501136
501130 501167
501050 501010
501058 501055
251142 251049
251186 251139
251047 251162
251100 251148
251168 251074
251180 251053
251050 251067
251144 251045
251161 251143
251173 251154
251122 251036
251046 251070
251127 251026
251157 251066
251127 251028
251164 251087
251121 251058
251120 251072
251146 251037
251099 251194
251002 251044
251081 251032
251115 251188
251056 251122
251031 251053
251040 251051
251136 251111
251080 251118
251194 251180
251071 251049
251106 251098
251052 251078
251043 251044
251099 251086
251193 251160
251156 251133
251108 251143
251067 251156
251158 251155
251058 251057
251029 251093
251043 251133
251178 251039
251048 251200
251073 251082
251175 251056
251024 251144
251079 251010
251041 251104
251189 251057
251162 251135
251073 251006
251192 251129
251047 251057
251147 251155
251055 251084
251070 251171
251087 251167
251042 251027
251041 251172
251184 251152
251135 251090
251076 251049
251067 251149
251074 251003
251153 251003
251086 251096
251196 251046
251192 251004
251044 251105
251007 251075
251020 251014
251118 251194
251169 251103
251008 251070
251085 251030
251138 251047
251180 251200
251042 251142
251009 251068
251179 251120
251111 251044
251026 251042
251145 251154
251139 251009
251191 251198
251040 251165
251015 251153
251144 251110
251137 251144
251154 251044
251041 251060
251112 251191
251168 251155
251070 251049
251197 251113
251048 251191
251013 251017
251077 251156
251052 251161
251025 251029
251051 251169
251143 251100
251069 251141
251062 251115
251177 251017
126063 126076
126047 126073
126175 126191
126196 126083
126176 126005
126143 126165
126099 126194
126067 126048
126167 126011
126132 126030
126026 126067
126183 126034
126083 126060
126158 126077
126196 126011
126063 126082
126150 126145
126014 126177
126067 126054
126199 126131
126197 126109
126026 126121
126114 126036
126143 126126
126032 126181
126016 126104
126125 126101
126075 126025
126133 126056
126073 126009
126141 126064
126064 126117
126156 126037
126171 126003
126022 126198
126176 126102
126030 126080
126172 126091
126141 126051
126088 126192
126040 126153
126092 126112
126095 126123
126142 126036
126139 126085
126134 126115
126164 126120
126015 126191
126037 126105
126160 126022
126132 126095
126026 126111
126144 126054
126140 126065
126154 126061
126199 126018
126163 126049
126178 126133
126052 126006
126024 126020
126006 126200
126171 126065
126156 126160
126119 126051
126123 126076
126102 126031
126097 126094
126014 126107
126145 126147
126058 126072
126153 126103
126074 126024
126055 126151
126103 126159
126150 126174
126181 126029
126092 126155
126176 126061
126020 126090
126044 126147
126067 126136
126175 126154
126016 126085
126023 126106
126161 126103
126166 126181
126007 126037
126027 126054
126075 126163
126056 126108
126037 126012
126124 126197
126136 126157
126018 126005
126068 126099
126138 126012
126191 126059
126145 126025
126011 126146
126153 126093
126043 126137
126158 126161
126100 126167
126183 126112
126148 126042
126067 126037
63511 63543
63552 63545
63545 63512
63548 63530
63629 63607
63507 63574
63657 63624
63574 63587
63530 63591
63622 63686
63623 63645
63561 63623
63631 63530
63503 63551
63621 63572
63622 63697
63628 63525
63593 63656
63636 63654
63520 63589
63522 63649
63576 63556
63665 63585
63649 63597
63581 63574
63654 63530
63669 63600
63640 63539
63577 63528
63693 63631
63678 63582
63670 63532
63567 63695
63635 63644
63668 63690
63546 63554
63501 63590
63546 63610
63574 63517
63645 63654
63515 63562
63660 63567
63653 63514
63511 63636
63573 63502
63645 63596
63635 63509
63613 63527
63520 63681
63535 63575
63661 63609
63630 63687
63534 63614
63656 63687
63581 63574
63521 63614
63560 63559
63696 63502
63684 63545
63658 63696
63683 63551
63567 63551
63670 63565
63520 63694
63645 63642
63608 63650
63570 63555
63553 63537
63577 63618
63614 63667
63533 63578
63686 63614
63585 63685
63564 63616
63662 63559
63509 63508
63525 63672
63616 63655
63548 63505
63659 63579
63501 63605
63679 63595
63683 63636
63611 63647
63698 63696
63666 63511
63610 63578
63535 63697
63661 63583
63602 63639
63605 63661
63547 63606
63590 63598
63504 63638
63582 63547
63670 63693
63645 63623
63611 63584
63632 63610
63634 63551
63534 63542
63580 63612
63671 63644
63612 63649
63695 63537
63692 63506
32252 32409
32363 32356
32396 32440
32301 32433
32259 32344
32333 32367
32253 32353
32361 32368
32391 32381
32371 32320
32307 32423
32387 32422
32369 32268
32324 32320
32300 32273
32293 32311
32298 32422
32284 32414
32324 32449
32324 32386
32328 32339
32341 32309
32259 32301
32338 32434
32305 32306
32316 32432
32402 32446
32284 32311
32342 32409
32444 32310
32433 32414
32355 32344
32284 32327
32392 32383
32390 32303
32325 32328
32413 32357
32349 32352
32266 32385
32326 32431
32442 32424
32252 32386
32447 32366
32274 32389
32256 32399
32264 32448
32342 32312
32282 32295
32347 32325
32385 32400
32286 32422
32419 32266
32299 32274
32303 32372
32273 32304
32355 32439
32298 32385
32256 32277
32361 32337
32298 32358
32359 32261
32283 32258
32414 32393
32381 32406
32342 32419
32437 32322
32326 32269
32372 32426
32377 32410
32427 32406
32362 32415
32435 32313
32445 32270
32398 32369
32255 32450
32425 32342
32327 32401
32268 32320
32272 32392
32254 32409
32398 32342
32345 32262
32385 32355
32372 32433
32329 32420
32410 32366
32375 32265
32428 32385
32397 32283
32372 32334
32333 32295
32420 32418
32352 32287
32374 32385
32429 32367
32326 32397
32417 32405
32337 32390
32344 32365
32356 32379
32431 32296
32429 32373
32369 32368
32417 32404
32393 32365
32289 32338
16646 16754
16677 16631
16823 16697
16663 16651
16641 16804
16755 16739
16727 16744
16723 16819
16725 16753
16738 16715
16707 16759
16639 16778
16662 16648
16792 16662
16733 16703
16631 16777
16822 16755
16667 16636
16737 16745
16666 16710
16818 16811
16808 16733
16807 16806
16740 16822
16804 16652
16765 16760
16819 16815
16762 16803
16724 16690
16695 16675
16814 16748
16774 16773
16764 16805
16672 16646
16731 16690
16767 16686
16757 16743
16722 16633
16676 16822
16627 16691
16820 16723
16718 16754
16644 16803
16665 16642
16723 16777
16642 16768
16769 16777
16737 16686
16656 16717
16679 16809
16659 16782
16726 16693
16799 16801
16821 16716
16819 16734
16648 16779
16704 16810
16728 16689
16791 16640
16717 16657
16631 16690
16798 16714
16675 16751
16713 16789
16754 16690
16784 16663
16815 16703
16772 16684
16641 16706
16682 16655
16766 16630
16660 16775
16701 16765
16668 16652
16742 16730
16662 16682
16712 16702
16799 16762
16672 16707
16725 16634
16661 16658
16702 16716
16817 16810
16773 16632
16661 16742
16818 16814
16701 16662
16785 16780
16759 16703
16665 16650
16766 16681
16703 16634
16778 16656
16735 16737
16783 16680
16813 16645
16662 16676
16708 16786
16812 16717
16633 16818
16721 16789
16673 16687
16682 16800
16674 16755
16630 16725
16795 16721
8945 9008
8917 8928
8837 9005
8840 8967
8984 8864
8865 8966
8959 8909
8946 8919
8984 8991
8844 8849
8858 8875
8835 8904
8911 9000
8836 8942
8828 8864
8947 8997
8874 8952
8923 8859
8825 8986
8909 8967
8885 8835
8898 8984
8926 8871
8964 8934
8957 8997
8861 8861
8873 8889
9007 8913
8885 8834
8949 8927
8919 8982
8861 8979
8985 8931
9005 8967
8938 8913
8894 8859
8970 8965
8882 8941
8832 8987
8874 8815
8833 8964
8915 8931
8978 9008
8938 8991
9005 8936
8930 8899
8992 8955
8819 8988
8825 8837
8935 8882
8897 8906
8815 8921
8914 8921
8971 8886
8958 8870
8994 8974
9011 8840
8891 8818
8858 8973
8838 8870
8821 8891
8839 8974
8839 8915
8908 8897
8867 8904
8874 8846
8962 8904
8903 8920
8928 8904
8827 9011
8836 8915
8877 8841
8939 9003
8983 8878
8905 8941
8997 8960
8883 8866
8848 8816
8889 8829
8839 8817
8886 9004
8896 8974
8912 9004
8884 8849
8968 8869
9000 8831
8944 8974
8968 8854
8843 8848
8872 8868
8930 8816
8870 8910
8891 8862
8917 8972
8835 8907
8887 8966
8934 8957
8987 8879
9011 8852
8848 8830
8965 8989
8963 8940
8998 8956
8858 8864
8822 8813
8951 9006
5000 5073
5029 5000
4959 4978
5059 4981
5049 5046
4978 4923
5027 5064
4927 5002
5022 4919
4986 5002
4964 5079
5030 4998
4920 4950
5063 5018
5074 5016
4996 5023
4947 5056
5011 5095
4910 4963
5064 5095
4940 4977
5048 5077
5013 5049
4982 5072
5080 5085
5018 4983
5048 5065
5083 5028
4930 4993
5019 5031
5047 5006
4967 4964
4907 5106
4997 4951
5079 4957
5016 5009
5092 5063
5011 5074
5048 4929
5062 5103
5058 5024
5084 5049
5072 5039
4969 5005
4924 4994
4966 5067
5089 5016
5048 5079
5051 4962
4987 5103
5105 5031
5081 4907
4949 5048
4934 5105
4952 5080
5080 4914
4970 5028
4965 5023
4934 4971
5080 5054
5021 5028
5105 4948
5101 4916
5056 4968
4936 5047
4916 4964
4982 5030
4991 5001
5058 5059
4994 4924
5030 4959
5018 5027
5059 4962
4960 4972
5092 5004
5015 5006
4941 5022
4935 5036
5083 4972
5083 4913
4935 5078
4935 4925
5008 4948
4934 5089
4941 4961
5008 5106
4984 4984
4956 4918
4916 4976
4974 5058
5079 5074
4922 5000
4979 4988
5067 5063
5031 5004
4951 5038
4968 5034
5025 5003
5001 5027
5060 4919
5068 5013
4939 4908
5003 5047
5041 4958
4919 4997
5003 5012
2985 2967
3072 3065
2997 3132
3109 3098
3023 3153
2976 3032
2966 3098
2990 3019
3103 3132
3108 2973
3123 3094
3039 3076
2988 3000
3046 2976
3123 3123
3034 3057
3099 3035
3061 2956
3129 3041
3079 2959
2986 2980
3024 2983
3075 3119
2978 3107
3056 3093
3023 3056
3081 3070
3073 3108
3075 2998
3004 3016
3084 3079
3014 3061
3145 3066
3147 3095
3153 2975
3132 3065
3060 2989
3039 3011
3050 2965
3146 3072
2973 3077
3010 3029
3079 3114
2970 3143
3013 3085
3015 3104
3085 3068
3041 2980
3112 3144
2965 2958
2961 3091
3153 3113
3121 3077
3040 3102
3070 2988
3095 3015
3037 2976
2969 3126
2975 3076
3146 3027
3152 3041
3131 3144
3032 3108
3038 3002
3001 3016
2995 2973
3030 2962
3052 3116
3003 2980
3039 2961
3055 2997
3120 3038
3033 3027
2990 3049
2971 3078
3075 3144
3126 3029
3128 3121
3003 2982
3148 3147
2967 3032
2967 3066
2993 3034
2960 3134
3111 3049
3024 3123
3101 2974
3123 3004
2956 3092
3061 3017
3038 3005
3093 2994
3027 3081
3069 3018
3103 3057
3032 3060
3142 3048
3083 3144
3137 3011
3093 3046
2977 2992
3004 3134
3145 2970
2958 3014
3146 2991
3114 3009
194 152
58 50
130 39
3 113
75 57
132 148
168 149
6 140
121 98
184 25
88 167
93 180
42 9
92 50
23 41
87 120
182 87
146 195
16 142
165 182
91 28
162 79
136 49
51 122
89 41
100 47
161 180
143 47
191 139
8 110
58 88
19 154
43 49
46 150
169 15
84 133
159 53
118 128
175 31
162 54
2 37
70 151
94 126
4 173
164 123
24 125
128 58
143 180
119 197
24 178
125 102
164 35
156 101
135 106
93 80
16 55
79 100
98 103
29 149
129 103
114 198
28 81
187 10
91 9
123 62
172 88
188 83
140 136
184 75
95 87
136 94
132 164
58 117
136 98
130 150
80 9
193 20
105 90
108 112
111 104
49 170
74 160
4 49
53 18
170 38
87 156
32 41
76 41
108 92
197 69
172 12
137 37
21 74
36 10
113 35
79 150
187 83
151 167
92 76
197 179
9 144
118 165
145 95
63 200
114 24
108 175
68 30
181 121
35 77
56 131
77 79
20 4
61 13
6 47
88 109
172 86
148 141
21 18
189 107
12 70
175 120
97 29
173 98
182 79
185 158
135 144
140 174
16 12
151 63
155 54
80 184
93 126
14 5
55 195
61 115
171 59
8 74
130 124
13 21
52 31
55 4
62 78
7 133
145 167
67 98
45 160
165 35
181 184
114 15
39 123
131 59
75 159
30 155
141 113
22 73
15 76
79 122
45 30
136 45
28 9
33 174
160 197
169 160
38 5
193 191
19 165
137 139
56 85
186 104
126 160
185 137
106 103
148 45
71 81
90 137
49 7
152 109
80 185
126 167
83 76
127 45
109 174
200 37
22 55
166 186
40 96
111 164
98 179
92 155
108 190
60 185
6 10
170 168
8 58
102 8
149 61
100 194
110 43
142 69
124 144
160 147
191 107
30 187
108 62
108 59
46 54
160 160
7 10
131 84
164 17
147 142
83 102
120 153
176 60
53 166
146 152
5 53
130 35
168 135
39 176
91 166
160 142
105 181
134 50
96 82
195 81
95 162
109 31
95 167
5 16
194 156
130 69
54 105
2 109
45 28
192 27
72 18
120 183
12 137
64 24
178 148
98 31
14 150
46 151
50 136
90 168
