# source: JorikJooken
# original path: jj_extract\knapsackProblemInstances-master\problemInstances\n_600_c_100000000_g_6_f_0.1_eps_0.0001_s_100\test.in
# optimal value: 97190578
# format: n capacity, then weight value
600 100000000
50010040 50010050
50010097 50010036
50010028 50010046
50010023 50010065
50010064 50010099
50010085 50010001
50010040 50010070
50010018 50010067
50010082 50010048
50010016 50010035
50010009 50010075
50010002 50010045
50010073 50010088
50010019 50010100
50010080 50010069
50010022 50010047
50010042 50010025
50010020 50010009
50010066 50010090
50010064 50010036
50010099 50010059
50010070 50010037
50010044 50010050
50010048 50010068
50010097 50010064
50010097 50010009
50010073 50010088
50010039 50010086
50010046 50010071
50010006 50010074
50010094 50010088
50010070 50010088
50010048 50010082
50010040 50010082
50010081 50010049
50010058 50010067
50010055 50010074
50010076 50010033
50010017 50010008
50010070 50010072
50010004 50010010
50010069 50010009
50010028 50010097
50010002 50010074
50010076 50010046
50010056 50010014
50010078 50010017
50010042 50010068
50010070 50010084
50010027 50010033
50010028 50010098
50010059 50010061
50010008 50010058
50010044 50010027
50010011 50010086
50010029 50010012
50010090 50010010
50010078 50010012
50010065 50010084
50010067 50010028
50010053 50010099
50010064 50010051
50010053 50010092
50010002 50010033
50010092 50010073
50010013 50010093
50010100 50010100
50010037 50010025
50010074 50010004
50010022 50010042
50010090 50010009
50010077 50010016
50010066 50010020
50010010 50010004
50010040 50010012
50010045 50010011
50010006 50010056
50010001 50010029
50010009 50010001
50010026 50010073
50010064 50010088
50010008 50010063
50010066 50010050
50010056 50010039
50010082 50010099
50010048 50010019
50010012 50010001
50010085 50010013
50010017 50010084
50010006 50010049
50010099 50010002
50010033 50010052
50010024 50010080
50010057 50010042
50010090 50010008
50010004 50010062
50010082 50010085
50010010 50010092
50010020 50010092
50010029 50010040
50010030 50010063
50010014 50010088
50010051 50010031
50010070 50010045
50010064 50010089
50010068 50010011
50010013 50010077
50010044 50010066
25010007 25010044
25010041 25010089
25010078 25010038
25010098 25010034
25010051 25010071
25010026 25010097
25010081 25010070
25010061 25010033
25010004 25010031
25010077 25010004
25010012 25010050
25010100 25010086
25010052 25010014
25010096 25010088
25010090 25010033
25010099 25010060
25010087 25010045
25010077 25010006
25010063 25010051
25010003 25010079
25010077 25010057
25010031 25010018
25010095 25010057
25010037 25010050
25010099 25010030
25010034 25010080
25010002 25010011
25010026 25010035
25010066 25010060
25010030 25010091
25010083 25010079
25010037 25010005
25010056 25010009
25010092 25010062
25010082 25010059
25010090 25010035
25010060 25010100
25010047 25010059
25010066 25010045
25010076 25010014
25010098 25010061
25010087 25010041
25010099 25010082
25010038 25010095
25010084 25010044
25010055 25010071
25010047 25010041
25010066 25010022
25010017 25010087
25010032 25010011
25010005 25010059
25010034 25010029
25010086 25010072
25010021 25010044
25010080 25010082
25010099 25010090
25010011 25010026
25010042 25010079
25010100 25010094
25010035 25010014
25010078 25010045
25010057 25010098
25010059 25010070
25010027 25010070
25010095 25010021
25010039 25010095
25010032 25010044
25010040 25010049
25010003 25010003
25010065 25010083
25010093 25010047
25010032 25010011
25010004 25010015
25010052 25010011
25010063 25010034
25010096 25010071
25010072 25010038
25010083 25010049
25010003 25010027
25010063 25010038
25010045 25010004
25010052 25010006
25010045 25010074
25010047 25010071
25010091 25010034
25010086 25010023
25010024 25010086
25010047 25010021
25010001 25010073
25010017 25010048
25010058 25010066
25010042 25010069
25010081 25010073
25010004 25010071
25010031 25010081
25010078 25010045
25010018 25010024
25010029 25010052
25010050 25010059
25010095 25010015
25010050 25010065
25010071 25010029
25010028 25010035
25010084 25010078
25010021 25010036
25010032 25010095
25010064 25010080
25010031 25010074
12510003 12510088
12510096 12510021
12510082 12510078
12510020 12510068
12510041 12510055
12510065 12510091
12510052 12510059
12510090 12510002
12510081 12510054
12510091 12510059
12510008 12510001
12510082 12510054
12510036 12510035
12510098 12510063
12510018 12510024
12510080 12510036
12510005 12510073
12510043 12510067
12510094 12510079
12510076 12510065
12510012 12510018
12510001 12510079
12510041 12510079
12510041 12510027
12510048 12510096
12510051 12510001
12510061 12510036
12510070 12510024
12510055 12510061
12510070 12510030
12510057 12510053
12510012 12510097
12510068 12510092
12510036 12510032
12510088 12510046
12510039 12510018
12510098 12510016
12510086 12510005
12510000 12510085
12510088 12510068
12510069 12510070
12510044 12510077
12510048 12510084
12510085 12510080
12510081 12510080
12510004 12510053
12510014 12510036
12510071 12510061
12510097 12510049
12510028 12510027
12510023 12510040
12510015 12510077
12510099 12510000
12510008 12510001
12510073 12510084
12510076 12510052
12510096 12510075
12510038 12510046
12510075 12510016
12510069 12510012
12510054 12510052
12510011 12510050
12510084 12510094
12510078 12510086
12510052 12510027
12510082 12510054
12510098 12510088
12510064 12510061
12510019 12510028
12510057 12510009
12510057 12510096
12510035 12510026
12510095 12510089
12510061 12510012
12510018 12510086
12510002 12510010
12510035 12510053
12510066 12510005
12510078 12510000
12510002 12510048
12510068 12510027
12510028 12510056
12510049 12510059
12510086 12510086
12510087 12510016
12510009 12510046
12510059 12510039
12510096 12510072
12510001 12510023
12510051 12510063
12510022 12510037
12510081 12510030
12510018 12510088
12510056 12510032
12510021 12510068
12510007 12510044
12510000 12510042
12510054 12510020
12510069 12510062
12510090 12510077
12510061 12510014
12510015 12510055
12510093 12510022
12510032 12510053
12510082 12510023
12510016 12510047
12510042 12510050
12510041 12510071
6260031 6260009
6260054 6260008
6260011 6260065
6260014 6260048
6260018 6260036
6260035 6260034
6260090 6260087
6260080 6260003
6260048 6260049
6260017 6260076
6260034 6260004
6260015 6260009
6260067 6260032
6260066 6260069
6260043 6260057
6260052 6260010
6260010 6260026
6260031 6260003
6260018 6260024
6260021 6260093
6260043 6260007
6260032 6260016
6260070 6260060
6260039 6260032
6260008 6260088
6260001 6260044
6260054 6260006
6260034 6260076
6260068 6260020
6260014 6260073
6260043 6260076
6260058 6260005
6260085 6260045
6260099 6260092
6260040 6260073
6260096 6260082
6260006 6260090
6260048 6260068
6260080 6260086
6260049 6260006
6260096 6260047
6260005 6260075
6260011 6260085
6260073 6260092
6260005 6260070
6260025 6260050
6260095 6260037
6260074 6260083
6260099 6260024
6260073 6260054
6260058 6260100
6260097 6260066
6260069 6260070
6260021 6260076
6260098 6260011
6260078 6260067
6260079 6260006
6260046 6260054
6260019 6260024
6260024 6260051
6260002 6260074
6260027 6260036
6260074 6260087
6260052 6260036
6260009 6260022
6260091 6260022
6260095 6260035
6260054 6260012
6260021 6260100
6260049 6260096
6260011 6260072
6260029 6260095
6260054 6260090
6260028 6260080
6260065 6260008
6260072 6260059
6260037 6260033
6260035 6260099
6260062 6260033
6260054 6260013
6260023 6260074
6260097 6260084
6260061 6260006
6260010 6260091
6260060 6260054
6260066 6260082
6260028 6260036
6260007 6260088
6260029 6260040
6260038 6260092
6260015 6260041
6260044 6260064
6260095 6260004
6260077 6260012
6260017 6260046
6260037 6260045
6260008 6260045
6260092 6260020
6260049 6260028
6260077 6260032
6260014 6260071
6260056 6260011
6260083 6260026
6260063 6260077
6260028 6260085
6260081 6260061
6260008 6260007
6260050 6260052
3135098 3135081
3135072 3135062
3135013 3135040
3135038 3135003
3135056 3135027
3135014 3135020
3135047 3135089
3135064 3135072
3135078 3135066
3135087 3135041
3135098 3135051
3135083 3135071
3135029 3135054
3135008 3135039
3135043 3135093
3135071 3135100
3135076 3135080
3135062 3135009
3135049 3135002
3135081 3135042
3135029 3135040
3135077 3135027
3135091 3135078
3135040 3135012
3135100 3135028
3135023 3135076
3135073 3135015
3135032 3135047
3135100 3135072
3135072 3135064
3135064 3135061
3135097 3135098
3135061 3135024
3135032 3135011
3135100 3135028
3135012 3135081
3135049 3135058
3135065 3135068
3135095 3135095
3135039 3135077
3135034 3135041
3135070 3135001
3135015 3135016
3135053 3135037
3135068 3135068
3135021 3135082
3135073 3135084
3135013 3135051
3135082 3135026
3135046 3135015
3135070 3135070
3135015 3135070
3135019 3135002
3135051 3135056
3135016 3135028
3135047 3135026
3135087 3135016
3135091 3135033
3135075 3135062
3135022 3135099
3135077 3135038
3135048 3135031
3135064 3135007
3135005 3135066
3135052 3135012
3135083 3135073
3135083 3135062
3135011 3135020
3135049 3135073
3135025 3135076
3135087 3135072
3135034 3135046
3135060 3135068
3135013 3135043
3135080 3135059
3135036 3135080
3135069 3135021
3135091 3135024
3135091 3135054
3135042 3135093
3135051 3135036
3135099 3135057
3135081 3135012
3135090 3135095
3135091 3135078
3135016 3135015
3135061 3135064
3135095 3135005
3135058 3135068
3135008 3135097
3135038 3135071
3135055 3135087
3135050 3135016
3135037 3135064
3135025 3135055
3135062 3135040
3135001 3135091
3135041 3135020
3135034 3135040
3135048 3135091
3135004 3135039
3135078 3135017
3135043 3135045
3135062 3135015
3135046 3135017
3135036 3135061
3135052 3135011
3135020 3135086
50 52
13 80
28 57
43 99
26 17
93 86
46 5
31 19
77 40
44 11
98 77
72 89
47 77
8 98
96 29
36 39
87 2
57 9
40 82
63 68
12 94
56 4
32 65
9 3
21 65
92 73
82 63
8 13
73 26
1 5
89 26
87 32
31 17
1 68
14 19
76 35
1 11
75 36
84 30
43 44
84 79
78 86
71 17
4 75
68 1
85 56
46 75
69 27
90 72
78 48
70 86
12 8
41 48
25 89
40 16
15 92
25 85
66 86
25 95
17 81
