# source: JorikJooken
# original path: jj_extract\knapsackProblemInstances-master\problemInstances\n_1200_c_10000000000_g_14_f_0.2_eps_0.001_s_300\test.in
# optimal value: 10000040374
# format: n capacity, then weight value
1200 10000000000
5010000037 5010000106
5010000007 5010000133
5010000093 5010000136
5010000234 5010000193
5010000106 5010000288
5010000222 5010000239
5010000120 5010000201
5010000217 5010000070
5010000119 5010000147
5010000277 5010000214
5010000207 5010000158
5010000069 5010000110
5010000019 5010000087
5010000096 5010000068
5010000291 5010000173
5010000158 5010000130
5010000013 5010000198
5010000209 5010000185
5010000132 5010000161
5010000156 5010000010
5010000104 5010000115
5010000080 5010000018
5010000215 5010000008
5010000059 5010000267
5010000221 5010000271
5010000165 5010000188
5010000027 5010000145
5010000082 5010000224
5010000190 5010000020
5010000278 5010000101
5010000300 5010000223
5010000093 5010000153
5010000113 5010000170
5010000173 5010000140
5010000052 5010000020
5010000231 5010000190
5010000212 5010000201
5010000266 5010000185
5010000100 5010000037
5010000126 5010000025
5010000146 5010000008
5010000242 5010000125
5010000254 5010000228
5010000085 5010000147
5010000152 5010000089
5010000085 5010000043
5010000130 5010000144
5010000057 5010000160
5010000122 5010000005
5010000042 5010000263
5010000015 5010000047
5010000081 5010000217
5010000055 5010000276
5010000204 5010000201
5010000053 5010000063
5010000205 5010000182
5010000245 5010000028
5010000006 5010000079
5010000152 5010000050
5010000218 5010000229
5010000055 5010000247
5010000037 5010000214
5010000076 5010000068
5010000154 5010000298
5010000030 5010000041
5010000035 5010000033
5010000140 5010000092
5010000063 5010000300
5010000243 5010000008
5010000052 5010000001
5010000291 5010000133
5010000292 5010000289
5010000081 5010000289
2510000109 2510000019
2510000045 2510000199
2510000038 2510000248
2510000147 2510000288
2510000132 2510000063
2510000005 2510000227
2510000090 2510000157
2510000030 2510000246
2510000128 2510000194
2510000266 2510000120
2510000269 2510000181
2510000212 2510000131
2510000131 2510000264
2510000021 2510000113
2510000188 2510000065
2510000237 2510000244
2510000219 2510000231
2510000047 2510000198
2510000294 2510000278
2510000168 2510000264
2510000182 2510000085
2510000039 2510000240
2510000138 2510000024
2510000104 2510000240
2510000062 2510000240
2510000115 2510000291
2510000138 2510000151
2510000242 2510000078
2510000054 2510000294
2510000231 2510000111
2510000279 2510000031
2510000064 2510000073
2510000058 2510000058
2510000158 2510000255
2510000151 2510000208
2510000073 2510000138
2510000002 2510000194
2510000011 2510000220
2510000163 2510000203
2510000191 2510000079
2510000056 2510000064
2510000154 2510000061
2510000141 2510000084
2510000189 2510000020
2510000297 2510000208
2510000011 2510000106
2510000066 2510000019
2510000049 2510000263
2510000169 2510000226
2510000047 2510000158
2510000120 2510000135
2510000139 2510000293
2510000192 2510000043
2510000290 2510000031
2510000226 2510000139
2510000123 2510000082
2510000260 2510000041
2510000051 2510000137
2510000286 2510000123
2510000063 2510000034
2510000051 2510000153
2510000010 2510000203
2510000140 2510000202
2510000052 2510000236
2510000229 2510000226
2510000077 2510000047
2510000187 2510000218
2510000055 2510000277
2510000170 2510000127
2510000073 2510000034
2510000237 2510000246
2510000118 2510000197
2510000068 2510000009
1260000181 1260000089
1260000057 1260000203
1260000263 1260000179
1260000064 1260000283
1260000133 1260000259
1260000140 1260000086
1260000100 1260000074
1260000085 1260000246
1260000003 1260000212
1260000030 1260000181
1260000049 1260000131
1260000134 1260000154
1260000085 1260000168
1260000085 1260000043
1260000193 1260000167
1260000266 1260000064
1260000072 1260000222
1260000274 1260000057
1260000024 1260000110
1260000037 1260000208
1260000120 1260000002
1260000208 1260000116
1260000064 1260000114
1260000107 1260000285
1260000062 1260000036
1260000117 1260000123
1260000165 1260000006
1260000238 1260000153
1260000198 1260000092
1260000105 1260000230
1260000282 1260000087
1260000260 1260000029
1260000136 1260000026
1260000294 1260000115
1260000030 1260000138
1260000139 1260000020
1260000053 1260000216
1260000146 1260000149
1260000062 1260000085
1260000192 1260000129
1260000205 1260000170
1260000188 1260000015
1260000062 1260000022
1260000249 1260000056
1260000286 1260000209
1260000032 1260000110
1260000130 1260000211
1260000199 1260000184
1260000193 1260000233
1260000207 1260000012
1260000154 1260000201
1260000111 1260000210
1260000019 1260000154
1260000140 1260000117
1260000183 1260000012
1260000099 1260000010
1260000031 1260000211
1260000171 1260000135
1260000061 1260000272
1260000298 1260000156
1260000056 1260000299
1260000212 1260000058
1260000281 1260000120
1260000143 1260000201
1260000278 1260000298
1260000094 1260000086
1260000036 1260000083
1260000075 1260000268
1260000162 1260000144
1260000154 1260000015
1260000197 1260000032
1260000015 1260000290
1260000023 1260000185
635000168 635000298
635000070 635000014
635000190 635000207
635000213 635000090
635000207 635000130
635000006 635000208
635000199 635000023
635000244 635000085
635000300 635000229
635000212 635000295
635000022 635000172
635000102 635000203
635000170 635000034
635000239 635000194
635000087 635000288
635000247 635000210
635000168 635000090
635000164 635000229
635000213 635000218
635000181 635000068
635000162 635000069
635000025 635000129
635000002 635000233
635000224 635000012
635000029 635000033
635000221 635000101
635000129 635000255
635000075 635000149
635000039 635000173
635000062 635000091
635000034 635000175
635000075 635000116
635000025 635000171
635000044 635000246
635000239 635000009
635000123 635000075
635000053 635000177
635000265 635000291
635000266 635000141
635000215 635000275
635000201 635000234
635000134 635000243
635000001 635000266
635000145 635000129
635000130 635000073
635000077 635000157
635000292 635000267
635000116 635000059
635000014 635000179
635000131 635000076
635000224 635000267
635000286 635000069
635000048 635000224
635000289 635000225
635000199 635000020
635000034 635000275
635000037 635000181
635000211 635000164
635000186 635000045
635000172 635000176
635000210 635000050
635000288 635000252
635000174 635000197
635000188 635000100
635000080 635000277
635000288 635000100
635000178 635000042
635000204 635000091
635000075 635000021
635000234 635000093
635000011 635000128
635000110 635000099
635000166 635000078
322500114 322500106
322500154 322500049
322500033 322500017
322500181 322500067
322500027 322500177
322500103 322500289
322500162 322500084
322500063 322500288
322500070 322500069
322500083 322500022
322500178 322500072
322500015 322500171
322500224 322500209
322500068 322500041
322500285 322500118
322500109 322500254
322500204 322500284
322500018 322500147
322500136 322500148
322500262 322500060
322500052 322500246
322500146 322500195
322500146 322500182
322500016 322500224
322500118 322500067
322500116 322500275
322500024 322500112
322500006 322500072
322500159 322500188
322500134 322500257
322500132 322500165
322500191 322500267
322500242 322500065
322500149 322500091
322500149 322500264
322500248 322500120
322500182 322500016
322500159 322500221
322500088 322500261
322500268 322500148
322500142 322500168
322500172 322500257
322500246 322500002
322500039 322500035
322500062 322500042
322500098 322500259
322500079 322500050
322500255 322500041
322500254 322500079
322500046 322500051
322500198 322500276
322500186 322500248
322500278 322500043
322500087 322500105
322500158 322500189
322500044 322500022
322500231 322500098
322500074 322500103
322500163 322500159
322500023 322500227
322500281 322500224
322500194 322500197
322500287 322500035
322500217 322500008
322500080 322500158
322500266 322500066
322500273 322500103
322500288 322500144
322500254 322500023
322500274 322500216
322500266 322500245
322500182 322500093
322500076 322500217
166250218 166250253
166250054 166250158
166250096 166250297
166250122 166250187
166250114 166250081
166250272 166250033
166250081 166250162
166250119 166250047
166250043 166250029
166250123 166250266
166250001 166250082
166250210 166250290
166250140 166250125
166250195 166250239
166250206 166250168
166250099 166250039
166250278 166250020
166250230 166250267
166250193 166250208
166250265 166250177
166250101 166250031
166250080 166250243
166250201 166250052
166250280 166250273
166250249 166250243
166250149 166250254
166250005 166250294
166250125 166250083
166250213 166250052
166250287 166250027
166250068 166250146
166250283 166250123
166250081 166250124
166250140 166250129
166250075 166250264
166250269 166250166
166250220 166250131
166250158 166250174
166250104 166250194
166250020 166250095
166250229 166250279
166250262 166250003
166250045 166250090
166250034 166250288
166250001 166250055
166250265 166250284
166250247 166250132
166250208 166250227
166250228 166250039
166250242 166250296
166250219 166250096
166250227 166250252
166250025 166250183
166250253 166250213
166250257 166250119
166250136 166250262
166250087 166250140
166250018 166250078
166250037 166250171
166250279 166250056
166250238 166250070
166250282 166250179
166250166 166250069
166250035 166250298
166250130 166250219
166250058 166250095
166250055 166250135
166250066 166250071
166250194 166250235
166250169 166250291
166250279 166250240
166250038 166250061
166250292 166250145
88125016 88125289
88125119 88125017
88125019 88125116
88125212 88125092
88125195 88125180
88125249 88125170
88125108 88125001
88125128 88125100
88125078 88125165
88125125 88125046
88125007 88125205
88125119 88125081
88125240 88125115
88125208 88125028
88125255 88125135
88125070 88125103
88125176 88125066
88125147 88125110
88125186 88125056
88125111 88125116
88125020 88125156
88125261 88125183
88125229 88125061
88125030 88125262
88125028 88125171
88125239 88125186
88125068 88125103
88125144 88125037
88125189 88125203
88125023 88125217
88125064 88125077
88125051 88125212
88125263 88125131
88125121 88125104
88125189 88125233
88125063 88125253
88125234 88125180
88125274 88125153
88125134 88125234
88125141 88125156
88125025 88125243
88125053 88125045
88125123 88125067
88125248 88125149
88125120 88125011
88125093 88125088
88125102 88125040
88125230 88125101
88125192 88125217
88125262 88125066
88125050 88125194
88125217 88125019
88125209 88125227
88125008 88125261
88125080 88125201
88125043 88125193
88125249 88125277
88125156 88125143
88125199 88125283
88125051 88125063
88125274 88125177
88125168 88125160
88125240 88125011
88125116 88125133
88125059 88125282
88125148 88125082
88125287 88125076
88125148 88125202
88125042 88125208
88125280 88125192
88125181 88125028
88125278 88125216
88125076 88125094
49062770 49062666
49062638 49062640
49062600 49062588
49062674 49062538
49062501 49062759
49062567 49062589
49062678 49062665
49062725 49062727
49062603 49062552
49062523 49062666
49062597 49062795
49062551 49062720
49062690 49062680
49062723 49062706
49062628 49062676
49062681 49062693
49062762 49062712
49062760 49062799
49062671 49062555
49062715 49062541
49062519 49062518
49062796 49062761
49062741 49062577
49062517 49062510
49062553 49062730
49062617 49062783
49062736 49062627
49062643 49062532
49062638 49062685
49062735 49062664
49062560 49062545
49062758 49062717
49062757 49062669
49062756 49062627
49062725 49062531
49062595 49062576
49062672 49062757
49062724 49062710
49062536 49062581
49062737 49062591
49062701 49062625
49062504 49062774
49062594 49062502
49062560 49062734
49062607 49062511
49062562 49062725
49062605 49062703
49062577 49062763
49062678 49062743
49062531 49062621
49062635 49062539
49062616 49062799
49062697 49062620
49062625 49062759
49062708 49062778
49062622 49062577
49062687 49062742
49062768 49062592
49062502 49062734
49062788 49062763
49062627 49062660
49062773 49062515
49062639 49062645
49062686 49062618
49062630 49062660
49062541 49062785
49062785 49062505
49062799 49062796
49062668 49062789
49062647 49062518
49062710 49062747
49062619 49062541
49062694 49062571
29531530 29531402
29531408 29531511
29531366 29531355
29531335 29531447
29531488 29531397
29531488 29531312
29531477 29531331
29531328 29531475
29531544 29531404
29531262 29531518
29531427 29531446
29531431 29531333
29531432 29531548
29531391 29531375
29531333 29531461
29531281 29531304
29531381 29531408
29531324 29531473
29531318 29531402
29531313 29531252
29531273 29531262
29531441 29531471
29531382 29531263
29531347 29531497
29531495 29531500
29531292 29531398
29531545 29531492
29531378 29531471
29531400 29531412
29531433 29531298
29531438 29531298
29531346 29531487
29531403 29531517
29531346 29531427
29531471 29531335
29531446 29531282
29531306 29531320
29531480 29531385
29531375 29531396
29531452 29531527
29531469 29531419
29531460 29531265
29531360 29531330
29531330 29531457
29531449 29531356
29531381 29531448
29531391 29531465
29531426 29531306
29531385 29531455
29531377 29531256
29531493 29531504
29531403 29531483
29531339 29531490
29531376 29531363
29531412 29531308
29531410 29531534
29531322 29531464
29531288 29531350
29531488 29531321
29531439 29531513
29531285 29531265
29531482 29531371
29531459 29531283
29531470 29531456
29531419 29531482
29531374 29531330
29531509 29531314
29531523 29531354
29531490 29531298
29531486 29531332
29531527 29531290
29531440 29531312
29531548 29531462
19765806 19765860
19765629 19765830
19765711 19765889
19765780 19765728
19765629 19765890
19765740 19765632
19765925 19765666
19765646 19765853
19765840 19765746
19765877 19765921
19765836 19765660
19765852 19765786
19765726 19765709
19765701 19765765
19765874 19765663
19765835 19765754
19765768 19765846
19765814 19765651
19765662 19765834
19765749 19765839
19765789 19765810
19765663 19765836
19765716 19765719
19765757 19765653
19765655 19765720
19765657 19765875
19765826 19765738
19765815 19765818
19765673 19765675
19765925 19765672
19765822 19765673
19765708 19765721
19765626 19765848
19765679 19765707
19765744 19765746
19765849 19765730
19765834 19765897
19765751 19765762
19765628 19765893
19765705 19765640
19765861 19765739
19765656 19765688
19765654 19765746
19765897 19765800
19765707 19765909
19765895 19765909
19765868 19765699
19765739 19765666
19765791 19765919
19765626 19765721
19765839 19765704
19765770 19765782
19765698 19765850
19765646 19765681
19765705 19765827
19765703 19765750
19765656 19765887
19765821 19765768
19765663 19765815
19765883 19765677
19765631 19765917
19765691 19765810
19765660 19765829
19765921 19765632
19765805 19765866
19765882 19765788
19765683 19765650
19765727 19765900
19765656 19765811
19765814 19765698
19765840 19765717
19765836 19765664
19765671 19765782
14883079 14882884
14883009 14882917
14882928 14882833
14883081 14882907
14883102 14882863
14883082 14882908
14882933 14883063
14882916 14883059
14883085 14882869
14882907 14882855
14882870 14882878
14883055 14882936
14882918 14882836
14882963 14882846
14882919 14883100
14882874 14883062
14882905 14882913
14882981 14883060
14882974 14882881
14882890 14883065
14883009 14883103
14882885 14882986
14882816 14882954
14883064 14883109
14882949 14883102
14883028 14883101
14882952 14882910
14882814 14883066
14883087 14882867
14882988 14882994
14882836 14882840
14882928 14882815
14882898 14882911
14882883 14883034
14883102 14883039
14883027 14882988
14882829 14883045
14883074 14883098
14882971 14882870
14883112 14882939
14882916 14883089
14883054 14883046
14882867 14882975
14882870 14883065
14882977 14882819
14883095 14883082
14882829 14882814
14882842 14883030
14883010 14882963
14883005 14882871
14883107 14883042
14882943 14883000
14883069 14883073
14882987 14882958
14883065 14883012
14882982 14883036
14883082 14883069
14883081 14883091
14883056 14882859
14883002 14882849
14883038 14883020
14882888 14882855
14882965 14882949
14883093 14882831
14882927 14882829
14882869 14883048
14883053 14883090
14882984 14882887
14882900 14883036
14882830 14883012
14883007 14882907
14883051 14883065
14883071 14882822
12441585 12441632
12441530 12441672
12441436 12441548
12441596 12441450
12441435 12441577
12441442 12441694
12441687 12441665
12441484 12441701
12441484 12441602
12441678 12441567
12441428 12441460
12441469 12441648
12441425 12441602
12441420 12441666
12441459 12441407
12441598 12441694
12441445 12441622
12441549 12441507
12441586 12441618
12441584 12441429
12441607 12441495
12441687 12441517
12441429 12441653
12441596 12441629
12441455 12441599
12441552 12441599
12441501 12441521
12441612 12441564
12441502 12441601
12441566 12441522
12441643 12441420
12441423 12441505
12441490 12441455
12441595 12441551
12441695 12441636
12441648 12441692
12441550 12441422
12441507 12441702
12441677 12441703
12441649 12441648
12441551 12441584
12441659 12441663
12441468 12441622
12441672 12441515
12441493 12441610
12441622 12441597
12441572 12441504
12441437 12441441
12441637 12441704
12441517 12441538
12441461 12441561
12441441 12441705
12441513 12441426
12441470 12441560
12441538 12441563
12441654 12441440
12441558 12441495
12441449 12441496
12441429 12441530
12441625 12441575
12441690 12441703
12441566 12441544
12441593 12441609
12441516 12441667
12441473 12441688
12441671 12441442
12441517 12441432
12441652 12441481
12441554 12441615
12441415 12441584
12441610 12441616
12441667 12441581
12441532 12441437
11220913 11220964
11220732 11220824
11220921 11220931
11220951 11220880
11220983 11220721
11220785 11220842
11220714 11220956
11220808 11220768
11220873 11220759
11220970 11220946
11220928 11220927
11220777 11220730
11220817 11220728
11220942 11220908
11220793 11220807
11220912 11220787
11220912 11220959
11220948 11220737
11220860 11220824
11220985 11220984
11220906 11220990
11220745 11220903
11220747 11220805
11220829 11220946
11220797 11220730
11220828 11220774
11220866 11220875
11220892 11220923
11220980 11220863
11220945 11220830
11220988 11220780
11220750 11220735
11221001 11220850
11220780 11220746
11220944 11220776
11220957 11220902
11220989 11220731
11220747 11221003
11220815 11220972
11220965 11220731
11220824 11220920
11220896 11220782
11220983 11220914
11220994 11220750
11220717 11220781
11220739 11220921
11220839 11220831
11220948 11220746
11220716 11220863
11220973 11220837
11220897 11220933
11220862 11220940
11220744 11220918
11220898 11220989
11220983 11220725
11220799 11220723
11220922 11220985
11220899 11220744
11220846 11220732
11220748 11220885
11220956 11220737
11220989 11220882
11220845 11220899
11220820 11220717
11220763 11220982
11220853 11220979
11220714 11220963
11220715 11220831
11220969 11220864
11220904 11220748
11220802 11220767
11220851 11220839
11220816 11220819
102 196
26 21
143 193
246 164
229 110
268 260
245 80
23 129
22 139
78 76
77 242
208 250
227 9
217 239
139 54
35 138
206 265
136 186
156 174
141 295
256 175
190 136
117 27
15 160
270 254
166 73
273 40
173 229
167 109
160 114
83 292
66 290
250 214
59 205
270 175
261 134
184 199
280 19
203 286
278 143
275 281
157 53
148 260
290 78
38 158
96 28
18 17
87 218
153 15
88 160
283 26
269 284
126 94
65 275
88 151
92 277
138 78
40 142
246 264
164 242
99 67
291 192
255 300
34 118
74 91
258 160
188 173
10 161
270 205
245 147
168 80
230 102
278 43
10 5
226 170
111 54
55 96
275 49
42 285
72 8
269 94
300 273
36 280
179 153
98 166
149 189
6 42
123 73
120 234
221 95
121 266
297 282
71 225
28 31
193 6
234 299
238 39
132 248
84 149
293 297
237 264
111 227
162 247
193 93
179 238
195 123
69 156
243 163
208 193
66 185
34 105
172 190
192 85
115 113
259 47
239 205
156 97
110 141
129 173
26 57
281 228
110 96
155 184
216 271
292 146
107 293
51 81
2 189
199 87
12 86
298 101
184 58
196 131
231 26
19 155
69 214
152 234
151 81
29 76
163 248
63 56
34 51
219 258
91 269
206 7
252 240
167 6
111 287
132 184
54 26
13 226
217 112
201 68
155 165
273 300
283 50
295 217
280 31
73 213
54 35
41 3
102 141
269 182
186 295
39 276
192 33
209 290
295 236
296 30
48 249
194 249
67 159
203 195
117 71
118 93
102 156
253 65
62 72
116 227
281 295
214 235
192 163
79 19
43 66
6 223
199 224
230 96
221 87
274 59
131 43
193 230
173 259
280 157
38 111
175 86
242 13
293 213
141 167
197 143
227 139
83 177
62 165
243 35
273 129
61 251
123 66
113 161
257 226
47 164
116 257
246 171
200 45
214 17
202 234
74 117
50 294
108 260
233 168
181 15
20 249
235 206
218 249
247 22
120 62
162 260
36 35
300 18
244 153
93 36
103 246
189 249
149 252
197 259
171 201
230 54
192 3
53 131
20 136
50 265
184 176
127 290
156 15
7 130
185 150
212 61
281 32
85 66
200 147
207 235
160 234
159 153
