# source: JorikJooken
# original path: jj_extract\knapsackProblemInstances-master\problemInstances\n_800_c_1000000_g_10_f_0.3_eps_0.01_s_200\test.in
# optimal value: 1015379
# format: n capacity, then weight value
800 1000000
510125 510196
510022 510184
510191 510085
510197 510114
510080 510192
510013 510142
510093 510170
510195 510014
510082 510126
510094 510124
510148 510051
510071 510015
510120 510051
510092 510013
510067 510035
510176 510100
510124 510092
510084 510068
510115 510195
510145 510095
510070 510155
510120 510054
510057 510163
510069 510008
510151 510046
510103 510095
510012 510099
510168 510072
510056 510074
510115 510134
510088 510109
510156 510116
510065 510067
510148 510036
510030 510131
510189 510010
510063 510010
510128 510090
510143 510073
510027 510117
510200 510102
510157 510182
510051 510001
510171 510019
510185 510009
510131 510107
510122 510128
510011 510011
510140 510026
510040 510134
510093 510083
510188 510057
510061 510006
510148 510071
510127 510054
510126 510070
510183 510128
510023 510127
510134 510126
510067 510103
510002 510139
510023 510082
260148 260144
260055 260068
260133 260073
260074 260138
260077 260159
260190 260175
260055 260146
260017 260054
260175 260196
260160 260023
260047 260067
260084 260040
260020 260171
260082 260181
260161 260151
260122 260105
260145 260005
260130 260114
260128 260094
260116 260024
260030 260195
260125 260138
260119 260084
260081 260077
260047 260145
260197 260094
260062 260053
260004 260100
260060 260046
260172 260160
260108 260048
260032 260001
260171 260080
260189 260199
260100 260001
260191 260117
260181 260097
260141 260027
260092 260169
260094 260149
260115 260073
260113 260144
260006 260091
260176 260058
260172 260144
260039 260200
260109 260160
260194 260086
260183 260122
260087 260183
260145 260176
260116 260015
260148 260068
260045 260035
260084 260117
260196 260014
260033 260197
260199 260063
260187 260095
260124 260026
260127 260063
260037 260022
135139 135189
135036 135102
135119 135037
135133 135074
135002 135180
135181 135154
135128 135075
135112 135043
135188 135087
135171 135148
135046 135066
135165 135038
135079 135015
135033 135173
135129 135109
135023 135169
135081 135186
135013 135199
135171 135119
135123 135156
135112 135067
135151 135073
135086 135128
135046 135032
135086 135183
135082 135139
135015 135083
135108 135148
135134 135095
135056 135034
135104 135028
135061 135054
135067 135094
135184 135159
135188 135014
135017 135016
135013 135012
135011 135109
135065 135109
135137 135136
135144 135189
135193 135140
135108 135171
135121 135108
135014 135070
135159 135176
135185 135090
135010 135019
135149 135080
135189 135031
135133 135184
135118 135183
135056 135172
135144 135110
135095 135160
135100 135167
135095 135098
135073 135118
135062 135158
135031 135186
135101 135065
135088 135024
72617 72685
72697 72609
72694 72562
72509 72606
72515 72511
72524 72663
72588 72567
72589 72589
72564 72562
72599 72634
72568 72525
72505 72569
72594 72572
72652 72519
72501 72654
72530 72510
72551 72512
72634 72657
72585 72546
72531 72690
72609 72590
72620 72507
72525 72567
72565 72683
72650 72614
72640 72699
72613 72505
72559 72522
72589 72665
72574 72688
72504 72630
72677 72641
72623 72668
72637 72660
72506 72597
72533 72678
72578 72651
72594 72563
72541 72642
72504 72656
72696 72641
72544 72679
72690 72595
72697 72652
72564 72548
72655 72623
72577 72525
72625 72504
72589 72580
72626 72579
72594 72661
72550 72561
72673 72516
72506 72631
72608 72503
72693 72516
72562 72664
72604 72546
72579 72608
72517 72533
72572 72694
72547 72549
41383 41286
41306 41299
41281 41273
41443 41381
41257 41425
41430 41281
41259 41426
41365 41272
41288 41430
41287 41322
41274 41358
41368 41390
41430 41387
41386 41409
41306 41297
41371 41308
41404 41398
41393 41403
41385 41253
41256 41360
41301 41415
41349 41435
41312 41334
41378 41363
41338 41409
41318 41264
41303 41332
41355 41257
41373 41406
41438 41274
41319 41367
41420 41302
41418 41375
41365 41334
41395 41376
41413 41268
41346 41325
41400 41359
41405 41381
41285 41364
41450 41296
41410 41306
41336 41426
41285 41299
41346 41435
41339 41369
41418 41333
41431 41272
41328 41362
41303 41359
41326 41307
41383 41290
41373 41329
41370 41393
41356 41409
41429 41295
41343 41253
41332 41395
41293 41443
41291 41340
41380 41364
41301 41348
25787 25732
25679 25726
25702 25634
25661 25774
25644 25700
25697 25699
25655 25802
25637 25708
25767 25690
25823 25798
25633 25695
25696 25634
25820 25749
25807 25805
25814 25731
25673 25746
25747 25737
25678 25803
25629 25776
25821 25770
25674 25786
25795 25677
25711 25686
25823 25697
25753 25710
25692 25816
25731 25628
25765 25669
25708 25790
25759 25712
25749 25769
25682 25641
25776 25801
25696 25651
25736 25652
25777 25747
25677 25761
25710 25648
25665 25796
25762 25802
25815 25820
25770 25719
25634 25824
25705 25640
25699 25662
25728 25732
25750 25804
25639 25731
25774 25766
25766 25673
25693 25749
25708 25730
25666 25685
25792 25649
25767 25696
25785 25757
25776 25632
25784 25778
25782 25718
25789 25626
25823 25817
25652 25664
17884 18004
17822 17820
17884 17919
17973 17973
17836 17958
17943 17920
17867 17971
17998 17954
17857 17872
18001 17957
17956 17816
18011 17995
17825 17988
17986 17986
17836 18011
17915 17854
17977 18005
17900 17822
17975 17906
17981 17851
17822 17969
17970 17906
17982 17951
17902 18007
17839 17920
17884 17830
17974 17861
17836 17836
18002 17890
17885 17936
17988 17868
17984 17973
17914 17965
17949 18000
17859 17978
17923 17825
17816 17813
17854 17950
17889 17956
17993 17879
18007 17939
17823 17978
17888 17993
17865 17967
17937 17895
17871 17981
17857 17865
17836 17933
17945 17878
17891 18007
17978 17928
17878 17860
17914 17968
17945 17965
17847 17916
17898 17842
17882 17948
17934 17985
17874 17827
17824 17910
17850 17849
17964 17936
14073 14065
13972 14006
13930 14079
13980 14106
13938 14074
13954 13966
13972 13972
13929 14021
13965 14057
13984 14052
14007 14043
13935 14036
14062 13947
14073 14055
14020 14013
13939 14074
13925 14007
13943 13930
13978 13939
13932 14050
13986 14007
13916 13947
14084 13971
14099 14051
14096 14058
14064 13912
13948 13997
13956 13981
13929 13933
13967 14002
14082 13945
14012 13933
13930 13912
14080 14018
13931 13951
13939 13963
14100 13911
13970 13915
14004 14052
14031 13927
13949 14044
14028 14048
13965 13958
13921 13926
14040 14103
13960 14020
13985 14071
13922 14015
13918 14010
13913 14051
13916 14026
14028 14095
14081 13939
13997 14075
14078 13974
13951 13908
14070 13920
13991 13955
13979 14046
14004 14104
13977 13986
13959 14102
12042 12005
12135 12001
12013 12034
12111 12110
12060 12076
12110 12140
12109 12004
12013 12042
12032 12031
12010 12142
12051 12093
12121 11958
12039 12151
12008 12054
12071 12121
12011 11970
12016 12054
12033 11991
12118 12052
12087 12044
12039 12078
12091 12108
11967 12087
12150 12132
12145 12032
12068 12021
12084 11971
12060 12127
12113 12142
11967 12108
11957 11978
12014 11980
12103 12093
12108 12116
12099 12025
12065 12000
11974 12143
12114 12022
12051 11957
12147 12072
11975 12009
12048 11983
11980 12131
12008 12002
12152 12032
12058 12130
11992 12050
11972 12074
11983 12083
12114 12085
12028 12034
11985 12056
12033 11959
12113 12141
11996 12112
12054 11992
12036 12100
12074 12043
12132 12012
11965 11964
12109 12005
11989 12125
94 67
151 157
37 106
45 47
26 95
189 128
29 72
152 156
78 137
83 117
89 91
118 99
153 100
69 36
166 137
40 119
183 107
159 47
34 152
28 60
10 50
15 83
63 166
83 190
55 103
88 43
173 97
192 42
70 179
169 141
171 154
72 168
68 169
191 18
182 71
24 133
99 135
74 17
168 69
67 18
21 36
146 49
53 131
96 188
134 156
42 109
189 77
75 94
179 21
168 180
119 76
96 70
66 21
199 150
145 72
81 163
85 103
50 184
55 67
29 70
153 3
180 159
74 24
120 46
141 123
73 48
13 150
162 124
116 27
137 2
192 181
178 180
176 69
64 107
3 196
161 172
57 118
80 20
172 185
105 15
148 20
132 135
17 42
131 200
160 78
200 12
72 103
47 83
29 35
54 20
187 124
160 159
195 105
18 60
33 73
148 68
162 111
117 183
18 153
168 83
186 153
101 94
148 2
116 94
19 178
96 14
167 189
156 92
10 110
23 157
187 127
36 109
152 73
90 41
166 166
163 32
55 53
119 79
59 68
45 27
200 168
158 13
71 26
90 25
168 183
131 160
162 163
84 27
98 115
19 2
37 39
169 69
44 92
198 160
55 177
158 4
56 53
73 147
55 79
15 92
121 68
137 169
11 140
169 190
153 118
3 60
91 91
104 197
136 181
18 85
115 80
166 169
174 168
118 128
162 109
23 186
56 124
145 1
37 116
171 113
54 95
8 186
159 33
20 125
47 159
56 168
32 131
56 196
61 172
35 123
90 77
139 154
130 92
100 20
123 27
128 120
93 122
19 130
105 186
153 41
68 108
77 193
49 200
56 170
145 3
100 188
110 175
92 74
59 71
4 139
135 173
137 148
45 174
65 160
27 143
150 131
198 186
116 65
1 69
190 200
52 121
160 160
90 71
95 15
80 72
161 82
139 199
15 87
11 50
129 144
14 117
48 119
47 17
139 195
54 46
66 16
61 63
2 50
16 171
129 33
10 2
65 43
22 73
101 162
15 193
52 114
160 87
120 138
146 27
72 79
33 30
91 64
32 181
196 137
158 56
75 127
106 121
101 145
127 184
2 155
111 105
47 74
