# source: JorikJooken
# original path: jj_extract\knapsackProblemInstances-master\problemInstances\n_1200_c_100000000_g_6_f_0.3_eps_0_s_300\test.in
# optimal value: 96937733
# format: n capacity, then weight value
1200 100000000
50000138 50000150
50000083 50000126
50000191 50000053
50000231 50000174
50000076 50000060
50000090 50000024
50000223 50000094
50000070 50000299
50000076 50000148
50000188 50000300
50000215 50000211
50000078 50000005
50000011 50000048
50000176 50000208
50000195 50000143
50000144 50000126
50000066 50000017
50000042 50000261
50000003 50000114
50000021 50000238
50000253 50000193
50000034 50000197
50000246 50000103
50000102 50000284
50000277 50000142
50000161 50000237
50000131 50000136
50000055 50000131
50000185 50000004
50000023 50000156
50000087 50000211
50000183 50000185
50000257 50000129
50000260 50000195
50000004 50000168
50000218 50000163
50000222 50000236
50000277 50000017
50000178 50000244
50000005 50000081
50000204 50000147
50000266 50000185
50000203 50000174
50000228 50000235
50000293 50000069
50000084 50000078
50000248 50000244
50000054 50000025
50000128 50000174
50000252 50000048
50000141 50000072
50000178 50000208
50000013 50000057
50000161 50000022
50000170 50000204
50000239 50000202
50000126 50000071
50000139 50000042
50000149 50000068
50000071 50000114
50000138 50000163
50000263 50000223
50000259 50000070
50000012 50000029
50000266 50000109
50000189 50000019
50000010 50000043
50000044 50000026
50000147 50000146
50000161 50000183
50000069 50000035
50000043 50000135
50000294 50000015
50000172 50000288
50000263 50000275
50000208 50000187
50000026 50000168
50000103 50000047
50000002 50000065
50000129 50000090
50000290 50000279
50000028 50000204
50000189 50000142
50000222 50000177
50000190 50000121
50000131 50000063
50000091 50000177
50000261 50000149
50000021 50000172
50000210 50000215
50000087 50000014
50000069 50000133
50000230 50000279
50000188 50000049
50000271 50000146
50000040 50000178
50000078 50000139
50000032 50000175
50000249 50000094
50000160 50000076
50000236 50000274
50000274 50000040
50000109 50000227
50000284 50000255
50000103 50000071
50000031 50000217
50000250 50000280
50000293 50000250
50000193 50000224
50000010 50000123
50000117 50000062
50000004 50000067
50000218 50000044
50000080 50000160
50000121 50000102
50000041 50000165
50000054 50000075
50000238 50000081
50000172 50000124
50000209 50000088
50000213 50000287
50000051 50000260
50000204 50000031
50000271 50000209
50000144 50000190
50000145 50000056
50000189 50000232
50000116 50000098
50000130 50000236
50000202 50000282
50000183 50000036
50000011 50000154
50000232 50000057
50000167 50000005
50000187 50000155
50000139 50000140
50000142 50000006
50000066 50000278
50000249 50000057
50000110 50000268
50000241 50000273
50000013 50000125
50000049 50000193
50000261 50000119
50000056 50000107
50000147 50000085
50000267 50000226
50000052 50000029
50000196 50000072
50000153 50000027
50000058 50000294
50000013 50000061
50000073 50000288
50000089 50000256
50000167 50000232
50000145 50000011
50000096 50000293
50000025 50000238
50000195 50000259
50000172 50000125
50000289 50000111
50000223 50000058
50000016 50000018
50000242 50000167
50000151 50000067
50000250 50000227
50000105 50000201
50000096 50000070
25000039 25000078
25000246 25000057
25000253 25000274
25000190 25000248
25000172 25000146
25000038 25000247
25000104 25000217
25000083 25000219
25000272 25000063
25000247 25000285
25000204 25000072
25000133 25000064
25000072 25000230
25000037 25000023
25000297 25000227
25000264 25000212
25000068 25000248
25000016 25000011
25000132 25000294
25000061 25000036
25000114 25000019
25000248 25000155
25000161 25000201
25000205 25000165
25000186 25000194
25000287 25000069
25000008 25000190
25000264 25000205
25000219 25000136
25000207 25000294
25000283 25000037
25000060 25000252
25000101 25000254
25000012 25000041
25000239 25000037
25000075 25000005
25000135 25000220
25000142 25000297
25000199 25000254
25000135 25000188
25000133 25000218
25000139 25000062
25000043 25000245
25000065 25000081
25000165 25000033
25000284 25000119
25000263 25000028
25000178 25000055
25000173 25000250
25000056 25000093
25000043 25000013
25000255 25000086
25000005 25000112
25000115 25000240
25000192 25000088
25000080 25000065
25000183 25000002
25000130 25000033
25000266 25000013
25000103 25000035
25000202 25000179
25000067 25000158
25000193 25000107
25000022 25000013
25000214 25000299
25000012 25000166
25000274 25000147
25000086 25000103
25000028 25000291
25000193 25000032
25000014 25000120
25000140 25000210
25000182 25000245
25000046 25000096
25000242 25000073
25000148 25000068
25000233 25000283
25000026 25000030
25000134 25000069
25000052 25000107
25000262 25000114
25000170 25000159
25000093 25000069
25000279 25000038
25000100 25000097
25000140 25000002
25000229 25000232
25000137 25000059
25000238 25000016
25000232 25000156
25000026 25000206
25000259 25000061
25000096 25000055
25000157 25000281
25000063 25000277
25000262 25000037
25000195 25000113
25000215 25000065
25000151 25000113
25000238 25000038
25000016 25000086
25000179 25000214
25000043 25000238
25000055 25000237
25000221 25000024
25000096 25000125
25000272 25000120
25000259 25000238
25000153 25000256
25000002 25000162
25000298 25000105
25000132 25000175
25000099 25000265
25000246 25000014
25000073 25000270
25000159 25000243
25000085 25000288
25000061 25000009
25000126 25000094
25000069 25000148
25000148 25000231
25000142 25000126
25000147 25000233
25000079 25000037
25000092 25000234
25000233 25000275
25000112 25000114
25000171 25000143
25000155 25000283
25000241 25000133
25000073 25000003
25000228 25000259
25000207 25000010
25000261 25000179
25000282 25000022
25000190 25000153
25000050 25000026
25000247 25000081
25000239 25000125
25000115 25000242
25000258 25000290
25000216 25000246
25000292 25000159
25000042 25000287
25000066 25000299
25000065 25000285
25000061 25000040
25000168 25000279
25000135 25000256
25000012 25000061
25000202 25000298
25000132 25000112
25000277 25000268
25000166 25000276
25000215 25000146
25000180 25000125
25000134 25000119
25000179 25000030
25000190 25000115
25000080 25000080
25000203 25000013
25000093 25000107
25000003 25000058
25000293 25000183
25000255 25000201
25000020 25000202
25000187 25000092
25000286 25000131
12500013 12500287
12500141 12500293
12500278 12500270
12500252 12500174
12500142 12500187
12500128 12500290
12500259 12500075
12500121 12500115
12500043 12500075
12500060 12500287
12500029 12500275
12500298 12500134
12500192 12500063
12500105 12500166
12500202 12500082
12500288 12500174
12500286 12500022
12500002 12500148
12500285 12500043
12500136 12500018
12500095 12500016
12500068 12500002
12500118 12500147
12500005 12500246
12500019 12500142
12500068 12500048
12500035 12500074
12500214 12500272
12500201 12500138
12500196 12500076
12500023 12500129
12500037 12500004
12500282 12500159
12500260 12500147
12500059 12500300
12500035 12500047
12500136 12500161
12500050 12500006
12500126 12500054
12500128 12500139
12500007 12500100
12500069 12500040
12500252 12500098
12500051 12500205
12500156 12500133
12500005 12500201
12500084 12500276
12500185 12500272
12500047 12500004
12500119 12500213
12500285 12500183
12500066 12500068
12500086 12500076
12500199 12500105
12500066 12500010
12500113 12500188
12500035 12500217
12500190 12500098
12500173 12500155
12500102 12500085
12500065 12500038
12500200 12500261
12500186 12500249
12500208 12500151
12500245 12500006
12500075 12500096
12500149 12500229
12500237 12500203
12500076 12500075
12500072 12500001
12500002 12500173
12500285 12500266
12500280 12500031
12500256 12500007
12500068 12500214
12500275 12500240
12500187 12500229
12500087 12500006
12500157 12500020
12500201 12500096
12500142 12500235
12500067 12500165
12500008 12500200
12500184 12500136
12500148 12500016
12500109 12500054
12500253 12500232
12500060 12500207
12500153 12500235
12500057 12500204
12500031 12500105
12500289 12500007
12500242 12500040
12500084 12500188
12500235 12500242
12500010 12500113
12500278 12500289
12500091 12500193
12500029 12500262
12500051 12500073
12500088 12500234
12500058 12500267
12500230 12500266
12500185 12500101
12500112 12500265
12500026 12500147
12500097 12500177
12500053 12500160
12500274 12500167
12500150 12500210
12500012 12500285
12500216 12500112
12500198 12500171
12500013 12500099
12500226 12500061
12500271 12500036
12500299 12500108
12500288 12500123
12500165 12500076
12500183 12500261
12500218 12500154
12500218 12500227
12500156 12500088
12500041 12500208
12500013 12500057
12500188 12500123
12500149 12500177
12500090 12500075
12500263 12500184
12500169 12500181
12500148 12500002
12500127 12500040
12500033 12500034
12500008 12500185
12500080 12500271
12500042 12500271
12500149 12500189
12500225 12500286
12500099 12500079
12500080 12500285
12500281 12500113
12500259 12500201
12500142 12500070
12500189 12500282
12500203 12500282
12500274 12500105
12500246 12500126
12500055 12500006
12500201 12500132
12500270 12500063
12500036 12500058
12500235 12500256
12500098 12500225
12500266 12500168
12500031 12500078
12500098 12500157
12500225 12500014
12500125 12500082
12500070 12500045
12500234 12500284
12500290 12500144
12500290 12500231
12500269 12500211
12500194 12500006
12500130 12500003
12500099 12500084
12500110 12500188
12500024 12500219
6250155 6250062
6250120 6250127
6250135 6250050
6250209 6250029
6250056 6250019
6250202 6250089
6250065 6250190
6250031 6250029
6250008 6250107
6250115 6250223
6250143 6250079
6250188 6250013
6250166 6250064
6250075 6250016
6250191 6250117
6250177 6250013
6250110 6250144
6250120 6250176
6250209 6250099
6250036 6250026
6250184 6250251
6250051 6250106
6250001 6250189
6250282 6250268
6250247 6250074
6250286 6250163
6250117 6250188
6250103 6250023
6250186 6250045
6250071 6250230
6250188 6250071
6250269 6250269
6250145 6250180
6250185 6250168
6250283 6250062
6250259 6250262
6250224 6250074
6250038 6250113
6250230 6250213
6250208 6250034
6250246 6250160
6250287 6250175
6250176 6250064
6250086 6250146
6250070 6250276
6250086 6250220
6250111 6250161
6250291 6250251
6250173 6250049
6250202 6250291
6250278 6250242
6250220 6250159
6250004 6250133
6250032 6250195
6250155 6250187
6250029 6250220
6250108 6250170
6250013 6250121
6250271 6250152
6250133 6250224
6250021 6250014
6250103 6250162
6250257 6250151
6250135 6250064
6250034 6250105
6250174 6250147
6250298 6250156
6250086 6250148
6250255 6250252
6250003 6250288
6250168 6250008
6250215 6250265
6250089 6250166
6250273 6250105
6250147 6250152
6250144 6250008
6250259 6250198
6250060 6250073
6250277 6250123
6250245 6250275
6250041 6250280
6250016 6250186
6250147 6250043
6250240 6250273
6250018 6250188
6250183 6250022
6250222 6250152
6250264 6250287
6250190 6250271
6250005 6250254
6250128 6250287
6250300 6250136
6250227 6250083
6250129 6250180
6250059 6250196
6250270 6250259
6250015 6250057
6250275 6250248
6250238 6250100
6250175 6250004
6250108 6250212
6250169 6250224
6250079 6250168
6250299 6250289
6250214 6250221
6250292 6250212
6250292 6250108
6250231 6250150
6250246 6250049
6250004 6250007
6250126 6250277
6250204 6250100
6250164 6250077
6250245 6250238
6250051 6250008
6250217 6250170
6250094 6250182
6250187 6250170
6250172 6250112
6250171 6250246
6250161 6250042
6250050 6250274
6250212 6250289
6250046 6250026
6250058 6250224
6250177 6250062
6250176 6250071
6250144 6250172
6250145 6250145
6250048 6250279
6250113 6250144
6250017 6250209
6250275 6250124
6250037 6250228
6250208 6250047
6250274 6250055
6250175 6250291
6250163 6250271
6250159 6250168
6250264 6250109
6250066 6250204
6250198 6250162
6250008 6250287
6250047 6250096
6250202 6250286
6250288 6250162
6250258 6250295
6250147 6250148
6250030 6250290
6250194 6250170
6250200 6250264
6250143 6250005
6250024 6250049
6250046 6250194
6250135 6250253
6250014 6250077
6250112 6250255
6250016 6250126
6250125 6250194
6250259 6250045
6250103 6250133
6250180 6250128
6250089 6250132
6250050 6250058
6250103 6250295
6250026 6250224
6250089 6250015
6250087 6250167
3125116 3125260
3125064 3125136
3125156 3125248
3125122 3125118
3125209 3125167
3125235 3125049
3125242 3125010
3125136 3125117
3125097 3125246
3125138 3125283
3125109 3125190
3125252 3125142
3125180 3125055
3125013 3125138
3125109 3125155
3125078 3125210
3125132 3125001
3125248 3125059
3125176 3125183
3125227 3125260
3125227 3125279
3125294 3125120
3125138 3125153
3125026 3125162
3125280 3125168
3125163 3125219
3125161 3125169
3125112 3125087
3125247 3125155
3125150 3125025
3125112 3125094
3125298 3125013
3125252 3125118
3125020 3125202
3125253 3125169
3125283 3125192
3125196 3125076
3125289 3125195
3125041 3125184
3125096 3125138
3125029 3125260
3125049 3125215
3125028 3125273
3125299 3125218
3125137 3125204
3125118 3125293
3125155 3125203
3125242 3125011
3125181 3125267
3125139 3125091
3125002 3125110
3125245 3125062
3125090 3125017
3125070 3125163
3125155 3125123
3125125 3125041
3125137 3125072
3125261 3125115
3125273 3125059
3125173 3125257
3125161 3125092
3125167 3125134
3125033 3125135
3125114 3125262
3125094 3125273
3125240 3125251
3125082 3125221
3125159 3125156
3125080 3125122
3125102 3125282
3125018 3125236
3125246 3125077
3125089 3125298
3125289 3125226
3125025 3125082
3125211 3125256
3125219 3125127
3125201 3125033
3125221 3125126
3125060 3125084
3125230 3125122
3125045 3125231
3125174 3125176
3125251 3125107
3125107 3125112
3125089 3125038
3125106 3125067
3125299 3125185
3125201 3125113
3125192 3125107
3125187 3125211
3125082 3125079
3125023 3125121
3125037 3125103
3125148 3125076
3125246 3125264
3125168 3125029
3125001 3125001
3125116 3125134
3125251 3125097
3125213 3125299
3125144 3125067
3125187 3125246
3125171 3125241
3125082 3125080
3125279 3125024
3125035 3125035
3125010 3125177
3125021 3125218
3125076 3125293
3125264 3125075
3125063 3125132
3125170 3125287
3125098 3125068
3125123 3125245
3125031 3125004
3125035 3125197
3125119 3125273
3125092 3125031
3125154 3125069
3125009 3125024
3125074 3125200
3125089 3125186
3125021 3125286
3125069 3125154
3125006 3125125
3125195 3125167
3125033 3125293
3125069 3125077
3125052 3125025
3125263 3125236
3125204 3125145
3125198 3125087
3125104 3125159
3125256 3125251
3125034 3125202
3125236 3125041
3125189 3125068
3125038 3125219
3125193 3125203
3125094 3125252
3125265 3125208
3125277 3125104
3125226 3125185
3125185 3125234
3125160 3125224
3125177 3125137
3125164 3125193
3125257 3125106
3125209 3125189
3125265 3125218
3125060 3125016
3125283 3125261
3125127 3125238
3125035 3125074
3125284 3125148
3125023 3125148
3125026 3125160
3125166 3125254
3125182 3125171
3125267 3125263
3125169 3125035
3125052 3125002
3125143 3125225
3125268 3125242
3125247 3125159
3125269 3125212
3125266 3125235
72 97
250 87
64 51
113 267
104 282
165 133
102 188
214 189
229 103
89 220
128 101
192 231
250 186
43 177
216 147
300 120
36 70
15 14
300 296
133 171
20 242
211 140
192 184
37 132
39 15
93 54
6 109
189 35
165 207
296 238
158 32
275 226
170 87
225 120
86 181
253 47
199 188
296 115
240 160
14 200
35 64
235 85
26 167
171 98
237 86
266 210
296 92
76 27
25 79
143 3
6 70
10 208
91 83
43 26
26 29
278 179
288 262
129 65
132 198
290 294
67 100
30 186
193 6
82 150
162 23
67 138
160 165
69 58
132 8
261 278
179 130
238 204
267 192
277 124
115 277
98 253
87 99
91 81
254 126
130 87
261 278
155 258
236 131
164 196
247 180
62 231
274 109
112 252
274 272
105 248
128 156
78 169
145 175
185 212
96 40
127 213
147 1
46 239
11 134
137 262
227 67
95 73
142 223
203 93
69 236
279 114
180 32
59 14
123 204
231 279
16 105
141 272
60 60
186 66
125 231
136 162
218 263
133 23
68 188
24 2
106 284
140 55
95 62
165 238
297 40
208 260
161 241
56 132
107 34
143 44
23 239
8 7
160 25
189 17
189 136
228 157
296 60
125 200
158 283
94 250
35 244
118 221
148 112
133 280
219 149
28 220
181 53
52 201
293 38
223 158
80 252
188 63
259 132
195 5
268 172
237 215
89 201
163 41
232 164
217 137
53 59
160 21
5 174
179 108
257 12
136 28
224 245
274 34
117 53
248 134
202 77
48 80
239 253
10 20
105 200
128 299
146 184
33 113
281 96
16 209
156 251
118 289
214 256
275 232
288 61
45 266
14 95
52 60
73 84
246 200
40 293
50 159
80 272
30 11
202 160
281 221
18 108
188 11
72 223
217 240
83 213
130 188
15 281
15 74
220 37
292 189
10 223
129 223
147 66
258 221
261 300
4 169
103 285
226 93
67 81
284 219
286 298
32 146
213 231
246 192
295 91
158 27
63 207
130 131
94 118
177 60
290 271
173 112
161 109
43 26
224 281
74 9
73 29
218 280
102 206
3 224
12 87
241 37
217 144
262 224
173 5
244 132
171 134
92 197
159 152
19 143
26 10
250 53
274 203
30 175
248 120
148 113
205 206
51 214
30 95
286 196
54 291
257 158
209 177
244 153
125 174
128 209
74 89
238 242
255 128
97 21
123 164
249 101
91 24
253 227
15 26
206 79
56 171
138 24
40 223
190 48
226 190
213 70
269 269
186 21
79 277
285 268
218 219
269 163
203 164
227 277
13 144
51 265
118 290
154 112
123 115
219 190
180 258
94 12
1 191
205 83
182 264
177 210
47 120
215 166
81 235
186 209
79 159
242 256
255 259
187 126
198 191
114 253
15 288
132 65
141 64
284 80
134 100
148 281
65 188
188 225
188 53
135 270
278 162
40 282
122 72
46 262
267 204
128 190
22 69
100 167
259 92
162 272
155 284
10 194
255 22
41 157
166 28
55 217
9 127
151 81
137 28
16 137
259 248
93 253
184 106
27 81
149 44
157 238
187 278
254 52
286 149
254 143
177 179
216 269
14 265
285 88
153 134
10 108
296 14
139 295
91 134
217 32
236 104
233 210
