# source: JorikJooken
# original path: jj_extract\knapsackProblemInstances-master\problemInstances\n_1000_c_100000000_g_6_f_0.2_eps_0_s_100\test.in
# optimal value: 96887739
# format: n capacity, then weight value
1000 100000000
50000094 50000092
50000065 50000087
50000037 50000069
50000017 50000044
50000032 50000092
50000013 50000032
50000022 50000013
50000034 50000015
50000052 50000027
50000009 50000098
50000038 50000082
50000035 50000010
50000098 50000089
50000037 50000012
50000013 50000028
50000032 50000055
50000033 50000027
50000033 50000047
50000061 50000017
50000076 50000088
50000037 50000066
50000014 50000019
50000021 50000086
50000073 50000047
50000080 50000057
50000066 50000066
50000062 50000033
50000030 50000083
50000095 50000024
50000089 50000019
50000029 50000046
50000021 50000011
50000015 50000056
50000028 50000094
50000079 50000006
50000063 50000018
50000093 50000093
50000090 50000008
50000088 50000063
50000038 50000064
50000092 50000012
50000041 50000051
50000020 50000048
50000047 50000041
50000023 50000040
50000002 50000018
50000062 50000018
50000033 50000098
50000043 50000087
50000051 50000046
50000062 50000095
50000057 50000003
50000055 50000066
50000017 50000002
50000077 50000045
50000003 50000022
50000035 50000009
50000031 50000020
50000018 50000010
50000052 50000076
50000080 50000059
50000026 50000023
50000026 50000045
50000052 50000043
50000019 50000044
50000095 50000016
50000043 50000005
50000056 50000099
50000053 50000086
50000014 50000011
50000034 50000028
50000066 50000040
50000078 50000072
50000065 50000007
50000017 50000015
50000055 50000083
50000067 50000019
50000002 50000027
50000087 50000013
50000021 50000071
50000012 50000092
50000053 50000019
50000066 50000096
50000086 50000075
50000065 50000031
50000068 50000005
50000040 50000093
50000015 50000037
50000026 50000042
50000060 50000035
50000100 50000093
50000035 50000019
50000070 50000092
50000062 50000078
50000012 50000024
50000073 50000040
50000035 50000032
50000077 50000083
50000025 50000064
50000036 50000081
50000040 50000077
50000051 50000003
50000009 50000059
50000064 50000087
50000076 50000025
50000072 50000086
50000028 50000060
50000021 50000100
50000080 50000071
50000023 50000060
50000033 50000031
50000048 50000064
50000061 50000010
50000057 50000013
50000072 50000019
50000022 50000080
50000092 50000037
50000049 50000006
50000032 50000022
50000011 50000022
50000047 50000073
50000070 50000056
50000029 50000041
50000004 50000020
50000058 50000062
50000043 50000016
50000004 50000099
50000054 50000023
50000006 50000065
50000065 50000052
50000038 50000084
50000071 50000053
50000015 50000082
50000040 50000094
50000036 50000046
50000071 50000079
50000038 50000059
50000030 50000005
50000043 50000094
50000029 50000033
50000002 50000093
50000087 50000048
50000079 50000035
50000045 50000008
50000080 50000044
50000064 50000007
50000012 50000076
50000048 50000050
50000064 50000057
50000079 50000028
50000081 50000035
50000066 50000042
50000008 50000056
50000053 50000016
50000096 50000014
50000047 50000014
50000056 50000087
50000020 50000001
50000061 50000023
50000097 50000079
25000023 25000067
25000039 25000099
25000005 25000014
25000040 25000021
25000094 25000057
25000033 25000055
25000087 25000095
25000057 25000094
25000076 25000075
25000028 25000031
25000018 25000049
25000040 25000063
25000026 25000011
25000048 25000087
25000015 25000027
25000092 25000067
25000047 25000088
25000023 25000099
25000032 25000092
25000084 25000022
25000032 25000071
25000020 25000034
25000076 25000054
25000056 25000069
25000007 25000004
25000073 25000038
25000090 25000009
25000035 25000076
25000074 25000034
25000067 25000097
25000004 25000018
25000013 25000004
25000092 25000079
25000039 25000069
25000077 25000022
25000054 25000016
25000080 25000069
25000047 25000097
25000090 25000024
25000038 25000079
25000008 25000032
25000085 25000039
25000061 25000009
25000066 25000057
25000090 25000023
25000083 25000062
25000068 25000031
25000071 25000099
25000009 25000016
25000041 25000058
25000014 25000085
25000077 25000035
25000081 25000051
25000013 25000037
25000083 25000069
25000071 25000083
25000055 25000090
25000014 25000025
25000028 25000028
25000077 25000019
25000019 25000060
25000090 25000052
25000082 25000066
25000057 25000042
25000035 25000032
25000009 25000084
25000073 25000041
25000032 25000037
25000072 25000047
25000014 25000031
25000006 25000052
25000003 25000029
25000074 25000069
25000040 25000006
25000061 25000045
25000086 25000016
25000070 25000002
25000099 25000006
25000028 25000087
25000045 25000059
25000058 25000073
25000054 25000084
25000042 25000053
25000027 25000017
25000023 25000070
25000051 25000097
25000058 25000059
25000067 25000010
25000076 25000016
25000041 25000032
25000079 25000013
25000010 25000023
25000075 25000077
25000011 25000099
25000016 25000025
25000038 25000098
25000011 25000009
25000012 25000004
25000095 25000076
25000082 25000023
25000070 25000045
25000032 25000020
25000052 25000095
25000098 25000017
25000063 25000017
25000029 25000047
25000024 25000071
25000089 25000009
25000097 25000100
25000059 25000034
25000061 25000051
25000057 25000009
25000067 25000025
25000098 25000067
25000049 25000028
25000053 25000014
25000064 25000099
25000023 25000097
25000072 25000093
25000078 25000019
25000029 25000067
25000092 25000036
25000085 25000076
25000032 25000058
25000085 25000030
25000039 25000010
25000039 25000072
25000034 25000010
25000044 25000057
25000023 25000073
25000088 25000075
25000037 25000004
25000042 25000010
25000079 25000082
25000003 25000095
25000018 25000013
25000080 25000042
25000096 25000051
25000061 25000017
25000045 25000025
25000033 25000007
25000036 25000050
25000062 25000022
25000060 25000078
25000022 25000030
25000039 25000088
25000015 25000054
25000084 25000027
25000073 25000060
25000014 25000049
25000015 25000073
25000062 25000005
25000026 25000052
25000063 25000075
25000036 25000060
25000018 25000006
25000084 25000070
25000079 25000041
25000006 25000011
25000003 25000011
12500021 12500094
12500093 12500075
12500029 12500023
12500060 12500087
12500016 12500088
12500078 12500011
12500027 12500009
12500052 12500026
12500018 12500037
12500076 12500089
12500077 12500091
12500093 12500001
12500097 12500010
12500097 12500060
12500083 12500062
12500003 12500028
12500020 12500099
12500065 12500022
12500098 12500072
12500083 12500003
12500046 12500010
12500006 12500035
12500008 12500065
12500009 12500018
12500094 12500074
12500013 12500096
12500083 12500025
12500060 12500058
12500098 12500062
12500032 12500100
12500095 12500013
12500005 12500097
12500021 12500087
12500007 12500084
12500034 12500008
12500030 12500041
12500051 12500081
12500077 12500032
12500043 12500085
12500034 12500088
12500037 12500083
12500032 12500088
12500022 12500076
12500078 12500095
12500039 12500003
12500076 12500081
12500017 12500098
12500027 12500041
12500028 12500088
12500020 12500073
12500020 12500029
12500030 12500003
12500065 12500021
12500026 12500007
12500033 12500100
12500073 12500044
12500039 12500048
12500090 12500043
12500001 12500075
12500072 12500003
12500057 12500078
12500094 12500008
12500033 12500013
12500061 12500020
12500007 12500072
12500029 12500022
12500053 12500017
12500015 12500075
12500036 12500007
12500057 12500010
12500068 12500078
12500002 12500074
12500095 12500043
12500058 12500031
12500099 12500078
12500069 12500052
12500099 12500027
12500054 12500059
12500088 12500100
12500055 12500015
12500034 12500015
12500009 12500071
12500092 12500023
12500079 12500034
12500047 12500063
12500063 12500014
12500005 12500034
12500010 12500057
12500038 12500095
12500003 12500010
12500047 12500044
12500098 12500005
12500081 12500085
12500014 12500031
12500005 12500097
12500076 12500084
12500099 12500041
12500093 12500011
12500044 12500017
12500043 12500084
12500065 12500003
12500082 12500003
12500038 12500009
12500068 12500051
12500050 12500078
12500056 12500004
12500058 12500021
12500030 12500091
12500082 12500066
12500030 12500024
12500015 12500024
12500040 12500057
12500072 12500091
12500041 12500042
12500066 12500018
12500018 12500023
12500014 12500072
12500095 12500093
12500098 12500052
12500016 12500082
12500047 12500096
12500087 12500014
12500077 12500089
12500065 12500045
12500010 12500071
12500077 12500016
12500083 12500051
12500060 12500002
12500067 12500071
12500063 12500008
12500027 12500086
12500094 12500049
12500047 12500045
12500061 12500048
12500059 12500003
12500013 12500016
12500061 12500032
12500002 12500024
12500029 12500019
12500098 12500008
12500079 12500074
12500045 12500081
12500033 12500032
12500080 12500044
12500062 12500094
12500068 12500063
12500006 12500064
12500017 12500058
12500085 12500054
12500089 12500026
12500002 12500045
12500001 12500088
12500046 12500022
12500046 12500047
12500007 12500062
12500086 12500017
12500046 12500044
12500070 12500093
12500005 12500021
12500020 12500080
6250094 6250064
6250019 6250057
6250024 6250035
6250054 6250029
6250049 6250009
6250047 6250076
6250070 6250088
6250098 6250063
6250093 6250015
6250065 6250071
6250090 6250080
6250030 6250040
6250021 6250074
6250001 6250039
6250095 6250013
6250019 6250018
6250021 6250062
6250062 6250024
6250084 6250094
6250043 6250091
6250001 6250031
6250011 6250022
6250084 6250006
6250013 6250071
6250044 6250098
6250050 6250080
6250090 6250014
6250025 6250099
6250054 6250082
6250052 6250018
6250037 6250010
6250002 6250033
6250020 6250052
6250023 6250097
6250049 6250082
6250071 6250042
6250069 6250069
6250058 6250007
6250094 6250006
6250060 6250088
6250091 6250001
6250096 6250057
6250014 6250068
6250062 6250050
6250060 6250035
6250092 6250084
6250095 6250074
6250064 6250025
6250061 6250079
6250094 6250055
6250012 6250007
6250085 6250036
6250090 6250016
6250023 6250063
6250014 6250046
6250004 6250090
6250030 6250098
6250054 6250076
6250041 6250069
6250095 6250072
6250065 6250047
6250021 6250031
6250008 6250022
6250011 6250053
6250005 6250019
6250098 6250045
6250031 6250078
6250078 6250057
6250034 6250033
6250078 6250043
6250040 6250089
6250049 6250064
6250021 6250062
6250050 6250072
6250045 6250011
6250100 6250056
6250001 6250042
6250026 6250070
6250084 6250066
6250066 6250038
6250016 6250045
6250060 6250051
6250037 6250072
6250093 6250063
6250089 6250053
6250049 6250059
6250022 6250008
6250021 6250042
6250087 6250038
6250014 6250073
6250005 6250075
6250016 6250067
6250062 6250095
6250084 6250030
6250063 6250052
6250020 6250052
6250092 6250026
6250067 6250007
6250037 6250023
6250050 6250090
6250055 6250054
6250065 6250087
6250019 6250029
6250033 6250027
6250058 6250018
6250080 6250090
6250091 6250091
6250091 6250052
6250008 6250085
6250049 6250007
6250065 6250030
6250085 6250074
6250008 6250002
6250064 6250029
6250014 6250032
6250057 6250094
6250085 6250019
6250074 6250011
6250081 6250081
6250090 6250056
6250015 6250025
6250088 6250039
6250052 6250075
6250019 6250096
6250006 6250024
6250010 6250033
6250088 6250013
6250028 6250047
6250050 6250061
6250004 6250015
6250023 6250045
6250024 6250043
6250066 6250073
6250027 6250043
6250022 6250071
6250088 6250064
6250055 6250075
6250028 6250057
6250029 6250087
6250069 6250069
6250097 6250014
6250097 6250076
6250072 6250033
6250050 6250060
6250075 6250048
6250029 6250009
6250081 6250059
6250027 6250012
6250063 6250004
6250041 6250027
6250025 6250063
6250099 6250091
6250074 6250053
6250017 6250091
6250088 6250006
6250072 6250072
6250014 6250001
6250086 6250044
6250075 6250033
6250027 6250057
3125078 3125085
3125019 3125039
3125030 3125081
3125015 3125071
3125043 3125031
3125067 3125079
3125077 3125070
3125015 3125079
3125068 3125098
3125099 3125011
3125046 3125028
3125067 3125073
3125073 3125019
3125036 3125091
3125052 3125007
3125084 3125079
3125067 3125083
3125088 3125076
3125024 3125071
3125075 3125017
3125058 3125055
3125063 3125069
3125043 3125073
3125024 3125027
3125054 3125058
3125064 3125072
3125004 3125087
3125065 3125030
3125026 3125100
3125001 3125053
3125034 3125080
3125068 3125091
3125094 3125018
3125059 3125073
3125091 3125069
3125058 3125057
3125073 3125099
3125047 3125053
3125028 3125003
3125039 3125077
3125078 3125039
3125059 3125074
3125032 3125028
3125039 3125012
3125094 3125069
3125098 3125029
3125088 3125070
3125083 3125096
3125052 3125076
3125095 3125047
3125065 3125003
3125087 3125011
3125033 3125073
3125027 3125072
3125063 3125052
3125089 3125062
3125009 3125070
3125092 3125091
3125001 3125037
3125019 3125074
3125085 3125008
3125012 3125043
3125099 3125029
3125057 3125069
3125052 3125093
3125035 3125075
3125071 3125038
3125099 3125019
3125051 3125061
3125072 3125026
3125053 3125043
3125032 3125037
3125003 3125010
3125015 3125034
3125042 3125041
3125079 3125057
3125018 3125067
3125061 3125010
3125081 3125088
3125072 3125072
3125087 3125055
3125024 3125085
3125033 3125085
3125010 3125004
3125084 3125010
3125029 3125053
3125053 3125051
3125089 3125035
3125005 3125052
3125076 3125046
3125037 3125019
3125014 3125011
3125022 3125073
3125065 3125054
3125032 3125076
3125030 3125017
3125077 3125076
3125093 3125080
3125025 3125085
3125003 3125026
3125045 3125057
3125040 3125046
3125042 3125092
3125030 3125050
3125008 3125023
3125080 3125079
3125071 3125083
3125009 3125068
3125079 3125073
3125003 3125008
3125085 3125005
3125009 3125029
3125056 3125071
3125026 3125042
3125078 3125010
3125078 3125042
3125022 3125051
3125058 3125053
3125011 3125002
3125044 3125010
3125084 3125083
3125034 3125052
3125017 3125059
3125068 3125024
3125047 3125059
3125060 3125015
3125051 3125096
3125058 3125068
3125090 3125067
3125090 3125031
3125080 3125049
3125060 3125032
3125031 3125021
3125039 3125080
3125048 3125065
3125047 3125031
3125058 3125064
3125029 3125050
3125054 3125062
3125083 3125024
3125022 3125034
3125044 3125032
3125016 3125029
3125085 3125020
3125082 3125056
3125026 3125067
3125012 3125009
3125088 3125004
3125058 3125093
3125100 3125035
3125100 3125040
3125040 3125036
3125004 3125062
3125057 3125035
3125089 3125057
3125001 3125053
3125028 3125055
3125057 3125021
3125077 3125030
3125059 3125077
2 35
46 75
11 98
13 76
76 48
3 9
30 86
11 75
46 18
56 10
15 97
84 40
49 49
46 48
8 31
19 96
54 46
100 32
96 19
31 47
55 8
3 64
12 57
17 17
34 71
28 28
87 80
60 48
68 81
14 97
38 83
92 37
55 81
75 9
1 26
4 84
23 20
55 95
78 97
46 32
8 91
21 8
52 32
9 63
45 2
55 31
49 79
68 88
46 41
98 24
47 67
79 17
37 82
45 48
32 81
49 63
88 62
20 14
86 74
62 88
100 63
91 63
86 52
10 65
98 93
37 82
55 34
16 33
47 9
78 91
3 41
15 86
98 64
32 63
79 14
94 13
56 12
1 28
24 79
9 5
27 44
67 34
28 47
10 86
26 18
48 69
79 20
69 64
37 89
99 70
92 44
82 55
85 31
90 8
67 35
81 33
55 45
29 1
73 90
56 70
78 89
45 61
61 3
2 31
20 72
18 51
19 91
31 45
47 51
78 91
94 43
44 14
9 10
97 63
77 74
46 32
37 90
38 48
76 45
92 85
27 77
40 6
19 63
87 88
44 41
17 32
72 10
69 49
62 7
79 61
42 86
64 34
21 51
30 19
35 38
95 29
27 27
43 26
72 87
40 68
78 36
23 37
68 49
79 39
36 5
55 88
4 29
21 31
72 33
74 81
57 49
28 69
39 17
96 51
3 28
75 51
5 18
86 74
91 33
80 100
8 40
83 56
54 97
66 87
46 66
92 47
75 3
9 39
46 32
34 53
76 62
30 23
92 86
6 75
56 2
35 61
62 3
90 13
71 38
68 48
91 22
17 55
61 26
100 62
79 44
50 90
85 97
59 78
43 75
22 13
86 4
47 49
17 62
12 95
66 55
34 40
88 18
31 97
67 86
96 15
