# source: JorikJooken
# original path: jj_extract\knapsackProblemInstances-master\problemInstances\n_1000_c_10000000000_g_6_f_0.2_eps_0.0001_s_200\test.in
# optimal value: 9718525688
# format: n capacity, then weight value
1000 10000000000
5001000107 5001000193
5001000130 5001000018
5001000091 5001000138
5001000061 5001000078
5001000195 5001000082
5001000163 5001000180
5001000147 5001000011
5001000081 5001000140
5001000134 5001000139
5001000005 5001000161
5001000028 5001000091
5001000139 5001000127
5001000119 5001000075
5001000189 5001000186
5001000187 5001000062
5001000194 5001000156
5001000104 5001000081
5001000072 5001000114
5001000198 5001000031
5001000019 5001000118
5001000032 5001000107
5001000116 5001000010
5001000079 5001000159
5001000145 5001000120
5001000150 5001000013
5001000099 5001000178
5001000140 5001000092
5001000132 5001000104
5001000141 5001000131
5001000091 5001000197
5001000035 5001000189
5001000070 5001000013
5001000151 5001000145
5001000052 5001000006
5001000101 5001000090
5001000154 5001000137
5001000067 5001000161
5001000173 5001000125
5001000122 5001000098
5001000034 5001000077
5001000001 5001000183
5001000051 5001000181
5001000020 5001000044
5001000024 5001000042
5001000181 5001000137
5001000062 5001000012
5001000099 5001000014
5001000070 5001000091
5001000119 5001000056
5001000027 5001000116
5001000117 5001000067
5001000105 5001000131
5001000146 5001000166
5001000005 5001000160
5001000178 5001000150
5001000153 5001000044
5001000153 5001000150
5001000111 5001000082
5001000138 5001000045
5001000164 5001000122
5001000018 5001000045
5001000032 5001000036
5001000127 5001000149
5001000107 5001000152
5001000038 5001000027
5001000016 5001000174
5001000157 5001000153
5001000177 5001000039
5001000087 5001000192
5001000040 5001000145
5001000017 5001000041
5001000189 5001000071
5001000096 5001000161
5001000147 5001000168
5001000030 5001000104
5001000022 5001000164
5001000154 5001000085
5001000141 5001000170
5001000011 5001000115
5001000044 5001000045
5001000198 5001000027
5001000091 5001000010
5001000063 5001000099
5001000108 5001000108
5001000126 5001000050
5001000125 5001000198
5001000086 5001000050
5001000189 5001000104
5001000083 5001000042
5001000156 5001000126
5001000085 5001000107
5001000120 5001000105
5001000100 5001000019
5001000023 5001000021
5001000164 5001000146
5001000029 5001000083
5001000122 5001000150
5001000142 5001000185
5001000015 5001000049
5001000022 5001000108
5001000140 5001000039
5001000171 5001000137
5001000042 5001000042
5001000108 5001000008
5001000004 5001000008
5001000020 5001000053
5001000063 5001000039
5001000134 5001000034
5001000054 5001000124
5001000172 5001000001
5001000059 5001000176
5001000172 5001000078
5001000191 5001000181
5001000003 5001000182
5001000176 5001000011
5001000136 5001000133
5001000146 5001000149
5001000102 5001000140
5001000045 5001000190
5001000079 5001000190
5001000198 5001000066
5001000104 5001000044
5001000145 5001000055
5001000173 5001000014
5001000017 5001000025
5001000036 5001000058
5001000119 5001000120
5001000199 5001000091
5001000197 5001000182
5001000169 5001000010
5001000109 5001000016
5001000190 5001000051
5001000022 5001000131
5001000165 5001000023
5001000087 5001000199
5001000097 5001000187
5001000141 5001000076
5001000075 5001000006
5001000169 5001000196
5001000152 5001000172
5001000163 5001000056
5001000107 5001000031
5001000192 5001000173
5001000118 5001000149
5001000094 5001000198
5001000094 5001000023
5001000005 5001000180
5001000023 5001000007
5001000128 5001000027
5001000042 5001000042
5001000115 5001000195
5001000087 5001000195
5001000115 5001000030
5001000080 5001000076
5001000095 5001000134
5001000145 5001000016
5001000156 5001000091
5001000097 5001000200
5001000151 5001000164
5001000018 5001000150
2501000121 2501000166
2501000120 2501000036
2501000119 2501000198
2501000048 2501000113
2501000169 2501000153
2501000090 2501000107
2501000116 2501000108
2501000200 2501000070
2501000195 2501000044
2501000058 2501000001
2501000003 2501000116
2501000078 2501000023
2501000150 2501000115
2501000040 2501000114
2501000009 2501000156
2501000069 2501000174
2501000106 2501000036
2501000108 2501000184
2501000025 2501000093
2501000075 2501000084
2501000031 2501000094
2501000049 2501000046
2501000013 2501000175
2501000191 2501000070
2501000130 2501000119
2501000099 2501000156
2501000019 2501000175
2501000101 2501000070
2501000070 2501000087
2501000025 2501000065
2501000137 2501000157
2501000141 2501000149
2501000001 2501000184
2501000163 2501000122
2501000134 2501000006
2501000150 2501000162
2501000124 2501000129
2501000091 2501000083
2501000150 2501000048
2501000077 2501000038
2501000126 2501000154
2501000068 2501000101
2501000158 2501000195
2501000028 2501000049
2501000117 2501000036
2501000002 2501000049
2501000107 2501000197
2501000175 2501000089
2501000010 2501000079
2501000145 2501000153
2501000108 2501000037
2501000127 2501000151
2501000013 2501000184
2501000089 2501000155
2501000013 2501000010
2501000155 2501000002
2501000178 2501000098
2501000138 2501000183
2501000074 2501000091
2501000070 2501000093
2501000113 2501000191
2501000080 2501000033
2501000063 2501000008
2501000152 2501000034
2501000179 2501000060
2501000075 2501000047
2501000017 2501000018
2501000033 2501000082
2501000165 2501000130
2501000165 2501000025
2501000196 2501000094
2501000140 2501000131
2501000043 2501000011
2501000163 2501000119
2501000056 2501000159
2501000109 2501000090
2501000049 2501000109
2501000050 2501000029
2501000053 2501000126
2501000006 2501000050
2501000036 2501000165
2501000098 2501000083
2501000144 2501000191
2501000177 2501000181
2501000028 2501000037
2501000172 2501000071
2501000008 2501000124
2501000069 2501000107
2501000123 2501000064
2501000017 2501000151
2501000029 2501000173
2501000018 2501000009
2501000060 2501000082
2501000015 2501000035
2501000066 2501000099
2501000097 2501000024
2501000196 2501000003
2501000049 2501000059
2501000136 2501000065
2501000033 2501000140
2501000072 2501000087
2501000065 2501000167
2501000184 2501000140
2501000096 2501000135
2501000189 2501000144
2501000175 2501000111
2501000158 2501000174
2501000027 2501000129
2501000040 2501000028
2501000122 2501000147
2501000028 2501000011
2501000067 2501000098
2501000079 2501000071
2501000032 2501000097
2501000170 2501000159
2501000159 2501000173
2501000026 2501000065
2501000123 2501000198
2501000005 2501000076
2501000004 2501000189
2501000076 2501000022
2501000161 2501000143
2501000005 2501000147
2501000027 2501000068
2501000114 2501000097
2501000195 2501000160
2501000020 2501000120
2501000128 2501000151
2501000004 2501000038
2501000155 2501000188
2501000029 2501000099
2501000014 2501000059
2501000200 2501000080
2501000181 2501000017
2501000066 2501000023
2501000167 2501000116
2501000187 2501000178
2501000015 2501000020
2501000020 2501000098
2501000111 2501000031
2501000196 2501000128
2501000051 2501000055
2501000171 2501000124
2501000084 2501000113
2501000038 2501000083
2501000059 2501000137
2501000021 2501000082
2501000146 2501000021
2501000012 2501000048
2501000091 2501000196
2501000073 2501000093
2501000104 2501000194
2501000098 2501000094
2501000164 2501000184
2501000144 2501000167
2501000036 2501000175
2501000052 2501000046
2501000053 2501000063
2501000033 2501000043
2501000031 2501000099
1251000039 1251000151
1251000036 1251000141
1251000011 1251000070
1251000019 1251000033
1251000065 1251000146
1251000181 1251000143
1251000162 1251000086
1251000099 1251000199
1251000074 1251000138
1251000010 1251000136
1251000102 1251000065
1251000123 1251000027
1251000016 1251000023
1251000171 1251000083
1251000093 1251000136
1251000052 1251000123
1251000029 1251000155
1251000118 1251000173
1251000003 1251000090
1251000087 1251000057
1251000053 1251000027
1251000023 1251000024
1251000121 1251000138
1251000117 1251000119
1251000186 1251000107
1251000183 1251000102
1251000058 1251000112
1251000136 1251000154
1251000059 1251000084
1251000056 1251000169
1251000034 1251000162
1251000059 1251000126
1251000034 1251000084
1251000051 1251000070
1251000105 1251000062
1251000110 1251000180
1251000110 1251000046
1251000106 1251000116
1251000130 1251000005
1251000181 1251000120
1251000084 1251000117
1251000146 1251000177
1251000092 1251000149
1251000187 1251000147
1251000160 1251000178
1251000033 1251000030
1251000084 1251000124
1251000157 1251000189
1251000118 1251000079
1251000120 1251000035
1251000041 1251000091
1251000117 1251000107
1251000111 1251000016
1251000111 1251000039
1251000064 1251000109
1251000113 1251000033
1251000055 1251000182
1251000146 1251000199
1251000189 1251000186
1251000018 1251000034
1251000185 1251000058
1251000035 1251000033
1251000166 1251000026
1251000147 1251000005
1251000161 1251000196
1251000113 1251000193
1251000065 1251000107
1251000127 1251000193
1251000123 1251000111
1251000072 1251000158
1251000183 1251000108
1251000043 1251000076
1251000046 1251000103
1251000004 1251000128
1251000183 1251000012
1251000177 1251000170
1251000141 1251000086
1251000098 1251000126
1251000031 1251000111
1251000041 1251000037
1251000101 1251000030
1251000106 1251000115
1251000157 1251000101
1251000022 1251000132
1251000048 1251000191
1251000089 1251000006
1251000072 1251000188
1251000085 1251000113
1251000040 1251000183
1251000164 1251000038
1251000168 1251000050
1251000009 1251000182
1251000054 1251000049
1251000004 1251000152
1251000023 1251000110
1251000093 1251000114
1251000067 1251000040
1251000074 1251000032
1251000164 1251000084
1251000003 1251000143
1251000015 1251000144
1251000192 1251000163
1251000089 1251000077
1251000022 1251000154
1251000018 1251000147
1251000197 1251000087
1251000182 1251000024
1251000182 1251000179
1251000035 1251000090
1251000165 1251000138
1251000023 1251000075
1251000051 1251000068
1251000195 1251000180
1251000166 1251000027
1251000164 1251000043
1251000144 1251000163
1251000195 1251000051
1251000191 1251000097
1251000186 1251000190
1251000091 1251000001
1251000093 1251000008
1251000052 1251000186
1251000174 1251000006
1251000164 1251000185
1251000017 1251000120
1251000157 1251000043
1251000002 1251000072
1251000093 1251000184
1251000137 1251000116
1251000118 1251000037
1251000126 1251000117
1251000105 1251000184
1251000038 1251000130
1251000117 1251000156
1251000003 1251000107
1251000004 1251000172
1251000117 1251000100
1251000100 1251000104
1251000064 1251000184
1251000126 1251000002
1251000128 1251000009
1251000154 1251000094
1251000077 1251000062
1251000113 1251000159
1251000006 1251000135
1251000189 1251000038
1251000106 1251000196
1251000144 1251000094
1251000148 1251000189
1251000137 1251000172
1251000064 1251000039
1251000051 1251000158
1251000136 1251000027
1251000041 1251000160
1251000086 1251000115
1251000158 1251000153
1251000120 1251000091
1251000072 1251000056
1251000046 1251000043
1251000064 1251000011
626000199 626000028
626000132 626000079
626000154 626000021
626000001 626000142
626000181 626000007
626000163 626000054
626000185 626000006
626000031 626000191
626000190 626000045
626000038 626000189
626000145 626000010
626000040 626000041
626000160 626000195
626000130 626000132
626000090 626000180
626000086 626000103
626000070 626000134
626000038 626000114
626000083 626000069
626000168 626000162
626000199 626000007
626000044 626000006
626000056 626000187
626000169 626000100
626000093 626000100
626000187 626000009
626000111 626000132
626000069 626000181
626000040 626000186
626000125 626000177
626000175 626000098
626000005 626000142
626000125 626000103
626000032 626000097
626000199 626000156
626000032 626000038
626000088 626000190
626000153 626000080
626000114 626000031
626000035 626000165
626000027 626000168
626000169 626000069
626000082 626000098
626000200 626000160
626000025 626000147
626000078 626000010
626000094 626000043
626000180 626000110
626000011 626000192
626000082 626000016
626000019 626000154
626000173 626000107
626000187 626000141
626000114 626000107
626000165 626000001
626000159 626000155
626000011 626000109
626000143 626000196
626000017 626000038
626000200 626000009
626000159 626000148
626000032 626000011
626000135 626000182
626000133 626000156
626000137 626000093
626000054 626000097
626000013 626000151
626000006 626000109
626000127 626000039
626000138 626000072
626000143 626000138
626000154 626000197
626000061 626000074
626000109 626000041
626000045 626000091
626000047 626000058
626000112 626000135
626000067 626000008
626000146 626000172
626000158 626000011
626000012 626000180
626000096 626000037
626000178 626000115
626000187 626000034
626000081 626000075
626000177 626000079
626000028 626000136
626000166 626000122
626000090 626000051
626000166 626000130
626000122 626000069
626000041 626000071
626000127 626000178
626000014 626000044
626000127 626000008
626000198 626000160
626000137 626000166
626000082 626000152
626000140 626000151
626000028 626000061
626000119 626000152
626000154 626000135
626000103 626000113
626000193 626000035
626000171 626000013
626000102 626000103
626000186 626000005
626000097 626000077
626000156 626000122
626000116 626000049
626000139 626000141
626000156 626000051
626000073 626000077
626000153 626000162
626000066 626000175
626000103 626000144
626000117 626000184
626000198 626000010
626000144 626000049
626000050 626000194
626000117 626000194
626000061 626000180
626000089 626000072
626000032 626000085
626000052 626000122
626000086 626000025
626000190 626000186
626000093 626000030
626000021 626000029
626000046 626000147
626000074 626000014
626000144 626000008
626000059 626000048
626000152 626000163
626000111 626000025
626000037 626000118
626000048 626000037
626000035 626000028
626000008 626000063
626000033 626000035
626000024 626000145
626000024 626000077
626000162 626000094
626000078 626000158
626000086 626000125
626000003 626000172
626000105 626000140
626000145 626000085
626000106 626000189
626000014 626000197
626000038 626000199
626000087 626000067
626000087 626000104
626000171 626000033
626000051 626000112
626000084 626000025
626000112 626000157
626000111 626000166
626000007 626000172
626000097 626000181
313500148 313500042
313500025 313500049
313500135 313500075
313500139 313500041
313500158 313500076
313500048 313500187
313500164 313500200
313500176 313500146
313500102 313500145
313500112 313500126
313500073 313500117
313500128 313500070
313500122 313500046
313500070 313500184
313500184 313500172
313500048 313500063
313500101 313500029
313500048 313500122
313500118 313500102
313500135 313500088
313500040 313500048
313500193 313500018
313500004 313500173
313500130 313500046
313500021 313500172
313500025 313500031
313500095 313500104
313500001 313500112
313500113 313500144
313500100 313500193
313500128 313500016
313500195 313500111
313500049 313500120
313500130 313500189
313500034 313500070
313500097 313500148
313500033 313500075
313500167 313500046
313500170 313500122
313500064 313500116
313500011 313500119
313500044 313500135
313500025 313500082
313500166 313500122
313500123 313500064
313500098 313500100
313500137 313500015
313500171 313500069
313500112 313500181
313500144 313500113
313500127 313500168
313500113 313500144
313500182 313500003
313500187 313500132
313500094 313500057
313500149 313500124
313500024 313500021
313500006 313500108
313500030 313500133
313500083 313500062
313500064 313500172
313500121 313500186
313500105 313500092
313500069 313500069
313500099 313500032
313500139 313500145
313500134 313500075
313500156 313500054
313500157 313500184
313500082 313500043
313500121 313500195
313500022 313500003
313500103 313500092
313500133 313500061
313500116 313500043
313500142 313500149
313500084 313500157
313500114 313500025
313500059 313500013
313500081 313500073
313500018 313500084
313500084 313500092
313500058 313500162
313500126 313500100
313500151 313500014
313500186 313500196
313500083 313500120
313500172 313500004
313500018 313500092
313500190 313500087
313500199 313500114
313500032 313500184
313500157 313500188
313500103 313500132
313500199 313500190
313500145 313500185
313500115 313500086
313500195 313500143
313500139 313500126
313500159 313500020
313500189 313500017
313500082 313500021
313500122 313500159
313500168 313500184
313500058 313500086
313500001 313500033
313500026 313500025
313500139 313500158
313500050 313500162
313500165 313500103
313500178 313500176
313500182 313500021
313500097 313500054
313500075 313500174
313500024 313500093
313500091 313500141
313500106 313500010
313500057 313500072
313500159 313500069
313500064 313500174
313500129 313500005
313500026 313500056
313500155 313500170
313500077 313500014
313500175 313500060
313500186 313500149
313500070 313500195
313500119 313500114
313500125 313500079
313500070 313500187
313500163 313500046
313500088 313500127
313500034 313500032
313500070 313500007
313500150 313500007
313500195 313500076
313500114 313500115
313500015 313500076
313500152 313500039
313500043 313500099
313500018 313500008
313500179 313500165
313500158 313500051
313500200 313500085
313500079 313500044
313500021 313500161
313500146 313500188
313500113 313500124
313500024 313500095
313500154 313500163
313500063 313500158
313500159 313500074
313500054 313500010
313500131 313500047
313500049 313500063
313500036 313500068
313500097 313500198
313500059 313500199
313500129 313500147
313500072 313500089
62 139
80 88
62 105
16 98
79 173
183 82
39 31
56 74
110 48
25 35
140 155
28 127
18 75
82 64
198 172
46 53
63 19
55 36
148 162
126 171
114 148
135 171
135 21
115 5
26 36
41 66
8 70
186 85
171 95
178 45
34 20
60 175
146 94
119 42
112 166
7 151
87 26
197 100
173 113
132 159
183 79
126 160
18 26
87 71
171 161
143 79
63 82
45 189
193 63
25 82
191 174
24 75
137 87
6 188
15 28
134 48
48 117
47 66
18 162
166 42
148 61
119 1
106 156
35 87
107 180
59 6
118 83
66 2
160 99
27 142
84 135
156 190
83 98
155 115
48 183
187 138
16 31
167 181
103 71
89 106
28 102
97 165
130 179
198 115
61 105
108 194
70 20
131 173
172 8
141 70
28 86
112 114
108 29
68 39
22 107
7 90
191 45
52 163
47 142
97 186
15 90
47 198
1 115
5 134
184 132
89 8
10 108
25 180
63 145
190 104
195 149
159 194
94 28
89 19
87 32
193 1
73 92
198 105
47 158
29 175
103 186
44 56
34 152
56 150
69 118
14 98
71 129
38 67
23 169
199 122
125 1
56 39
17 113
181 117
139 73
48 119
149 10
189 41
54 18
175 71
151 64
141 108
40 190
193 156
49 57
118 100
69 190
22 124
77 115
183 174
150 190
10 47
198 188
7 159
43 63
96 62
63 42
44 36
92 149
87 88
106 177
89 155
148 93
200 174
189 62
105 150
11 176
160 160
132 52
167 45
87 22
89 46
18 79
155 91
72 1
98 106
7 70
54 199
13 154
46 168
75 96
187 140
186 68
8 27
128 99
25 45
85 160
152 132
94 122
163 130
82 1
29 29
131 51
26 26
124 48
92 8
86 197
26 112
111 106
182 50
