# source: JorikJooken
# original path: jj_extract\knapsackProblemInstances-master\problemInstances\n_1000_c_100000000_g_2_f_0.3_eps_0.0001_s_300\test.in
# optimal value: 50056092
# format: n capacity, then weight value
1000 100000000
50010257 50010300
50010215 50010229
50010029 50010028
50010059 50010272
50010013 50010007
50010115 50010262
50010102 50010266
50010275 50010286
50010020 50010214
50010130 50010147
50010002 50010269
50010088 50010019
50010193 50010018
50010207 50010068
50010043 50010008
50010244 50010123
50010164 50010205
50010273 50010077
50010043 50010061
50010060 50010239
50010152 50010170
50010295 50010097
50010127 50010226
50010164 50010030
50010003 50010194
50010013 50010026
50010145 50010204
50010284 50010277
50010163 50010022
50010158 50010084
50010007 50010125
50010232 50010215
50010229 50010162
50010044 50010134
50010047 50010139
50010239 50010217
50010072 50010127
50010296 50010260
50010281 50010031
50010028 50010073
50010020 50010105
50010057 50010267
50010181 50010035
50010051 50010150
50010178 50010294
50010289 50010143
50010048 50010103
50010256 50010299
50010194 50010013
50010174 50010175
50010226 50010052
50010286 50010275
50010114 50010143
50010171 50010285
50010248 50010079
50010118 50010115
50010039 50010027
50010231 50010101
50010147 50010092
50010276 50010206
50010170 50010206
50010101 50010271
50010128 50010138
50010211 50010207
50010049 50010262
50010069 50010280
50010113 50010119
50010255 50010128
50010010 50010275
50010275 50010127
50010222 50010226
50010034 50010150
50010149 50010198
50010221 50010066
50010041 50010258
50010068 50010204
50010109 50010153
50010264 50010137
50010277 50010228
50010145 50010266
50010139 50010093
50010195 50010080
50010113 50010167
50010096 50010042
50010296 50010257
50010242 50010062
50010074 50010141
50010122 50010025
50010175 50010086
50010016 50010283
50010081 50010194
50010250 50010279
50010007 50010098
50010249 50010257
50010142 50010271
50010204 50010058
50010173 50010219
50010095 50010131
50010180 50010180
50010203 50010081
50010251 50010013
50010234 50010156
50010287 50010153
50010219 50010028
50010118 50010135
50010044 50010151
50010082 50010201
50010277 50010029
50010169 50010105
50010107 50010223
50010195 50010091
50010023 50010226
50010064 50010172
50010062 50010222
50010030 50010276
50010026 50010088
50010227 50010233
50010221 50010192
50010047 50010195
50010130 50010176
50010244 50010087
50010240 50010113
50010210 50010036
50010244 50010078
50010239 50010141
50010172 50010252
50010246 50010021
50010105 50010005
50010156 50010082
50010067 50010068
50010034 50010106
50010259 50010081
50010019 50010254
50010172 50010296
50010272 50010211
50010172 50010003
50010074 50010140
50010179 50010157
50010176 50010002
50010075 50010002
50010258 50010095
50010189 50010253
50010184 50010126
50010047 50010043
50010276 50010252
50010028 50010080
50010182 50010280
50010246 50010127
50010216 50010003
50010107 50010277
50010295 50010227
50010276 50010210
50010031 50010241
50010182 50010033
50010064 50010186
50010140 50010218
50010200 50010042
50010063 50010157
50010148 50010183
50010060 50010150
50010008 50010029
50010220 50010074
50010208 50010030
50010228 50010159
50010181 50010091
50010087 50010156
50010231 50010259
50010107 50010210
50010040 50010104
50010285 50010054
50010249 50010155
50010187 50010134
50010295 50010274
50010289 50010257
50010044 50010193
50010066 50010166
50010121 50010136
50010228 50010065
50010155 50010113
50010250 50010128
50010170 50010199
50010066 50010297
50010283 50010148
50010072 50010298
50010043 50010119
50010193 50010274
50010125 50010250
50010180 50010295
50010131 50010014
50010135 50010022
50010275 50010045
50010173 50010299
50010281 50010040
50010281 50010009
50010144 50010249
50010234 50010016
50010192 50010150
50010020 50010180
50010012 50010097
50010264 50010084
50010188 50010287
50010039 50010048
50010035 50010199
50010089 50010128
50010097 50010294
50010059 50010264
50010295 50010044
50010142 50010085
50010224 50010077
50010039 50010104
50010002 50010153
50010238 50010162
50010122 50010177
50010058 50010217
50010186 50010275
50010232 50010197
50010177 50010154
50010214 50010095
50010209 50010030
50010276 50010018
50010137 50010140
50010181 50010072
50010106 50010103
50010054 50010266
50010295 50010173
50010083 50010019
50010223 50010006
50010125 50010098
50010081 50010295
50010268 50010115
50010224 50010297
50010222 50010191
50010165 50010226
50010025 50010244
50010033 50010120
50010219 50010046
50010009 50010064
50010157 50010150
50010179 50010164
50010034 50010253
50010126 50010124
50010235 50010180
50010115 50010212
50010189 50010067
50010175 50010110
50010241 50010243
50010003 50010021
50010224 50010065
50010089 50010138
50010240 50010222
50010124 50010278
50010136 50010029
50010208 50010247
50010124 50010153
50010002 50010114
50010110 50010133
50010174 50010029
50010080 50010114
50010201 50010035
50010043 50010108
50010065 50010135
50010245 50010189
50010186 50010083
50010014 50010020
50010242 50010248
50010097 50010221
50010026 50010291
50010168 50010210
50010022 50010248
50010292 50010180
50010270 50010236
50010192 50010148
50010114 50010165
50010124 50010291
50010229 50010076
50010199 50010206
50010053 50010236
50010127 50010034
50010078 50010116
50010072 50010271
50010271 50010012
50010058 50010172
50010182 50010208
50010259 50010021
50010242 50010060
50010228 50010178
50010240 50010167
50010055 50010298
50010115 50010181
50010077 50010079
50010192 50010138
50010239 50010219
50010131 50010284
50010111 50010108
50010027 50010020
50010216 50010299
50010214 50010099
50010060 50010217
50010239 50010258
50010177 50010113
50010249 50010075
50010169 50010278
50010274 50010065
50010238 50010243
50010193 50010083
50010137 50010294
50010080 50010076
50010269 50010104
50010116 50010285
50010202 50010242
50010018 50010206
50010140 50010096
50010214 50010037
50010203 50010247
50010134 50010254
50010013 50010063
50010082 50010284
50010217 50010169
50010188 50010297
50010237 50010068
50010058 50010289
50010203 50010246
50010296 50010195
50010287 50010145
50010268 50010006
50010114 50010138
50010088 50010195
50010154 50010039
50010159 50010088
50010043 50010036
50010043 50010247
50010095 50010254
50010167 50010284
50010184 50010272
50010060 50010045
50010035 50010118
50010041 50010055
50010278 50010239
50010257 50010261
50010204 50010009
50010136 50010117
50010242 50010171
50010114 50010022
50010004 50010237
50010232 50010234
50010259 50010086
50010267 50010198
50010168 50010079
50010109 50010069
50010271 50010032
50010100 50010259
50010144 50010092
50010146 50010280
50010029 50010031
50010097 50010112
50010172 50010074
50010190 50010140
50010080 50010242
50010297 50010281
50010140 50010290
50010091 50010150
50010294 50010087
50010110 50010158
50010244 50010230
50010175 50010041
50010077 50010300
50010137 50010166
50010252 50010168
50010033 50010030
50010056 50010285
50010221 50010257
50010258 50010215
50010025 50010122
50010098 50010190
50010176 50010069
50010280 50010071
50010252 50010146
50010121 50010209
50010139 50010137
50010066 50010229
50010056 50010151
50010134 50010061
50010160 50010150
50010088 50010046
50010238 50010098
50010288 50010147
50010226 50010087
50010085 50010175
50010186 50010215
50010289 50010001
50010060 50010213
50010290 50010033
50010128 50010023
50010117 50010110
50010180 50010293
50010048 50010252
50010297 50010082
50010075 50010029
50010088 50010091
50010244 50010134
50010015 50010192
50010178 50010025
50010148 50010135
50010227 50010148
50010095 50010110
50010011 50010190
50010165 50010189
50010110 50010022
50010234 50010260
50010108 50010165
50010019 50010056
50010292 50010002
50010200 50010098
50010014 50010152
50010078 50010152
50010279 50010171
50010078 50010037
50010066 50010050
50010179 50010088
50010283 50010268
50010100 50010257
50010161 50010159
50010244 50010112
50010146 50010102
50010163 50010150
50010278 50010036
50010193 50010041
50010113 50010026
50010143 50010090
50010021 50010116
50010216 50010052
50010139 50010150
50010087 50010154
50010140 50010158
50010082 50010231
50010144 50010224
50010046 50010048
50010241 50010166
50010089 50010176
50010016 50010018
50010180 50010002
50010268 50010213
50010206 50010137
50010187 50010227
50010072 50010205
50010245 50010096
50010271 50010084
50010228 50010038
50010057 50010173
50010064 50010139
50010131 50010202
50010077 50010264
50010273 50010149
50010235 50010053
50010153 50010134
50010034 50010147
50010297 50010056
50010036 50010292
50010225 50010088
50010169 50010220
50010197 50010299
50010257 50010025
50010295 50010069
50010163 50010030
50010097 50010213
50010077 50010219
50010092 50010286
50010041 50010212
50010086 50010121
50010027 50010211
50010030 50010073
50010029 50010291
50010062 50010146
50010214 50010201
50010004 50010072
50010074 50010060
50010279 50010024
50010181 50010233
50010049 50010136
50010200 50010215
50010114 50010243
50010057 50010142
50010090 50010271
50010155 50010052
50010269 50010083
50010150 50010300
50010210 50010042
50010220 50010046
50010229 50010093
50010291 50010248
50010201 50010259
50010258 50010273
50010006 50010095
50010217 50010206
50010211 50010082
50010086 50010290
50010084 50010058
50010148 50010209
50010271 50010072
50010276 50010161
50010163 50010044
50010235 50010026
50010059 50010297
50010182 50010300
50010158 50010042
50010208 50010181
50010252 50010298
50010208 50010281
50010001 50010128
50010268 50010040
50010133 50010201
50010073 50010264
50010034 50010103
50010216 50010232
50010291 50010102
50010281 50010074
50010297 50010168
50010217 50010025
50010239 50010140
50010281 50010246
50010283 50010048
50010098 50010268
50010200 50010181
50010118 50010256
50010221 50010185
50010058 50010108
50010166 50010046
50010043 50010117
50010026 50010198
50010096 50010196
50010005 50010215
50010147 50010246
50010141 50010179
50010141 50010081
50010063 50010204
50010003 50010055
50010110 50010013
50010296 50010295
50010152 50010192
50010079 50010035
50010166 50010019
50010181 50010205
50010121 50010286
50010007 50010245
50010105 50010273
50010258 50010219
50010046 50010099
50010091 50010296
50010089 50010049
50010058 50010171
50010111 50010157
50010217 50010261
50010206 50010285
50010084 50010111
50010176 50010114
50010022 50010134
50010082 50010019
50010043 50010185
50010029 50010039
50010063 50010277
50010088 50010215
50010118 50010235
50010165 50010031
50010069 50010029
50010220 50010179
50010152 50010167
50010233 50010293
50010245 50010259
50010201 50010269
50010160 50010262
50010105 50010059
50010114 50010046
50010046 50010039
50010274 50010019
50010107 50010043
50010110 50010270
50010276 50010233
50010079 50010096
50010206 50010022
50010054 50010166
50010281 50010059
50010109 50010210
50010284 50010173
50010159 50010286
50010170 50010270
50010055 50010051
50010054 50010285
50010249 50010020
50010268 50010033
50010238 50010145
50010269 50010144
50010009 50010246
50010296 50010236
50010198 50010020
50010126 50010042
50010188 50010037
50010100 50010186
50010156 50010256
50010001 50010043
50010164 50010079
50010232 50010298
50010127 50010005
50010097 50010190
50010227 50010268
50010204 50010135
50010063 50010217
50010162 50010297
50010066 50010110
50010052 50010274
50010295 50010121
50010197 50010110
50010082 50010192
50010048 50010147
50010271 50010163
50010127 50010002
50010174 50010043
50010132 50010251
50010007 50010095
50010212 50010279
50010123 50010027
50010180 50010242
50010028 50010142
50010042 50010107
50010197 50010172
50010251 50010082
50010208 50010226
50010147 50010290
50010278 50010171
50010018 50010057
50010201 50010156
50010227 50010210
50010065 50010112
50010216 50010045
50010285 50010141
50010114 50010152
50010119 50010097
50010093 50010163
50010172 50010183
50010126 50010191
50010147 50010282
50010247 50010221
50010107 50010036
50010266 50010294
50010108 50010229
50010144 50010127
50010043 50010063
50010098 50010180
50010079 50010181
50010101 50010296
50010162 50010156
50010298 50010014
50010262 50010247
50010271 50010282
50010133 50010052
50010021 50010091
50010043 50010276
50010120 50010114
50010107 50010257
50010140 50010108
50010146 50010223
50010147 50010062
50010087 50010298
50010049 50010148
50010259 50010155
50010082 50010038
50010061 50010144
50010189 50010060
50010003 50010014
50010057 50010104
50010150 50010130
50010187 50010240
50010061 50010174
50010155 50010170
50010213 50010244
50010227 50010085
50010009 50010166
50010105 50010194
50010166 50010163
50010080 50010033
50010136 50010133
50010139 50010288
50010121 50010260
50010146 50010117
50010091 50010144
50010135 50010134
50010124 50010256
50010151 50010186
50010175 50010211
50010023 50010231
50010048 50010074
50010029 50010038
50010284 50010035
50010052 50010271
50010264 50010125
50010121 50010032
50010103 50010153
50010224 50010164
50010087 50010018
50010277 50010138
50010002 50010234
167 148
72 41
141 279
223 231
251 9
297 50
236 108
181 185
8 1
164 208
251 223
150 61
39 118
129 105
23 113
6 290
154 63
103 270
282 139
227 210
131 161
272 162
227 57
65 48
230 132
163 72
189 1
150 294
118 291
84 47
201 79
30 73
82 231
160 95
207 159
121 136
82 109
14 180
236 159
197 178
15 205
34 235
147 251
267 166
280 87
235 7
223 222
256 221
91 240
50 126
230 253
181 176
234 13
91 112
26 212
54 146
275 3
108 89
150 82
169 258
96 175
109 7
85 294
76 162
95 59
212 26
158 158
40 175
233 189
205 151
56 64
288 73
58 44
225 271
181 228
293 186
57 24
78 228
9 10
179 128
71 264
131 173
50 177
248 132
58 246
182 203
119 215
285 40
214 274
250 86
204 240
8 255
65 230
121 260
287 144
97 143
107 39
125 85
134 48
269 202
271 297
253 183
183 300
87 54
26 126
186 202
224 190
159 188
36 277
7 163
286 197
132 247
155 10
24 59
114 257
233 117
61 289
109 256
129 63
236 147
225 98
195 293
265 279
270 275
273 272
64 82
275 185
249 15
252 170
218 76
98 215
227 82
193 94
153 12
22 295
196 83
20 235
154 202
14 86
148 206
210 67
284 31
141 18
107 289
103 44
204 153
202 53
25 282
295 184
169 138
280 236
45 40
73 148
189 16
242 208
223 2
288 268
31 242
279 143
193 253
128 185
296 159
295 177
181 37
155 80
147 278
281 300
230 121
274 210
99 294
31 87
3 8
35 127
7 104
167 189
288 110
115 298
281 136
280 52
29 221
235 200
29 201
132 148
225 109
195 11
236 160
150 185
155 158
64 94
169 62
261 107
220 93
49 9
172 255
127 279
31 21
235 156
174 93
35 236
269 173
114 269
292 178
259 219
75 171
55 47
46 175
8 269
9 242
210 233
46 91
108 50
248 195
42 135
202 142
9 84
143 64
173 68
236 116
258 131
16 273
186 287
300 215
137 256
126 91
206 67
46 48
50 287
107 161
281 133
57 97
158 22
112 236
267 248
281 61
18 120
216 33
5 63
80 96
14 67
205 27
283 148
186 189
121 78
150 127
13 142
255 182
141 217
177 237
118 66
198 96
287 286
44 281
276 191
179 69
77 180
283 186
50 15
244 65
164 209
299 86
11 51
229 226
20 121
240 217
2 11
161 80
271 295
5 120
71 96
36 204
206 279
291 176
234 220
5 230
59 171
108 198
230 145
239 203
194 284
174 104
73 267
105 48
172 282
248 66
228 181
26 179
103 289
73 202
171 173
247 196
97 216
73 142
204 141
167 158
5 15
12 73
170 188
299 72
62 29
220 284
