# source: JorikJooken
# original path: jj_extract\knapsackProblemInstances-master\problemInstances\n_800_c_100000000_g_10_f_0.2_eps_0.01_s_200\test.in
# optimal value: 100013476
# format: n capacity, then weight value
800 100000000
51000195 51000074
51000062 51000185
51000198 51000178
51000134 51000060
51000133 51000045
51000027 51000069
51000118 51000199
51000145 51000066
51000058 51000170
51000121 51000001
51000158 51000054
51000067 51000109
51000174 51000015
51000117 51000080
51000128 51000123
51000108 51000017
51000180 51000105
51000074 51000055
51000139 51000029
51000058 51000087
51000152 51000200
51000155 51000080
51000097 51000116
51000097 51000142
51000098 51000032
51000121 51000003
51000024 51000001
51000006 51000066
51000055 51000045
51000160 51000015
51000054 51000035
51000067 51000095
51000161 51000153
51000064 51000105
51000088 51000200
51000158 51000130
51000006 51000024
51000088 51000197
51000194 51000084
51000034 51000105
51000125 51000004
51000129 51000067
51000169 51000052
51000104 51000034
51000191 51000157
51000106 51000046
51000055 51000032
51000016 51000180
51000059 51000164
51000150 51000083
51000073 51000116
51000008 51000161
51000059 51000056
51000145 51000183
51000127 51000021
51000053 51000005
51000032 51000179
51000036 51000080
51000184 51000050
51000080 51000146
51000104 51000084
51000178 51000075
51000081 51000102
51000049 51000142
51000153 51000133
51000170 51000120
51000020 51000127
51000043 51000127
51000142 51000049
51000089 51000148
51000083 51000187
26000185 26000085
26000163 26000155
26000100 26000008
26000181 26000021
26000028 26000011
26000124 26000133
26000040 26000176
26000171 26000002
26000078 26000048
26000046 26000058
26000103 26000193
26000177 26000154
26000058 26000065
26000095 26000176
26000045 26000007
26000099 26000039
26000041 26000156
26000107 26000120
26000062 26000008
26000061 26000168
26000147 26000017
26000066 26000144
26000041 26000188
26000151 26000013
26000156 26000147
26000043 26000118
26000009 26000159
26000041 26000116
26000099 26000174
26000163 26000068
26000131 26000139
26000111 26000113
26000015 26000055
26000169 26000006
26000133 26000139
26000101 26000166
26000029 26000052
26000030 26000107
26000099 26000060
26000119 26000138
26000017 26000034
26000104 26000046
26000172 26000043
26000013 26000047
26000121 26000087
26000014 26000060
26000149 26000071
26000006 26000142
26000173 26000016
26000181 26000125
26000058 26000109
26000179 26000001
26000055 26000025
26000197 26000109
26000029 26000034
26000093 26000095
26000046 26000026
26000018 26000028
26000129 26000037
26000166 26000182
26000030 26000025
26000121 26000154
26000162 26000004
26000200 26000076
26000013 26000173
26000120 26000036
26000077 26000140
26000033 26000053
26000068 26000090
26000036 26000020
26000151 26000070
13500156 13500074
13500107 13500112
13500035 13500098
13500134 13500178
13500030 13500103
13500100 13500105
13500071 13500131
13500179 13500062
13500111 13500112
13500199 13500102
13500077 13500015
13500189 13500130
13500060 13500160
13500083 13500192
13500190 13500039
13500185 13500110
13500011 13500042
13500187 13500052
13500050 13500158
13500172 13500196
13500107 13500193
13500179 13500018
13500064 13500129
13500096 13500026
13500184 13500040
13500119 13500015
13500086 13500060
13500168 13500123
13500072 13500196
13500052 13500109
13500087 13500051
13500174 13500151
13500180 13500162
13500058 13500001
13500066 13500099
13500128 13500066
13500001 13500070
13500057 13500090
13500096 13500055
13500043 13500168
13500184 13500042
13500153 13500114
13500073 13500132
13500165 13500133
13500170 13500147
13500170 13500088
13500087 13500088
13500097 13500174
13500059 13500031
13500079 13500195
13500200 13500135
13500014 13500147
13500036 13500087
13500033 13500027
13500082 13500072
13500115 13500034
13500080 13500102
13500099 13500160
13500052 13500002
13500113 13500100
13500122 13500056
13500183 13500012
13500190 13500038
13500001 13500118
13500045 13500147
13500167 13500007
13500165 13500061
13500130 13500182
13500159 13500185
13500052 13500094
13500039 13500156
7250133 7250120
7250144 7250039
7250085 7250192
7250019 7250178
7250124 7250161
7250011 7250181
7250146 7250187
7250110 7250095
7250081 7250119
7250148 7250022
7250124 7250146
7250089 7250018
7250196 7250153
7250091 7250187
7250169 7250032
7250067 7250028
7250073 7250132
7250097 7250071
7250095 7250015
7250144 7250189
7250163 7250022
7250132 7250029
7250035 7250141
7250121 7250000
7250070 7250044
7250127 7250070
7250196 7250192
7250112 7250183
7250147 7250194
7250042 7250185
7250018 7250131
7250111 7250182
7250064 7250196
7250168 7250072
7250009 7250050
7250090 7250132
7250035 7250170
7250011 7250176
7250150 7250094
7250175 7250080
7250103 7250016
7250137 7250081
7250186 7250117
7250173 7250169
7250093 7250007
7250143 7250097
7250084 7250028
7250009 7250185
7250145 7250149
7250099 7250145
7250011 7250174
7250135 7250172
7250121 7250033
7250125 7250055
7250094 7250046
7250060 7250157
7250023 7250013
7250196 7250025
7250020 7250052
7250081 7250163
7250176 7250072
7250148 7250144
7250184 7250189
7250078 7250112
7250037 7250000
7250015 7250021
7250172 7250046
7250123 7250062
7250137 7250091
7250067 7250084
7250118 7250033
4125196 4125094
4125178 4125197
4125068 4125174
4125110 4125011
4125142 4125096
4125020 4125077
4125060 4125125
4125057 4125112
4125054 4125107
4125031 4125050
4125050 4125199
4125159 4125078
4125148 4125072
4125015 4125175
4125100 4125152
4125081 4125109
4125029 4125173
4125050 4125115
4125144 4125053
4125016 4125100
4125200 4125058
4125022 4125028
4125055 4125140
4125088 4125142
4125032 4125009
4125044 4125047
4125037 4125016
4125057 4125080
4125099 4125171
4125163 4125071
4125173 4125040
4125040 4125041
4125130 4125165
4125006 4125110
4125155 4125038
4125134 4125048
4125142 4125184
4125060 4125156
4125165 4125063
4125042 4125156
4125023 4125092
4125035 4125165
4125050 4125135
4125082 4125121
4125188 4125063
4125049 4125136
4125155 4125052
4125129 4125061
4125144 4125151
4125078 4125090
4125039 4125076
4125083 4125143
4125037 4125026
4125090 4125009
4125155 4125014
4125032 4125183
4125160 4125078
4125018 4125013
4125037 4125171
4125047 4125135
4125176 4125116
4125058 4125067
4125188 4125050
4125032 4125141
4125114 4125007
4125053 4125149
4125186 4125084
4125143 4125053
4125188 4125030
4125131 4125048
4125156 4125042
2562678 2562562
2562632 2562577
2562664 2562567
2562645 2562516
2562504 2562543
2562628 2562678
2562523 2562519
2562659 2562610
2562534 2562598
2562691 2562694
2562673 2562515
2562606 2562600
2562672 2562607
2562607 2562658
2562575 2562699
2562600 2562569
2562599 2562640
2562676 2562631
2562639 2562649
2562693 2562571
2562530 2562692
2562644 2562620
2562582 2562613
2562695 2562551
2562519 2562685
2562685 2562637
2562618 2562560
2562564 2562670
2562562 2562556
2562521 2562635
2562616 2562649
2562694 2562695
2562604 2562607
2562570 2562679
2562540 2562559
2562619 2562642
2562535 2562522
2562685 2562690
2562526 2562523
2562700 2562592
2562573 2562563
2562669 2562603
2562517 2562555
2562610 2562684
2562679 2562650
2562695 2562644
2562671 2562595
2562655 2562561
2562603 2562669
2562574 2562594
2562528 2562606
2562615 2562622
2562502 2562627
2562548 2562632
2562636 2562608
2562568 2562574
2562681 2562638
2562612 2562548
2562656 2562581
2562618 2562529
2562689 2562529
2562679 2562525
2562637 2562506
2562530 2562562
2562653 2562612
2562686 2562627
2562532 2562694
2562609 2562512
2562584 2562519
2562555 2562671
2562674 2562587
1781420 1781447
1781375 1781330
1781289 1781351
1781414 1781390
1781334 1781272
1781289 1781358
1781442 1781315
1781322 1781382
1781446 1781387
1781343 1781322
1781446 1781321
1781309 1781418
1781262 1781394
1781308 1781288
1781289 1781255
1781253 1781256
1781252 1781347
1781340 1781303
1781378 1781406
1781353 1781450
1781433 1781429
1781435 1781378
1781341 1781419
1781353 1781266
1781383 1781413
1781368 1781258
1781296 1781314
1781330 1781386
1781434 1781254
1781252 1781271
1781366 1781320
1781392 1781426
1781337 1781406
1781280 1781408
1781401 1781377
1781305 1781309
1781447 1781444
1781375 1781333
1781380 1781375
1781427 1781298
1781417 1781422
1781326 1781385
1781263 1781272
1781288 1781446
1781342 1781400
1781398 1781263
1781279 1781387
1781424 1781276
1781414 1781366
1781280 1781322
1781429 1781403
1781303 1781375
1781324 1781352
1781300 1781366
1781331 1781407
1781440 1781392
1781315 1781305
1781434 1781266
1781359 1781253
1781332 1781263
1781433 1781277
1781322 1781393
1781418 1781259
1781386 1781341
1781360 1781449
1781361 1781257
1781259 1781418
1781274 1781341
1781314 1781347
1781434 1781255
1781257 1781445
1390784 1390821
1390694 1390793
1390802 1390765
1390789 1390675
1390788 1390742
1390793 1390733
1390793 1390809
1390648 1390806
1390715 1390778
1390658 1390630
1390816 1390778
1390747 1390685
1390742 1390674
1390641 1390664
1390703 1390631
1390740 1390650
1390815 1390712
1390751 1390729
1390654 1390824
1390655 1390683
1390766 1390692
1390663 1390784
1390817 1390660
1390817 1390737
1390751 1390822
1390684 1390796
1390778 1390642
1390651 1390649
1390824 1390820
1390749 1390675
1390679 1390721
1390759 1390745
1390728 1390669
1390662 1390779
1390672 1390669
1390791 1390754
1390664 1390735
1390717 1390742
1390800 1390803
1390654 1390659
1390792 1390724
1390726 1390641
1390725 1390741
1390743 1390816
1390802 1390814
1390787 1390802
1390717 1390781
1390780 1390654
1390728 1390764
1390680 1390724
1390787 1390656
1390816 1390626
1390747 1390679
1390733 1390638
1390714 1390687
1390633 1390691
1390664 1390782
1390759 1390745
1390654 1390822
1390687 1390774
1390770 1390817
1390764 1390793
1390791 1390700
1390680 1390659
1390713 1390780
1390748 1390755
1390777 1390627
1390705 1390713
1390771 1390666
1390633 1390715
1390627 1390652
1195365 1195452
1195386 1195426
1195487 1195372
1195449 1195372
1195419 1195454
1195504 1195440
1195409 1195347
1195362 1195422
1195501 1195447
1195499 1195324
1195412 1195382
1195482 1195332
1195339 1195494
1195399 1195459
1195494 1195456
1195477 1195508
1195430 1195412
1195397 1195443
1195405 1195470
1195333 1195460
1195423 1195362
1195369 1195426
1195414 1195440
1195331 1195404
1195355 1195484
1195387 1195341
1195418 1195472
1195350 1195504
1195396 1195408
1195344 1195340
1195334 1195326
1195466 1195322
1195313 1195414
1195340 1195444
1195373 1195402
1195343 1195409
1195400 1195361
1195357 1195482
1195487 1195468
1195323 1195437
1195318 1195497
1195452 1195465
1195318 1195387
1195410 1195434
1195449 1195380
1195342 1195433
1195466 1195442
1195381 1195380
1195388 1195336
1195335 1195398
1195322 1195314
1195504 1195427
1195325 1195444
1195379 1195493
1195345 1195362
1195317 1195344
1195369 1195454
1195335 1195322
1195368 1195487
1195384 1195349
1195346 1195427
1195486 1195446
1195334 1195358
1195490 1195427
1195349 1195490
1195495 1195417
1195402 1195349
1195400 1195484
1195356 1195501
1195329 1195481
1195411 1195465
18 17
111 56
170 178
4 50
149 36
31 123
86 163
172 17
115 133
174 164
198 66
68 66
150 101
29 16
5 199
177 142
170 135
113 4
118 169
31 113
152 198
191 85
80 164
114 49
50 93
68 126
13 183
62 55
65 6
32 54
156 3
67 6
154 113
66 34
186 11
38 179
45 51
86 90
130 34
72 151
90 168
71 172
98 88
196 166
147 180
126 171
11 77
25 162
42 193
10 97
170 186
14 103
197 21
115 90
178 82
109 50
71 101
42 52
42 125
89 112
20 163
26 98
143 20
187 146
159 82
129 84
199 163
62 154
3 60
81 160
21 63
71 191
105 73
17 149
26 142
186 59
37 74
21 191
128 178
21 111
198 98
27 90
146 112
21 56
103 127
41 134
198 184
132 6
175 193
147 166
29 144
93 14
179 17
120 158
156 189
129 44
129 135
59 10
72 35
178 198
153 94
38 117
58 94
163 78
6 183
148 52
52 142
76 58
127 104
44 169
52 196
173 50
190 183
93 171
47 69
144 55
56 145
10 133
123 55
82 133
123 187
156 22
96 22
116 68
32 84
96 121
173 20
64 188
55 144
15 198
184 76
39 196
141 36
66 20
2 116
176 96
168 150
52 199
28 46
174 18
177 36
146 128
64 147
32 126
87 125
90 199
149 187
122 147
20 77
186 142
25 74
111 64
176 170
16 61
146 185
197 15
171 173
194 160
73 105
24 40
33 81
