# source: JorikJooken
# original path: jj_extract\knapsackProblemInstances-master\problemInstances\n_600_c_100000000_g_6_f_0.3_eps_0_s_100\test.in
# optimal value: 96886699
# format: n capacity, then weight value
600 100000000
50000050 50000065
50000071 50000030
50000089 50000020
50000026 50000035
50000033 50000027
50000072 50000060
50000098 50000068
50000049 50000067
50000071 50000065
50000097 50000033
50000056 50000049
50000042 50000021
50000006 50000058
50000079 50000070
50000076 50000031
50000071 50000045
50000062 50000065
50000015 50000035
50000010 50000093
50000076 50000033
50000048 50000079
50000075 50000014
50000042 50000006
50000056 50000026
50000065 50000016
50000007 50000036
50000050 50000097
50000069 50000031
50000023 50000079
50000041 50000098
50000019 50000037
50000044 50000006
50000033 50000094
50000084 50000090
50000065 50000007
50000029 50000017
50000005 50000081
50000071 50000056
50000090 50000052
50000080 50000049
50000014 50000098
50000077 50000057
50000033 50000040
50000011 50000037
50000039 50000066
50000047 50000008
50000081 50000086
50000027 50000058
50000034 50000047
50000047 50000054
50000046 50000066
50000032 50000070
50000023 50000061
50000014 50000097
50000083 50000080
50000012 50000011
50000067 50000005
50000084 50000091
50000089 50000026
50000055 50000051
50000078 50000007
50000069 50000029
50000071 50000096
50000019 50000090
50000037 50000018
50000094 50000025
50000080 50000072
50000037 50000095
50000017 50000064
50000047 50000011
50000059 50000005
50000018 50000061
50000086 50000075
50000014 50000072
50000031 50000096
50000014 50000080
50000063 50000080
50000099 50000052
50000034 50000080
50000015 50000083
50000031 50000026
50000090 50000014
50000024 50000039
50000055 50000051
25000057 25000049
25000037 25000098
25000079 25000092
25000027 25000031
25000002 25000099
25000082 25000029
25000042 25000049
25000015 25000076
25000029 25000015
25000026 25000058
25000054 25000074
25000064 25000048
25000055 25000095
25000022 25000062
25000005 25000047
25000019 25000096
25000018 25000098
25000006 25000014
25000068 25000040
25000062 25000033
25000074 25000041
25000049 25000020
25000096 25000064
25000026 25000058
25000082 25000028
25000033 25000069
25000020 25000058
25000071 25000098
25000004 25000096
25000065 25000083
25000065 25000035
25000012 25000086
25000065 25000028
25000071 25000017
25000041 25000064
25000029 25000082
25000007 25000030
25000083 25000019
25000022 25000081
25000078 25000052
25000006 25000036
25000011 25000088
25000069 25000064
25000066 25000082
25000079 25000077
25000030 25000058
25000008 25000007
25000015 25000082
25000074 25000028
25000075 25000092
25000036 25000018
25000032 25000052
25000025 25000061
25000020 25000015
25000077 25000022
25000063 25000088
25000097 25000027
25000047 25000031
25000028 25000027
25000084 25000011
25000026 25000056
25000007 25000070
25000036 25000002
25000097 25000054
25000048 25000033
25000081 25000048
25000001 25000017
25000060 25000017
25000100 25000035
25000046 25000007
25000090 25000056
25000004 25000020
25000007 25000069
25000072 25000049
25000023 25000099
25000045 25000002
25000009 25000100
25000077 25000058
25000018 25000063
25000078 25000058
25000100 25000074
25000087 25000069
25000097 25000070
25000092 25000059
12500080 12500087
12500064 12500063
12500029 12500058
12500013 12500062
12500053 12500091
12500073 12500046
12500048 12500079
12500057 12500070
12500072 12500047
12500009 12500091
12500006 12500003
12500029 12500058
12500001 12500033
12500040 12500075
12500076 12500091
12500011 12500024
12500043 12500057
12500070 12500009
12500082 12500043
12500098 12500018
12500023 12500021
12500028 12500088
12500078 12500052
12500003 12500021
12500043 12500069
12500073 12500009
12500013 12500090
12500009 12500013
12500035 12500034
12500004 12500064
12500047 12500047
12500007 12500009
12500064 12500088
12500098 12500043
12500089 12500097
12500086 12500097
12500005 12500030
12500054 12500073
12500096 12500061
12500031 12500046
12500067 12500028
12500031 12500063
12500027 12500027
12500002 12500082
12500029 12500048
12500089 12500094
12500059 12500022
12500052 12500028
12500025 12500075
12500066 12500076
12500090 12500034
12500035 12500080
12500008 12500047
12500040 12500072
12500056 12500044
12500002 12500025
12500045 12500011
12500073 12500009
12500026 12500007
12500040 12500083
12500081 12500092
12500051 12500048
12500042 12500019
12500009 12500083
12500055 12500007
12500012 12500093
12500008 12500034
12500096 12500034
12500076 12500019
12500077 12500051
12500063 12500031
12500002 12500091
12500051 12500008
12500065 12500013
12500090 12500056
12500031 12500037
12500087 12500033
12500088 12500067
12500004 12500074
12500046 12500095
12500074 12500096
12500004 12500069
12500064 12500034
12500048 12500083
6250041 6250058
6250035 6250041
6250043 6250043
6250068 6250068
6250055 6250006
6250078 6250034
6250044 6250037
6250031 6250031
6250033 6250035
6250020 6250026
6250073 6250084
6250049 6250007
6250066 6250070
6250015 6250100
6250032 6250052
6250052 6250089
6250042 6250086
6250061 6250060
6250008 6250047
6250091 6250069
6250066 6250006
6250017 6250051
6250015 6250025
6250016 6250064
6250067 6250047
6250022 6250060
6250024 6250024
6250067 6250011
6250032 6250081
6250023 6250095
6250049 6250004
6250083 6250043
6250091 6250091
6250089 6250019
6250082 6250027
6250071 6250089
6250015 6250026
6250007 6250096
6250030 6250019
6250046 6250040
6250086 6250014
6250082 6250077
6250012 6250043
6250013 6250055
6250005 6250075
6250004 6250046
6250015 6250099
6250068 6250096
6250054 6250077
6250073 6250099
6250067 6250061
6250050 6250002
6250098 6250040
6250001 6250029
6250072 6250037
6250099 6250017
6250085 6250047
6250058 6250071
6250040 6250092
6250039 6250028
6250065 6250054
6250099 6250048
6250094 6250096
6250020 6250049
6250054 6250099
6250059 6250088
6250068 6250067
6250042 6250012
6250013 6250052
6250078 6250037
6250100 6250062
6250068 6250095
6250045 6250085
6250099 6250072
6250031 6250045
6250063 6250041
6250038 6250051
6250096 6250041
6250002 6250084
6250086 6250058
6250005 6250069
6250014 6250019
6250049 6250059
6250064 6250033
3125086 3125033
3125091 3125061
3125025 3125049
3125020 3125019
3125087 3125094
3125042 3125045
3125053 3125038
3125096 3125018
3125087 3125017
3125078 3125090
3125016 3125058
3125083 3125037
3125041 3125097
3125081 3125014
3125048 3125004
3125074 3125075
3125083 3125092
3125008 3125034
3125028 3125077
3125021 3125046
3125094 3125023
3125067 3125045
3125048 3125007
3125072 3125061
3125092 3125087
3125081 3125092
3125003 3125030
3125090 3125095
3125002 3125100
3125019 3125087
3125093 3125013
3125086 3125025
3125078 3125062
3125089 3125011
3125044 3125076
3125030 3125095
3125064 3125075
3125077 3125076
3125095 3125016
3125019 3125026
3125044 3125089
3125013 3125033
3125100 3125088
3125020 3125086
3125085 3125057
3125030 3125095
3125091 3125031
3125032 3125008
3125086 3125088
3125043 3125030
3125092 3125086
3125059 3125016
3125008 3125019
3125096 3125038
3125056 3125011
3125010 3125020
3125013 3125055
3125056 3125028
3125029 3125049
3125002 3125062
3125085 3125071
3125088 3125092
3125093 3125062
3125068 3125028
3125013 3125020
3125024 3125025
3125004 3125056
3125020 3125051
3125069 3125092
3125098 3125031
3125056 3125027
3125015 3125097
3125039 3125029
3125039 3125066
3125067 3125053
3125003 3125065
3125087 3125084
3125084 3125081
3125018 3125026
3125072 3125002
3125022 3125064
3125017 3125039
3125064 3125052
3125047 3125017
3 25
19 48
33 78
60 99
50 79
86 84
68 39
76 96
60 17
73 66
64 59
77 61
30 67
56 7
1 55
3 57
21 28
28 34
15 59
34 95
91 28
31 24
24 93
23 1
16 93
52 9
48 6
12 76
45 76
11 65
78 54
12 23
68 78
57 12
32 38
86 1
41 86
41 72
30 3
17 72
61 6
98 78
19 83
47 86
33 81
22 88
54 81
52 87
28 65
54 41
8 19
56 52
51 61
4 13
21 34
80 55
40 81
80 50
4 78
100 29
2 53
64 6
93 2
86 82
53 91
13 22
63 63
26 8
30 53
13 54
8 69
39 35
39 8
39 35
37 100
8 54
17 39
67 27
75 10
79 82
86 59
66 17
76 51
21 39
43 80
67 3
21 20
22 42
4 81
8 86
63 80
65 39
19 34
25 25
41 96
78 20
42 18
57 26
48 26
78 43
54 46
53 9
31 68
89 69
61 75
4 86
15 88
91 40
64 11
95 41
25 25
11 66
92 61
22 17
24 11
39 89
14 9
62 9
31 34
41 57
77 97
99 59
60 23
29 59
60 85
84 20
70 14
75 53
97 80
29 49
53 57
9 75
8 78
32 19
83 62
61 30
71 4
81 25
15 3
27 49
9 20
47 87
32 38
13 86
32 9
93 62
80 16
100 37
9 59
15 41
47 9
25 95
63 92
37 93
100 65
88 88
11 22
62 37
44 62
87 9
83 29
81 29
15 97
97 39
73 47
11 61
44 97
56 19
87 79
53 98
39 36
74 89
12 58
20 13
19 95
56 65
73 86
36 11
11 49
71 100
