# source: JorikJooken
# original path: jj_extract\knapsackProblemInstances-master\problemInstances\n_600_c_1000000_g_2_f_0.1_eps_0.1_s_300\test.in
# optimal value: 609079
# format: n capacity, then weight value
600 1000000
600290 600245
600057 600141
600184 600245
600202 600116
600101 600009
600033 600194
600183 600206
600056 600225
600104 600195
600042 600096
600005 600101
600271 600217
600104 600238
600251 600109
600001 600264
600122 600120
600034 600086
600219 600026
600087 600134
600033 600030
600259 600003
600081 600134
600094 600152
600170 600055
600108 600218
600272 600103
600153 600118
600285 600014
600100 600085
600021 600006
600008 600291
600174 600079
600172 600297
600043 600160
600201 600039
600270 600209
600131 600248
600296 600156
600113 600229
600235 600091
600214 600158
600144 600085
600065 600270
600156 600101
600006 600247
600138 600244
600269 600083
600058 600238
600115 600101
600009 600289
600149 600232
600177 600030
600021 600295
600096 600207
600221 600213
600201 600040
600028 600078
600191 600096
600298 600266
600291 600106
600013 600116
600062 600154
600007 600129
600220 600151
600109 600169
600140 600092
600083 600267
600075 600209
600257 600066
600265 600037
600216 600073
600002 600041
600086 600171
600261 600283
600084 600281
600052 600002
600136 600214
600099 600119
600096 600013
600213 600258
600088 600159
600104 600166
600047 600099
600200 600183
600137 600202
600253 600100
600117 600026
600152 600246
600014 600159
600266 600014
600173 600034
600042 600283
600178 600283
600040 600255
600263 600006
600136 600285
600113 600096
600162 600255
600007 600104
600197 600126
600163 600196
600284 600024
600240 600206
600284 600060
600146 600002
600264 600282
600080 600117
600121 600290
600213 600096
600276 600019
600266 600199
600113 600067
600003 600028
600052 600045
600017 600006
600104 600191
600205 600115
600030 600175
600159 600043
600285 600215
600101 600104
600099 600110
600035 600172
600009 600094
600224 600257
600169 600288
600087 600089
600292 600155
600239 600019
600191 600289
600269 600058
600084 600291
600238 600244
600113 600280
600200 600169
600108 600125
600291 600198
600142 600248
600133 600029
600144 600145
600277 600089
600024 600150
600099 600034
600239 600245
600250 600177
600170 600298
600074 600230
600133 600115
600267 600232
600176 600070
600098 600252
600200 600211
600275 600146
600273 600020
600198 600205
600225 600165
600044 600217
600028 600226
600007 600173
600254 600226
600202 600138
600174 600170
600117 600063
600183 600256
600256 600097
600224 600170
600081 600181
600025 600261
600205 600015
600093 600210
600191 600019
600204 600058
600300 600025
600106 600222
600266 600288
600257 600220
600181 600239
600253 600299
600092 600244
600123 600254
600152 600102
600290 600250
600036 600176
600283 600084
600260 600254
600268 600283
600214 600244
600215 600013
600219 600187
600052 600239
600297 600180
600004 600220
600036 600249
600138 600256
600043 600025
600201 600251
600166 600118
600034 600085
600066 600040
600044 600211
600162 600292
600172 600278
600241 600089
600020 600061
600252 600042
600065 600244
600183 600272
600269 600261
600028 600121
600065 600143
600015 600252
600267 600140
600264 600237
600222 600111
600281 600292
600204 600123
600289 600185
600067 600069
600054 600098
600023 600031
600080 600220
600300 600158
600068 600182
600297 600022
600269 600145
600158 600001
600122 600054
600098 600121
600023 600106
600170 600138
600237 600229
600213 600285
600072 600073
600258 600111
600211 600266
600150 600056
600041 600297
600131 600202
600131 600144
600158 600211
600278 600099
600070 600041
600197 600055
600161 600094
600233 600042
600276 600261
600104 600185
600218 600128
600071 600173
600026 600142
600024 600181
600279 600110
600219 600199
600271 600185
600100 600281
600167 600090
600176 600296
600155 600091
600235 600074
600084 600244
600158 600027
600275 600268
600257 600022
600013 600195
600022 600225
600077 600258
600288 600017
600162 600297
600253 600177
600190 600201
600134 600254
600218 600008
600085 600191
600111 600003
600261 600032
600158 600190
600249 600019
600148 600193
600127 600244
600174 600233
600070 600146
600200 600056
600222 600235
600102 600259
600262 600255
600216 600251
600002 600007
600123 600159
600199 600109
600194 600097
600081 600162
600114 600129
600009 600155
600231 600011
600258 600052
600289 600042
600137 600248
600065 600165
600199 600062
600056 600131
600151 600040
600148 600037
600294 600091
600153 600215
600292 600231
600066 600234
600080 600067
600064 600127
600262 600184
600110 600114
600121 600297
600017 600120
600160 600017
600078 600039
600145 600254
600201 600215
600207 600164
600268 600048
600273 600181
600107 600256
600255 600099
600249 600286
600235 600059
600196 600272
600153 600125
600108 600199
600114 600279
600117 600273
600006 600209
600290 600153
600047 600074
600089 600279
600268 600167
600193 600217
600230 600273
600072 600024
600046 600025
600294 600258
600261 600063
600144 600019
600251 600108
600044 600143
600284 600025
600132 600268
600224 600052
600110 600159
600222 600105
600259 600220
600291 600069
600114 600290
600173 600042
600192 600175
600175 600084
600026 600279
600022 600274
600088 600069
600219 600076
600140 600273
600047 600256
600251 600264
600238 600205
600109 600234
600069 600033
600204 600259
600114 600222
600113 600037
600079 600185
600143 600068
600247 600191
600044 600276
600178 600017
600131 600243
600032 600079
600036 600160
600023 600279
600134 600256
600291 600126
600038 600234
600214 600058
600212 600053
600278 600242
600182 600099
600260 600288
600052 600119
600122 600134
600261 600259
600018 600096
600277 600253
600197 600040
600110 600193
600275 600169
600244 600058
600047 600060
600225 600136
600081 600190
600079 600005
600190 600072
600297 600145
600078 600243
600266 600008
600176 600154
600231 600266
600179 600212
600079 600218
600084 600275
600148 600006
600188 600233
600199 600239
600281 600181
600264 600201
600098 600275
600230 600122
600270 600013
600048 600114
600133 600246
600005 600093
600049 600300
600117 600123
600299 600003
600252 600113
600250 600284
600072 600256
600217 600117
600261 600207
600151 600264
600208 600069
600246 600050
600008 600187
600105 600001
600132 600052
600151 600071
600245 600170
600133 600298
600255 600109
600269 600212
600240 600273
600039 600074
600157 600096
600148 600246
600171 600266
600099 600180
600148 600051
600193 600297
600234 600227
600033 600092
600270 600139
600014 600012
600183 600060
600205 600068
600066 600108
600174 600299
600168 600196
600211 600075
600263 600268
600120 600141
600132 600029
600145 600179
600250 600020
600100 600080
600061 600109
600075 600204
600118 600025
600090 600015
600160 600040
600080 600050
600022 600166
600223 600253
600171 600044
600240 600286
600170 600090
600025 600061
600127 600017
600028 600131
600281 600241
600243 600288
600136 600191
600084 600262
600073 600121
600251 600038
600152 600142
600034 600107
600052 600037
600063 600035
600149 600188
600058 600041
600262 600095
600216 600213
600244 600175
600236 600115
600021 600030
600110 600120
600119 600044
600231 600226
600273 600270
600124 600244
600269 600213
600229 600198
600082 600253
600233 600078
600181 600189
600176 600157
600087 600237
600102 600066
600035 600051
600100 600159
600275 600246
600060 600194
600298 600073
600122 600261
600283 600089
600146 600052
600187 600299
600240 600232
600063 600223
600259 600253
600284 600255
600179 600043
600049 600174
600223 600286
600009 600090
600174 600156
600035 600167
600044 600164
600179 600283
600144 600123
600277 600154
600067 600107
600092 600197
600037 600051
600086 600227
600163 600075
600037 600267
600165 600141
600157 600251
600245 600005
600034 600275
600063 600085
600071 600035
600117 600263
600164 600145
285 39
209 124
122 20
34 166
281 289
140 300
39 228
275 124
234 17
133 245
70 241
105 232
299 277
29 115
197 25
153 173
41 32
103 91
73 155
256 32
74 7
150 272
8 49
283 232
230 87
182 277
280 133
79 179
23 225
278 82
288 55
230 258
229 48
122 209
137 279
58 279
265 63
16 72
215 62
230 267
46 248
254 71
71 44
293 84
199 247
167 4
153 120
9 49
95 12
221 158
17 147
193 252
44 31
43 62
164 292
116 193
36 228
12 255
6 7
49 215
