# source: JorikJooken
# original path: jj_extract\knapsackProblemInstances-master\problemInstances\n_400_c_10000000000_g_2_f_0.3_eps_0.0001_s_100\test.in
# optimal value: 5001006180
# format: n capacity, then weight value
400 10000000000
5001000068 5001000065
5001000035 5001000100
5001000052 5001000049
5001000037 5001000080
5001000006 5001000053
5001000086 5001000087
5001000017 5001000082
5001000063 5001000080
5001000015 5001000072
5001000083 5001000093
5001000034 5001000023
5001000047 5001000057
5001000066 5001000060
5001000037 5001000059
5001000068 5001000096
5001000068 5001000052
5001000043 5001000092
5001000008 5001000068
5001000029 5001000026
5001000093 5001000016
5001000017 5001000042
5001000023 5001000075
5001000076 5001000084
5001000031 5001000023
5001000037 5001000028
5001000085 5001000016
5001000042 5001000099
5001000049 5001000064
5001000007 5001000009
5001000090 5001000075
5001000004 5001000009
5001000048 5001000088
5001000032 5001000001
5001000059 5001000046
5001000043 5001000071
5001000086 5001000024
5001000026 5001000013
5001000049 5001000069
5001000076 5001000100
5001000090 5001000091
5001000096 5001000064
5001000001 5001000047
5001000026 5001000010
5001000077 5001000100
5001000065 5001000066
5001000029 5001000034
5001000033 5001000084
5001000020 5001000020
5001000015 5001000061
5001000006 5001000008
5001000053 5001000009
5001000002 5001000029
5001000052 5001000040
5001000041 5001000055
5001000088 5001000008
5001000053 5001000002
5001000032 5001000001
5001000085 5001000023
5001000087 5001000068
5001000004 5001000080
5001000034 5001000028
5001000065 5001000100
5001000039 5001000021
5001000059 5001000052
5001000097 5001000096
5001000096 5001000073
5001000086 5001000067
5001000050 5001000041
5001000031 5001000073
5001000026 5001000089
5001000019 5001000090
5001000052 5001000034
5001000011 5001000082
5001000100 5001000004
5001000028 5001000040
5001000059 5001000029
5001000059 5001000079
5001000002 5001000085
5001000067 5001000082
5001000044 5001000048
5001000056 5001000089
5001000004 5001000066
5001000091 5001000044
5001000046 5001000043
5001000022 5001000063
5001000010 5001000072
5001000089 5001000076
5001000075 5001000040
5001000098 5001000009
5001000039 5001000017
5001000012 5001000003
5001000049 5001000029
5001000087 5001000040
5001000038 5001000011
5001000059 5001000045
5001000029 5001000051
5001000063 5001000038
5001000026 5001000029
5001000052 5001000008
5001000038 5001000092
5001000030 5001000051
5001000024 5001000022
5001000036 5001000066
5001000031 5001000097
5001000051 5001000096
5001000068 5001000072
5001000040 5001000095
5001000017 5001000071
5001000005 5001000020
5001000096 5001000096
5001000046 5001000049
5001000015 5001000048
5001000100 5001000065
5001000023 5001000065
5001000003 5001000099
5001000062 5001000026
5001000006 5001000092
5001000012 5001000054
5001000073 5001000012
5001000024 5001000009
5001000086 5001000087
5001000064 5001000055
5001000060 5001000009
5001000066 5001000084
5001000010 5001000090
5001000056 5001000018
5001000006 5001000042
5001000010 5001000021
5001000047 5001000077
5001000055 5001000036
5001000001 5001000098
5001000017 5001000032
5001000062 5001000084
5001000031 5001000008
5001000024 5001000044
5001000029 5001000063
5001000004 5001000050
5001000075 5001000021
5001000005 5001000032
5001000052 5001000012
5001000008 5001000041
5001000077 5001000046
5001000002 5001000030
5001000044 5001000081
5001000061 5001000011
5001000015 5001000099
5001000001 5001000088
5001000087 5001000070
5001000030 5001000076
5001000041 5001000088
5001000033 5001000059
5001000008 5001000075
5001000036 5001000089
5001000046 5001000100
5001000071 5001000057
5001000084 5001000070
5001000071 5001000080
5001000087 5001000012
5001000047 5001000095
5001000059 5001000076
5001000013 5001000035
5001000057 5001000026
5001000049 5001000046
5001000040 5001000036
5001000016 5001000002
5001000017 5001000032
5001000082 5001000013
5001000040 5001000064
5001000077 5001000043
5001000011 5001000094
5001000001 5001000006
5001000025 5001000090
5001000096 5001000048
5001000015 5001000070
5001000095 5001000076
5001000067 5001000034
5001000083 5001000020
5001000033 5001000084
5001000003 5001000028
5001000094 5001000022
5001000059 5001000088
5001000094 5001000084
5001000013 5001000013
5001000034 5001000063
5001000084 5001000085
5001000015 5001000028
5001000066 5001000085
5001000073 5001000085
5001000068 5001000026
5001000039 5001000014
5001000033 5001000070
5001000077 5001000013
5001000092 5001000098
5001000046 5001000016
5001000013 5001000047
5001000054 5001000045
5001000036 5001000096
5001000002 5001000038
5001000022 5001000028
5001000021 5001000093
5001000072 5001000068
5001000095 5001000032
5001000097 5001000001
5001000008 5001000069
5001000071 5001000056
5001000012 5001000006
5001000037 5001000012
5001000008 5001000032
5001000097 5001000051
5001000075 5001000005
5001000036 5001000015
5001000060 5001000098
5001000028 5001000048
5001000024 5001000062
5001000067 5001000046
5001000066 5001000020
5001000088 5001000078
5001000080 5001000017
5001000045 5001000065
5001000063 5001000064
5001000028 5001000098
5001000077 5001000009
5001000055 5001000057
5001000016 5001000089
5001000059 5001000052
5001000100 5001000100
5001000009 5001000031
5001000058 5001000047
5001000039 5001000020
5001000075 5001000087
5001000040 5001000062
5001000027 5001000095
5001000018 5001000047
5001000081 5001000087
5001000019 5001000018
5001000033 5001000077
5001000007 5001000007
5001000092 5001000014
5001000059 5001000010
5001000014 5001000097
5001000030 5001000100
5001000042 5001000091
5001000009 5001000032
5001000083 5001000002
5001000051 5001000005
5001000084 5001000082
5001000040 5001000064
5001000085 5001000033
5001000076 5001000100
5001000035 5001000034
5001000013 5001000011
5001000048 5001000036
5001000037 5001000044
5001000087 5001000053
5001000054 5001000009
5001000069 5001000087
5001000029 5001000093
5001000084 5001000009
5001000057 5001000060
5001000061 5001000070
5001000059 5001000095
5001000033 5001000083
5001000084 5001000003
5001000038 5001000044
5001000047 5001000024
5001000076 5001000020
5001000005 5001000069
5001000018 5001000053
5001000003 5001000031
5001000073 5001000024
5001000033 5001000082
5001000028 5001000042
5001000048 5001000082
5001000089 5001000056
5001000014 5001000066
5001000050 5001000054
5001000068 5001000082
5001000013 5001000008
5001000038 5001000068
5001000028 5001000014
99 100
47 94
26 56
41 12
35 50
43 63
82 36
8 49
80 40
13 55
35 95
7 35
71 7
2 72
36 78
34 56
70 67
79 13
72 70
62 6
33 99
83 72
81 81
80 4
70 64
21 95
63 1
11 47
14 40
67 24
78 34
4 23
60 99
13 59
21 29
71 15
77 83
5 59
50 90
89 2
29 8
81 35
94 68
87 33
42 30
18 58
58 76
3 22
68 31
35 93
79 92
81 9
89 86
46 45
39 63
57 96
4 10
71 82
42 39
39 8
71 54
21 15
26 48
15 81
94 1
85 76
34 27
52 23
70 61
83 98
82 4
65 93
78 17
5 3
13 38
58 65
36 87
26 47
72 33
36 14
8 84
43 84
78 66
31 5
86 30
71 70
37 91
26 100
30 6
15 16
88 66
40 95
68 86
72 31
59 5
16 81
90 21
65 70
44 7
40 13
64 74
58 75
18 95
29 29
48 89
47 84
66 70
23 56
93 37
35 32
69 78
12 18
10 27
90 6
64 65
33 69
79 40
49 85
15 58
68 23
