# source: JorikJooken
# original path: jj_extract\knapsackProblemInstances-master\problemInstances\n_800_c_10000000000_g_2_f_0.3_eps_1e-05_s_200\test.in
# optimal value: 5000124249
# format: n capacity, then weight value
800 10000000000
5000100038 5000100127
5000100074 5000100082
5000100180 5000100023
5000100172 5000100110
5000100101 5000100002
5000100015 5000100021
5000100072 5000100198
5000100064 5000100004
5000100058 5000100152
5000100002 5000100066
5000100117 5000100054
5000100148 5000100186
5000100060 5000100059
5000100086 5000100176
5000100167 5000100125
5000100030 5000100084
5000100085 5000100056
5000100010 5000100018
5000100097 5000100098
5000100036 5000100035
5000100012 5000100073
5000100114 5000100135
5000100066 5000100043
5000100092 5000100054
5000100133 5000100174
5000100179 5000100128
5000100123 5000100107
5000100151 5000100176
5000100091 5000100021
5000100178 5000100059
5000100137 5000100186
5000100188 5000100092
5000100179 5000100179
5000100062 5000100016
5000100102 5000100078
5000100045 5000100007
5000100098 5000100172
5000100196 5000100016
5000100094 5000100129
5000100109 5000100137
5000100134 5000100021
5000100186 5000100012
5000100074 5000100186
5000100185 5000100191
5000100123 5000100089
5000100086 5000100034
5000100020 5000100002
5000100096 5000100109
5000100025 5000100102
5000100130 5000100105
5000100198 5000100076
5000100002 5000100014
5000100070 5000100166
5000100198 5000100178
5000100119 5000100094
5000100131 5000100014
5000100111 5000100152
5000100111 5000100001
5000100147 5000100012
5000100177 5000100029
5000100127 5000100059
5000100066 5000100019
5000100141 5000100019
5000100196 5000100075
5000100061 5000100103
5000100086 5000100049
5000100092 5000100015
5000100098 5000100010
5000100040 5000100160
5000100190 5000100190
5000100163 5000100177
5000100181 5000100093
5000100142 5000100138
5000100131 5000100073
5000100101 5000100055
5000100012 5000100171
5000100020 5000100115
5000100062 5000100076
5000100178 5000100172
5000100155 5000100122
5000100172 5000100021
5000100200 5000100048
5000100077 5000100173
5000100165 5000100006
5000100052 5000100119
5000100011 5000100193
5000100149 5000100088
5000100044 5000100039
5000100096 5000100021
5000100032 5000100156
5000100158 5000100040
5000100064 5000100014
5000100105 5000100191
5000100165 5000100081
5000100036 5000100078
5000100037 5000100083
5000100055 5000100062
5000100189 5000100155
5000100121 5000100120
5000100171 5000100039
5000100128 5000100167
5000100037 5000100091
5000100103 5000100183
5000100142 5000100156
5000100067 5000100172
5000100037 5000100101
5000100098 5000100083
5000100106 5000100166
5000100129 5000100196
5000100079 5000100166
5000100069 5000100103
5000100099 5000100019
5000100091 5000100097
5000100151 5000100084
5000100032 5000100080
5000100174 5000100045
5000100194 5000100184
5000100016 5000100057
5000100045 5000100092
5000100065 5000100174
5000100088 5000100018
5000100115 5000100155
5000100027 5000100052
5000100175 5000100169
5000100096 5000100041
5000100184 5000100166
5000100171 5000100063
5000100050 5000100121
5000100096 5000100081
5000100113 5000100183
5000100164 5000100185
5000100116 5000100067
5000100057 5000100154
5000100128 5000100029
5000100017 5000100136
5000100028 5000100158
5000100167 5000100032
5000100188 5000100009
5000100103 5000100108
5000100097 5000100114
5000100124 5000100198
5000100039 5000100133
5000100058 5000100188
5000100160 5000100102
5000100006 5000100046
5000100155 5000100004
5000100041 5000100163
5000100059 5000100074
5000100079 5000100043
5000100086 5000100180
5000100104 5000100103
5000100100 5000100106
5000100084 5000100033
5000100004 5000100111
5000100034 5000100194
5000100037 5000100131
5000100018 5000100080
5000100002 5000100148
5000100166 5000100054
5000100149 5000100194
5000100020 5000100062
5000100159 5000100028
5000100063 5000100070
5000100109 5000100036
5000100125 5000100132
5000100192 5000100195
5000100018 5000100162
5000100040 5000100196
5000100188 5000100167
5000100184 5000100158
5000100194 5000100068
5000100157 5000100153
5000100041 5000100124
5000100029 5000100114
5000100132 5000100197
5000100006 5000100034
5000100132 5000100064
5000100136 5000100148
5000100072 5000100042
5000100130 5000100171
5000100198 5000100076
5000100072 5000100050
5000100141 5000100054
5000100178 5000100121
5000100139 5000100139
5000100019 5000100155
5000100021 5000100030
5000100059 5000100005
5000100020 5000100049
5000100115 5000100168
5000100015 5000100026
5000100168 5000100156
5000100079 5000100076
5000100045 5000100155
5000100157 5000100144
5000100141 5000100078
5000100036 5000100023
5000100048 5000100134
5000100015 5000100056
5000100002 5000100174
5000100069 5000100122
5000100149 5000100045
5000100125 5000100154
5000100078 5000100197
5000100078 5000100047
5000100026 5000100106
5000100043 5000100145
5000100001 5000100179
5000100067 5000100081
5000100103 5000100022
5000100090 5000100177
5000100006 5000100001
5000100067 5000100113
5000100162 5000100091
5000100054 5000100089
5000100017 5000100048
5000100116 5000100045
5000100056 5000100048
5000100134 5000100096
5000100180 5000100057
5000100168 5000100076
5000100017 5000100064
5000100167 5000100029
5000100012 5000100131
5000100061 5000100133
5000100130 5000100192
5000100109 5000100096
5000100198 5000100091
5000100013 5000100028
5000100142 5000100057
5000100049 5000100167
5000100160 5000100098
5000100162 5000100091
5000100037 5000100043
5000100196 5000100180
5000100155 5000100147
5000100169 5000100159
5000100065 5000100082
5000100046 5000100197
5000100028 5000100101
5000100093 5000100068
5000100126 5000100063
5000100085 5000100049
5000100192 5000100053
5000100082 5000100001
5000100078 5000100153
5000100192 5000100054
5000100177 5000100150
5000100163 5000100135
5000100187 5000100075
5000100056 5000100066
5000100058 5000100011
5000100056 5000100006
5000100083 5000100054
5000100033 5000100021
5000100079 5000100066
5000100178 5000100096
5000100143 5000100015
5000100181 5000100145
5000100136 5000100125
5000100065 5000100086
5000100022 5000100036
5000100147 5000100081
5000100158 5000100021
5000100086 5000100183
5000100092 5000100123
5000100161 5000100018
5000100119 5000100196
5000100084 5000100101
5000100142 5000100147
5000100188 5000100033
5000100117 5000100107
5000100057 5000100017
5000100178 5000100171
5000100150 5000100016
5000100146 5000100041
5000100032 5000100073
5000100162 5000100147
5000100159 5000100081
5000100119 5000100025
5000100178 5000100050
5000100067 5000100017
5000100021 5000100165
5000100084 5000100052
5000100066 5000100024
5000100149 5000100120
5000100108 5000100143
5000100169 5000100200
5000100060 5000100199
5000100002 5000100100
5000100119 5000100106
5000100116 5000100117
5000100104 5000100154
5000100121 5000100041
5000100158 5000100031
5000100045 5000100017
5000100142 5000100057
5000100090 5000100095
5000100106 5000100141
5000100176 5000100128
5000100062 5000100058
5000100092 5000100178
5000100077 5000100077
5000100128 5000100065
5000100148 5000100063
5000100184 5000100008
5000100003 5000100043
5000100049 5000100054
5000100198 5000100100
5000100008 5000100003
5000100113 5000100110
5000100190 5000100007
5000100054 5000100118
5000100066 5000100087
5000100039 5000100111
5000100020 5000100069
5000100173 5000100043
5000100115 5000100092
5000100170 5000100023
5000100199 5000100182
5000100149 5000100093
5000100033 5000100081
5000100068 5000100195
5000100030 5000100156
5000100081 5000100101
5000100045 5000100102
5000100115 5000100104
5000100097 5000100145
5000100189 5000100001
5000100014 5000100191
5000100038 5000100076
5000100095 5000100042
5000100048 5000100052
5000100034 5000100150
5000100123 5000100173
5000100010 5000100199
5000100199 5000100069
5000100190 5000100041
5000100171 5000100044
5000100006 5000100163
5000100133 5000100106
5000100107 5000100105
5000100164 5000100041
5000100053 5000100010
5000100118 5000100038
5000100077 5000100120
5000100120 5000100059
5000100121 5000100133
5000100179 5000100098
5000100069 5000100126
5000100086 5000100193
5000100068 5000100074
5000100087 5000100095
5000100032 5000100112
5000100082 5000100165
5000100194 5000100048
5000100145 5000100122
5000100058 5000100051
5000100117 5000100135
5000100073 5000100167
5000100107 5000100095
5000100067 5000100135
5000100195 5000100182
5000100172 5000100172
5000100178 5000100030
5000100184 5000100104
5000100127 5000100060
5000100147 5000100190
5000100077 5000100152
5000100042 5000100193
5000100018 5000100117
5000100110 5000100019
5000100131 5000100137
5000100037 5000100112
5000100010 5000100059
5000100021 5000100012
5000100077 5000100200
5000100003 5000100072
5000100189 5000100025
5000100185 5000100149
5000100116 5000100195
5000100186 5000100159
5000100196 5000100199
5000100076 5000100038
5000100129 5000100050
5000100184 5000100110
5000100172 5000100115
5000100099 5000100149
5000100091 5000100102
5000100068 5000100162
5000100073 5000100168
5000100057 5000100069
5000100117 5000100003
5000100042 5000100069
5000100037 5000100134
5000100102 5000100030
5000100123 5000100120
5000100177 5000100186
5000100155 5000100061
5000100088 5000100024
5000100159 5000100021
5000100200 5000100129
5000100066 5000100185
5000100005 5000100082
5000100141 5000100100
5000100141 5000100063
5000100005 5000100165
5000100174 5000100111
5000100036 5000100074
5000100079 5000100066
5000100015 5000100086
5000100046 5000100073
5000100128 5000100126
5000100001 5000100128
5000100156 5000100103
5000100180 5000100034
5000100035 5000100005
5000100085 5000100173
5000100015 5000100067
5000100143 5000100190
5000100180 5000100107
5000100023 5000100103
5000100071 5000100161
5000100081 5000100115
5000100184 5000100163
5000100153 5000100022
5000100148 5000100192
5000100152 5000100050
5000100152 5000100001
5000100097 5000100165
5000100004 5000100143
5000100127 5000100057
5000100179 5000100016
5000100136 5000100166
5000100025 5000100129
5000100050 5000100135
5000100032 5000100199
5000100109 5000100011
5000100004 5000100035
5000100113 5000100082
5000100144 5000100112
5000100198 5000100093
5000100147 5000100086
5000100157 5000100038
5000100176 5000100171
5000100043 5000100193
5000100066 5000100158
5000100043 5000100008
5000100173 5000100120
5000100125 5000100152
5000100018 5000100186
5000100162 5000100109
5000100176 5000100102
5000100130 5000100028
5000100166 5000100031
5000100048 5000100056
5000100001 5000100019
5000100149 5000100167
5000100168 5000100138
5000100067 5000100129
5000100080 5000100031
5000100177 5000100063
5000100036 5000100190
5000100191 5000100197
5000100125 5000100096
5000100079 5000100185
5000100077 5000100187
5000100191 5000100152
5000100126 5000100157
5000100039 5000100055
5000100019 5000100072
5000100194 5000100146
5000100167 5000100153
5000100017 5000100117
5000100165 5000100180
5000100183 5000100015
5000100035 5000100119
5000100022 5000100093
5000100157 5000100030
5000100136 5000100038
5000100082 5000100057
5000100099 5000100054
5000100009 5000100015
5000100073 5000100106
5000100091 5000100163
5000100030 5000100126
5000100192 5000100185
5000100105 5000100162
5000100140 5000100029
5000100193 5000100144
5000100115 5000100001
5000100078 5000100084
5000100075 5000100125
5000100070 5000100096
5000100022 5000100048
5000100190 5000100043
5000100173 5000100095
5000100123 5000100008
5000100135 5000100132
5000100039 5000100044
5000100070 5000100135
5000100033 5000100180
5000100092 5000100147
5000100144 5000100020
5000100018 5000100083
5000100141 5000100064
5000100136 5000100147
5000100037 5000100047
5000100159 5000100174
5000100054 5000100188
5000100189 5000100160
5000100029 5000100089
5000100148 5000100091
5000100161 5000100159
5000100058 5000100157
5000100059 5000100186
5000100037 5000100166
5000100124 5000100067
5000100056 5000100135
5000100125 5000100083
5000100069 5000100126
5000100083 5000100051
5000100056 5000100124
5000100079 5000100190
5000100109 5000100052
5000100025 5000100196
5000100138 5000100099
5000100146 5000100118
5000100066 5000100109
5000100180 5000100057
5000100110 5000100166
5000100144 5000100025
5000100143 5000100087
5000100115 5000100155
5000100080 5000100092
5000100140 5000100106
5000100185 5000100152
5000100198 5000100068
5000100144 5000100004
5000100086 5000100082
5000100153 5000100103
5000100014 5000100071
5000100141 5000100069
5000100062 5000100037
5000100100 5000100043
5000100055 5000100096
5000100199 5000100004
5000100153 5000100163
5000100116 5000100192
5000100192 5000100096
5000100060 5000100045
5000100172 5000100070
5000100048 5000100019
5000100073 5000100146
5000100038 5000100149
5000100198 5000100192
5000100056 5000100079
5000100036 5000100100
5000100027 5000100062
5000100200 5000100179
20 195
11 36
6 74
189 11
43 176
31 104
165 118
13 9
71 140
183 44
111 115
27 34
180 66
123 9
119 68
151 4
179 190
147 145
126 40
35 17
187 197
167 97
59 16
83 190
109 110
170 69
174 6
101 183
146 89
110 180
126 108
195 166
157 110
38 50
179 189
64 40
93 47
48 137
113 183
149 24
62 21
167 136
139 107
90 182
30 103
193 81
84 32
170 144
191 38
116 92
199 194
134 29
42 157
136 189
33 167
167 161
90 70
63 19
112 71
106 57
149 162
122 41
149 4
121 92
57 144
137 200
160 102
13 20
33 30
108 126
51 148
85 20
148 73
179 181
64 65
161 104
47 39
57 157
135 85
111 7
3 129
26 4
109 101
2 173
168 165
106 8
28 25
23 78
158 142
113 1
62 83
36 118
157 30
4 73
73 33
60 19
155 124
111 190
2 36
191 107
1 118
190 84
155 149
136 181
64 87
173 157
166 11
36 18
81 146
69 72
83 183
178 4
118 190
63 30
174 121
77 174
75 113
85 53
15 157
162 102
175 85
29 166
133 186
94 2
78 180
58 43
171 70
145 70
182 20
114 124
110 189
105 102
75 65
36 92
169 132
87 19
117 100
19 18
164 21
128 157
32 10
139 166
104 188
7 41
163 28
62 57
42 165
93 189
74 156
75 40
14 140
78 200
19 33
185 92
97 186
24 132
148 147
168 184
95 194
38 17
46 43
114 77
143 25
116 159
82 168
134 155
90 141
191 24
82 161
116 46
133 33
49 165
106 53
196 152
174 87
55 167
156 81
177 158
171 45
147 191
198 39
170 178
87 88
150 158
31 45
127 137
115 103
106 158
118 27
83 126
193 192
17 159
200 105
193 153
46 22
48 140
102 112
28 12
25 149
103 187
121 114
83 137
182 85
67 194
101 144
10 140
105 95
57 126
140 38
18 121
135 11
12 48
95 111
63 48
53 62
73 139
19 79
117 28
90 132
15 23
173 129
131 157
159 79
67 40
185 105
174 67
12 166
31 155
28 138
6 9
112 165
140 193
173 28
101 166
163 173
147 190
190 56
173 31
92 55
49 20
