# source: JorikJooken
# original path: jj_extract\knapsackProblemInstances-master\problemInstances\n_800_c_10000000000_g_6_f_0.3_eps_0.01_s_200\test.in
# optimal value: 9975024214
# format: n capacity, then weight value
800 10000000000
5100000167 5100000120
5100000063 5100000111
5100000185 5100000083
5100000007 5100000070
5100000031 5100000101
5100000146 5100000184
5100000117 5100000137
5100000031 5100000037
5100000122 5100000006
5100000145 5100000192
5100000183 5100000096
5100000104 5100000137
5100000105 5100000004
5100000186 5100000027
5100000149 5100000068
5100000186 5100000132
5100000178 5100000120
5100000166 5100000108
5100000048 5100000036
5100000168 5100000068
5100000143 5100000114
5100000017 5100000011
5100000067 5100000079
5100000147 5100000141
5100000084 5100000113
5100000193 5100000045
5100000101 5100000081
5100000004 5100000097
5100000167 5100000102
5100000045 5100000106
5100000027 5100000190
5100000113 5100000121
5100000020 5100000179
5100000092 5100000129
5100000019 5100000020
5100000011 5100000119
5100000170 5100000095
5100000050 5100000016
5100000096 5100000151
5100000022 5100000194
5100000094 5100000044
5100000176 5100000105
5100000007 5100000069
5100000024 5100000078
5100000054 5100000183
5100000134 5100000131
5100000014 5100000074
5100000103 5100000086
5100000149 5100000149
5100000106 5100000032
5100000194 5100000129
5100000013 5100000026
5100000127 5100000199
5100000053 5100000067
5100000099 5100000034
5100000061 5100000158
5100000145 5100000152
5100000050 5100000182
5100000015 5100000073
5100000141 5100000138
5100000107 5100000128
5100000044 5100000193
5100000027 5100000023
5100000126 5100000118
5100000121 5100000042
5100000176 5100000168
5100000152 5100000130
5100000031 5100000118
5100000019 5100000057
5100000192 5100000084
5100000156 5100000199
5100000191 5100000064
5100000085 5100000168
5100000060 5100000122
5100000189 5100000036
5100000122 5100000050
5100000133 5100000080
5100000019 5100000115
5100000156 5100000136
5100000049 5100000015
5100000192 5100000079
5100000177 5100000101
5100000188 5100000177
5100000101 5100000025
5100000034 5100000120
5100000039 5100000156
5100000030 5100000098
5100000171 5100000082
5100000154 5100000102
5100000133 5100000037
5100000133 5100000060
5100000028 5100000075
5100000161 5100000071
5100000092 5100000097
5100000021 5100000040
5100000191 5100000128
5100000022 5100000188
5100000051 5100000185
5100000120 5100000038
5100000050 5100000146
5100000158 5100000006
5100000185 5100000145
5100000153 5100000048
5100000170 5100000163
5100000169 5100000111
5100000189 5100000180
5100000167 5100000011
5100000006 5100000061
5100000094 5100000062
5100000132 5100000002
5100000115 5100000159
5100000049 5100000008
2600000076 2600000161
2600000041 2600000081
2600000195 2600000048
2600000167 2600000101
2600000084 2600000128
2600000174 2600000021
2600000059 2600000132
2600000063 2600000144
2600000007 2600000142
2600000025 2600000004
2600000145 2600000183
2600000001 2600000189
2600000015 2600000005
2600000093 2600000033
2600000101 2600000090
2600000050 2600000120
2600000189 2600000083
2600000084 2600000128
2600000062 2600000186
2600000090 2600000151
2600000070 2600000185
2600000089 2600000034
2600000186 2600000146
2600000120 2600000180
2600000052 2600000140
2600000012 2600000121
2600000096 2600000128
2600000197 2600000051
2600000152 2600000170
2600000106 2600000006
2600000086 2600000024
2600000192 2600000127
2600000137 2600000078
2600000195 2600000036
2600000146 2600000186
2600000017 2600000184
2600000007 2600000119
2600000169 2600000072
2600000161 2600000065
2600000145 2600000043
2600000138 2600000057
2600000144 2600000159
2600000193 2600000136
2600000157 2600000172
2600000103 2600000106
2600000183 2600000176
2600000100 2600000119
2600000188 2600000026
2600000008 2600000002
2600000195 2600000019
2600000138 2600000003
2600000139 2600000165
2600000157 2600000136
2600000139 2600000141
2600000177 2600000197
2600000113 2600000154
2600000096 2600000052
2600000062 2600000017
2600000187 2600000147
2600000166 2600000036
2600000050 2600000056
2600000185 2600000020
2600000163 2600000168
2600000043 2600000048
2600000088 2600000079
2600000047 2600000100
2600000153 2600000002
2600000124 2600000126
2600000122 2600000042
2600000043 2600000133
2600000050 2600000103
2600000033 2600000092
2600000058 2600000063
2600000036 2600000189
2600000084 2600000140
2600000009 2600000167
2600000023 2600000164
2600000140 2600000037
2600000179 2600000114
2600000139 2600000073
2600000136 2600000154
2600000156 2600000127
2600000147 2600000057
2600000037 2600000100
2600000163 2600000084
2600000193 2600000064
2600000070 2600000034
2600000050 2600000177
2600000175 2600000191
2600000008 2600000041
2600000126 2600000195
2600000056 2600000146
2600000151 2600000198
2600000149 2600000023
2600000134 2600000146
2600000056 2600000173
2600000149 2600000063
2600000103 2600000070
2600000192 2600000139
2600000072 2600000031
2600000118 2600000101
2600000006 2600000184
2600000016 2600000090
2600000110 2600000093
2600000152 2600000161
2600000179 2600000032
2600000051 2600000144
2600000171 2600000153
2600000082 2600000120
2600000164 2600000092
2600000153 2600000183
2600000061 2600000161
1350000125 1350000080
1350000011 1350000135
1350000023 1350000159
1350000077 1350000064
1350000190 1350000120
1350000098 1350000171
1350000001 1350000081
1350000117 1350000068
1350000041 1350000158
1350000034 1350000073
1350000097 1350000160
1350000151 1350000111
1350000174 1350000190
1350000176 1350000027
1350000012 1350000095
1350000157 1350000163
1350000076 1350000026
1350000126 1350000088
1350000161 1350000170
1350000013 1350000174
1350000200 1350000042
1350000053 1350000154
1350000007 1350000047
1350000116 1350000150
1350000116 1350000105
1350000119 1350000056
1350000126 1350000051
1350000143 1350000147
1350000003 1350000060
1350000085 1350000163
1350000161 1350000165
1350000182 1350000105
1350000040 1350000179
1350000190 1350000118
1350000119 1350000122
1350000113 1350000040
1350000013 1350000068
1350000017 1350000020
1350000189 1350000011
1350000176 1350000009
1350000023 1350000157
1350000158 1350000106
1350000120 1350000019
1350000194 1350000177
1350000049 1350000116
1350000160 1350000087
1350000171 1350000003
1350000012 1350000053
1350000153 1350000099
1350000181 1350000185
1350000097 1350000125
1350000084 1350000138
1350000074 1350000133
1350000004 1350000047
1350000007 1350000165
1350000012 1350000162
1350000006 1350000161
1350000100 1350000165
1350000099 1350000036
1350000114 1350000002
1350000021 1350000178
1350000110 1350000081
1350000081 1350000006
1350000131 1350000197
1350000003 1350000130
1350000145 1350000107
1350000117 1350000112
1350000175 1350000181
1350000195 1350000005
1350000085 1350000177
1350000050 1350000143
1350000036 1350000019
1350000110 1350000171
1350000145 1350000039
1350000094 1350000024
1350000033 1350000016
1350000178 1350000052
1350000186 1350000120
1350000107 1350000180
1350000014 1350000109
1350000022 1350000064
1350000070 1350000033
1350000171 1350000025
1350000104 1350000200
1350000191 1350000070
1350000181 1350000187
1350000034 1350000183
1350000064 1350000122
1350000182 1350000043
1350000165 1350000130
1350000157 1350000066
1350000171 1350000149
1350000080 1350000068
1350000074 1350000001
1350000197 1350000065
1350000084 1350000161
1350000132 1350000141
1350000143 1350000073
1350000198 1350000093
1350000132 1350000162
1350000150 1350000123
1350000143 1350000017
1350000122 1350000013
1350000180 1350000166
1350000004 1350000021
1350000040 1350000141
1350000166 1350000194
1350000195 1350000123
1350000105 1350000076
1350000138 1350000081
1350000097 1350000099
1350000063 1350000003
725000004 725000055
725000040 725000005
725000164 725000160
725000134 725000169
725000015 725000070
725000006 725000105
725000037 725000005
725000181 725000115
725000024 725000089
725000140 725000153
725000139 725000034
725000010 725000130
725000111 725000089
725000171 725000026
725000104 725000155
725000168 725000081
725000097 725000002
725000107 725000104
725000058 725000054
725000112 725000131
725000093 725000079
725000008 725000150
725000082 725000004
725000116 725000077
725000124 725000122
725000132 725000096
725000138 725000127
725000024 725000034
725000026 725000120
725000101 725000126
725000098 725000127
725000189 725000014
725000074 725000133
725000166 725000046
725000152 725000193
725000081 725000124
725000178 725000063
725000118 725000155
725000043 725000127
725000034 725000114
725000053 725000010
725000178 725000175
725000191 725000104
725000186 725000052
725000153 725000056
725000077 725000174
725000199 725000184
725000147 725000096
725000025 725000188
725000162 725000127
725000167 725000106
725000071 725000178
725000034 725000053
725000078 725000200
725000010 725000129
725000069 725000139
725000100 725000164
725000082 725000126
725000118 725000035
725000179 725000061
725000149 725000174
725000122 725000198
725000092 725000116
725000193 725000119
725000121 725000101
725000078 725000164
725000023 725000011
725000179 725000131
725000126 725000157
725000109 725000021
725000084 725000190
725000137 725000154
725000177 725000088
725000026 725000131
725000181 725000073
725000196 725000174
725000081 725000108
725000145 725000104
725000193 725000165
725000013 725000039
725000010 725000142
725000018 725000096
725000028 725000164
725000039 725000148
725000032 725000146
725000087 725000148
725000159 725000121
725000132 725000053
725000006 725000155
725000050 725000090
725000116 725000148
725000144 725000118
725000171 725000105
725000007 725000174
725000040 725000150
725000164 725000094
725000084 725000064
725000019 725000186
725000123 725000038
725000188 725000162
725000168 725000177
725000178 725000042
725000090 725000072
725000160 725000072
725000190 725000157
725000056 725000098
725000155 725000108
725000132 725000180
725000023 725000079
725000101 725000109
725000105 725000007
725000134 725000159
412500026 412500147
412500088 412500194
412500066 412500048
412500083 412500003
412500133 412500140
412500188 412500050
412500029 412500184
412500076 412500165
412500137 412500052
412500010 412500088
412500067 412500039
412500129 412500036
412500109 412500034
412500006 412500008
412500153 412500077
412500165 412500108
412500021 412500119
412500158 412500012
412500018 412500121
412500044 412500051
412500197 412500136
412500031 412500195
412500039 412500100
412500030 412500008
412500006 412500044
412500142 412500168
412500161 412500177
412500037 412500006
412500124 412500023
412500178 412500088
412500150 412500176
412500157 412500121
412500058 412500176
412500147 412500173
412500159 412500131
412500126 412500174
412500066 412500106
412500133 412500165
412500069 412500105
412500133 412500017
412500198 412500123
412500073 412500094
412500054 412500084
412500081 412500124
412500058 412500106
412500164 412500154
412500161 412500038
412500053 412500149
412500142 412500157
412500161 412500091
412500080 412500133
412500030 412500136
412500148 412500148
412500009 412500057
412500130 412500045
412500151 412500019
412500177 412500122
412500019 412500012
412500004 412500001
412500024 412500121
412500105 412500137
412500171 412500157
412500178 412500172
412500083 412500086
412500024 412500185
412500055 412500181
412500147 412500129
412500188 412500123
412500002 412500060
412500004 412500108
412500132 412500030
412500169 412500161
412500065 412500153
412500103 412500165
412500056 412500028
412500049 412500115
412500051 412500082
412500039 412500100
412500016 412500162
412500019 412500083
412500044 412500183
412500004 412500053
412500053 412500161
412500098 412500152
412500102 412500065
412500128 412500112
412500174 412500174
412500157 412500092
412500044 412500168
412500186 412500161
412500123 412500048
412500126 412500199
412500139 412500061
412500021 412500113
412500183 412500096
412500187 412500124
412500029 412500087
412500022 412500142
412500009 412500150
412500182 412500138
412500125 412500014
412500055 412500094
412500063 412500177
412500024 412500093
412500052 412500042
412500103 412500152
412500151 412500054
412500065 412500091
412500178 412500193
412500057 412500085
412500062 412500096
412500052 412500196
21 195
59 16
88 44
151 15
179 71
94 9
84 13
16 174
173 165
14 56
176 48
65 156
187 23
42 54
15 80
120 22
19 63
114 67
27 199
180 105
188 58
4 197
140 152
58 22
174 95
80 4
163 107
138 129
156 73
65 117
11 85
136 11
60 174
13 46
188 175
124 99
45 162
72 64
141 109
33 194
18 115
176 149
1 77
69 31
58 15
187 90
79 48
173 162
155 193
105 18
72 181
121 136
42 147
123 67
133 158
54 156
87 23
28 143
12 176
4 22
123 99
159 169
14 82
97 4
9 132
164 158
185 103
88 34
92 174
170 189
192 43
144 73
1 184
178 165
158 77
108 187
145 112
60 60
156 179
93 47
49 167
169 112
131 62
121 129
191 185
49 107
129 183
117 77
134 73
70 70
196 119
194 159
128 111
82 129
115 19
32 52
107 36
86 53
66 116
27 156
127 190
107 99
46 66
138 187
18 134
73 34
138 186
105 51
28 121
27 66
75 49
133 173
2 76
180 199
170 40
159 61
26 33
83 199
61 21
137 45
156 135
16 38
16 146
136 18
49 16
58 145
108 130
199 80
183 185
72 164
165 114
62 1
73 183
28 69
19 58
64 198
45 52
69 91
51 39
69 102
181 90
157 120
35 35
172 108
1 71
70 96
102 149
200 4
82 116
186 95
163 44
91 12
48 106
179 132
174 149
104 19
199 52
121 76
123 120
100 154
75 61
178 138
179 173
78 107
84 124
36 14
110 97
6 175
140 127
170 173
186 97
10 182
191 33
104 132
132 8
128 160
65 54
26 65
109 108
99 160
70 187
55 107
90 15
183 170
167 155
198 54
106 76
180 37
84 184
47 103
102 66
30 50
42 91
82 86
13 32
122 104
126 77
74 124
157 2
61 172
163 106
198 72
99 151
93 68
191 15
62 170
166 136
178 24
171 56
168 3
155 53
78 155
26 70
41 159
58 22
142 54
140 30
171 52
137 46
6 16
10 38
188 28
36 27
107 122
32 61
142 121
56 88
188 74
157 11
66 151
37 186
26 29
181 159
175 33
40 34
159 56
139 153
137 84
10 139
196 9
