# source: JorikJooken
# original path: jj_extract\knapsackProblemInstances-master\problemInstances\n_1000_c_100000000_g_10_f_0.2_eps_0_s_300\test.in
# optimal value: 99872564
# format: n capacity, then weight value
1000 100000000
50000098 50000250
50000132 50000236
50000136 50000030
50000038 50000058
50000211 50000069
50000221 50000001
50000111 50000094
50000122 50000102
50000156 50000212
50000114 50000057
50000051 50000236
50000240 50000262
50000160 50000070
50000121 50000186
50000203 50000041
50000175 50000085
50000018 50000103
50000215 50000292
50000250 50000213
50000090 50000141
50000237 50000184
50000141 50000255
50000127 50000044
50000100 50000127
50000239 50000183
50000106 50000291
50000238 50000088
50000099 50000233
50000248 50000016
50000260 50000158
50000197 50000169
50000174 50000161
50000265 50000055
50000042 50000245
50000068 50000039
50000133 50000106
50000234 50000279
50000170 50000151
50000234 50000045
50000277 50000046
50000034 50000239
50000241 50000134
50000018 50000189
50000084 50000174
50000241 50000057
50000108 50000128
50000269 50000002
50000028 50000208
50000271 50000296
50000257 50000193
50000029 50000184
50000132 50000011
50000171 50000029
50000001 50000134
50000158 50000080
50000093 50000239
50000159 50000287
50000207 50000119
50000250 50000234
50000112 50000030
50000205 50000021
50000028 50000249
50000291 50000237
50000209 50000003
50000106 50000084
50000298 50000234
50000283 50000237
50000045 50000241
50000010 50000223
50000239 50000169
50000180 50000166
50000272 50000035
50000210 50000118
50000085 50000283
50000017 50000160
50000229 50000032
50000032 50000207
50000220 50000010
50000142 50000226
50000225 50000110
50000186 50000042
50000152 50000119
50000262 50000024
50000219 50000114
50000038 50000225
50000276 50000112
50000082 50000032
50000035 50000248
25000029 25000089
25000031 25000069
25000123 25000107
25000032 25000177
25000018 25000111
25000099 25000114
25000202 25000039
25000163 25000228
25000020 25000130
25000084 25000164
25000214 25000249
25000124 25000261
25000030 25000062
25000283 25000057
25000061 25000083
25000058 25000275
25000138 25000279
25000034 25000162
25000200 25000026
25000025 25000106
25000213 25000160
25000065 25000240
25000166 25000213
25000185 25000040
25000100 25000074
25000244 25000078
25000220 25000294
25000243 25000095
25000297 25000036
25000074 25000264
25000251 25000188
25000176 25000122
25000148 25000225
25000108 25000173
25000153 25000252
25000156 25000094
25000002 25000098
25000271 25000205
25000227 25000039
25000188 25000236
25000093 25000056
25000294 25000091
25000104 25000217
25000104 25000024
25000204 25000051
25000109 25000132
25000150 25000179
25000069 25000278
25000014 25000099
25000132 25000120
25000270 25000218
25000127 25000075
25000259 25000006
25000183 25000017
25000114 25000294
25000097 25000145
25000228 25000280
25000292 25000104
25000040 25000003
25000218 25000158
25000229 25000045
25000113 25000283
25000210 25000051
25000209 25000280
25000230 25000201
25000299 25000025
25000010 25000128
25000230 25000251
25000228 25000177
25000232 25000235
25000130 25000277
25000204 25000043
25000137 25000272
25000061 25000200
25000224 25000167
25000155 25000054
25000068 25000009
25000049 25000187
25000042 25000010
25000122 25000128
25000190 25000017
25000177 25000087
25000210 25000085
25000070 25000010
25000283 25000022
25000091 25000155
25000222 25000159
25000254 25000157
12500196 12500275
12500251 12500229
12500268 12500021
12500061 12500185
12500007 12500188
12500158 12500162
12500289 12500222
12500235 12500207
12500285 12500143
12500264 12500108
12500156 12500148
12500162 12500091
12500103 12500035
12500031 12500162
12500078 12500022
12500006 12500231
12500187 12500049
12500139 12500093
12500081 12500172
12500177 12500043
12500048 12500088
12500051 12500130
12500148 12500036
12500064 12500117
12500173 12500257
12500176 12500108
12500139 12500254
12500099 12500237
12500249 12500031
12500114 12500151
12500149 12500080
12500295 12500236
12500076 12500080
12500150 12500073
12500067 12500091
12500066 12500178
12500037 12500237
12500063 12500107
12500065 12500044
12500177 12500150
12500239 12500005
12500038 12500047
12500253 12500275
12500198 12500040
12500004 12500178
12500022 12500152
12500017 12500076
12500006 12500134
12500081 12500040
12500115 12500005
12500094 12500096
12500183 12500197
12500160 12500266
12500279 12500085
12500152 12500053
12500212 12500122
12500275 12500025
12500126 12500134
12500182 12500018
12500227 12500119
12500298 12500091
12500261 12500022
12500233 12500244
12500176 12500275
12500285 12500060
12500137 12500277
12500145 12500214
12500096 12500048
12500199 12500125
12500266 12500160
12500289 12500197
12500171 12500159
12500156 12500189
12500282 12500024
12500234 12500231
12500052 12500251
12500208 12500044
12500132 12500199
12500227 12500086
12500097 12500021
12500293 12500088
12500207 12500056
12500083 12500230
12500157 12500242
12500120 12500174
12500098 12500022
12500267 12500061
12500254 12500139
6250154 6250113
6250092 6250073
6250013 6250251
6250149 6250015
6250269 6250225
6250103 6250026
6250300 6250002
6250156 6250166
6250269 6250295
6250032 6250012
6250016 6250199
6250277 6250140
6250236 6250065
6250228 6250211
6250148 6250078
6250088 6250237
6250217 6250212
6250026 6250184
6250250 6250070
6250041 6250067
6250025 6250128
6250136 6250012
6250059 6250256
6250253 6250044
6250185 6250273
6250177 6250095
6250235 6250204
6250016 6250295
6250165 6250241
6250177 6250042
6250236 6250259
6250102 6250191
6250194 6250103
6250269 6250028
6250075 6250056
6250033 6250122
6250139 6250188
6250174 6250135
6250122 6250213
6250106 6250290
6250266 6250167
6250121 6250172
6250128 6250088
6250010 6250098
6250051 6250297
6250134 6250007
6250201 6250241
6250245 6250142
6250069 6250044
6250177 6250101
6250108 6250239
6250097 6250035
6250048 6250149
6250139 6250016
6250208 6250196
6250028 6250013
6250050 6250180
6250237 6250060
6250130 6250294
6250122 6250065
6250002 6250016
6250095 6250068
6250245 6250245
6250151 6250145
6250272 6250284
6250040 6250016
6250222 6250037
6250115 6250149
6250281 6250141
6250171 6250257
6250287 6250225
6250160 6250087
6250201 6250215
6250054 6250246
6250120 6250033
6250280 6250040
6250126 6250189
6250222 6250140
6250253 6250283
6250127 6250070
6250231 6250127
6250165 6250166
6250140 6250029
6250270 6250166
6250286 6250191
6250264 6250276
6250280 6250012
6250071 6250132
3125172 3125217
3125046 3125025
3125202 3125187
3125082 3125023
3125213 3125210
3125089 3125245
3125251 3125235
3125118 3125258
3125015 3125014
3125262 3125171
3125066 3125218
3125022 3125290
3125183 3125288
3125045 3125226
3125127 3125155
3125167 3125282
3125239 3125201
3125145 3125067
3125261 3125056
3125142 3125163
3125287 3125177
3125101 3125118
3125127 3125118
3125074 3125121
3125042 3125029
3125061 3125060
3125096 3125098
3125120 3125039
3125289 3125089
3125245 3125137
3125167 3125023
3125219 3125182
3125008 3125163
3125035 3125251
3125273 3125117
3125084 3125074
3125195 3125298
3125066 3125041
3125004 3125081
3125214 3125147
3125023 3125117
3125039 3125001
3125021 3125061
3125096 3125041
3125300 3125204
3125063 3125193
3125280 3125293
3125002 3125240
3125201 3125225
3125153 3125167
3125106 3125034
3125219 3125061
3125139 3125014
3125271 3125170
3125239 3125063
3125011 3125251
3125021 3125196
3125093 3125182
3125069 3125116
3125098 3125262
3125218 3125214
3125035 3125063
3125112 3125276
3125104 3125088
3125067 3125232
3125232 3125110
3125127 3125122
3125130 3125155
3125230 3125139
3125009 3125216
3125241 3125126
3125146 3125117
3125041 3125122
3125213 3125293
3125050 3125201
3125067 3125133
3125025 3125035
3125247 3125214
3125293 3125099
3125036 3125079
3125236 3125229
3125186 3125238
3125229 3125009
3125130 3125105
3125239 3125285
3125001 3125259
3125022 3125212
3125296 3125262
1562572 1562646
1562569 1562599
1562642 1562695
1562691 1562578
1562738 1562709
1562780 1562600
1562710 1562792
1562577 1562791
1562634 1562645
1562753 1562790
1562756 1562763
1562650 1562611
1562694 1562517
1562774 1562564
1562772 1562582
1562576 1562511
1562669 1562561
1562576 1562571
1562647 1562783
1562700 1562686
1562736 1562768
1562773 1562625
1562630 1562721
1562796 1562793
1562792 1562778
1562505 1562620
1562619 1562707
1562788 1562720
1562513 1562527
1562561 1562553
1562518 1562688
1562658 1562518
1562763 1562590
1562686 1562695
1562562 1562788
1562663 1562579
1562530 1562707
1562611 1562714
1562587 1562548
1562631 1562584
1562768 1562753
1562727 1562551
1562713 1562675
1562741 1562768
1562532 1562629
1562562 1562641
1562505 1562664
1562647 1562677
1562786 1562746
1562647 1562540
1562561 1562540
1562704 1562713
1562769 1562763
1562677 1562628
1562681 1562678
1562524 1562672
1562794 1562741
1562525 1562647
1562669 1562714
1562697 1562520
1562766 1562693
1562770 1562768
1562638 1562596
1562702 1562605
1562520 1562647
1562539 1562725
1562568 1562661
1562601 1562536
1562794 1562648
1562704 1562635
1562727 1562605
1562514 1562562
1562590 1562550
1562515 1562739
1562662 1562552
1562776 1562667
1562752 1562675
1562649 1562720
1562622 1562522
1562559 1562687
1562532 1562759
1562674 1562636
1562559 1562580
1562552 1562548
1562784 1562563
1562582 1562664
1562767 1562612
1562742 1562679
781529 781259
781454 781478
781360 781299
781426 781439
781455 781543
781446 781473
781501 781334
781357 781420
781521 781351
781521 781280
781398 781479
781380 781336
781378 781402
781266 781429
781349 781304
781505 781390
781478 781319
781388 781269
781282 781283
781385 781416
781392 781536
781435 781438
781404 781542
781502 781446
781263 781292
781547 781536
781354 781395
781382 781527
781545 781485
781338 781303
781394 781550
781506 781439
781288 781390
781376 781336
781394 781384
781474 781520
781349 781438
781288 781395
781254 781320
781260 781402
781400 781327
781283 781476
781468 781424
781301 781490
781373 781314
781295 781517
781319 781509
781423 781545
781454 781461
781418 781278
781434 781485
781306 781441
781481 781534
781364 781431
781508 781400
781477 781550
781506 781451
781266 781381
781449 781434
781452 781537
781278 781412
781458 781300
781363 781509
781550 781500
781350 781405
781435 781256
781268 781470
781518 781448
781319 781391
781337 781315
781409 781411
781326 781363
781255 781379
781531 781542
781289 781326
781431 781330
781507 781534
781422 781284
781484 781271
781265 781274
781510 781501
781445 781521
781543 781308
781546 781416
781452 781429
781319 781432
781402 781455
781273 781428
390793 390679
390772 390663
390771 390661
390903 390891
390881 390737
390896 390710
390793 390727
390806 390649
390678 390793
390921 390855
390774 390743
390783 390785
390867 390795
390694 390683
390700 390703
390845 390800
390732 390898
390720 390756
390725 390879
390643 390795
390868 390662
390782 390892
390644 390698
390728 390824
390675 390665
390909 390699
390892 390835
390889 390705
390710 390719
390737 390686
390718 390727
390889 390646
390779 390755
390756 390724
390764 390644
390649 390656
390922 390698
390730 390645
390840 390673
390813 390752
390922 390661
390767 390917
390631 390841
390842 390742
390707 390889
390702 390702
390824 390840
390911 390862
390897 390678
390815 390797
390717 390862
390643 390847
390807 390665
390663 390919
390754 390725
390678 390866
390726 390691
390692 390844
390867 390672
390806 390760
390686 390838
390626 390737
390730 390653
390658 390711
390734 390819
390896 390879
390761 390629
390906 390673
390656 390669
390863 390771
390916 390629
390731 390884
390758 390852
390754 390715
390731 390814
390824 390656
390716 390882
390834 390712
390723 390670
390717 390780
390752 390718
390840 390913
390885 390898
390784 390791
390762 390850
390794 390710
390731 390805
390636 390773
195578 195552
195399 195339
195533 195585
195463 195459
195411 195393
195347 195410
195548 195414
195540 195422
195435 195584
195362 195597
195543 195404
195337 195556
195548 195577
195585 195603
195365 195488
195409 195384
195460 195540
195597 195340
195373 195612
195324 195580
195354 195586
195456 195448
195472 195400
195498 195568
195370 195419
195563 195402
195384 195375
195609 195493
195446 195475
195545 195409
195447 195458
195355 195393
195609 195468
195545 195606
195602 195570
195376 195603
195582 195606
195436 195463
195452 195344
195593 195388
195608 195367
195453 195542
195558 195423
195514 195347
195329 195352
195464 195326
195324 195356
195347 195481
195503 195531
195539 195520
195426 195314
195497 195565
195489 195392
195424 195487
195555 195558
195396 195446
195472 195446
195323 195455
195580 195464
195452 195480
195372 195493
195509 195400
195405 195557
195492 195318
195552 195608
195451 195440
195559 195411
195505 195576
195408 195355
195574 195393
195368 195451
195541 195469
195542 195381
195500 195448
195584 195608
195533 195544
195584 195329
195492 195459
195473 195458
195346 195410
195491 195563
195384 195562
195372 195539
195330 195340
195558 195515
195434 195435
195515 195382
195378 195495
288 88
250 8
184 172
190 72
186 89
16 42
202 235
48 110
215 8
202 238
196 137
214 146
206 218
132 97
86 236
149 206
101 287
242 74
159 154
232 227
198 37
265 111
282 230
203 193
285 187
146 17
186 274
295 258
279 103
281 3
123 244
69 116
28 242
69 10
195 190
150 114
166 21
31 9
81 265
166 82
151 156
162 38
54 9
64 160
254 35
97 171
124 13
242 152
99 195
151 42
142 122
232 159
274 28
41 36
86 84
144 202
104 208
261 282
138 87
45 121
183 11
44 16
60 78
226 8
55 203
92 222
240 40
256 270
134 119
109 87
252 172
118 202
53 99
157 70
138 178
93 44
85 151
280 238
103 165
269 57
160 154
19 294
33 32
198 188
42 210
205 274
135 265
257 127
34 92
13 154
278 220
115 140
79 285
96 106
294 1
14 227
33 3
77 6
113 29
31 275
231 160
56 54
57 195
72 197
197 101
158 177
280 118
100 78
298 245
158 85
125 179
93 97
68 10
59 102
204 119
213 105
222 220
167 255
173 169
218 75
202 70
139 246
176 201
176 62
231 125
62 279
106 145
200 134
22 245
196 115
204 269
152 4
170 58
61 33
104 247
259 159
79 101
240 202
97 105
115 3
83 272
193 244
200 109
266 129
128 81
50 235
179 9
81 5
110 176
89 144
283 272
78 75
9 169
188 17
36 50
203 43
193 130
65 45
27 252
43 34
94 44
256 124
156 221
216 107
144 16
82 257
23 159
40 28
163 171
176 123
253 189
15 149
166 67
88 280
288 224
40 99
155 144
172 64
125 156
7 257
199 167
80 99
52 60
291 92
263 30
191 2
113 242
48 103
143 130
68 233
253 290
21 164
221 103
73 105
36 93
234 204
233 215
204 49
178 5
100 287
51 157
268 210
33 154
57 182
109 192
273 258
18 295
136 161
