# source: JorikJooken
# original path: jj_extract\knapsackProblemInstances-master\problemInstances\n_400_c_1000000_g_14_f_0.2_eps_0.01_s_200\test.in
# optimal value: 1009849
# format: n capacity, then weight value
400 1000000
510018 510106
510199 510115
510010 510055
510146 510148
510189 510043
510199 510073
510180 510164
510121 510166
510124 510098
510196 510027
510161 510119
510162 510136
510009 510193
510139 510108
510164 510169
510190 510088
510124 510173
510093 510102
510015 510125
510148 510068
510148 510068
510080 510152
510002 510047
510186 510002
260066 260027
260111 260064
260183 260144
260028 260137
260087 260070
260058 260193
260117 260071
260046 260084
260093 260010
260162 260155
260175 260056
260135 260070
260111 260177
260107 260005
260065 260165
260187 260088
260140 260035
260019 260149
260007 260106
260079 260065
260151 260110
260075 260189
260029 260114
260161 260165
135194 135175
135002 135034
135162 135188
135184 135005
135164 135119
135163 135030
135142 135103
135171 135192
135125 135135
135158 135126
135149 135022
135126 135021
135147 135111
135126 135190
135129 135069
135151 135091
135146 135006
135101 135157
135071 135128
135116 135084
135129 135173
135157 135111
135164 135083
135040 135106
72595 72598
72540 72684
72699 72608
72508 72560
72590 72669
72652 72563
72693 72513
72579 72671
72566 72541
72660 72574
72501 72571
72583 72593
72621 72646
72635 72676
72564 72552
72619 72679
72623 72589
72515 72699
72604 72683
72524 72562
72644 72507
72651 72579
72663 72622
72626 72539
41363 41272
41254 41370
41273 41358
41432 41434
41382 41284
41396 41370
41318 41341
41361 41395
41424 41345
41444 41448
41405 41372
41299 41372
41397 41335
41377 41295
41258 41279
41394 41336
41358 41401
41358 41414
41387 41315
41444 41428
41264 41447
41285 41425
41277 41309
41405 41256
25740 25744
25704 25816
25692 25669
25687 25756
25708 25687
25778 25701
25755 25767
25803 25808
25691 25813
25679 25671
25781 25733
25808 25693
25762 25782
25761 25684
25742 25820
25661 25807
25652 25648
25819 25746
25778 25639
25722 25746
25772 25745
25684 25691
25743 25770
25647 25657
17985 17957
17868 18002
17851 17857
17968 17837
17813 17896
17970 17963
17893 17852
17883 17964
17916 17953
17914 17917
17899 17844
17948 18004
17852 17848
17959 17913
17992 17939
17839 17841
18010 17958
17829 17839
17972 18004
17816 17886
17963 17836
17903 18005
17921 17899
17908 17860
13931 13990
13973 13972
13912 13948
14042 13969
14092 14058
13923 13921
13946 14089
13960 13946
14094 13980
14028 14014
13994 13918
13921 13957
13915 14042
13956 14031
13967 13966
14035 14067
14059 14098
14078 13977
14024 14052
14086 13988
14094 13953
13921 14012
13922 14073
13911 14085
11982 12052
12131 12089
12152 12075
12028 12058
12077 11975
12075 12121
12064 12083
11971 12035
12097 12137
12136 12037
12074 11966
11956 12113
11969 12112
12146 11982
11964 12012
12149 12029
12013 11968
11977 12033
12068 11969
11959 11993
12074 12075
12078 12146
12084 12080
12061 12048
11159 11023
11124 11159
11121 11042
11090 11107
11055 11024
11064 11114
10994 11159
11071 11110
11142 11066
11159 11058
10992 11121
10997 11155
11010 11024
11099 11052
11039 11134
10990 11080
11103 11165
11132 11042
11027 11105
11032 11127
10986 11066
11024 11080
11110 10992
11035 11052
10511 10685
10528 10522
10634 10670
10672 10548
10499 10619
10610 10577
10491 10605
10535 10666
10595 10615
10533 10506
10501 10558
10514 10492
10602 10565
10586 10513
10610 10598
10567 10659
10686 10561
10683 10493
10615 10511
10639 10510
10597 10625
10669 10661
10666 10681
10665 10521
10253 10351
10427 10400
10258 10347
10256 10395
10317 10264
10401 10353
10439 10265
10323 10284
10311 10332
10387 10392
10409 10344
10424 10327
10275 10357
10398 10253
10275 10436
10352 10296
10336 10311
10437 10324
10301 10312
10378 10247
10388 10325
10331 10382
10255 10338
10268 10340
10124 10214
10240 10167
10268 10151
10199 10303
10257 10201
10291 10243
10220 10301
10168 10218
10254 10286
10182 10169
10148 10210
10136 10223
10274 10215
10276 10195
10321 10300
10319 10243
10237 10193
10123 10197
10294 10131
10136 10230
10269 10282
10222 10164
10244 10234
10173 10322
68 22
25 168
42 69
192 88
134 90
26 184
23 24
76 179
23 199
55 190
57 74
64 8
174 182
35 90
80 127
110 4
153 90
18 29
56 177
14 165
105 107
75 115
186 21
94 192
17 161
187 96
92 113
82 10
172 29
13 22
41 26
190 137
68 27
121 109
120 110
199 82
182 5
113 88
76 9
196 114
197 147
64 102
150 98
172 92
69 110
145 62
38 151
164 168
129 46
80 183
196 48
151 153
30 142
78 173
104 9
34 128
191 2
191 162
22 47
140 123
47 11
68 30
144 19
19 107
36 196
98 77
25 23
56 57
37 35
157 72
13 143
58 91
90 14
139 103
46 56
7 148
30 137
38 28
173 178
53 177
16 153
119 129
196 182
35 96
122 152
16 124
169 160
38 121
