# source: JorikJooken
# original path: jj_extract\knapsackProblemInstances-master\problemInstances\n_400_c_100000000_g_6_f_0.2_eps_0.0001_s_300\test.in
# optimal value: 97204263
# format: n capacity, then weight value
400 100000000
50010043 50010152
50010201 50010072
50010215 50010098
50010095 50010174
50010230 50010040
50010081 50010141
50010205 50010179
50010225 50010136
50010101 50010179
50010217 50010075
50010053 50010015
50010002 50010232
50010203 50010122
50010254 50010064
50010099 50010081
50010197 50010186
50010073 50010163
50010067 50010276
50010134 50010097
50010123 50010146
50010056 50010076
50010143 50010141
50010144 50010010
50010232 50010214
50010282 50010140
50010153 50010104
50010261 50010253
50010290 50010269
50010108 50010058
50010239 50010284
50010058 50010031
50010292 50010234
50010091 50010067
50010083 50010033
50010140 50010005
50010129 50010011
50010192 50010246
50010200 50010038
50010117 50010089
50010140 50010296
50010209 50010298
50010135 50010164
50010023 50010123
50010181 50010078
50010055 50010066
50010208 50010056
50010050 50010091
50010269 50010060
50010017 50010061
50010026 50010161
50010294 50010115
50010065 50010074
50010268 50010134
50010052 50010049
50010124 50010008
50010177 50010143
50010102 50010007
50010260 50010265
50010094 50010130
50010090 50010062
50010273 50010103
50010080 50010041
50010254 50010086
50010094 50010261
25010219 25010099
25010235 25010249
25010177 25010074
25010242 25010118
25010180 25010052
25010040 25010090
25010235 25010256
25010175 25010243
25010272 25010032
25010045 25010089
25010104 25010214
25010060 25010092
25010074 25010268
25010149 25010204
25010026 25010173
25010106 25010068
25010073 25010103
25010027 25010063
25010155 25010116
25010058 25010242
25010069 25010197
25010057 25010204
25010288 25010117
25010104 25010215
25010207 25010158
25010227 25010229
25010251 25010191
25010039 25010155
25010255 25010011
25010068 25010164
25010054 25010019
25010284 25010298
25010047 25010246
25010096 25010083
25010062 25010243
25010104 25010261
25010126 25010083
25010189 25010053
25010149 25010150
25010134 25010169
25010254 25010121
25010034 25010146
25010270 25010063
25010028 25010040
25010075 25010259
25010154 25010026
25010154 25010046
25010204 25010065
25010129 25010211
25010131 25010135
25010044 25010208
25010288 25010165
25010239 25010078
25010029 25010070
25010284 25010257
25010035 25010142
25010294 25010011
25010103 25010130
25010203 25010021
25010032 25010132
25010225 25010153
25010291 25010041
25010083 25010051
25010116 25010244
12510261 12510199
12510245 12510060
12510208 12510045
12510134 12510220
12510146 12510204
12510031 12510209
12510150 12510286
12510264 12510080
12510053 12510253
12510160 12510084
12510102 12510007
12510146 12510117
12510006 12510097
12510106 12510195
12510266 12510089
12510227 12510034
12510203 12510286
12510004 12510101
12510019 12510227
12510073 12510204
12510130 12510250
12510097 12510001
12510198 12510073
12510151 12510177
12510284 12510274
12510029 12510162
12510291 12510062
12510204 12510122
12510189 12510049
12510205 12510198
12510066 12510087
12510067 12510014
12510104 12510177
12510155 12510132
12510278 12510284
12510057 12510201
12510209 12510081
12510037 12510020
12510075 12510062
12510239 12510176
12510144 12510067
12510048 12510063
12510234 12510059
12510251 12510134
12510169 12510178
12510188 12510149
12510068 12510078
12510019 12510044
12510293 12510256
12510098 12510038
12510177 12510291
12510134 12510176
12510172 12510102
12510032 12510085
12510264 12510121
12510056 12510280
12510243 12510200
12510227 12510046
12510150 12510141
12510229 12510155
12510097 12510081
12510288 12510047
12510041 12510241
12510118 12510156
6260282 6260059
6260161 6260200
6260183 6260012
6260227 6260192
6260015 6260151
6260023 6260026
6260103 6260001
6260218 6260208
6260096 6260254
6260177 6260228
6260212 6260038
6260290 6260017
6260212 6260259
6260232 6260132
6260149 6260044
6260066 6260236
6260068 6260042
6260145 6260005
6260113 6260266
6260026 6260153
6260187 6260143
6260163 6260171
6260260 6260212
6260142 6260135
6260175 6260125
6260194 6260052
6260093 6260185
6260069 6260298
6260262 6260021
6260134 6260060
6260262 6260158
6260170 6260111
6260146 6260112
6260165 6260143
6260059 6260119
6260005 6260227
6260219 6260121
6260006 6260033
6260196 6260224
6260092 6260088
6260028 6260056
6260109 6260150
6260051 6260165
6260048 6260154
6260254 6260035
6260236 6260265
6260116 6260063
6260089 6260131
6260011 6260268
6260150 6260129
6260120 6260224
6260174 6260011
6260072 6260058
6260033 6260121
6260222 6260065
6260073 6260243
6260109 6260025
6260026 6260037
6260052 6260150
6260009 6260094
6260211 6260130
6260221 6260010
6260196 6260145
6260232 6260211
3135202 3135021
3135048 3135160
3135081 3135217
3135265 3135073
3135124 3135148
3135085 3135299
3135219 3135011
3135206 3135251
3135242 3135238
3135192 3135066
3135192 3135268
3135132 3135008
3135231 3135221
3135016 3135241
3135215 3135190
3135172 3135158
3135080 3135162
3135207 3135269
3135248 3135133
3135232 3135129
3135199 3135150
3135150 3135279
3135077 3135206
3135110 3135224
3135193 3135208
3135095 3135113
3135107 3135266
3135044 3135297
3135056 3135129
3135125 3135101
3135256 3135123
3135146 3135229
3135260 3135028
3135059 3135177
3135140 3135180
3135247 3135194
3135266 3135166
3135215 3135203
3135013 3135226
3135271 3135156
3135270 3135131
3135264 3135079
3135198 3135032
3135261 3135202
3135122 3135060
3135108 3135266
3135002 3135241
3135135 3135187
3135060 3135100
3135236 3135280
3135293 3135177
3135072 3135044
3135226 3135216
3135223 3135030
3135270 3135256
3135102 3135257
3135295 3135039
3135150 3135019
3135051 3135255
3135251 3135118
3135101 3135119
3135031 3135141
3135244 3135261
3135112 3135115
130 217
291 227
18 212
272 13
263 130
228 44
205 284
208 201
95 122
174 158
92 288
185 187
179 232
222 112
66 85
185 282
31 87
28 38
262 284
242 273
106 39
100 49
106 131
253 281
178 24
23 199
225 132
199 73
86 174
284 96
265 45
88 34
157 101
174 13
193 169
247 63
140 134
279 275
26 165
175 71
102 56
16 187
152 217
101 122
172 195
195 30
259 190
118 292
17 229
166 263
13 44
127 204
283 170
188 245
286 75
51 47
206 94
236 61
98 65
48 293
125 173
5 23
44 124
74 261
270 101
71 139
55 215
83 117
288 118
156 218
64 265
218 129
6 126
125 133
219 58
65 26
189 188
132 289
88 155
270 278
