# source: JorikJooken
# original path: jj_extract\knapsackProblemInstances-master\problemInstances\n_1200_c_100000000_g_10_f_0.3_eps_0_s_200\test.in
# optimal value: 99867865
# format: n capacity, then weight value
1200 100000000
50000138 50000091
50000063 50000085
50000182 50000092
50000085 50000148
50000052 50000099
50000194 50000107
50000082 50000017
50000097 50000158
50000075 50000180
50000023 50000115
50000084 50000055
50000151 50000086
50000154 50000186
50000063 50000024
50000129 50000060
50000127 50000135
50000017 50000174
50000149 50000192
50000193 50000083
50000130 50000178
50000049 50000053
50000099 50000115
50000165 50000148
50000030 50000002
50000093 50000052
50000039 50000168
50000127 50000021
50000050 50000163
50000005 50000132
50000092 50000046
50000078 50000176
50000001 50000062
50000117 50000007
50000158 50000193
50000179 50000081
50000051 50000179
50000058 50000094
50000146 50000141
50000180 50000101
50000022 50000047
50000121 50000108
50000095 50000045
50000152 50000130
50000152 50000165
50000167 50000022
50000005 50000050
50000010 50000005
50000173 50000081
50000171 50000122
50000181 50000198
50000188 50000140
50000108 50000058
50000024 50000106
50000064 50000057
50000096 50000130
50000080 50000155
50000025 50000076
50000050 50000128
50000058 50000161
50000119 50000191
50000091 50000015
50000126 50000110
50000079 50000195
50000031 50000151
50000004 50000082
50000177 50000197
50000095 50000076
50000051 50000140
50000128 50000066
50000130 50000171
50000056 50000009
50000049 50000197
50000004 50000102
50000053 50000146
50000112 50000058
50000070 50000133
50000028 50000026
50000056 50000113
50000112 50000184
50000128 50000079
50000043 50000133
50000013 50000080
50000131 50000033
50000083 50000161
50000005 50000199
50000005 50000001
50000120 50000076
50000100 50000037
50000190 50000068
50000010 50000075
50000097 50000169
50000094 50000024
50000136 50000164
25000123 25000095
25000131 25000111
25000171 25000148
25000196 25000145
25000143 25000026
25000136 25000041
25000102 25000086
25000034 25000126
25000048 25000192
25000195 25000039
25000077 25000187
25000092 25000182
25000019 25000128
25000101 25000199
25000135 25000107
25000190 25000090
25000012 25000152
25000030 25000164
25000086 25000132
25000134 25000092
25000057 25000088
25000058 25000151
25000063 25000096
25000196 25000020
25000128 25000067
25000069 25000038
25000175 25000004
25000087 25000029
25000115 25000120
25000017 25000016
25000168 25000179
25000043 25000033
25000158 25000147
25000018 25000001
25000045 25000005
25000085 25000109
25000177 25000033
25000196 25000025
25000038 25000108
25000032 25000196
25000142 25000022
25000070 25000063
25000061 25000137
25000083 25000170
25000031 25000146
25000120 25000011
25000161 25000172
25000157 25000068
25000121 25000023
25000117 25000141
25000059 25000003
25000162 25000174
25000095 25000200
25000063 25000180
25000177 25000109
25000120 25000089
25000192 25000096
25000138 25000197
25000194 25000090
25000060 25000175
25000101 25000028
25000161 25000029
25000082 25000006
25000005 25000129
25000060 25000023
25000130 25000108
25000022 25000042
25000158 25000097
25000038 25000123
25000024 25000197
25000001 25000144
25000047 25000193
25000029 25000009
25000110 25000106
25000026 25000003
25000095 25000023
25000108 25000027
25000019 25000003
25000105 25000165
25000019 25000080
25000010 25000106
25000119 25000152
25000192 25000018
25000160 25000073
25000038 25000041
25000039 25000181
25000158 25000179
25000062 25000058
25000169 25000027
25000124 25000081
25000018 25000082
25000055 25000093
25000181 25000064
12500063 12500145
12500194 12500156
12500004 12500123
12500005 12500060
12500180 12500173
12500025 12500185
12500166 12500172
12500054 12500099
12500122 12500057
12500141 12500021
12500041 12500199
12500157 12500195
12500084 12500175
12500113 12500183
12500106 12500020
12500041 12500044
12500018 12500089
12500030 12500115
12500117 12500030
12500085 12500098
12500067 12500052
12500109 12500178
12500085 12500094
12500052 12500185
12500184 12500049
12500018 12500024
12500188 12500060
12500167 12500051
12500126 12500164
12500025 12500192
12500155 12500051
12500082 12500143
12500170 12500148
12500053 12500198
12500166 12500149
12500016 12500181
12500096 12500114
12500174 12500020
12500142 12500064
12500003 12500154
12500030 12500021
12500013 12500141
12500124 12500055
12500117 12500060
12500076 12500178
12500169 12500136
12500085 12500051
12500004 12500051
12500143 12500110
12500122 12500073
12500010 12500061
12500160 12500043
12500134 12500152
12500043 12500173
12500074 12500132
12500142 12500088
12500144 12500159
12500045 12500077
12500119 12500135
12500061 12500200
12500148 12500087
12500086 12500183
12500034 12500021
12500004 12500176
12500039 12500199
12500040 12500184
12500060 12500130
12500016 12500198
12500085 12500117
12500125 12500127
12500001 12500168
12500103 12500135
12500125 12500036
12500098 12500113
12500094 12500013
12500114 12500043
12500046 12500071
12500178 12500155
12500034 12500109
12500136 12500057
12500024 12500143
12500112 12500110
12500071 12500126
12500149 12500133
12500058 12500179
12500069 12500166
12500127 12500040
12500008 12500056
12500017 12500173
12500131 12500129
12500095 12500017
12500013 12500043
12500196 12500148
6250037 6250042
6250020 6250125
6250129 6250076
6250036 6250037
6250166 6250194
6250021 6250191
6250057 6250005
6250039 6250119
6250133 6250175
6250057 6250042
6250126 6250092
6250153 6250018
6250118 6250194
6250047 6250009
6250143 6250178
6250086 6250152
6250163 6250077
6250193 6250142
6250177 6250127
6250123 6250106
6250101 6250024
6250142 6250191
6250184 6250094
6250142 6250194
6250187 6250109
6250135 6250122
6250034 6250080
6250057 6250083
6250131 6250006
6250022 6250021
6250135 6250001
6250132 6250142
6250075 6250141
6250183 6250082
6250139 6250186
6250141 6250049
6250026 6250078
6250194 6250022
6250086 6250089
6250156 6250025
6250170 6250119
6250137 6250018
6250108 6250164
6250070 6250199
6250035 6250050
6250015 6250061
6250121 6250176
6250023 6250077
6250062 6250018
6250130 6250149
6250005 6250030
6250078 6250177
6250083 6250148
6250060 6250011
6250186 6250065
6250051 6250115
6250090 6250177
6250186 6250165
6250049 6250018
6250002 6250072
6250152 6250143
6250182 6250134
6250187 6250165
6250152 6250043
6250022 6250185
6250036 6250081
6250049 6250151
6250136 6250133
6250181 6250133
6250086 6250085
6250181 6250016
6250064 6250091
6250172 6250027
6250114 6250117
6250150 6250087
6250189 6250116
6250128 6250074
6250138 6250168
6250054 6250120
6250054 6250123
6250149 6250170
6250002 6250068
6250131 6250167
6250083 6250047
6250159 6250135
6250102 6250007
6250046 6250074
6250183 6250198
6250001 6250020
6250195 6250009
6250067 6250140
6250191 6250149
6250027 6250168
3125183 3125150
3125062 3125176
3125125 3125137
3125178 3125124
3125135 3125114
3125082 3125027
3125141 3125100
3125186 3125181
3125140 3125180
3125126 3125080
3125085 3125174
3125126 3125129
3125059 3125019
3125087 3125014
3125018 3125141
3125042 3125046
3125103 3125096
3125039 3125040
3125032 3125177
3125103 3125163
3125030 3125066
3125153 3125056
3125073 3125170
3125050 3125031
3125183 3125135
3125191 3125166
3125190 3125160
3125066 3125031
3125089 3125194
3125027 3125104
3125124 3125172
3125066 3125092
3125002 3125152
3125106 3125158
3125170 3125181
3125180 3125160
3125084 3125073
3125128 3125082
3125052 3125107
3125026 3125094
3125109 3125092
3125166 3125134
3125193 3125169
3125156 3125003
3125070 3125142
3125035 3125068
3125045 3125099
3125195 3125068
3125018 3125026
3125084 3125006
3125041 3125047
3125046 3125052
3125142 3125137
3125042 3125140
3125029 3125139
3125184 3125104
3125185 3125150
3125171 3125172
3125070 3125132
3125110 3125047
3125194 3125185
3125119 3125136
3125113 3125030
3125161 3125147
3125032 3125074
3125175 3125126
3125086 3125145
3125196 3125078
3125169 3125078
3125192 3125139
3125191 3125100
3125032 3125048
3125143 3125004
3125064 3125050
3125004 3125109
3125025 3125055
3125136 3125072
3125066 3125157
3125162 3125191
3125148 3125090
3125160 3125176
3125133 3125045
3125118 3125028
3125157 3125078
3125065 3125058
3125144 3125046
3125067 3125119
3125081 3125034
3125192 3125070
3125135 3125108
3125009 3125194
3125044 3125041
3125181 3125128
1562563 1562636
1562563 1562662
1562624 1562604
1562559 1562548
1562562 1562675
1562598 1562637
1562526 1562632
1562682 1562671
1562665 1562665
1562521 1562659
1562595 1562602
1562680 1562643
1562642 1562570
1562575 1562698
1562638 1562547
1562555 1562540
1562550 1562643
1562583 1562517
1562665 1562563
1562651 1562639
1562617 1562676
1562570 1562630
1562545 1562651
1562589 1562667
1562603 1562569
1562637 1562524
1562610 1562649
1562596 1562508
1562622 1562626
1562696 1562637
1562509 1562559
1562692 1562621
1562678 1562606
1562669 1562587
1562542 1562635
1562519 1562668
1562617 1562514
1562598 1562509
1562584 1562688
1562501 1562657
1562611 1562525
1562700 1562662
1562543 1562637
1562630 1562678
1562621 1562648
1562592 1562689
1562569 1562569
1562680 1562647
1562688 1562552
1562574 1562551
1562548 1562584
1562514 1562663
1562598 1562660
1562675 1562694
1562612 1562538
1562690 1562647
1562598 1562596
1562501 1562563
1562698 1562678
1562637 1562614
1562603 1562528
1562650 1562625
1562559 1562671
1562654 1562576
1562601 1562557
1562506 1562620
1562571 1562697
1562501 1562560
1562590 1562695
1562638 1562630
1562603 1562570
1562574 1562572
1562599 1562544
1562559 1562524
1562517 1562699
1562633 1562602
1562561 1562596
1562662 1562693
1562564 1562575
1562669 1562581
1562605 1562560
1562688 1562592
1562619 1562684
1562516 1562612
1562513 1562514
1562563 1562546
1562611 1562604
1562656 1562526
1562676 1562520
1562628 1562506
1562606 1562673
1562641 1562632
1562568 1562615
781366 781253
781304 781420
781375 781402
781296 781391
781314 781269
781333 781309
781446 781298
781415 781401
781268 781438
781358 781415
781362 781360
781361 781315
781418 781313
781330 781415
781278 781399
781348 781317
781419 781303
781386 781381
781365 781350
781268 781297
781345 781318
781376 781265
781412 781381
781258 781439
781282 781440
781410 781382
781368 781368
781296 781300
781336 781391
781299 781364
781279 781276
781314 781326
781396 781369
781401 781329
781360 781448
781433 781322
781312 781337
781254 781306
781366 781316
781446 781329
781383 781282
781378 781403
781286 781295
781413 781310
781409 781281
781336 781422
781390 781377
781253 781390
781307 781441
781302 781375
781439 781424
781384 781357
781281 781345
781423 781435
781414 781324
781370 781408
781407 781353
781305 781446
781429 781346
781389 781324
781263 781307
781280 781338
781394 781435
781437 781295
781410 781337
781435 781273
781307 781351
781302 781263
781362 781346
781381 781365
781444 781344
781289 781440
781378 781289
781425 781347
781355 781411
781356 781362
781317 781363
781358 781354
781376 781269
781323 781361
781333 781410
781285 781268
781296 781358
781383 781316
781389 781434
781390 781420
781413 781438
781382 781375
781437 781251
781273 781276
781433 781342
781293 781299
781347 781346
390808 390773
390820 390722
390796 390682
390815 390696
390744 390661
390727 390712
390739 390730
390764 390642
390642 390710
390778 390765
390720 390783
390643 390735
390627 390669
390768 390631
390820 390681
390702 390648
390733 390671
390744 390733
390681 390640
390750 390680
390819 390707
390698 390699
390675 390765
390761 390802
390733 390764
390756 390645
390715 390666
390688 390654
390715 390710
390664 390664
390734 390805
390685 390785
390820 390652
390709 390811
390764 390794
390804 390809
390754 390688
390632 390702
390711 390708
390773 390780
390699 390666
390746 390816
390773 390633
390635 390773
390755 390664
390648 390729
390664 390641
390766 390632
390788 390783
390788 390769
390765 390669
390700 390770
390806 390654
390721 390753
390706 390758
390682 390654
390812 390687
390639 390825
390762 390816
390713 390660
390814 390741
390643 390735
390698 390707
390713 390776
390719 390772
390751 390751
390758 390684
390715 390724
390814 390739
390650 390706
390762 390790
390629 390681
390751 390705
390707 390665
390796 390742
390645 390747
390708 390725
390716 390689
390717 390733
390819 390823
390643 390639
390732 390715
390772 390652
390695 390653
390820 390728
390701 390776
390743 390702
390706 390765
390809 390777
390673 390767
390661 390664
390798 390757
390722 390761
195399 195416
195421 195475
195417 195394
195457 195444
195499 195403
195451 195397
195456 195405
195372 195407
195355 195424
195504 195326
195344 195448
195363 195459
195380 195358
195461 195394
195414 195401
195331 195473
195493 195455
195505 195350
195322 195369
195387 195422
195317 195358
195459 195394
195394 195507
195436 195335
195498 195509
195378 195315
195503 195494
195467 195319
195438 195335
195464 195427
195437 195405
195439 195478
195430 195315
195366 195451
195466 195473
195470 195425
195342 195442
195484 195360
195320 195440
195456 195439
195414 195415
195463 195314
195484 195342
195324 195491
195343 195475
195469 195496
195380 195344
195488 195444
195345 195454
195387 195455
195378 195441
195430 195460
195406 195395
195326 195490
195329 195321
195354 195395
195438 195506
195431 195383
195316 195385
195315 195421
195391 195476
195498 195504
195442 195493
195433 195377
195452 195376
195444 195346
195368 195355
195450 195403
195442 195508
195421 195316
195318 195373
195330 195428
195465 195476
195411 195449
195402 195359
195331 195425
195417 195421
195347 195348
195469 195354
195345 195421
195392 195449
195408 195441
195332 195459
195319 195472
195451 195498
195422 195421
195446 195456
195483 195489
195322 195390
195348 195449
195447 195331
195385 195501
195339 195334
47 113
2 82
137 23
57 82
19 102
141 94
177 145
152 84
172 99
36 42
77 193
105 142
101 114
30 78
90 63
92 196
172 159
80 44
90 128
93 162
90 125
72 140
42 15
113 101
110 1
122 83
111 169
59 28
6 133
164 35
13 122
53 46
53 180
168 121
122 138
66 68
111 100
122 151
90 159
189 125
64 1
58 117
125 114
81 191
16 96
186 163
61 162
111 106
30 181
74 186
73 139
122 23
187 92
109 37
185 113
53 123
95 113
83 184
147 103
107 146
131 123
57 80
135 44
29 28
168 6
175 19
87 108
2 23
119 77
151 38
32 109
36 147
107 48
168 11
114 27
27 156
113 36
192 134
118 107
190 64
70 59
64 193
173 157
113 97
132 193
162 194
36 138
63 184
97 82
153 181
15 177
140 16
172 11
1 58
5 154
58 100
186 18
88 133
88 27
54 157
28 91
103 7
133 94
42 56
18 97
168 61
81 147
34 157
95 177
84 107
70 128
111 126
64 170
100 109
49 23
83 147
91 50
34 72
181 133
171 185
74 194
73 193
190 100
48 184
28 63
65 25
141 75
169 157
33 89
72 2
172 174
176 112
120 171
21 27
79 144
82 44
155 172
6 54
150 173
112 83
190 45
144 163
199 190
39 61
105 81
68 38
28 74
166 175
37 126
124 166
25 62
115 117
154 183
163 97
158 184
133 10
33 30
78 37
137 101
82 27
173 30
47 152
160 131
144 128
103 70
2 180
176 22
157 83
117 10
51 60
80 194
54 23
137 16
132 24
111 66
30 114
4 12
30 36
164 46
133 143
129 96
17 9
4 170
192 52
171 169
184 166
97 125
148 25
187 91
176 166
116 110
60 177
180 99
194 26
183 28
155 24
1 174
96 79
173 173
191 146
131 109
124 173
17 64
58 64
170 25
119 27
131 98
173 182
104 190
172 174
152 195
158 100
161 120
36 98
192 175
29 188
27 24
143 82
95 36
48 142
43 104
108 128
167 33
150 13
151 1
125 12
110 172
147 175
131 81
52 124
160 138
84 9
168 172
41 18
64 27
45 182
155 190
70 182
2 145
123 86
81 189
102 75
198 152
45 65
65 159
182 36
200 179
23 143
174 66
180 4
80 5
26 155
78 61
185 200
89 104
108 3
196 39
62 149
41 157
30 78
142 156
117 112
193 16
195 28
50 42
121 74
105 57
63 24
10 32
62 95
103 142
70 68
4 31
70 75
191 93
7 30
184 167
172 167
185 116
56 115
26 20
97 91
138 112
136 57
179 140
35 139
3 72
12 114
176 9
147 179
188 192
99 57
186 198
58 35
135 114
156 83
12 97
14 136
139 137
71 166
167 86
28 185
135 26
116 166
35 122
32 97
82 38
155 128
81 102
79 78
175 73
66 95
73 159
44 54
199 34
118 197
60 103
6 102
175 34
20 94
116 135
175 104
67 151
117 52
90 111
129 147
83 124
5 165
116 100
175 18
194 87
84 79
161 18
80 41
84 182
103 26
167 141
178 106
116 6
129 82
33 74
184 136
168 52
79 171
64 25
55 145
72 46
113 160
152 41
11 44
97 100
33 24
18 40
135 61
117 181
155 187
57 73
108 60
194 30
114 11
155 63
182 117
107 45
