# source: JorikJooken
# original path: jj_extract\knapsackProblemInstances-master\problemInstances\n_1000_c_1000000_g_10_f_0.3_eps_0_s_200\test.in
# optimal value: 1021895
# format: n capacity, then weight value
1000 1000000
500057 500049
500194 500089
500069 500031
500150 500127
500036 500107
500173 500082
500144 500190
500174 500076
500022 500009
500097 500063
500107 500173
500082 500080
500131 500050
500059 500111
500190 500184
500131 500128
500028 500093
500063 500123
500034 500044
500097 500166
500131 500136
500109 500017
500105 500056
500117 500056
500076 500145
500029 500169
500025 500040
500105 500168
500094 500052
500149 500178
500124 500015
500067 500074
500032 500135
500041 500003
500112 500112
500082 500094
500181 500131
500196 500008
500055 500065
500047 500070
500059 500186
500119 500153
500152 500098
500067 500182
500103 500078
500147 500020
500045 500007
500020 500026
500096 500080
500164 500080
500133 500083
500008 500013
500112 500133
500089 500185
500147 500029
500155 500015
500054 500058
500056 500117
500047 500056
500052 500166
500186 500188
500042 500198
500156 500036
500106 500066
500081 500021
500115 500130
500065 500098
500163 500082
500149 500043
500014 500128
500006 500084
500162 500134
500063 500077
500030 500180
500030 500144
500136 500032
500156 500047
250128 250009
250062 250092
250177 250099
250109 250132
250044 250081
250064 250102
250060 250196
250166 250052
250192 250055
250171 250068
250157 250177
250127 250082
250196 250137
250076 250058
250132 250089
250093 250126
250161 250163
250024 250050
250057 250104
250130 250191
250043 250011
250183 250075
250034 250079
250046 250146
250040 250071
250120 250005
250050 250155
250183 250095
250153 250122
250032 250200
250112 250055
250133 250045
250159 250185
250003 250033
250169 250131
250040 250166
250179 250161
250157 250041
250024 250183
250190 250161
250086 250018
250047 250164
250068 250097
250190 250130
250089 250198
250130 250109
250161 250140
250200 250192
250174 250121
250106 250163
250188 250057
250047 250162
250063 250199
250142 250172
250020 250034
250136 250132
250123 250011
250097 250157
250104 250128
250069 250136
250157 250141
250066 250181
250127 250181
250055 250189
250103 250181
250149 250166
250146 250039
250082 250133
250040 250039
250079 250188
250101 250049
250137 250185
250043 250184
250097 250158
250053 250009
250131 250037
250020 250188
125062 125166
125146 125048
125040 125161
125139 125039
125069 125016
125184 125151
125086 125076
125076 125055
125153 125170
125132 125078
125150 125073
125107 125029
125016 125166
125087 125064
125164 125062
125103 125172
125110 125108
125022 125006
125011 125186
125191 125091
125094 125080
125002 125171
125158 125033
125042 125117
125180 125041
125074 125009
125112 125156
125093 125061
125099 125056
125091 125184
125056 125111
125091 125145
125193 125063
125199 125086
125064 125131
125107 125051
125041 125012
125113 125129
125071 125123
125061 125121
125127 125071
125007 125084
125163 125006
125181 125144
125098 125095
125120 125100
125012 125129
125167 125091
125024 125022
125049 125083
125177 125101
125078 125123
125097 125155
125170 125061
125169 125181
125033 125176
125036 125027
125147 125148
125018 125113
125054 125196
125134 125093
125121 125173
125026 125135
125100 125072
125118 125171
125038 125069
125157 125058
125039 125071
125017 125166
125054 125198
125197 125016
125007 125013
125016 125180
125130 125046
125125 125159
125094 125161
125192 125076
62684 62541
62662 62548
62598 62592
62644 62510
62626 62548
62691 62613
62595 62517
62602 62657
62569 62547
62683 62684
62690 62538
62547 62613
62694 62588
62651 62617
62639 62629
62525 62657
62579 62639
62541 62653
62615 62576
62573 62523
62624 62589
62629 62587
62557 62588
62554 62513
62633 62677
62556 62607
62686 62572
62697 62689
62644 62502
62571 62530
62696 62592
62550 62566
62552 62519
62553 62554
62566 62634
62675 62538
62556 62605
62639 62535
62634 62583
62640 62635
62595 62553
62645 62640
62579 62630
62586 62637
62662 62680
62642 62541
62684 62649
62570 62655
62505 62675
62519 62601
62552 62514
62584 62580
62516 62524
62513 62627
62540 62525
62665 62568
62533 62638
62651 62502
62627 62690
62551 62669
62625 62697
62530 62694
62660 62655
62631 62614
62645 62584
62518 62514
62533 62683
62664 62516
62676 62573
62622 62672
62613 62683
62531 62572
62504 62692
62519 62633
62534 62684
62639 62625
62562 62588
31276 31285
31251 31398
31260 31386
31409 31392
31385 31330
31413 31339
31376 31378
31432 31306
31276 31448
31318 31429
31447 31333
31392 31332
31323 31291
31445 31390
31300 31449
31320 31355
31414 31411
31307 31439
31312 31416
31348 31386
31444 31402
31258 31318
31260 31429
31384 31307
31348 31400
31401 31316
31430 31380
31334 31262
31448 31383
31425 31398
31302 31318
31363 31328
31386 31368
31286 31383
31337 31304
31277 31255
31342 31440
31399 31334
31414 31276
31298 31358
31272 31329
31292 31303
31373 31298
31393 31360
31365 31447
31392 31405
31254 31395
31276 31395
31445 31346
31363 31326
31314 31274
31398 31317
31384 31334
31324 31385
31348 31286
31349 31333
31310 31276
31339 31284
31377 31431
31359 31423
31314 31358
31405 31274
31344 31433
31274 31331
31334 31317
31403 31385
31376 31346
31438 31315
31329 31435
31404 31347
31416 31418
31286 31407
31302 31325
31252 31417
31421 31405
31439 31341
31258 31414
15754 15773
15726 15667
15786 15633
15684 15743
15671 15806
15731 15800
15660 15776
15806 15717
15809 15694
15658 15627
15680 15630
15702 15666
15673 15677
15710 15651
15659 15705
15672 15638
15760 15814
15764 15790
15726 15627
15784 15629
15739 15648
15784 15806
15731 15628
15786 15719
15812 15693
15632 15701
15633 15736
15752 15654
15701 15799
15644 15750
15633 15760
15656 15786
15761 15821
15730 15643
15666 15669
15823 15690
15635 15803
15636 15713
15779 15705
15658 15805
15809 15654
15823 15677
15728 15641
15682 15673
15652 15692
15720 15722
15723 15646
15765 15822
15626 15647
15766 15648
15692 15769
15764 15760
15822 15650
15634 15776
15634 15731
15738 15715
15653 15800
15632 15803
15798 15817
15777 15730
15741 15634
15634 15815
15707 15700
15778 15710
15671 15824
15807 15820
15770 15669
15762 15688
15647 15776
15800 15759
15819 15670
15795 15669
15693 15637
15677 15743
15722 15627
15651 15771
15650 15654
7988 7881
7932 7960
7838 7830
7955 7858
7873 8012
7817 7980
7937 7987
7968 7991
7909 7865
7945 7998
7968 7973
7950 7878
7952 7919
7963 7866
8007 7845
7837 7998
7848 7850
8011 7997
7897 7860
7876 7814
7885 7852
7921 7987
7902 7915
8009 7968
7918 7970
7909 7964
7864 7961
7832 7999
7814 7952
7990 7836
7864 7945
7825 7883
7934 7874
7846 7886
7901 7897
8007 7863
7829 8004
8011 7861
7852 7883
7954 7960
7974 7873
7973 7981
7976 7968
7904 7837
7994 7856
7902 7861
7992 7951
7909 7951
7981 7901
7826 7854
7986 7958
7825 7860
7921 7869
7887 7952
7887 7828
7861 7957
7831 7852
7977 7862
7951 8009
7916 8009
8012 8002
7816 7936
7997 7965
7929 7973
7865 7968
7877 7946
7861 7864
8002 7934
7836 7867
7832 7873
7949 7896
7952 7971
7835 7972
7944 7879
7865 7884
7909 7828
7997 7944
4052 4101
3923 3964
3958 3958
4060 4008
3934 4077
3954 4042
4056 4066
3988 3933
4019 4080
4023 4049
3996 4017
3946 4089
4090 4097
3934 3975
4033 4032
4046 3954
3946 3988
3950 3918
3908 3986
4004 4060
4026 4085
3985 4085
3985 3992
4020 4085
4049 3926
3915 3942
4011 3909
3915 4010
3913 4082
4067 4027
3929 4091
4014 4007
3990 4021
3958 4017
4091 3984
3921 4088
4032 3974
4033 4049
4095 3974
4097 4038
4058 4056
3949 4065
4034 3928
4053 3935
4058 3985
4025 3986
3977 3911
4100 3996
4035 4006
3956 3922
4031 4046
4052 4045
3930 4049
3913 3965
4095 3987
4002 3988
3918 4082
4033 3966
4028 4010
4065 4072
4083 4002
3913 4013
4075 4074
4016 3937
3983 3907
4105 3907
4054 4020
3974 4012
4062 4036
4098 4028
3959 4078
4064 3989
4039 3946
3932 4084
3974 4009
4104 3944
3964 4050
1984 2030
1985 1993
1973 1981
1999 2128
2132 2032
2094 2025
2084 2143
2125 2116
1991 2002
2086 1985
2077 2119
2075 2048
1998 2064
2049 2078
2059 2050
1976 1990
2115 2105
1998 1970
2126 2098
2069 1955
1984 2085
2008 2094
2061 2054
2025 2084
2068 1992
2028 2006
1960 2024
2036 2080
2075 1988
2084 2022
2094 2144
2036 1974
2068 2005
2031 2039
2102 2051
2058 2115
2129 2068
2079 2145
1983 2041
2070 2005
2022 2141
2052 1972
2003 2049
2037 2144
1986 2014
2099 2016
2111 2087
2095 2030
2114 2128
2041 2006
2113 1985
1991 1964
2000 2056
1982 2054
1955 2049
2117 1993
2081 2046
2025 1967
2068 2098
2118 2028
2016 1974
2146 2087
2140 2098
1968 2083
1977 2037
2077 2048
2119 2095
2048 2078
2153 2139
2007 2086
1958 2063
2111 2004
2086 2099
2086 2042
2062 2015
1962 1981
2144 2032
185 61
87 88
35 83
18 43
17 200
72 52
199 159
30 35
102 156
9 85
147 56
2 43
70 60
159 8
2 106
175 190
47 197
3 145
95 189
193 49
96 133
20 76
3 47
77 76
140 44
10 10
72 144
153 42
17 14
137 152
179 191
123 170
170 21
61 93
98 44
73 42
170 23
63 72
38 185
2 147
180 62
169 55
66 200
166 104
82 78
13 197
41 76
118 75
178 65
51 9
173 128
128 81
28 99
144 192
197 18
136 32
96 109
46 29
34 77
192 33
1 182
38 60
81 40
62 144
145 181
144 184
104 113
150 141
187 96
182 102
127 34
65 50
99 31
106 132
131 30
21 54
148 53
120 14
12 34
65 146
64 27
159 97
172 166
58 86
164 33
72 60
54 93
123 21
62 161
37 46
19 39
92 180
21 25
146 180
88 102
51 117
134 197
72 170
86 39
105 111
54 130
85 145
31 196
26 56
161 152
123 46
48 6
36 14
80 118
189 14
19 53
45 193
99 130
136 23
10 113
51 33
90 187
187 75
177 193
168 183
2 102
195 114
69 169
26 125
114 17
34 18
30 59
138 123
61 112
123 143
198 94
141 61
34 53
132 187
132 12
70 1
50 128
171 161
22 145
154 135
111 44
195 103
161 102
184 151
115 58
197 124
43 117
173 60
125 161
191 147
132 84
157 118
191 60
137 30
18 188
145 182
31 182
122 114
187 6
143 19
127 137
78 155
67 114
122 197
75 197
163 26
139 171
88 125
63 181
52 67
147 138
171 124
137 188
16 169
25 150
84 49
32 170
93 133
58 59
192 137
117 115
15 104
69 113
23 193
29 125
128 39
78 109
151 182
85 14
172 148
65 80
66 34
73 51
193 33
9 85
68 171
92 67
71 113
3 140
110 164
25 65
168 38
94 128
44 45
14 196
64 83
41 90
52 29
136 93
12 12
57 166
170 177
141 134
86 152
110 93
107 104
33 62
131 115
87 143
22 21
129 82
198 53
145 49
119 4
19 158
60 173
113 103
38 164
175 140
72 109
28 68
40 160
196 55
47 199
162 7
62 154
178 180
37 160
2 162
189 149
178 10
170 11
200 56
41 158
198 14
82 199
106 58
130 164
193 138
144 163
66 109
162 111
108 169
198 142
56 197
143 96
17 84
99 197
119 24
163 82
8 139
14 5
196 100
23 173
100 93
124 92
37 199
186 77
109 196
24 75
106 61
111 149
150 193
30 17
26 139
36 58
149 140
7 74
85 146
97 25
80 91
148 159
140 181
24 101
75 26
150 125
16 68
135 192
116 51
162 107
69 148
102 158
85 49
146 179
173 143
125 42
41 43
24 80
18 3
107 52
92 11
13 67
51 109
61 18
31 87
129 29
175 164
