# source: JorikJooken
# original path: jj_extract\knapsackProblemInstances-master\problemInstances\n_1200_c_100000000_g_2_f_0.1_eps_0.0001_s_100\test.in
# optimal value: 50016160
# format: n capacity, then weight value
1200 100000000
50010003 50010049
50010027 50010058
50010056 50010023
50010029 50010048
50010015 50010083
50010089 50010098
50010088 50010055
50010038 50010042
50010050 50010037
50010048 50010087
50010089 50010065
50010047 50010065
50010027 50010020
50010007 50010095
50010009 50010100
50010067 50010013
50010084 50010004
50010044 50010029
50010003 50010008
50010026 50010040
50010022 50010009
50010056 50010034
50010039 50010042
50010041 50010043
50010005 50010065
50010096 50010038
50010096 50010048
50010003 50010008
50010021 50010043
50010023 50010051
50010054 50010050
50010090 50010073
50010100 50010044
50010068 50010035
50010064 50010010
50010082 50010058
50010030 50010044
50010036 50010087
50010062 50010036
50010076 50010049
50010099 50010085
50010097 50010086
50010001 50010092
50010098 50010088
50010040 50010035
50010089 50010013
50010099 50010010
50010079 50010069
50010085 50010047
50010030 50010036
50010036 50010012
50010038 50010043
50010065 50010077
50010012 50010029
50010012 50010059
50010050 50010070
50010093 50010032
50010027 50010095
50010072 50010073
50010063 50010053
50010012 50010053
50010007 50010051
50010032 50010057
50010052 50010060
50010045 50010070
50010094 50010037
50010050 50010023
50010052 50010013
50010042 50010062
50010002 50010063
50010026 50010048
50010092 50010041
50010065 50010067
50010042 50010056
50010083 50010028
50010059 50010097
50010006 50010049
50010090 50010025
50010064 50010088
50010093 50010090
50010014 50010046
50010083 50010072
50010025 50010084
50010097 50010026
50010067 50010003
50010049 50010055
50010047 50010012
50010014 50010030
50010007 50010078
50010044 50010089
50010063 50010064
50010009 50010096
50010088 50010041
50010096 50010011
50010069 50010020
50010060 50010010
50010075 50010039
50010042 50010011
50010055 50010003
50010060 50010073
50010054 50010071
50010090 50010083
50010100 50010007
50010004 50010018
50010050 50010002
50010070 50010012
50010067 50010037
50010051 50010006
50010006 50010066
50010085 50010037
50010041 50010051
50010073 50010090
50010011 50010068
50010077 50010036
50010077 50010069
50010091 50010057
50010040 50010095
50010095 50010076
50010036 50010048
50010089 50010006
50010002 50010036
50010041 50010041
50010001 50010072
50010021 50010030
50010049 50010094
50010014 50010078
50010058 50010015
50010035 50010080
50010009 50010006
50010027 50010046
50010087 50010086
50010096 50010003
50010095 50010034
50010004 50010042
50010060 50010097
50010064 50010058
50010077 50010083
50010036 50010093
50010012 50010037
50010018 50010030
50010094 50010032
50010065 50010043
50010040 50010080
50010032 50010039
50010018 50010068
50010069 50010092
50010069 50010032
50010025 50010082
50010090 50010018
50010035 50010050
50010084 50010067
50010016 50010092
50010098 50010043
50010090 50010013
50010094 50010012
50010010 50010079
50010076 50010052
50010074 50010027
50010061 50010058
50010100 50010065
50010017 50010023
50010067 50010080
50010091 50010014
50010071 50010094
50010057 50010063
50010031 50010063
50010024 50010067
50010037 50010067
50010017 50010058
50010073 50010075
50010053 50010076
50010047 50010042
50010036 50010039
50010051 50010059
50010066 50010014
50010003 50010095
50010023 50010096
50010093 50010072
50010050 50010083
50010016 50010086
50010034 50010092
50010008 50010020
50010006 50010094
50010030 50010034
50010036 50010011
50010073 50010100
50010084 50010065
50010095 50010054
50010036 50010001
50010095 50010023
50010077 50010049
50010090 50010037
50010030 50010059
50010001 50010054
50010089 50010045
50010059 50010066
50010087 50010097
50010003 50010044
50010074 50010068
50010004 50010040
50010052 50010040
50010005 50010071
50010082 50010045
50010020 50010036
50010025 50010012
50010070 50010064
50010071 50010054
50010011 50010084
50010003 50010019
50010021 50010001
50010086 50010059
50010007 50010001
50010010 50010032
50010092 50010044
50010030 50010032
50010002 50010002
50010041 50010058
50010014 50010095
50010005 50010092
50010049 50010072
50010082 50010060
50010035 50010004
50010019 50010088
50010084 50010089
50010063 50010003
50010022 50010017
50010046 50010054
50010047 50010028
50010031 50010089
50010003 50010014
50010059 50010022
50010015 50010005
50010017 50010016
50010019 50010011
50010086 50010054
50010060 50010097
50010028 50010090
50010047 50010049
50010083 50010035
50010056 50010039
50010015 50010075
50010025 50010089
50010018 50010085
50010084 50010022
50010036 50010036
50010091 50010061
50010090 50010034
50010033 50010091
50010059 50010096
50010006 50010048
50010096 50010078
50010074 50010009
50010088 50010024
50010091 50010019
50010050 50010028
50010016 50010029
50010072 50010048
50010025 50010050
50010009 50010034
50010026 50010086
50010056 50010023
50010006 50010021
50010021 50010034
50010093 50010022
50010004 50010072
50010036 50010091
50010026 50010080
50010051 50010095
50010018 50010057
50010032 50010016
50010025 50010002
50010098 50010095
50010060 50010066
50010072 50010034
50010056 50010032
50010060 50010029
50010066 50010023
50010089 50010047
50010013 50010079
50010062 50010042
50010008 50010010
50010064 50010069
50010039 50010075
50010087 50010073
50010009 50010064
50010047 50010083
50010070 50010063
50010051 50010010
50010054 50010003
50010009 50010075
50010008 50010073
50010065 50010001
50010049 50010037
50010002 50010059
50010087 50010072
50010098 50010029
50010052 50010060
50010024 50010028
50010018 50010072
50010062 50010069
50010065 50010028
50010094 50010079
50010079 50010004
50010006 50010044
50010032 50010054
50010042 50010086
50010076 50010066
50010049 50010082
50010022 50010094
50010025 50010039
50010079 50010033
50010047 50010068
50010004 50010100
50010052 50010047
50010006 50010042
50010066 50010041
50010044 50010030
50010017 50010023
50010073 50010044
50010087 50010083
50010068 50010039
50010052 50010032
50010091 50010009
50010034 50010081
50010027 50010069
50010071 50010090
50010026 50010057
50010038 50010095
50010064 50010029
50010073 50010021
50010093 50010073
50010077 50010034
50010021 50010024
50010003 50010016
50010030 50010049
50010008 50010097
50010044 50010086
50010094 50010016
50010001 50010087
50010092 50010072
50010016 50010076
50010063 50010076
50010083 50010017
50010081 50010027
50010074 50010060
50010081 50010024
50010037 50010066
50010080 50010084
50010075 50010046
50010018 50010094
50010027 50010075
50010100 50010093
50010058 50010012
50010011 50010015
50010092 50010035
50010054 50010043
50010086 50010094
50010082 50010079
50010015 50010100
50010097 50010063
50010096 50010027
50010088 50010020
50010083 50010016
50010036 50010063
50010057 50010037
50010004 50010027
50010027 50010018
50010016 50010071
50010026 50010023
50010031 50010095
50010019 50010021
50010007 50010089
50010056 50010096
50010006 50010005
50010051 50010040
50010052 50010033
50010004 50010021
50010007 50010038
50010042 50010029
50010097 50010053
50010068 50010002
50010059 50010054
50010016 50010028
50010078 50010043
50010031 50010021
50010038 50010078
50010062 50010028
50010086 50010047
50010090 50010017
50010055 50010079
50010008 50010041
50010074 50010050
50010100 50010074
50010067 50010007
50010072 50010096
50010071 50010036
50010047 50010036
50010058 50010093
50010095 50010074
50010076 50010020
50010016 50010024
50010072 50010058
50010010 50010054
50010009 50010071
50010087 50010007
50010052 50010040
50010013 50010087
50010015 50010014
50010068 50010068
50010028 50010087
50010032 50010014
50010096 50010065
50010063 50010022
50010044 50010064
50010068 50010033
50010034 50010093
50010051 50010035
50010001 50010019
50010080 50010065
50010045 50010073
50010065 50010006
50010082 50010016
50010099 50010018
50010063 50010024
50010017 50010058
50010058 50010040
50010093 50010072
50010042 50010100
50010100 50010003
50010089 50010023
50010065 50010014
50010069 50010045
50010053 50010055
50010011 50010043
50010100 50010006
50010039 50010057
50010024 50010069
50010090 50010032
50010075 50010040
50010064 50010040
50010024 50010002
50010047 50010041
50010070 50010090
50010022 50010028
50010051 50010013
50010084 50010011
50010021 50010046
50010082 50010051
50010038 50010073
50010091 50010014
50010018 50010084
50010025 50010085
50010043 50010072
50010054 50010056
50010083 50010090
50010100 50010023
50010096 50010069
50010064 50010048
50010076 50010047
50010036 50010038
50010030 50010032
50010002 50010002
50010039 50010065
50010017 50010078
50010026 50010082
50010022 50010092
50010097 50010087
50010018 50010080
50010089 50010031
50010007 50010069
50010076 50010091
50010011 50010039
50010030 50010005
50010021 50010034
50010058 50010029
50010047 50010070
50010031 50010023
50010065 50010085
50010013 50010021
50010055 50010096
50010083 50010062
50010052 50010088
50010097 50010020
50010083 50010069
50010021 50010062
50010018 50010100
50010027 50010069
50010071 50010008
50010011 50010069
50010030 50010018
50010055 50010055
50010048 50010037
50010099 50010029
50010055 50010085
50010023 50010097
50010057 50010031
50010052 50010038
50010065 50010083
50010032 50010006
50010077 50010089
50010084 50010023
50010068 50010051
50010005 50010021
50010049 50010052
50010074 50010026
50010017 50010024
50010021 50010002
50010045 50010023
50010004 50010097
50010076 50010045
50010019 50010093
50010066 50010016
50010080 50010063
50010029 50010072
50010076 50010010
50010099 50010065
50010053 50010079
50010005 50010015
50010065 50010030
50010027 50010040
50010036 50010073
50010077 50010029
50010005 50010099
50010076 50010064
50010091 50010016
50010071 50010046
50010033 50010077
50010062 50010087
50010064 50010088
50010053 50010007
50010056 50010009
50010092 50010073
50010025 50010066
50010100 50010050
50010072 50010060
50010063 50010087
50010069 50010032
50010083 50010011
50010088 50010058
50010043 50010006
50010058 50010018
50010079 50010002
50010080 50010016
50010084 50010001
50010019 50010024
50010093 50010032
50010027 50010058
50010052 50010086
50010028 50010080
50010069 50010062
50010021 50010041
50010052 50010096
50010049 50010065
50010070 50010034
50010072 50010035
50010049 50010047
50010047 50010030
50010095 50010046
50010021 50010015
50010040 50010082
50010065 50010034
50010087 50010015
50010067 50010031
50010070 50010062
50010089 50010004
50010029 50010097
50010007 50010056
50010015 50010026
50010003 50010020
50010070 50010086
50010049 50010071
50010069 50010053
50010044 50010077
50010078 50010029
50010033 50010054
50010094 50010080
50010023 50010095
50010003 50010093
50010055 50010084
50010047 50010088
50010022 50010083
50010020 50010028
50010038 50010007
50010041 50010008
50010023 50010042
50010096 50010076
50010019 50010027
50010097 50010019
50010009 50010094
50010084 50010008
50010045 50010098
50010060 50010012
50010039 50010068
50010038 50010082
50010091 50010019
50010037 50010001
50010067 50010010
50010065 50010030
50010064 50010048
50010090 50010014
50010079 50010004
50010019 50010030
50010050 50010019
50010017 50010009
50010025 50010051
50010023 50010003
50010018 50010003
50010099 50010049
50010063 50010020
50010032 50010057
50010014 50010093
50010010 50010029
50010087 50010084
50010100 50010020
50010098 50010083
50010053 50010035
50010022 50010006
50010025 50010063
50010053 50010041
50010066 50010034
50010044 50010063
50010073 50010019
50010053 50010042
50010007 50010038
50010092 50010031
50010087 50010058
50010050 50010080
50010020 50010017
50010041 50010031
50010073 50010070
50010013 50010012
50010073 50010086
50010047 50010015
50010040 50010026
50010039 50010077
50010091 50010006
50010038 50010071
50010069 50010086
50010014 50010055
50010041 50010025
50010048 50010072
50010087 50010001
50010054 50010078
50010003 50010036
50010002 50010086
50010071 50010099
50010089 50010036
50010004 50010047
50010023 50010094
50010044 50010093
50010088 50010029
50010050 50010055
50010020 50010020
50010071 50010019
50010045 50010058
50010035 50010094
50010097 50010051
50010013 50010072
50010092 50010051
50010043 50010007
50010017 50010050
50010023 50010005
50010035 50010049
50010016 50010062
50010098 50010081
50010055 50010002
50010037 50010042
50010066 50010073
50010049 50010078
50010100 50010082
50010020 50010069
50010014 50010042
50010025 50010008
50010059 50010057
50010029 50010086
50010074 50010076
50010006 50010024
50010058 50010023
50010048 50010073
50010038 50010063
50010015 50010090
50010080 50010019
50010038 50010038
50010050 50010049
50010086 50010066
50010020 50010096
50010017 50010051
50010084 50010025
50010031 50010050
50010088 50010010
50010096 50010058
50010067 50010068
50010089 50010023
50010034 50010089
50010061 50010073
50010007 50010017
50010094 50010056
50010074 50010074
50010022 50010004
50010072 50010073
50010084 50010092
50010092 50010028
50010074 50010036
50010029 50010048
50010052 50010091
50010016 50010002
50010001 50010077
50010062 50010035
50010057 50010090
50010039 50010018
50010031 50010064
50010067 50010018
50010015 50010069
50010005 50010039
50010049 50010097
50010032 50010074
50010015 50010031
50010093 50010047
50010078 50010035
50010028 50010073
50010025 50010035
50010063 50010058
50010005 50010016
50010081 50010055
50010096 50010083
50010063 50010044
50010065 50010061
50010037 50010075
50010040 50010076
50010084 50010008
50010010 50010009
50010041 50010047
50010051 50010056
50010083 50010052
50010049 50010092
50010063 50010021
50010007 50010034
50010081 50010076
50010015 50010007
50010022 50010016
50010040 50010039
50010018 50010094
50010018 50010083
50010021 50010059
50010025 50010066
50010027 50010099
50010043 50010075
50010022 50010020
50010065 50010006
50010031 50010017
50010039 50010068
50010001 50010020
50010061 50010043
50010049 50010079
50010098 50010057
50010042 50010088
50010092 50010048
50010023 50010052
50010028 50010072
50010015 50010097
50010086 50010055
50010004 50010062
50010052 50010002
50010020 50010041
50010064 50010088
50010072 50010056
50010030 50010061
50010094 50010077
50010070 50010028
50010098 50010065
50010041 50010020
50010071 50010059
50010055 50010055
50010063 50010032
50010042 50010096
50010089 50010031
50010025 50010054
50010024 50010002
50010088 50010078
50010042 50010058
50010099 50010051
50010073 50010056
50010100 50010028
50010006 50010023
50010040 50010038
50010083 50010007
50010008 50010047
50010031 50010024
50010043 50010094
50010079 50010049
50010059 50010009
50010034 50010033
50010099 50010082
50010043 50010061
50010018 50010019
50010021 50010040
50010038 50010049
50010064 50010069
50010030 50010072
50010019 50010009
50010006 50010088
50010083 50010049
50010026 50010042
50010040 50010038
50010057 50010005
50010039 50010088
50010011 50010070
50010088 50010078
50010029 50010085
50010003 50010062
50010048 50010082
50010050 50010051
50010087 50010035
50010007 50010043
50010078 50010062
50010032 50010048
50010005 50010021
50010082 50010073
50010024 50010016
50010011 50010014
50010019 50010042
50010045 50010100
50010041 50010016
50010030 50010044
50010074 50010034
50010047 50010093
50010007 50010024
50010056 50010072
50010084 50010026
50010068 50010023
50010031 50010008
50010053 50010095
50010016 50010064
50010054 50010099
50010033 50010026
50010087 50010044
50010068 50010100
50010096 50010040
50010076 50010088
50010096 50010060
50010075 50010040
50010024 50010047
50010025 50010055
50010090 50010082
50010063 50010062
50010035 50010086
50010055 50010084
50010002 50010066
50010097 50010008
50010070 50010014
50010079 50010054
50010023 50010004
50010093 50010031
50010068 50010045
50010017 50010078
50010095 50010008
50010078 50010017
50010052 50010036
50010062 50010008
50010044 50010077
50010042 50010042
50010046 50010093
50010077 50010100
50010015 50010021
50010015 50010057
50010083 50010002
50010043 50010013
50010088 50010071
50010034 50010006
50010049 50010043
50010042 50010013
50010048 50010070
50010045 50010051
50010065 50010098
50010049 50010095
50010064 50010021
50010079 50010036
50010021 50010061
50010042 50010048
50010067 50010094
50010049 50010022
50010052 50010004
50010060 50010078
50010052 50010091
50010076 50010090
50010013 50010004
50010055 50010099
50010068 50010095
50010027 50010010
50010020 50010012
50010081 50010095
50010034 50010063
50010053 50010053
50010097 50010087
50010075 50010053
50010091 50010036
50010068 50010090
50010078 50010024
50010093 50010065
50010057 50010064
50010045 50010089
50010019 50010002
50010007 50010077
50010063 50010003
50010079 50010039
50010051 50010074
50010056 50010069
50010029 50010098
50010082 50010081
50010049 50010034
50010068 50010030
50010046 50010051
50010086 50010035
50010014 50010062
50010030 50010006
50010051 50010098
50010057 50010097
50010053 50010013
50010019 50010093
50010083 50010002
50010007 50010027
50010027 50010039
50010066 50010048
50010074 50010005
50010086 50010075
50010046 50010096
50010017 50010015
50010093 50010016
50010073 50010089
50010085 50010100
50010033 50010013
50010006 50010062
50010040 50010062
50010014 50010060
50010066 50010013
50010039 50010063
50010022 50010029
50010097 50010060
50010049 50010002
50010006 50010100
50010022 50010085
50010007 50010091
50010011 50010056
50010069 50010031
50010088 50010020
50010095 50010078
50010053 50010056
50010059 50010066
50010050 50010094
50010074 50010028
50010038 50010061
50010096 50010009
50010030 50010039
50010028 50010063
50010060 50010100
50010026 50010076
50010021 50010005
50010062 50010072
50010009 50010040
50010080 50010099
50010049 50010074
50010082 50010031
50010022 50010088
50010039 50010086
50010070 50010029
50010025 50010071
50010063 50010043
50010015 50010018
50010062 50010077
50010045 50010030
50010008 50010026
50010043 50010098
50010044 50010042
50010063 50010051
50010039 50010025
50010038 50010042
50010050 50010014
50010099 50010038
50010025 50010092
50010068 50010040
50010041 50010017
50010010 50010039
50010037 50010024
50010092 50010093
50010053 50010061
50010004 50010027
50010008 50010037
50010074 50010075
50010006 50010072
50010077 50010018
50010010 50010014
50010086 50010074
50010078 50010053
50010074 50010045
50010055 50010053
50010026 50010031
50010065 50010095
50010021 50010049
50010089 50010085
50010023 50010007
50010023 50010043
50010099 50010003
50010025 50010040
50010066 50010034
50010010 50010001
50010043 50010058
50010080 50010080
50010084 50010039
50010075 50010045
50010034 50010048
50010019 50010098
50010014 50010054
50010087 50010088
50010061 50010098
50010063 50010096
50010097 50010065
50010020 50010018
50010074 50010024
50010097 50010013
50010092 50010001
50010034 50010035
50010057 50010096
50010045 50010008
50010039 50010060
50010043 50010001
50010057 50010058
50010011 50010049
50010066 50010084
50010004 50010003
50010034 50010010
50010076 50010088
50010080 50010022
50010021 50010050
50010038 50010046
50010065 50010048
50010044 50010027
50010071 50010086
50010069 50010039
50010042 50010031
50010092 50010084
50010064 50010063
50010016 50010049
50010074 50010043
50010061 50010059
50010008 50010031
50010077 50010054
50010049 50010098
50010078 50010061
50010039 50010026
50010037 50010034
50010013 50010021
50010092 50010021
50010089 50010025
50010004 50010089
50010059 50010074
50010026 50010077
50010034 50010030
50010063 50010091
50010013 50010032
50010037 50010067
50010015 50010030
50010021 50010064
50010007 50010039
50010051 50010087
50010037 50010001
50010012 50010005
50010066 50010078
50010088 50010062
50010078 50010077
50010030 50010055
50010046 50010081
50010095 50010021
50010029 50010085
50010013 50010031
50010001 50010073
50010046 50010013
50010012 50010039
50010053 50010034
50010079 50010010
50010012 50010063
72 92
18 25
23 18
62 89
21 43
7 66
66 11
12 9
44 42
87 16
36 87
3 46
68 72
74 26
91 20
77 48
37 36
80 41
88 55
9 92
34 97
6 54
99 80
7 42
32 37
78 66
100 5
34 95
36 12
15 71
13 71
5 78
90 60
59 82
45 87
52 66
49 69
28 33
6 26
65 61
84 1
59 61
73 23
50 69
72 84
36 52
47 10
59 37
30 1
53 47
69 52
63 47
53 84
58 46
1 3
53 4
27 73
36 60
26 97
60 58
86 87
22 55
46 37
55 36
46 36
40 69
29 43
97 31
41 37
18 58
9 4
64 37
72 93
23 88
13 11
52 37
25 25
91 16
48 10
12 59
99 1
49 61
94 80
13 16
95 45
47 10
59 87
58 98
25 26
87 74
97 11
39 95
86 10
26 47
21 99
57 37
85 89
29 80
47 31
5 38
54 24
12 48
59 53
52 23
30 34
53 96
66 89
95 1
40 97
91 1
26 53
9 97
59 96
52 99
70 30
100 75
11 44
46 86
48 38
25 37
