# source: JorikJooken
# original path: jj_extract\knapsackProblemInstances-master\problemInstances\n_1000_c_100000000_g_6_f_0.1_eps_0_s_300\test.in
# optimal value: 96898041
# format: n capacity, then weight value
1000 100000000
50000033 50000055
50000135 50000280
50000022 50000085
50000281 50000058
50000204 50000011
50000165 50000043
50000127 50000244
50000103 50000079
50000060 50000107
50000089 50000117
50000048 50000298
50000290 50000111
50000041 50000178
50000097 50000222
50000239 50000158
50000131 50000003
50000053 50000057
50000161 50000174
50000071 50000131
50000081 50000232
50000009 50000248
50000207 50000204
50000116 50000090
50000195 50000208
50000250 50000047
50000049 50000113
50000074 50000235
50000228 50000229
50000173 50000221
50000172 50000176
50000095 50000213
50000207 50000164
50000298 50000084
50000245 50000119
50000141 50000066
50000251 50000126
50000210 50000094
50000005 50000144
50000218 50000074
50000179 50000174
50000223 50000287
50000171 50000006
50000116 50000154
50000022 50000234
50000220 50000071
50000133 50000050
50000299 50000044
50000008 50000052
50000066 50000293
50000020 50000241
50000166 50000063
50000188 50000262
50000145 50000158
50000124 50000238
50000078 50000007
50000085 50000107
50000111 50000041
50000220 50000176
50000081 50000218
50000204 50000079
50000280 50000217
50000015 50000127
50000235 50000072
50000070 50000300
50000127 50000270
50000182 50000292
50000127 50000267
50000281 50000242
50000262 50000032
50000299 50000006
50000091 50000165
50000005 50000196
50000020 50000186
50000233 50000291
50000296 50000199
50000100 50000074
50000218 50000174
50000261 50000124
50000145 50000035
50000196 50000207
50000266 50000006
50000068 50000250
50000028 50000265
50000244 50000190
50000044 50000287
50000156 50000159
50000050 50000120
50000042 50000123
50000292 50000029
50000075 50000149
50000234 50000142
50000194 50000283
50000006 50000123
50000269 50000039
50000297 50000002
50000134 50000299
50000103 50000074
50000031 50000169
50000252 50000116
50000018 50000276
50000054 50000127
50000172 50000027
50000260 50000156
50000223 50000158
50000217 50000037
50000034 50000162
50000234 50000103
50000076 50000046
50000036 50000225
50000010 50000160
50000289 50000189
50000110 50000257
50000066 50000159
50000132 50000121
50000020 50000198
50000121 50000256
50000236 50000208
50000215 50000096
50000161 50000045
50000149 50000285
50000259 50000223
50000109 50000230
50000060 50000066
50000001 50000128
50000090 50000181
50000063 50000126
50000091 50000010
50000267 50000127
50000274 50000215
50000292 50000296
50000003 50000008
50000192 50000189
50000105 50000265
50000115 50000284
50000035 50000176
50000226 50000151
50000071 50000169
50000105 50000089
50000290 50000015
50000279 50000204
50000071 50000123
50000177 50000265
50000129 50000239
50000241 50000140
50000164 50000217
50000109 50000112
50000204 50000070
50000266 50000046
50000189 50000030
50000195 50000239
50000059 50000130
50000042 50000098
50000044 50000124
50000093 50000044
50000130 50000177
50000182 50000009
50000143 50000252
50000082 50000119
50000123 50000270
50000280 50000139
50000299 50000144
50000283 50000119
50000287 50000260
50000300 50000130
50000097 50000131
50000043 50000276
50000114 50000265
50000273 50000211
50000200 50000300
50000085 50000236
50000279 50000047
50000250 50000165
50000118 50000086
50000014 50000283
50000133 50000081
50000278 50000005
50000286 50000148
50000169 50000041
50000282 50000098
50000116 50000144
25000162 25000083
25000119 25000262
25000165 25000013
25000253 25000179
25000192 25000170
25000285 25000195
25000251 25000157
25000111 25000046
25000241 25000027
25000078 25000262
25000269 25000113
25000161 25000007
25000020 25000298
25000194 25000130
25000090 25000297
25000065 25000274
25000028 25000225
25000214 25000260
25000298 25000244
25000218 25000070
25000004 25000135
25000169 25000178
25000230 25000254
25000216 25000140
25000023 25000158
25000115 25000172
25000068 25000228
25000145 25000172
25000259 25000013
25000051 25000209
25000045 25000089
25000279 25000242
25000232 25000053
25000288 25000242
25000039 25000083
25000259 25000033
25000178 25000185
25000061 25000169
25000289 25000010
25000012 25000274
25000157 25000166
25000079 25000013
25000029 25000047
25000278 25000111
25000225 25000252
25000271 25000208
25000127 25000131
25000187 25000119
25000277 25000228
25000075 25000258
25000190 25000082
25000146 25000186
25000065 25000292
25000295 25000272
25000012 25000170
25000151 25000059
25000219 25000076
25000145 25000084
25000167 25000228
25000022 25000023
25000029 25000004
25000079 25000190
25000072 25000243
25000163 25000049
25000253 25000074
25000213 25000272
25000162 25000165
25000254 25000290
25000062 25000210
25000005 25000092
25000136 25000100
25000270 25000053
25000030 25000266
25000231 25000265
25000025 25000124
25000223 25000178
25000181 25000019
25000121 25000153
25000145 25000129
25000208 25000164
25000238 25000185
25000192 25000111
25000065 25000255
25000280 25000212
25000270 25000069
25000121 25000016
25000021 25000199
25000292 25000244
25000014 25000165
25000240 25000121
25000195 25000050
25000138 25000260
25000254 25000266
25000216 25000085
25000243 25000093
25000286 25000250
25000070 25000190
25000166 25000101
25000180 25000029
25000268 25000147
25000129 25000107
25000258 25000019
25000222 25000205
25000041 25000202
25000167 25000234
25000263 25000012
25000110 25000006
25000240 25000241
25000204 25000277
25000239 25000280
25000157 25000016
25000127 25000293
25000244 25000242
25000219 25000081
25000034 25000037
25000181 25000134
25000013 25000135
25000097 25000089
25000073 25000178
25000279 25000284
25000115 25000003
25000168 25000082
25000279 25000199
25000016 25000145
25000167 25000288
25000098 25000231
25000177 25000257
25000079 25000007
25000058 25000102
25000107 25000196
25000068 25000300
25000140 25000243
25000118 25000234
25000046 25000125
25000164 25000086
25000230 25000022
25000036 25000044
25000146 25000055
25000246 25000213
25000290 25000164
25000092 25000077
25000217 25000084
25000086 25000033
25000253 25000119
25000141 25000078
25000274 25000125
25000244 25000208
25000107 25000234
25000087 25000234
25000139 25000160
25000271 25000117
25000288 25000129
25000152 25000061
25000165 25000185
25000179 25000270
25000070 25000108
25000285 25000033
25000158 25000069
25000025 25000243
25000197 25000023
25000024 25000189
25000261 25000269
25000173 25000269
25000172 25000041
25000089 25000201
25000296 25000041
25000066 25000015
25000146 25000199
25000067 25000225
25000268 25000257
25000051 25000124
25000295 25000181
25000084 25000228
25000071 25000262
25000106 25000105
25000071 25000010
25000274 25000276
25000191 25000211
25000289 25000027
25000152 25000223
12500072 12500174
12500203 12500153
12500273 12500194
12500137 12500181
12500013 12500179
12500113 12500261
12500245 12500295
12500211 12500146
12500240 12500198
12500160 12500101
12500152 12500140
12500200 12500174
12500182 12500032
12500151 12500066
12500275 12500128
12500285 12500133
12500172 12500087
12500091 12500110
12500079 12500249
12500037 12500272
12500010 12500050
12500045 12500150
12500268 12500028
12500131 12500081
12500144 12500151
12500044 12500200
12500113 12500284
12500262 12500091
12500065 12500217
12500200 12500154
12500261 12500282
12500074 12500010
12500188 12500220
12500204 12500185
12500064 12500244
12500204 12500215
12500253 12500243
12500237 12500243
12500213 12500087
12500123 12500199
12500233 12500159
12500211 12500225
12500278 12500059
12500011 12500236
12500248 12500006
12500207 12500271
12500215 12500009
12500098 12500280
12500271 12500048
12500173 12500174
12500038 12500235
12500245 12500262
12500114 12500002
12500018 12500089
12500106 12500264
12500249 12500084
12500202 12500076
12500238 12500203
12500163 12500076
12500018 12500089
12500047 12500025
12500163 12500224
12500089 12500175
12500218 12500138
12500069 12500124
12500197 12500246
12500107 12500002
12500159 12500126
12500127 12500096
12500107 12500047
12500117 12500247
12500243 12500157
12500006 12500218
12500159 12500225
12500140 12500076
12500200 12500229
12500220 12500270
12500263 12500045
12500064 12500109
12500234 12500128
12500028 12500120
12500022 12500051
12500035 12500189
12500193 12500240
12500012 12500099
12500036 12500046
12500015 12500057
12500294 12500103
12500293 12500136
12500101 12500290
12500048 12500022
12500255 12500300
12500037 12500073
12500171 12500221
12500275 12500215
12500094 12500199
12500279 12500088
12500177 12500041
12500014 12500160
12500238 12500161
12500119 12500291
12500242 12500061
12500297 12500258
12500291 12500221
12500059 12500064
12500096 12500215
12500233 12500115
12500016 12500247
12500052 12500144
12500011 12500154
12500260 12500181
12500285 12500260
12500059 12500046
12500117 12500171
12500142 12500024
12500267 12500181
12500191 12500217
12500086 12500032
12500196 12500135
12500167 12500032
12500121 12500170
12500165 12500023
12500268 12500277
12500162 12500244
12500040 12500033
12500055 12500074
12500024 12500184
12500127 12500293
12500267 12500231
12500049 12500027
12500104 12500074
12500068 12500144
12500014 12500276
12500130 12500149
12500076 12500212
12500262 12500071
12500266 12500244
12500238 12500006
12500043 12500059
12500055 12500006
12500073 12500133
12500128 12500108
12500285 12500288
12500151 12500186
12500138 12500008
12500149 12500210
12500245 12500019
12500154 12500026
12500163 12500141
12500020 12500213
12500105 12500222
12500018 12500057
12500060 12500035
12500196 12500033
12500023 12500220
12500179 12500172
12500111 12500024
12500053 12500190
12500237 12500174
12500290 12500144
12500263 12500280
12500227 12500058
12500284 12500204
12500003 12500140
12500263 12500066
12500150 12500082
12500180 12500092
12500247 12500223
12500053 12500229
12500092 12500147
12500250 12500034
12500111 12500125
12500260 12500179
12500202 12500070
12500202 12500063
12500038 12500150
12500068 12500154
12500027 12500238
12500264 12500280
12500009 12500189
6250020 6250133
6250131 6250054
6250109 6250183
6250091 6250204
6250254 6250105
6250172 6250123
6250215 6250255
6250058 6250116
6250188 6250059
6250223 6250260
6250098 6250007
6250163 6250208
6250275 6250244
6250126 6250149
6250040 6250123
6250015 6250191
6250111 6250151
6250035 6250186
6250228 6250265
6250013 6250246
6250055 6250280
6250178 6250215
6250265 6250180
6250151 6250286
6250241 6250162
6250167 6250292
6250226 6250293
6250209 6250144
6250088 6250197
6250180 6250011
6250050 6250106
6250049 6250229
6250188 6250286
6250143 6250054
6250060 6250264
6250065 6250231
6250102 6250096
6250266 6250224
6250153 6250214
6250059 6250239
6250038 6250128
6250159 6250239
6250238 6250210
6250124 6250249
6250053 6250158
6250210 6250169
6250291 6250146
6250244 6250225
6250049 6250134
6250064 6250063
6250050 6250086
6250058 6250038
6250174 6250035
6250049 6250132
6250154 6250054
6250246 6250224
6250035 6250255
6250076 6250267
6250298 6250103
6250287 6250168
6250002 6250249
6250125 6250237
6250163 6250196
6250033 6250205
6250027 6250275
6250058 6250116
6250257 6250144
6250077 6250021
6250171 6250069
6250078 6250296
6250256 6250028
6250223 6250111
6250116 6250207
6250175 6250268
6250098 6250013
6250175 6250167
6250134 6250053
6250025 6250170
6250028 6250281
6250109 6250086
6250199 6250142
6250300 6250038
6250156 6250296
6250284 6250100
6250243 6250109
6250229 6250143
6250075 6250187
6250202 6250029
6250252 6250190
6250060 6250101
6250220 6250292
6250276 6250049
6250210 6250275
6250227 6250113
6250297 6250166
6250189 6250097
6250036 6250268
6250148 6250005
6250206 6250167
6250035 6250106
6250007 6250224
6250186 6250067
6250177 6250029
6250111 6250032
6250187 6250058
6250248 6250293
6250044 6250125
6250146 6250036
6250183 6250084
6250016 6250004
6250132 6250266
6250241 6250236
6250009 6250091
6250181 6250015
6250218 6250241
6250076 6250256
6250034 6250114
6250052 6250266
6250105 6250033
6250239 6250255
6250027 6250259
6250076 6250267
6250108 6250108
6250103 6250102
6250130 6250014
6250153 6250023
6250184 6250058
6250254 6250182
6250085 6250035
6250287 6250174
6250043 6250300
6250273 6250202
6250109 6250216
6250096 6250001
6250208 6250125
6250002 6250052
6250223 6250060
6250065 6250130
6250201 6250037
6250207 6250067
6250148 6250209
6250110 6250085
6250287 6250127
6250232 6250190
6250158 6250126
6250070 6250025
6250291 6250143
6250018 6250217
6250250 6250053
6250189 6250148
6250225 6250011
6250176 6250049
6250200 6250206
6250300 6250210
6250176 6250091
6250030 6250070
6250058 6250035
6250057 6250008
6250115 6250135
6250269 6250175
6250184 6250228
6250273 6250154
6250217 6250131
6250258 6250040
6250230 6250252
6250078 6250251
6250052 6250156
6250215 6250114
6250077 6250235
6250222 6250079
6250290 6250294
6250185 6250061
6250038 6250150
6250124 6250182
6250239 6250122
6250026 6250125
6250095 6250126
6250129 6250057
6250095 6250085
6250183 6250137
3125163 3125229
3125004 3125138
3125017 3125112
3125101 3125108
3125187 3125193
3125217 3125214
3125200 3125143
3125029 3125107
3125077 3125049
3125118 3125077
3125295 3125018
3125083 3125149
3125192 3125181
3125255 3125230
3125042 3125047
3125239 3125117
3125032 3125296
3125028 3125011
3125040 3125057
3125107 3125200
3125150 3125287
3125084 3125199
3125235 3125124
3125291 3125239
3125212 3125282
3125179 3125243
3125009 3125090
3125103 3125017
3125123 3125159
3125157 3125131
3125073 3125101
3125267 3125290
3125231 3125076
3125269 3125286
3125233 3125167
3125106 3125198
3125028 3125023
3125088 3125087
3125247 3125190
3125063 3125064
3125222 3125232
3125178 3125087
3125253 3125268
3125147 3125280
3125201 3125212
3125289 3125136
3125069 3125160
3125146 3125296
3125073 3125231
3125293 3125052
3125014 3125212
3125300 3125055
3125029 3125060
3125166 3125264
3125225 3125128
3125032 3125241
3125173 3125170
3125244 3125199
3125237 3125172
3125125 3125021
3125079 3125228
3125234 3125097
3125247 3125198
3125286 3125195
3125078 3125256
3125148 3125224
3125182 3125148
3125173 3125220
3125292 3125244
3125156 3125191
3125212 3125022
3125182 3125069
3125159 3125141
3125267 3125242
3125027 3125239
3125254 3125107
3125046 3125142
3125286 3125013
3125012 3125202
3125156 3125269
3125023 3125287
3125221 3125289
3125039 3125060
3125203 3125094
3125191 3125203
3125262 3125126
3125145 3125204
3125195 3125217
3125043 3125009
3125182 3125235
3125111 3125031
3125298 3125253
3125225 3125271
3125101 3125027
3125237 3125166
3125072 3125165
3125216 3125165
3125139 3125300
3125021 3125069
3125205 3125199
3125248 3125011
3125166 3125059
3125041 3125115
3125205 3125170
3125219 3125018
3125060 3125154
3125260 3125219
3125093 3125182
3125237 3125134
3125164 3125072
3125158 3125142
3125183 3125281
3125141 3125284
3125112 3125294
3125214 3125260
3125035 3125067
3125260 3125038
3125122 3125175
3125112 3125087
3125185 3125127
3125032 3125010
3125262 3125298
3125224 3125200
3125038 3125289
3125204 3125132
3125155 3125204
3125214 3125125
3125073 3125266
3125056 3125010
3125207 3125025
3125145 3125300
3125187 3125129
3125019 3125171
3125281 3125170
3125192 3125236
3125264 3125254
3125015 3125249
3125131 3125009
3125011 3125270
3125275 3125211
3125162 3125089
3125156 3125065
3125232 3125014
3125212 3125245
3125132 3125060
3125265 3125193
3125254 3125004
3125086 3125185
3125228 3125139
3125014 3125179
3125174 3125062
3125203 3125298
3125157 3125274
3125151 3125084
3125157 3125040
3125064 3125208
3125094 3125266
3125186 3125272
3125088 3125076
3125275 3125235
3125154 3125133
3125278 3125106
3125076 3125226
3125001 3125104
3125145 3125001
3125165 3125021
3125267 3125248
3125174 3125233
3125197 3125105
3125238 3125144
3125284 3125043
3125027 3125026
3125112 3125012
3125027 3125038
3125036 3125298
3125027 3125233
3125194 3125055
3125076 3125190
3125182 3125181
3125090 3125269
167 170
55 202
228 285
292 222
267 176
144 138
173 92
264 34
49 159
210 153
131 73
18 137
198 160
219 81
261 104
197 103
12 37
144 270
148 273
34 290
129 94
230 62
182 279
138 116
49 188
267 189
135 17
148 80
211 175
274 145
149 201
165 4
125 65
188 13
13 269
223 36
216 239
143 131
292 75
133 205
91 179
84 156
248 240
42 32
101 57
39 166
66 270
171 183
197 66
36 141
88 81
189 157
73 245
42 208
245 190
211 131
64 196
226 86
244 239
143 21
128 243
96 142
74 278
256 228
123 120
64 81
90 103
46 80
279 112
221 131
63 250
67 26
202 9
136 174
253 121
236 59
142 189
239 3
215 44
190 193
280 82
226 189
108 206
246 229
16 252
49 236
213 281
138 122
85 15
207 138
186 213
257 15
41 74
253 165
212 42
173 275
108 129
141 111
136 155
213 46
