# source: JorikJooken
# original path: jj_extract\knapsackProblemInstances-master\problemInstances\n_600_c_1000000_g_10_f_0.2_eps_0.01_s_100\test.in
# optimal value: 1005400
# format: n capacity, then weight value
600 1000000
510100 510039
510045 510051
510050 510027
510028 510085
510098 510060
510072 510010
510045 510091
510086 510036
510028 510008
510056 510018
510031 510009
510060 510015
510055 510078
510035 510027
510073 510054
510074 510077
510026 510093
510080 510051
510014 510090
510091 510024
510015 510025
510043 510058
510023 510016
510097 510075
510069 510098
510023 510099
510077 510057
510012 510040
510033 510041
510098 510026
510035 510031
510035 510032
510025 510062
510097 510048
510025 510088
510045 510071
510034 510084
510044 510017
510036 510001
510003 510014
510093 510060
510033 510097
510053 510032
510015 510024
510022 510059
510091 510045
510079 510025
510050 510044
510038 510055
510044 510067
510091 510020
510013 510081
510069 510099
260068 260023
260051 260074
260098 260047
260035 260057
260022 260081
260038 260080
260082 260049
260055 260082
260095 260026
260093 260025
260015 260043
260031 260061
260080 260074
260096 260029
260015 260059
260063 260048
260067 260009
260052 260069
260077 260090
260015 260065
260026 260043
260068 260058
260005 260059
260021 260054
260100 260020
260017 260054
260030 260099
260045 260008
260041 260079
260041 260023
260018 260070
260050 260079
260005 260068
260015 260056
260062 260097
260096 260098
260005 260022
260041 260086
260049 260079
260031 260093
260085 260011
260090 260071
260093 260064
260038 260004
260040 260038
260036 260025
260025 260055
260019 260023
260001 260071
260006 260071
260038 260050
260042 260031
260068 260053
135071 135036
135015 135088
135074 135060
135061 135017
135041 135056
135047 135056
135030 135052
135040 135064
135052 135064
135045 135083
135087 135092
135030 135088
135016 135020
135002 135018
135035 135087
135059 135021
135084 135077
135086 135086
135015 135052
135092 135074
135097 135006
135021 135087
135001 135099
135033 135028
135084 135028
135055 135030
135063 135020
135064 135039
135059 135082
135036 135020
135030 135060
135037 135009
135022 135086
135014 135023
135081 135001
135072 135005
135050 135031
135043 135092
135059 135028
135062 135072
135044 135016
135049 135005
135035 135086
135092 135075
135062 135056
135072 135093
135044 135097
135074 135016
135010 135021
135024 135060
135086 135040
135068 135006
135030 135083
72569 72585
72580 72526
72517 72554
72552 72599
72563 72555
72575 72567
72579 72562
72554 72540
72582 72549
72595 72572
72599 72538
72501 72511
72556 72527
72600 72587
72593 72526
72523 72509
72543 72528
72532 72530
72536 72559
72530 72600
72551 72508
72568 72559
72564 72536
72586 72587
72562 72593
72517 72578
72587 72514
72539 72565
72559 72562
72581 72549
72572 72556
72576 72582
72544 72513
72529 72542
72533 72557
72588 72502
72513 72509
72548 72534
72511 72566
72575 72530
72552 72562
72575 72524
72588 72551
72584 72514
72515 72508
72530 72502
72522 72531
72515 72592
72595 72503
72590 72593
72563 72505
72554 72579
72567 72530
41316 41267
41341 41309
41345 41338
41262 41321
41338 41344
41275 41340
41315 41310
41274 41319
41289 41252
41261 41287
41255 41251
41271 41271
41291 41292
41327 41265
41251 41301
41320 41269
41297 41342
41317 41318
41311 41266
41344 41337
41310 41310
41295 41345
41256 41303
41299 41331
41320 41273
41347 41298
41331 41319
41255 41324
41300 41284
41344 41253
41279 41274
41309 41305
41273 41306
41307 41305
41280 41309
41276 41283
41315 41316
41325 41261
41304 41271
41273 41254
41328 41348
41276 41321
41317 41312
41286 41257
41348 41261
41299 41337
41348 41281
41325 41320
41273 41271
41339 41335
41276 41285
41286 41347
41314 41252
25674 25716
25648 25712
25665 25691
25717 25723
25704 25706
25652 25675
25704 25714
25647 25649
25661 25626
25693 25667
25646 25672
25627 25693
25653 25709
25668 25722
25635 25721
25631 25681
25628 25720
25709 25666
25725 25707
25676 25657
25722 25635
25632 25720
25674 25708
25679 25722
25675 25665
25675 25632
25676 25640
25704 25713
25630 25682
25671 25665
25722 25695
25642 25667
25697 25658
25708 25648
25711 25686
25647 25664
25646 25686
25663 25717
25661 25657
25636 25725
25673 25649
25693 25648
25703 25715
25650 25706
25707 25721
25664 25696
25681 25626
25707 25714
25658 25692
25713 25676
25650 25693
25641 25671
25696 25709
17898 17816
17840 17817
17896 17845
17840 17820
17869 17829
17832 17836
17818 17831
17895 17847
17905 17864
17896 17894
17869 17902
17872 17864
17841 17892
17839 17847
17866 17899
17848 17828
17850 17839
17838 17892
17886 17824
17852 17844
17858 17869
17835 17908
17819 17816
17852 17871
17834 17858
17853 17819
17869 17815
17818 17901
17813 17833
17837 17900
17846 17882
17878 17856
17838 17824
17866 17850
17826 17891
17828 17849
17842 17864
17891 17853
17871 17844
17814 17858
17852 17846
17827 17909
17816 17839
17822 17815
17864 17851
17835 17886
17839 17849
17823 17824
17841 17887
17888 17911
17906 17823
17903 17898
17900 17892
13997 13997
13984 13910
13909 13967
13979 13918
13999 13921
13961 13987
13982 13950
13978 13922
13916 13948
13998 13986
13922 14006
13962 13953
13962 13948
13919 13952
13942 13952
13964 13959
13970 13964
13941 13949
13951 13982
13938 13948
13937 13934
13955 14003
14004 13909
13944 13911
13907 13927
13972 13916
13960 13973
13987 13970
13931 13960
14002 13980
14001 13994
14004 13917
13918 13990
13972 13992
13970 13961
13921 13969
13965 13939
13983 13950
13943 13940
13913 13911
13913 13919
13953 13990
13968 14000
13980 13964
13951 13939
13934 13989
13914 13938
13971 13915
13989 13997
14002 13921
14000 13912
13945 13999
14006 13914
11967 12046
11966 11973
12023 11963
12023 12021
12049 11973
12026 12053
12002 12025
12000 11954
11977 11999
11973 11986
11974 12048
12025 12016
11972 12040
12036 12007
11954 12001
12025 12052
12052 12025
11956 12042
11958 11967
11967 12038
11995 12034
11995 11991
11987 11976
11969 12037
11964 11961
12012 12020
12003 12046
11968 11966
11973 12025
12045 11986
12002 11982
11961 12015
12039 12053
12021 12033
12034 12037
11996 12003
11972 11964
11971 12033
12024 12014
11956 11960
11960 11975
12005 12001
12001 11975
11969 12032
12038 11964
12014 11995
11994 12005
12027 12009
12044 11999
11966 11972
12009 11982
11996 12021
11962 11954
76 46
75 98
62 37
14 85
28 95
48 75
82 93
97 10
55 19
63 85
10 21
1 70
2 48
7 2
20 89
49 55
90 58
96 91
59 29
55 7
18 36
95 77
74 49
74 38
48 100
13 99
6 49
21 12
47 74
54 74
72 58
35 60
19 65
59 6
10 95
92 50
29 87
91 21
60 31
39 84
50 78
75 48
32 7
16 81
17 96
32 29
89 69
99 60
95 56
43 5
68 69
80 99
89 31
82 83
2 96
49 82
70 83
71 77
6 71
4 96
53 20
45 69
92 26
89 19
61 11
54 90
14 33
89 76
53 89
92 41
86 28
8 4
52 30
44 53
77 77
63 17
46 79
28 67
89 74
16 96
81 15
16 23
75 40
72 73
74 69
40 28
95 91
18 48
56 34
15 26
73 21
6 74
43 37
79 53
16 78
46 12
85 41
15 15
34 69
50 80
49 17
75 25
64 58
96 38
43 15
3 72
73 100
83 69
65 13
31 73
78 85
36 63
90 76
9 42
36 33
73 39
56 76
23 22
22 62
79 100
25 25
81 86
29 6
