# source: JorikJooken
# original path: jj_extract\knapsackProblemInstances-master\problemInstances\n_800_c_100000000_g_2_f_0.2_eps_1e-05_s_100\test.in
# optimal value: 50009288
# format: n capacity, then weight value
800 100000000
50001031 50001044
50001001 50001028
50001057 50001055
50001052 50001084
50001048 50001088
50001078 50001082
50001034 50001099
50001001 50001048
50001006 50001015
50001049 50001047
50001068 50001012
50001060 50001075
50001071 50001094
50001097 50001065
50001029 50001044
50001057 50001053
50001081 50001015
50001082 50001026
50001024 50001079
50001001 50001003
50001029 50001061
50001048 50001071
50001065 50001027
50001037 50001098
50001020 50001067
50001038 50001033
50001019 50001098
50001036 50001058
50001034 50001071
50001044 50001094
50001020 50001069
50001011 50001063
50001009 50001076
50001090 50001073
50001013 50001080
50001060 50001092
50001050 50001011
50001041 50001056
50001000 50001072
50001031 50001047
50001027 50001056
50001021 50001036
50001050 50001033
50001083 50001013
50001032 50001040
50001027 50001065
50001073 50001014
50001012 50001089
50001091 50001095
50001063 50001015
50001046 50001047
50001085 50001032
50001098 50001087
50001048 50001074
50001081 50001075
50001095 50001006
50001047 50001081
50001012 50001094
50001029 50001059
50001024 50001046
50001032 50001062
50001080 50001013
50001061 50001041
50001047 50001016
50001056 50001010
50001031 50001022
50001001 50001061
50001072 50001024
50001099 50001069
50001057 50001050
50001073 50001076
50001045 50001006
50001017 50001045
50001092 50001032
50001004 50001001
50001075 50001019
50001080 50001097
50001070 50001062
50001068 50001018
50001071 50001043
50001074 50001082
50001016 50001060
50001003 50001055
50001095 50001084
50001049 50001043
50001098 50001080
50001051 50001070
50001085 50001008
50001018 50001036
50001097 50001013
50001000 50001006
50001008 50001085
50001054 50001066
50001064 50001073
50001003 50001053
50001063 50001056
50001042 50001026
50001018 50001051
50001053 50001054
50001073 50001003
50001010 50001048
50001021 50001066
50001056 50001057
50001014 50001088
50001047 50001062
50001019 50001046
50001007 50001087
50001067 50001006
50001026 50001008
50001096 50001005
50001064 50001085
50001063 50001078
50001027 50001069
50001006 50001061
50001039 50001064
50001037 50001042
50001080 50001043
50001074 50001046
50001041 50001096
50001047 50001037
50001071 50001057
50001076 50001090
50001012 50001002
50001029 50001063
50001069 50001029
50001005 50001058
50001019 50001046
50001060 50001014
50001086 50001070
50001073 50001083
50001044 50001092
50001006 50001010
50001053 50001096
50001048 50001062
50001002 50001013
50001056 50001048
50001077 50001035
50001043 50001073
50001018 50001023
50001051 50001097
50001025 50001032
50001089 50001013
50001089 50001018
50001029 50001017
50001009 50001008
50001006 50001059
50001066 50001033
50001021 50001066
50001003 50001064
50001068 50001075
50001066 50001011
50001050 50001014
50001025 50001045
50001067 50001064
50001077 50001017
50001016 50001011
50001061 50001007
50001028 50001071
50001056 50001094
50001062 50001072
50001057 50001023
50001095 50001079
50001083 50001018
50001028 50001082
50001054 50001059
50001087 50001021
50001092 50001068
50001065 50001006
50001046 50001079
50001063 50001038
50001071 50001056
50001064 50001059
50001075 50001044
50001046 50001001
50001015 50001096
50001010 50001023
50001004 50001000
50001045 50001053
50001018 50001039
50001069 50001022
50001081 50001084
50001038 50001079
50001089 50001069
50001050 50001068
50001091 50001037
50001037 50001013
50001065 50001060
50001075 50001077
50001060 50001025
50001036 50001051
50001018 50001076
50001001 50001083
50001002 50001071
50001001 50001037
50001079 50001099
50001074 50001047
50001040 50001052
50001022 50001006
50001021 50001041
50001049 50001015
50001061 50001084
50001033 50001022
50001019 50001055
50001069 50001058
50001086 50001009
50001073 50001084
50001096 50001023
50001074 50001027
50001069 50001031
50001016 50001030
50001018 50001059
50001010 50001033
50001004 50001035
50001020 50001067
50001043 50001078
50001054 50001009
50001006 50001075
50001076 50001016
50001037 50001071
50001072 50001031
50001084 50001064
50001031 50001040
50001044 50001021
50001033 50001052
50001013 50001088
50001027 50001031
50001022 50001098
50001028 50001046
50001001 50001083
50001095 50001075
50001013 50001040
50001023 50001078
50001036 50001071
50001059 50001060
50001051 50001053
50001089 50001095
50001031 50001048
50001047 50001044
50001042 50001062
50001022 50001020
50001069 50001093
50001070 50001098
50001026 50001075
50001055 50001038
50001059 50001043
50001062 50001008
50001002 50001087
50001055 50001066
50001095 50001057
50001017 50001010
50001056 50001042
50001097 50001039
50001097 50001009
50001076 50001064
50001061 50001057
50001072 50001073
50001048 50001082
50001024 50001011
50001017 50001013
50001008 50001083
50001044 50001096
50001029 50001068
50001085 50001082
50001087 50001093
50001075 50001072
50001023 50001017
50001039 50001054
50001049 50001004
50001045 50001000
50001017 50001096
50001025 50001090
50001030 50001010
50001011 50001098
50001055 50001064
50001092 50001068
50001016 50001093
50001027 50001081
50001026 50001027
50001029 50001056
50001004 50001069
50001066 50001074
50001001 50001071
50001049 50001028
50001056 50001052
50001030 50001050
50001048 50001013
50001063 50001041
50001011 50001013
50001062 50001083
50001092 50001027
50001082 50001036
50001031 50001061
50001034 50001047
50001067 50001083
50001000 50001012
50001043 50001022
50001064 50001033
50001070 50001081
50001015 50001018
50001054 50001021
50001034 50001045
50001031 50001070
50001066 50001015
50001067 50001018
50001001 50001073
50001040 50001077
50001040 50001079
50001097 50001028
50001089 50001017
50001082 50001074
50001078 50001037
50001084 50001008
50001005 50001073
50001045 50001042
50001032 50001073
50001013 50001018
50001092 50001091
50001025 50001038
50001057 50001022
50001016 50001055
50001029 50001005
50001012 50001082
50001059 50001029
50001076 50001055
50001098 50001038
50001044 50001031
50001072 50001076
50001042 50001042
50001013 50001061
50001074 50001077
50001093 50001014
50001076 50001032
50001033 50001085
50001049 50001006
50001008 50001052
50001016 50001023
50001099 50001068
50001054 50001038
50001072 50001082
50001018 50001097
50001024 50001079
50001014 50001037
50001065 50001041
50001053 50001073
50001081 50001076
50001074 50001002
50001094 50001005
50001001 50001049
50001048 50001093
50001045 50001056
50001042 50001078
50001075 50001039
50001010 50001025
50001047 50001000
50001064 50001025
50001093 50001048
50001023 50001001
50001072 50001073
50001055 50001022
50001031 50001072
50001062 50001016
50001079 50001095
50001023 50001050
50001099 50001002
50001060 50001046
50001042 50001026
50001004 50001016
50001038 50001010
50001077 50001085
50001061 50001004
50001091 50001010
50001010 50001024
50001091 50001070
50001056 50001086
50001007 50001013
50001073 50001004
50001087 50001084
50001042 50001055
50001013 50001030
50001024 50001089
50001030 50001033
50001032 50001025
50001069 50001040
50001080 50001036
50001034 50001013
50001009 50001071
50001022 50001086
50001028 50001027
50001012 50001056
50001064 50001050
50001073 50001035
50001073 50001012
50001083 50001089
50001026 50001049
50001082 50001087
50001063 50001076
50001099 50001041
50001047 50001097
50001011 50001052
50001069 50001021
50001002 50001017
50001062 50001000
50001055 50001003
50001049 50001050
50001090 50001043
50001007 50001096
50001067 50001079
50001034 50001019
50001059 50001089
50001086 50001041
50001080 50001025
50001026 50001081
50001095 50001020
50001044 50001068
50001077 50001038
50001020 50001071
50001021 50001053
50001053 50001002
50001016 50001017
50001019 50001063
50001098 50001044
50001029 50001068
50001060 50001095
50001006 50001050
50001046 50001046
50001035 50001068
50001009 50001022
50001053 50001070
50001082 50001006
50001061 50001065
50001015 50001011
50001027 50001033
50001091 50001027
50001086 50001078
50001063 50001038
50001027 50001033
50001048 50001033
50001056 50001042
50001074 50001081
50001067 50001030
50001068 50001077
50001022 50001038
50001093 50001093
50001027 50001039
50001087 50001024
50001013 50001000
50001061 50001085
50001071 50001000
50001057 50001007
50001020 50001020
50001003 50001091
50001054 50001086
50001031 50001065
50001068 50001053
50001074 50001030
50001045 50001010
50001079 50001041
50001010 50001008
50001000 50001015
50001016 50001005
50001028 50001039
50001033 50001020
50001012 50001032
50001047 50001065
50001008 50001024
50001052 50001077
50001056 50001071
50001081 50001050
50001009 50001098
50001036 50001061
50001033 50001056
50001083 50001066
50001064 50001022
50001081 50001032
50001046 50001007
50001098 50001031
50001035 50001039
50001021 50001015
50001073 50001056
50001033 50001021
50001030 50001023
50001058 50001017
50001057 50001025
50001021 50001007
50001083 50001064
50001073 50001058
50001015 50001031
50001001 50001019
50001013 50001045
50001057 50001000
50001037 50001050
50001084 50001012
50001080 50001002
50001069 50001077
50001075 50001088
50001016 50001028
50001091 50001017
50001078 50001043
50001075 50001057
50001081 50001024
50001082 50001025
50001021 50001043
50001033 50001012
50001058 50001001
50001016 50001075
50001050 50001045
50001057 50001089
50001067 50001021
50001098 50001045
50001060 50001057
50001089 50001022
50001080 50001060
50001060 50001036
50001001 50001061
50001035 50001077
50001086 50001090
50001077 50001014
50001023 50001093
50001089 50001061
50001020 50001065
50001080 50001027
50001099 50001058
50001033 50001074
50001050 50001011
50001091 50001071
50001043 50001087
50001098 50001051
50001023 50001041
50001016 50001050
50001029 50001094
50001027 50001062
50001024 50001015
50001080 50001046
50001026 50001049
50001087 50001068
50001012 50001058
50001038 50001051
50001035 50001063
50001009 50001017
50001063 50001083
50001043 50001007
50001092 50001072
50001059 50001026
50001004 50001025
50001089 50001014
50001076 50001022
50001070 50001062
50001036 50001055
50001047 50001064
50001076 50001057
50001071 50001081
50001016 50001015
50001008 50001011
50001050 50001057
50001030 50001058
50001088 50001004
50001013 50001085
50001077 50001044
50001036 50001039
50001078 50001063
50001080 50001002
50001022 50001084
50001053 50001048
50001059 50001020
50001060 50001002
50001093 50001066
50001058 50001068
50001058 50001095
50001048 50001008
50001010 50001005
50001096 50001041
50001001 50001033
50001096 50001011
50001039 50001020
50001021 50001037
50001058 50001075
50001033 50001087
50001052 50001032
50001041 50001020
50001031 50001065
50001065 50001017
50001029 50001008
50001035 50001066
50001030 50001014
50001072 50001060
50001014 50001058
50001047 50001080
50001002 50001097
50001033 50001055
50001005 50001095
50001026 50001064
50001052 50001088
50001057 50001012
50001065 50001009
50001067 50001088
50001019 50001023
50001019 50001015
50001051 50001014
50001021 50001014
50001046 50001046
50001067 50001062
50001093 50001093
50001012 50001087
50001027 50001072
50001053 50001074
50001029 50001024
50001028 50001020
50001073 50001042
50001070 50001016
50001027 50001007
50001005 50001033
50001038 50001043
50001099 50001045
50001010 50001072
50001093 50001058
50001000 50001034
50001072 50001059
50001002 50001046
50001042 50001087
50001066 50001049
50001082 50001011
50001072 50001048
50001028 50001091
50001024 50001044
50001023 50001087
50001032 50001022
50001063 50001058
50001004 50001096
50001028 50001045
50001007 50001068
50001081 50001084
50001011 50001098
50001040 50001072
50001074 50001066
50001005 50001030
50001036 50001096
50001075 50001006
50001021 50001013
50001051 50001085
50001055 50001002
32 92
34 85
93 26
70 14
10 88
11 31
50 88
76 47
9 94
45 88
40 31
71 45
66 34
62 93
59 83
17 79
65 58
47 5
51 89
52 59
99 86
40 71
13 46
41 43
4 13
63 61
81 46
76 33
62 91
7 18
36 22
18 34
64 27
72 66
83 45
52 98
11 9
36 91
95 92
79 34
49 55
50 65
18 53
10 56
61 54
3 9
55 41
57 44
77 96
13 62
60 7
74 64
28 56
27 17
7 91
60 12
25 1
25 37
100 48
90 86
26 92
84 48
81 9
67 32
86 51
35 25
6 82
9 10
79 56
41 86
62 74
96 76
62 54
78 74
96 76
56 65
77 69
73 8
8 82
57 9
30 2
97 35
54 31
53 100
44 76
89 29
8 54
30 38
27 29
12 99
23 38
19 74
20 36
25 33
45 5
61 30
47 58
35 21
35 90
4 64
66 30
75 1
48 73
19 89
35 15
57 92
63 46
61 77
45 23
67 23
78 83
96 40
30 80
38 31
80 47
69 3
52 21
90 19
80 80
87 6
17 47
94 85
25 26
40 90
34 96
50 63
30 50
1 34
90 53
85 6
66 31
33 48
2 72
45 15
83 4
43 73
46 45
91 84
82 35
95 99
24 68
37 43
71 3
32 28
18 91
53 86
26 74
29 27
51 66
10 2
60 72
72 85
96 1
54 5
76 54
7 68
30 43
75 80
1 67
57 62
