# source: JorikJooken
# original path: jj_extract\knapsackProblemInstances-master\problemInstances\n_600_c_100000000_g_10_f_0.3_eps_0.01_s_100\test.in
# optimal value: 100005424
# format: n capacity, then weight value
600 100000000
51000100 51000039
51000096 51000033
51000098 51000014
51000020 51000033
51000035 51000095
51000070 51000053
51000041 51000091
51000078 51000003
51000014 51000023
51000077 51000066
51000094 51000074
51000057 51000051
51000098 51000092
51000026 51000084
51000014 51000098
51000076 51000013
51000031 51000028
51000048 51000082
51000079 51000098
51000011 51000054
51000096 51000075
51000018 51000099
51000024 51000063
51000071 51000018
51000058 51000046
51000025 51000080
51000079 51000040
51000091 51000041
51000018 51000081
51000060 51000003
51000022 51000081
51000083 51000037
51000002 51000099
51000041 51000020
51000091 51000094
51000040 51000066
51000069 51000034
51000036 51000055
51000009 51000085
51000032 51000084
51000039 51000044
51000099 51000003
51000095 51000077
51000092 51000015
51000084 51000099
51000002 51000007
26000068 26000049
26000024 26000026
26000036 26000063
26000057 26000062
26000062 26000008
26000037 26000100
26000039 26000018
26000078 26000006
26000065 26000058
26000046 26000024
26000046 26000020
26000086 26000013
26000025 26000006
26000006 26000068
26000069 26000025
26000093 26000041
26000083 26000062
26000047 26000079
26000013 26000056
26000033 26000031
26000031 26000058
26000029 26000026
26000057 26000041
26000005 26000046
26000031 26000069
26000064 26000095
26000040 26000036
26000012 26000088
26000017 26000025
26000092 26000015
26000053 26000083
26000013 26000091
26000088 26000067
26000066 26000041
26000024 26000046
26000044 26000053
26000037 26000072
26000097 26000049
26000100 26000082
26000092 26000076
26000095 26000087
26000097 26000060
26000036 26000095
26000037 26000029
26000045 26000044
26000009 26000048
13500077 13500010
13500009 13500001
13500091 13500086
13500095 13500038
13500085 13500092
13500088 13500072
13500021 13500035
13500066 13500082
13500091 13500042
13500057 13500094
13500048 13500021
13500023 13500016
13500081 13500026
13500063 13500082
13500083 13500003
13500032 13500082
13500060 13500012
13500016 13500011
13500030 13500057
13500033 13500018
13500099 13500040
13500088 13500045
13500077 13500066
13500034 13500041
13500090 13500041
13500099 13500031
13500032 13500065
13500072 13500056
13500082 13500048
13500024 13500050
13500043 13500070
13500015 13500063
13500065 13500048
13500028 13500040
13500048 13500046
13500062 13500086
13500038 13500023
13500099 13500068
13500005 13500008
13500085 13500044
13500073 13500052
13500017 13500062
13500087 13500066
13500096 13500082
13500075 13500081
13500019 13500043
7250037 7250090
7250058 7250059
7250086 7250030
7250031 7250029
7250058 7250002
7250049 7250083
7250075 7250019
7250013 7250039
7250032 7250095
7250040 7250070
7250091 7250068
7250075 7250041
7250081 7250035
7250080 7250037
7250084 7250085
7250042 7250003
7250062 7250089
7250070 7250078
7250090 7250054
7250045 7250057
7250046 7250032
7250019 7250063
7250016 7250035
7250046 7250082
7250070 7250071
7250013 7250027
7250092 7250030
7250065 7250018
7250039 7250044
7250009 7250057
7250025 7250016
7250019 7250094
7250067 7250069
7250070 7250020
7250045 7250095
7250013 7250083
7250041 7250007
7250078 7250054
7250095 7250048
7250019 7250025
7250010 7250080
7250046 7250039
7250074 7250024
7250063 7250062
7250011 7250041
7250089 7250090
4125071 4125047
4125098 4125097
4125091 4125077
4125082 4125080
4125002 4125024
4125070 4125049
4125014 4125065
4125017 4125085
4125073 4125061
4125068 4125058
4125091 4125090
4125070 4125080
4125063 4125040
4125014 4125058
4125030 4125066
4125019 4125031
4125017 4125038
4125086 4125067
4125076 4125050
4125062 4125002
4125020 4125055
4125033 4125004
4125024 4125077
4125057 4125023
4125007 4125038
4125062 4125082
4125006 4125088
4125058 4125010
4125013 4125017
4125075 4125037
4125060 4125064
4125099 4125029
4125085 4125027
4125084 4125038
4125051 4125089
4125053 4125024
4125096 4125017
4125045 4125080
4125050 4125098
4125096 4125015
4125050 4125072
4125036 4125009
4125058 4125068
4125030 4125016
4125089 4125023
4125063 4125045
2562586 2562587
2562598 2562579
2562536 2562527
2562578 2562592
2562579 2562583
2562564 2562597
2562560 2562546
2562535 2562527
2562523 2562522
2562510 2562599
2562592 2562533
2562506 2562559
2562511 2562590
2562536 2562558
2562508 2562591
2562530 2562526
2562596 2562563
2562594 2562586
2562571 2562567
2562560 2562516
2562522 2562527
2562576 2562526
2562562 2562512
2562537 2562521
2562519 2562564
2562595 2562541
2562544 2562562
2562571 2562552
2562572 2562522
2562541 2562543
2562546 2562575
2562571 2562534
2562504 2562562
2562542 2562539
2562534 2562518
2562568 2562554
2562580 2562545
2562550 2562580
2562559 2562528
2562557 2562559
2562514 2562503
2562563 2562534
2562572 2562545
2562502 2562573
2562556 2562580
2562521 2562502
1781342 1781302
1781345 1781311
1781339 1781307
1781348 1781296
1781335 1781350
1781282 1781268
1781256 1781267
1781303 1781294
1781280 1781335
1781281 1781343
1781336 1781255
1781260 1781309
1781313 1781275
1781280 1781260
1781266 1781264
1781267 1781306
1781295 1781288
1781271 1781318
1781278 1781283
1781296 1781265
1781307 1781294
1781304 1781269
1781270 1781317
1781318 1781291
1781286 1781338
1781326 1781304
1781311 1781320
1781346 1781346
1781313 1781315
1781326 1781264
1781284 1781321
1781292 1781285
1781311 1781268
1781304 1781306
1781269 1781315
1781286 1781327
1781254 1781311
1781257 1781278
1781278 1781293
1781266 1781288
1781297 1781346
1781285 1781257
1781275 1781258
1781253 1781349
1781332 1781335
1781325 1781315
1390655 1390692
1390679 1390629
1390721 1390665
1390658 1390682
1390634 1390650
1390685 1390717
1390652 1390704
1390646 1390720
1390724 1390690
1390671 1390637
1390715 1390657
1390627 1390646
1390632 1390701
1390668 1390722
1390667 1390725
1390651 1390690
1390669 1390690
1390675 1390721
1390657 1390627
1390627 1390656
1390699 1390667
1390658 1390721
1390636 1390708
1390639 1390710
1390638 1390648
1390630 1390629
1390707 1390661
1390711 1390665
1390718 1390665
1390682 1390664
1390690 1390647
1390711 1390700
1390680 1390642
1390627 1390631
1390635 1390662
1390638 1390646
1390671 1390657
1390645 1390664
1390679 1390688
1390665 1390714
1390685 1390689
1390716 1390702
1390630 1390705
1390712 1390707
1390677 1390690
1390682 1390645
1195367 1195380
1195332 1195329
1195355 1195328
1195365 1195407
1195324 1195396
1195353 1195375
1195411 1195330
1195374 1195327
1195323 1195366
1195406 1195405
1195386 1195381
1195355 1195380
1195325 1195340
1195407 1195386
1195399 1195370
1195347 1195399
1195322 1195361
1195411 1195375
1195339 1195356
1195313 1195350
1195380 1195347
1195376 1195313
1195324 1195325
1195361 1195354
1195361 1195407
1195386 1195320
1195392 1195347
1195385 1195384
1195396 1195389
1195314 1195382
1195328 1195374
1195378 1195375
1195399 1195400
1195386 1195391
1195362 1195395
1195389 1195388
1195378 1195358
1195398 1195342
1195384 1195332
1195354 1195360
1195406 1195371
1195385 1195410
1195323 1195378
1195335 1195388
1195348 1195401
1195408 1195398
44 57
4 94
27 21
74 11
98 88
67 58
69 30
37 89
40 100
47 48
91 20
74 76
33 40
40 31
53 22
28 19
32 16
22 6
3 7
14 87
5 24
95 4
20 45
92 47
38 40
57 5
41 95
80 2
79 54
76 5
30 80
41 38
55 78
44 74
96 66
46 96
61 95
8 72
17 3
88 35
13 30
44 84
58 59
15 59
75 55
10 31
87 71
44 34
95 51
71 45
63 95
31 86
95 98
82 20
81 64
2 43
42 14
22 21
28 5
82 11
41 80
63 100
53 8
98 35
63 87
1 80
14 51
68 17
99 43
47 33
32 99
72 32
52 4
55 48
92 64
40 34
58 96
92 31
18 65
39 66
47 77
52 86
94 59
100 51
24 86
34 40
31 37
49 16
77 63
74 56
91 62
34 74
81 57
43 78
30 85
45 54
59 90
16 34
28 8
70 64
19 41
10 49
36 34
59 82
12 78
79 34
88 67
42 29
72 63
47 95
62 57
66 51
34 100
63 48
11 82
9 71
29 4
15 74
25 73
76 68
59 37
41 54
72 64
88 46
42 51
46 73
55 22
88 97
39 97
78 78
48 51
75 11
79 25
55 24
96 92
72 82
20 72
43 22
18 52
53 22
76 96
65 84
49 17
25 52
40 88
93 61
77 97
45 17
59 46
19 78
47 18
13 85
76 39
13 75
50 94
19 19
3 84
35 36
40 38
59 83
1 86
85 72
35 50
38 39
27 2
35 1
44 52
65 4
22 57
98 64
62 43
62 41
65 28
86 44
16 65
88 15
66 57
61 43
13 89
62 30
19 28
34 21
70 76
69 11
45 49
24 44
