# source: JorikJooken
# original path: jj_extract\knapsackProblemInstances-master\problemInstances\n_800_c_100000000_g_10_f_0.2_eps_0.1_s_100\test.in
# optimal value: 99969826
# format: n capacity, then weight value
800 100000000
60000092 60000095
60000090 60000059
60000027 60000093
60000057 60000078
60000074 60000077
60000078 60000073
60000045 60000062
60000018 60000006
60000062 60000084
60000034 60000018
60000069 60000051
60000040 60000070
60000012 60000010
60000007 60000037
60000090 60000007
60000084 60000052
60000093 60000023
60000054 60000054
60000007 60000073
60000003 60000093
60000074 60000075
60000038 60000088
60000034 60000032
60000033 60000032
60000051 60000085
60000070 60000052
60000072 60000004
60000089 60000046
60000090 60000036
60000001 60000015
60000025 60000080
60000088 60000001
60000018 60000076
60000093 60000004
60000068 60000033
60000035 60000055
60000096 60000089
60000030 60000059
60000032 60000071
60000073 60000074
60000034 60000005
60000067 60000080
60000007 60000061
60000005 60000074
60000051 60000042
60000015 60000088
60000098 60000004
60000046 60000031
60000037 60000077
60000019 60000029
60000036 60000024
60000020 60000045
60000023 60000080
60000094 60000078
60000037 60000059
60000074 60000042
60000008 60000036
60000035 60000002
60000023 60000017
60000001 60000077
60000051 60000094
60000050 60000069
60000080 60000059
60000014 60000051
60000063 60000056
60000084 60000015
60000079 60000057
60000065 60000063
60000034 60000046
60000075 60000079
60000038 60000070
35000066 35000059
35000020 35000096
35000053 35000019
35000054 35000029
35000017 35000022
35000094 35000027
35000045 35000019
35000017 35000014
35000031 35000009
35000057 35000072
35000006 35000019
35000002 35000024
35000052 35000033
35000006 35000092
35000081 35000065
35000079 35000097
35000034 35000041
35000066 35000040
35000044 35000001
35000079 35000016
35000030 35000086
35000018 35000075
35000098 35000074
35000007 35000037
35000017 35000032
35000011 35000019
35000055 35000087
35000029 35000052
35000100 35000060
35000081 35000034
35000027 35000097
35000034 35000041
35000024 35000027
35000097 35000005
35000079 35000075
35000007 35000043
35000035 35000057
35000047 35000048
35000029 35000060
35000030 35000032
35000026 35000068
35000041 35000096
35000087 35000074
35000022 35000072
35000099 35000057
35000089 35000095
35000014 35000066
35000058 35000051
35000057 35000074
35000047 35000075
35000061 35000085
35000059 35000041
35000074 35000090
35000036 35000003
35000093 35000033
35000016 35000092
35000088 35000009
35000098 35000097
35000069 35000070
35000005 35000087
35000038 35000026
35000071 35000017
35000012 35000044
35000017 35000077
35000013 35000092
35000057 35000035
35000089 35000051
35000036 35000066
35000086 35000048
35000050 35000079
35000020 35000027
22500100 22500071
22500007 22500094
22500054 22500038
22500058 22500018
22500075 22500010
22500024 22500034
22500080 22500085
22500060 22500079
22500033 22500056
22500057 22500021
22500094 22500062
22500021 22500093
22500077 22500069
22500089 22500039
22500086 22500057
22500083 22500057
22500069 22500068
22500022 22500048
22500091 22500069
22500077 22500060
22500074 22500045
22500085 22500040
22500006 22500003
22500076 22500076
22500090 22500042
22500035 22500092
22500093 22500039
22500056 22500038
22500096 22500089
22500038 22500026
22500089 22500040
22500036 22500034
22500045 22500020
22500059 22500047
22500074 22500092
22500015 22500078
22500075 22500097
22500071 22500091
22500032 22500067
22500099 22500049
22500049 22500052
22500048 22500037
22500010 22500085
22500046 22500040
22500030 22500036
22500041 22500030
22500049 22500012
22500084 22500062
22500066 22500097
22500059 22500069
22500068 22500019
22500020 22500008
22500017 22500015
22500019 22500090
22500064 22500046
22500041 22500095
22500093 22500021
22500047 22500070
22500008 22500059
22500009 22500088
22500067 22500075
22500014 22500066
22500019 22500100
22500091 22500040
22500072 22500088
22500011 22500051
22500031 22500003
22500011 22500095
22500045 22500069
22500062 22500028
22500036 22500075
16250062 16250027
16250021 16250035
16250046 16250077
16250020 16250021
16250005 16250055
16250086 16250020
16250049 16250094
16250005 16250073
16250035 16250002
16250029 16250078
16250059 16250047
16250012 16250099
16250044 16250044
16250065 16250081
16250002 16250096
16250016 16250004
16250053 16250055
16250014 16250031
16250094 16250013
16250008 16250078
16250090 16250014
16250051 16250019
16250053 16250046
16250089 16250005
16250067 16250016
16250048 16250099
16250010 16250054
16250091 16250079
16250046 16250050
16250013 16250047
16250087 16250083
16250094 16250003
16250004 16250065
16250047 16250019
16250004 16250084
16250092 16250065
16250050 16250055
16250023 16250013
16250077 16250089
16250077 16250026
16250029 16250021
16250039 16250041
16250071 16250015
16250098 16250002
16250013 16250094
16250039 16250015
16250007 16250071
16250089 16250060
16250080 16250017
16250086 16250022
16250017 16250031
16250046 16250029
16250036 16250096
16250017 16250061
16250097 16250029
16250071 16250076
16250073 16250025
16250083 16250016
16250003 16250003
16250045 16250094
16250085 16250050
16250058 16250010
16250094 16250008
16250043 16250069
16250049 16250009
16250070 16250031
16250088 16250064
16250007 16250042
16250054 16250062
16250078 16250044
16250006 16250082
13125042 13125079
13125085 13125035
13125052 13125003
13125025 13125006
13125068 13125009
13125017 13125007
13125082 13125080
13125041 13125070
13125030 13125078
13125094 13125028
13125025 13125001
13125054 13125001
13125090 13125095
13125067 13125098
13125025 13125081
13125042 13125075
13125012 13125051
13125071 13125037
13125099 13125077
13125010 13125013
13125058 13125017
13125004 13125041
13125084 13125040
13125020 13125055
13125076 13125069
13125002 13125009
13125063 13125096
13125025 13125032
13125009 13125035
13125098 13125018
13125014 13125048
13125036 13125027
13125058 13125078
13125043 13125092
13125009 13125020
13125059 13125072
13125068 13125100
13125042 13125011
13125086 13125045
13125009 13125079
13125049 13125062
13125066 13125031
13125082 13125061
13125077 13125064
13125024 13125079
13125079 13125051
13125095 13125050
13125080 13125080
13125081 13125081
13125059 13125045
13125069 13125087
13125031 13125048
13125065 13125075
13125038 13125100
13125006 13125037
13125066 13125073
13125005 13125005
13125068 13125072
13125032 13125067
13125088 13125043
13125098 13125095
13125038 13125032
13125069 13125075
13125095 13125060
13125033 13125019
13125042 13125071
13125064 13125054
13125030 13125001
13125078 13125005
13125041 13125083
13125093 13125019
11562552 11562520
11562510 11562520
11562526 11562573
11562526 11562586
11562593 11562540
11562539 11562571
11562558 11562558
11562550 11562538
11562537 11562563
11562502 11562563
11562524 11562569
11562552 11562528
11562551 11562530
11562526 11562580
11562532 11562598
11562521 11562571
11562574 11562517
11562594 11562510
11562594 11562520
11562550 11562545
11562547 11562504
11562513 11562575
11562565 11562511
11562579 11562553
11562577 11562574
11562544 11562534
11562538 11562593
11562569 11562525
11562506 11562541
11562575 11562537
11562539 11562551
11562596 11562562
11562591 11562520
11562530 11562512
11562513 11562521
11562515 11562553
11562563 11562512
11562523 11562533
11562588 11562576
11562533 11562563
11562574 11562579
11562586 11562529
11562546 11562579
11562578 11562534
11562593 11562582
11562595 11562586
11562504 11562567
11562564 11562591
11562564 11562561
11562556 11562589
11562516 11562534
11562523 11562503
11562509 11562557
11562559 11562550
11562577 11562537
11562532 11562573
11562590 11562594
11562523 11562588
11562554 11562590
11562542 11562543
11562600 11562552
11562549 11562510
11562552 11562600
11562577 11562588
11562559 11562531
11562584 11562564
11562546 11562518
11562575 11562573
11562516 11562598
11562552 11562536
11562582 11562543
10781262 10781251
10781279 10781294
10781338 10781344
10781273 10781312
10781271 10781294
10781277 10781277
10781332 10781267
10781345 10781303
10781324 10781254
10781330 10781290
10781304 10781254
10781284 10781285
10781284 10781260
10781288 10781293
10781342 10781257
10781266 10781286
10781293 10781326
10781306 10781276
10781299 10781263
10781287 10781311
10781279 10781256
10781317 10781332
10781287 10781294
10781274 10781269
10781295 10781261
10781270 10781308
10781290 10781284
10781331 10781261
10781295 10781260
10781296 10781330
10781338 10781286
10781291 10781330
10781330 10781281
10781275 10781320
10781350 10781310
10781291 10781350
10781330 10781338
10781263 10781265
10781259 10781309
10781340 10781329
10781310 10781253
10781324 10781347
10781314 10781306
10781252 10781310
10781287 10781272
10781262 10781262
10781279 10781311
10781281 10781290
10781305 10781284
10781332 10781291
10781349 10781287
10781284 10781335
10781311 10781340
10781284 10781344
10781277 10781261
10781334 10781290
10781333 10781272
10781289 10781341
10781296 10781264
10781302 10781314
10781263 10781320
10781267 10781310
10781259 10781342
10781259 10781307
10781274 10781343
10781292 10781273
10781261 10781302
10781340 10781260
10781329 10781326
10781264 10781278
10781283 10781345
10390702 10390669
10390638 10390630
10390646 10390645
10390695 10390681
10390672 10390717
10390629 10390670
10390717 10390630
10390684 10390651
10390725 10390724
10390700 10390632
10390675 10390696
10390691 10390689
10390664 10390698
10390703 10390632
10390682 10390665
10390635 10390641
10390701 10390628
10390666 10390700
10390715 10390719
10390653 10390724
10390682 10390687
10390695 10390681
10390668 10390674
10390709 10390694
10390654 10390707
10390651 10390699
10390667 10390709
10390699 10390685
10390667 10390703
10390691 10390626
10390720 10390725
10390694 10390654
10390656 10390724
10390681 10390660
10390699 10390682
10390642 10390665
10390700 10390655
10390695 10390661
10390664 10390668
10390640 10390672
10390626 10390707
10390666 10390671
10390629 10390685
10390666 10390708
10390719 10390694
10390697 10390683
10390673 10390671
10390657 10390717
10390708 10390675
10390626 10390647
10390645 10390632
10390651 10390686
10390630 10390720
10390674 10390655
10390697 10390645
10390638 10390626
10390720 10390709
10390634 10390712
10390644 10390725
10390646 10390662
10390629 10390713
10390658 10390635
10390718 10390662
10390674 10390664
10390684 10390687
10390709 10390656
10390687 10390701
10390661 10390662
10390646 10390689
10390722 10390713
10390671 10390712
10195339 10195360
10195323 10195356
10195352 10195341
10195340 10195383
10195363 10195363
10195341 10195371
10195329 10195366
10195353 10195322
10195383 10195380
10195386 10195338
10195366 10195320
10195400 10195385
10195344 10195344
10195329 10195331
10195342 10195371
10195352 10195317
10195343 10195341
10195372 10195329
10195319 10195335
10195356 10195411
10195379 10195372
10195369 10195351
10195326 10195368
10195368 10195345
10195365 10195406
10195393 10195391
10195355 10195373
10195386 10195320
10195398 10195410
10195326 10195376
10195392 10195345
10195373 10195374
10195351 10195401
10195387 10195334
10195398 10195361
10195366 10195318
10195371 10195386
10195348 10195403
10195351 10195357
10195398 10195313
10195316 10195399
10195331 10195350
10195405 10195394
10195357 10195375
10195344 10195357
10195325 10195333
10195351 10195400
10195345 10195313
10195318 10195369
10195400 10195358
10195402 10195327
10195347 10195389
10195337 10195319
10195359 10195385
10195350 10195403
10195393 10195368
10195325 10195389
10195351 10195386
10195372 10195398
10195356 10195316
10195391 10195379
10195368 10195332
10195320 10195338
10195369 10195412
10195412 10195346
10195398 10195318
10195391 10195355
10195399 10195336
10195346 10195367
10195344 10195315
10195349 10195374
95 46
64 42
60 85
70 54
7 92
98 78
60 37
12 15
96 50
24 44
41 59
76 19
26 58
77 83
99 33
67 4
81 75
93 76
91 87
17 65
21 38
34 5
59 43
80 51
34 13
16 9
81 19
71 46
88 35
52 76
59 18
19 5
72 26
19 9
34 92
40 4
80 34
61 49
49 87
33 55
28 100
45 57
70 53
30 18
65 5
66 84
96 55
27 86
11 49
50 88
17 41
13 59
84 38
78 93
36 13
48 88
43 2
33 10
88 28
67 50
56 33
42 35
57 92
12 9
73 65
99 23
37 44
64 85
95 87
26 93
15 94
67 38
48 54
48 66
94 40
45 8
83 95
100 34
92 24
23 25
68 7
4 43
5 65
62 29
23 85
25 90
86 41
94 28
61 32
52 32
42 15
39 32
37 36
88 44
6 55
100 7
96 3
21 99
58 49
87 57
95 86
23 37
29 54
10 79
45 42
25 56
50 28
59 21
58 95
29 90
81 48
18 65
100 10
48 45
92 18
73 27
42 14
84 82
49 23
40 91
50 36
1 13
89 42
54 67
99 56
60 69
43 78
38 62
80 93
98 74
80 27
33 77
74 5
12 88
52 52
74 22
32 34
60 94
35 82
93 80
11 43
23 30
50 29
12 24
91 93
3 42
80 62
15 91
6 64
56 89
81 23
46 31
40 57
54 86
3 15
98 22
25 19
3 31
86 97
91 74
99 82
