# source: JorikJooken
# original path: jj_extract\knapsackProblemInstances-master\problemInstances\n_400_c_10000000000_g_14_f_0.3_eps_0.0001_s_300\test.in
# optimal value: 10000014472
# format: n capacity, then weight value
400 10000000000
5001000095 5001000010
5001000294 5001000294
5001000010 5001000066
5001000279 5001000100
5001000116 5001000040
5001000128 5001000028
5001000106 5001000194
5001000187 5001000159
5001000191 5001000202
5001000025 5001000161
5001000108 5001000289
5001000044 5001000081
5001000019 5001000249
5001000203 5001000018
5001000220 5001000118
5001000261 5001000281
5001000166 5001000295
5001000165 5001000272
5001000079 5001000064
5001000177 5001000277
5001000147 5001000111
2501000191 2501000136
2501000025 2501000262
2501000072 2501000225
2501000288 2501000188
2501000072 2501000157
2501000016 2501000014
2501000110 2501000077
2501000171 2501000075
2501000204 2501000076
2501000273 2501000287
2501000288 2501000122
2501000014 2501000300
2501000048 2501000177
2501000292 2501000096
2501000034 2501000261
2501000009 2501000090
2501000084 2501000122
2501000195 2501000003
2501000254 2501000219
2501000272 2501000134
2501000158 2501000078
1251000071 1251000041
1251000017 1251000070
1251000177 1251000210
1251000071 1251000057
1251000281 1251000193
1251000065 1251000208
1251000152 1251000113
1251000071 1251000248
1251000136 1251000100
1251000158 1251000162
1251000202 1251000229
1251000007 1251000228
1251000150 1251000187
1251000173 1251000057
1251000262 1251000287
1251000111 1251000252
1251000271 1251000208
1251000073 1251000069
1251000296 1251000259
1251000098 1251000282
1251000001 1251000221
626000207 626000054
626000093 626000199
626000267 626000237
626000068 626000156
626000212 626000097
626000254 626000259
626000119 626000026
626000007 626000068
626000297 626000014
626000232 626000215
626000080 626000249
626000180 626000226
626000262 626000156
626000028 626000103
626000278 626000235
626000223 626000059
626000223 626000112
626000191 626000002
626000128 626000106
626000273 626000013
626000180 626000141
313500137 313500058
313500043 313500005
313500026 313500251
313500186 313500165
313500262 313500275
313500127 313500056
313500217 313500286
313500053 313500293
313500257 313500248
313500204 313500140
313500140 313500141
313500283 313500043
313500056 313500138
313500010 313500085
313500010 313500176
313500187 313500082
313500223 313500225
313500077 313500103
313500217 313500176
313500221 313500300
313500192 313500016
157250082 157250226
157250085 157250210
157250076 157250131
157250150 157250276
157250143 157250181
157250147 157250285
157250025 157250032
157250262 157250111
157250257 157250271
157250033 157250177
157250014 157250056
157250039 157250103
157250013 157250031
157250029 157250300
157250121 157250276
157250123 157250201
157250239 157250163
157250222 157250024
157250176 157250027
157250149 157250269
157250040 157250070
79125111 79125263
79125036 79125096
79125256 79125095
79125198 79125047
79125003 79125120
79125268 79125071
79125270 79125111
79125253 79125295
79125117 79125202
79125151 79125023
79125059 79125030
79125208 79125111
79125071 79125053
79125246 79125059
79125254 79125094
79125146 79125091
79125101 79125098
79125017 79125031
79125166 79125172
79125080 79125268
79125284 79125284
40062659 40062581
40062549 40062529
40062539 40062725
40062510 40062622
40062705 40062697
40062667 40062671
40062776 40062553
40062663 40062571
40062639 40062754
40062732 40062583
40062722 40062592
40062798 40062707
40062725 40062682
40062504 40062591
40062545 40062501
40062684 40062603
40062632 40062533
40062649 40062776
40062714 40062570
40062555 40062778
40062689 40062617
20531356 20531316
20531537 20531332
20531524 20531420
20531373 20531466
20531264 20531453
20531478 20531290
20531541 20531529
20531455 20531344
20531316 20531550
20531297 20531405
20531460 20531328
20531260 20531461
20531315 20531348
20531481 20531266
20531332 20531369
20531264 20531349
20531280 20531404
20531494 20531442
20531485 20531316
20531310 20531488
20531453 20531284
10765831 10765733
10765843 10765743
10765827 10765699
10765646 10765730
10765864 10765652
10765771 10765889
10765692 10765876
10765750 10765638
10765813 10765701
10765634 10765808
10765783 10765706
10765645 10765891
10765912 10765740
10765784 10765856
10765850 10765856
10765846 10765685
10765702 10765627
10765685 10765861
10765885 10765842
10765718 10765686
10765813 10765762
5882998 5882956
5883038 5882888
5882875 5882918
5882866 5883108
5883055 5882865
5883040 5883094
5883002 5882826
5882905 5883020
5882830 5882982
5883050 5883009
5882994 5882938
5883101 5882824
5882935 5883024
5883001 5882850
5882896 5882985
5882875 5883079
5883076 5882991
5882945 5882937
5883001 5883010
5883065 5882984
5883062 5883072
3441542 3441420
3441542 3441568
3441446 3441572
3441600 3441574
3441513 3441633
3441683 3441559
3441540 3441589
3441622 3441632
3441632 3441620
3441491 3441566
3441615 3441642
3441676 3441483
3441611 3441698
3441660 3441533
3441441 3441628
3441480 3441431
3441585 3441455
3441493 3441541
3441513 3441592
3441428 3441431
3441441 3441672
2220875 2220744
2220759 2220760
2220943 2220892
2220927 2220737
2220821 2220877
2220969 2220841
2220795 2220803
2220737 2220813
2220773 2220832
2220931 2220934
2220837 2220804
2220730 2220793
2220851 2220748
2220864 2220963
2220865 2220961
2220753 2220772
2220728 2220972
2220957 2220776
2220826 2220782
2220749 2220852
2220863 2220775
2 116
44 65
205 170
219 74
154 2
205 167
249 297
117 72
186 131
201 279
80 105
22 19
225 269
89 43
215 164
119 263
270 242
155 281
67 115
169 65
92 148
54 245
259 135
287 18
181 83
96 128
235 292
43 115
145 291
73 100
197 17
13 175
165 189
296 163
191 167
143 223
287 127
55 229
171 266
52 27
204 258
150 79
94 121
2 166
76 176
23 280
227 168
15 97
198 130
253 264
295 242
270 292
101 109
255 170
144 274
218 151
204 166
202 123
239 80
110 300
91 202
175 38
277 141
242 76
243 255
197 79
82 203
198 233
16 277
238 270
107 33
227 202
94 222
95 58
286 276
76 120
131 66
24 269
33 191
143 279
38 199
254 7
5 199
277 162
131 154
2 48
85 84
43 214
291 52
212 260
176 3
296 21
225 56
132 228
153 258
267 82
37 95
51 120
170 146
84 138
170 278
163 197
182 74
185 164
213 253
98 79
172 163
265 63
109 30
195 70
176 73
145 20
50 119
275 95
47 201
119 25
111 104
199 90
135 227
206 103
184 263
292 133
235 218
290 222
33 137
22 246
275 181
