# source: JorikJooken
# original path: jj_extract\knapsackProblemInstances-master\problemInstances\n_1000_c_10000000000_g_10_f_0.3_eps_0_s_200\test.in
# optimal value: 9980524086
# format: n capacity, then weight value
1000 10000000000
5000000086 5000000001
5000000127 5000000126
5000000159 5000000026
5000000159 5000000196
5000000027 5000000118
5000000134 5000000177
5000000096 5000000005
5000000066 5000000063
5000000196 5000000160
5000000051 5000000145
5000000074 5000000173
5000000137 5000000137
5000000174 5000000145
5000000151 5000000129
5000000051 5000000152
5000000065 5000000002
5000000180 5000000169
5000000059 5000000105
5000000015 5000000086
5000000089 5000000147
5000000048 5000000073
5000000199 5000000108
5000000105 5000000112
5000000074 5000000194
5000000044 5000000010
5000000170 5000000091
5000000126 5000000163
5000000065 5000000150
5000000194 5000000092
5000000063 5000000176
5000000178 5000000055
5000000065 5000000100
5000000195 5000000063
5000000099 5000000193
5000000043 5000000136
5000000025 5000000105
5000000122 5000000172
5000000170 5000000173
5000000190 5000000180
5000000128 5000000111
5000000071 5000000019
5000000143 5000000149
5000000163 5000000109
5000000092 5000000151
5000000030 5000000145
5000000072 5000000017
5000000189 5000000084
5000000058 5000000169
5000000117 5000000071
5000000031 5000000043
5000000179 5000000162
5000000052 5000000107
5000000151 5000000004
5000000181 5000000083
5000000164 5000000081
5000000182 5000000078
5000000139 5000000045
5000000142 5000000138
5000000054 5000000053
5000000115 5000000155
5000000091 5000000068
5000000160 5000000076
5000000114 5000000094
5000000070 5000000085
5000000135 5000000068
5000000074 5000000132
5000000117 5000000147
5000000041 5000000127
5000000142 5000000133
5000000190 5000000084
5000000180 5000000079
5000000073 5000000071
5000000116 5000000101
5000000115 5000000132
5000000110 5000000018
5000000102 5000000006
5000000068 5000000104
2500000117 2500000113
2500000146 2500000175
2500000104 2500000012
2500000146 2500000131
2500000194 2500000015
2500000116 2500000135
2500000025 2500000107
2500000079 2500000188
2500000071 2500000068
2500000089 2500000083
2500000149 2500000017
2500000155 2500000100
2500000050 2500000151
2500000168 2500000008
2500000041 2500000096
2500000045 2500000172
2500000156 2500000091
2500000104 2500000100
2500000011 2500000034
2500000171 2500000148
2500000111 2500000146
2500000139 2500000082
2500000120 2500000143
2500000035 2500000065
2500000195 2500000163
2500000196 2500000128
2500000162 2500000003
2500000026 2500000115
2500000148 2500000177
2500000164 2500000004
2500000164 2500000134
2500000071 2500000184
2500000093 2500000005
2500000008 2500000017
2500000002 2500000133
2500000090 2500000171
2500000066 2500000172
2500000133 2500000121
2500000054 2500000025
2500000105 2500000039
2500000060 2500000028
2500000176 2500000043
2500000184 2500000084
2500000041 2500000044
2500000038 2500000042
2500000035 2500000096
2500000042 2500000025
2500000092 2500000040
2500000042 2500000173
2500000101 2500000123
2500000011 2500000036
2500000127 2500000076
2500000106 2500000126
2500000128 2500000109
2500000099 2500000077
2500000034 2500000065
2500000120 2500000190
2500000200 2500000081
2500000070 2500000130
2500000159 2500000043
2500000158 2500000028
2500000137 2500000104
2500000015 2500000082
2500000184 2500000129
2500000101 2500000093
2500000168 2500000025
2500000024 2500000010
2500000078 2500000098
2500000024 2500000094
2500000190 2500000170
2500000046 2500000127
2500000102 2500000036
2500000097 2500000190
2500000049 2500000150
2500000029 2500000057
2500000112 2500000044
2500000192 2500000116
1250000144 1250000172
1250000102 1250000173
1250000188 1250000013
1250000199 1250000024
1250000152 1250000110
1250000097 1250000073
1250000090 1250000083
1250000161 1250000045
1250000184 1250000033
1250000054 1250000139
1250000030 1250000056
1250000017 1250000196
1250000159 1250000094
1250000025 1250000189
1250000142 1250000112
1250000163 1250000063
1250000051 1250000142
1250000179 1250000057
1250000023 1250000193
1250000172 1250000111
1250000181 1250000116
1250000082 1250000138
1250000001 1250000042
1250000189 1250000045
1250000081 1250000148
1250000174 1250000095
1250000148 1250000042
1250000187 1250000189
1250000153 1250000120
1250000075 1250000014
1250000044 1250000027
1250000077 1250000140
1250000163 1250000117
1250000141 1250000181
1250000157 1250000062
1250000156 1250000078
1250000175 1250000066
1250000040 1250000187
1250000112 1250000134
1250000072 1250000159
1250000016 1250000158
1250000026 1250000156
1250000199 1250000102
1250000007 1250000194
1250000036 1250000074
1250000130 1250000040
1250000028 1250000075
1250000173 1250000056
1250000017 1250000163
1250000024 1250000107
1250000177 1250000125
1250000163 1250000008
1250000110 1250000072
1250000110 1250000128
1250000166 1250000148
1250000160 1250000003
1250000124 1250000080
1250000070 1250000138
1250000187 1250000063
1250000146 1250000018
1250000015 1250000200
1250000184 1250000064
1250000196 1250000036
1250000061 1250000011
1250000043 1250000080
1250000041 1250000100
1250000047 1250000198
1250000137 1250000060
1250000005 1250000043
1250000079 1250000193
1250000119 1250000089
1250000059 1250000145
1250000104 1250000041
1250000074 1250000130
1250000095 1250000115
1250000123 1250000022
1250000168 1250000130
625000124 625000013
625000153 625000001
625000047 625000053
625000124 625000183
625000060 625000191
625000138 625000175
625000078 625000132
625000019 625000157
625000171 625000125
625000049 625000029
625000015 625000161
625000140 625000196
625000188 625000194
625000014 625000134
625000106 625000189
625000025 625000080
625000037 625000151
625000141 625000179
625000128 625000150
625000031 625000029
625000068 625000177
625000041 625000071
625000074 625000092
625000012 625000095
625000095 625000195
625000071 625000147
625000032 625000004
625000080 625000096
625000110 625000189
625000108 625000192
625000030 625000114
625000167 625000050
625000114 625000080
625000127 625000056
625000072 625000161
625000013 625000015
625000171 625000060
625000038 625000110
625000146 625000016
625000117 625000102
625000159 625000036
625000151 625000128
625000140 625000109
625000061 625000080
625000117 625000151
625000130 625000052
625000068 625000054
625000039 625000041
625000027 625000067
625000052 625000134
625000066 625000158
625000178 625000164
625000167 625000103
625000092 625000137
625000198 625000177
625000114 625000149
625000091 625000060
625000191 625000053
625000081 625000013
625000011 625000071
625000007 625000178
625000087 625000179
625000075 625000082
625000182 625000002
625000174 625000165
625000124 625000077
625000016 625000011
625000091 625000192
625000076 625000185
625000077 625000168
625000076 625000109
625000098 625000041
625000027 625000143
625000197 625000105
625000008 625000192
625000096 625000013
625000094 625000092
312500001 312500148
312500124 312500177
312500137 312500072
312500160 312500019
312500110 312500111
312500088 312500148
312500026 312500119
312500145 312500072
312500070 312500005
312500199 312500108
312500058 312500158
312500169 312500166
312500157 312500078
312500001 312500069
312500021 312500112
312500092 312500168
312500174 312500163
312500022 312500055
312500139 312500109
312500079 312500085
312500116 312500031
312500140 312500081
312500051 312500015
312500034 312500051
312500011 312500142
312500179 312500186
312500028 312500033
312500100 312500127
312500195 312500171
312500069 312500117
312500059 312500173
312500139 312500188
312500059 312500198
312500057 312500063
312500062 312500104
312500136 312500182
312500039 312500120
312500099 312500189
312500196 312500001
312500113 312500069
312500038 312500107
312500154 312500069
312500041 312500017
312500034 312500124
312500126 312500006
312500004 312500028
312500021 312500199
312500086 312500098
312500037 312500197
312500061 312500173
312500130 312500035
312500196 312500198
312500114 312500073
312500153 312500087
312500043 312500179
312500099 312500036
312500112 312500181
312500184 312500169
312500087 312500023
312500142 312500157
312500088 312500117
312500046 312500181
312500038 312500039
312500082 312500176
312500084 312500043
312500179 312500011
312500200 312500125
312500093 312500019
312500037 312500028
312500128 312500186
312500124 312500012
312500036 312500061
312500060 312500144
312500100 312500170
312500172 312500137
312500047 312500188
312500029 312500133
156250017 156250109
156250170 156250103
156250012 156250027
156250099 156250194
156250143 156250192
156250009 156250097
156250080 156250192
156250188 156250194
156250043 156250198
156250161 156250106
156250038 156250056
156250043 156250098
156250033 156250088
156250175 156250098
156250049 156250160
156250173 156250098
156250022 156250119
156250190 156250052
156250093 156250160
156250066 156250185
156250024 156250198
156250161 156250161
156250125 156250074
156250184 156250022
156250062 156250124
156250111 156250042
156250086 156250048
156250184 156250035
156250125 156250023
156250133 156250150
156250027 156250030
156250061 156250104
156250108 156250030
156250174 156250078
156250126 156250168
156250114 156250067
156250002 156250043
156250033 156250085
156250157 156250054
156250022 156250079
156250122 156250148
156250011 156250195
156250182 156250120
156250169 156250139
156250187 156250150
156250018 156250064
156250122 156250168
156250070 156250053
156250010 156250182
156250045 156250128
156250055 156250198
156250127 156250135
156250081 156250189
156250052 156250065
156250001 156250038
156250200 156250076
156250088 156250158
156250164 156250045
156250113 156250189
156250090 156250160
156250165 156250144
156250104 156250081
156250194 156250136
156250166 156250003
156250064 156250119
156250018 156250140
156250055 156250132
156250169 156250127
156250135 156250187
156250137 156250053
156250092 156250006
156250166 156250078
156250158 156250015
156250081 156250079
156250068 156250090
156250133 156250169
156250118 156250140
78125072 78125105
78125021 78125046
78125187 78125183
78125084 78125077
78125189 78125155
78125190 78125170
78125102 78125174
78125192 78125158
78125089 78125093
78125060 78125178
78125127 78125014
78125073 78125114
78125145 78125084
78125184 78125149
78125015 78125070
78125039 78125029
78125121 78125017
78125089 78125142
78125115 78125020
78125179 78125063
78125044 78125047
78125133 78125116
78125158 78125176
78125126 78125023
78125031 78125057
78125173 78125061
78125148 78125123
78125160 78125017
78125113 78125104
78125055 78125028
78125153 78125133
78125033 78125154
78125198 78125062
78125187 78125035
78125091 78125162
78125173 78125147
78125144 78125046
78125186 78125148
78125056 78125062
78125078 78125147
78125179 78125024
78125153 78125110
78125089 78125063
78125152 78125041
78125165 78125089
78125139 78125097
78125004 78125141
78125077 78125102
78125187 78125149
78125013 78125032
78125136 78125013
78125025 78125160
78125029 78125015
78125113 78125036
78125155 78125003
78125170 78125013
78125075 78125138
78125008 78125013
78125092 78125132
78125090 78125006
78125069 78125062
78125010 78125013
78125052 78125064
78125118 78125094
78125126 78125081
78125143 78125074
78125069 78125043
78125073 78125041
78125045 78125166
78125138 78125031
78125079 78125066
78125019 78125165
78125176 78125079
78125090 78125092
78125124 78125153
78125076 78125079
78125070 78125141
39062616 39062505
39062561 39062520
39062647 39062580
39062507 39062512
39062608 39062629
39062626 39062604
39062543 39062548
39062604 39062522
39062613 39062699
39062671 39062625
39062691 39062669
39062620 39062516
39062672 39062656
39062587 39062650
39062574 39062540
39062694 39062530
39062685 39062652
39062548 39062612
39062509 39062672
39062553 39062533
39062624 39062693
39062679 39062678
39062562 39062582
39062647 39062581
39062594 39062576
39062690 39062504
39062669 39062689
39062573 39062610
39062533 39062511
39062613 39062654
39062670 39062645
39062628 39062510
39062593 39062557
39062565 39062628
39062600 39062638
39062570 39062626
39062519 39062641
39062533 39062634
39062579 39062634
39062679 39062591
39062635 39062694
39062550 39062697
39062600 39062593
39062671 39062557
39062556 39062528
39062561 39062692
39062522 39062639
39062617 39062599
39062533 39062644
39062653 39062521
39062564 39062599
39062564 39062576
39062540 39062651
39062596 39062570
39062570 39062691
39062540 39062653
39062674 39062627
39062540 39062542
39062607 39062553
39062526 39062622
39062683 39062575
39062565 39062536
39062604 39062606
39062628 39062663
39062596 39062619
39062622 39062628
39062615 39062506
39062698 39062660
39062580 39062565
39062651 39062679
39062548 39062570
39062654 39062689
39062680 39062510
39062676 39062584
39062529 39062631
39062583 39062522
39062523 39062696
19531258 19531337
19531350 19531385
19531358 19531391
19531306 19531435
19531364 19531284
19531406 19531332
19531376 19531312
19531440 19531373
19531407 19531384
19531426 19531387
19531278 19531292
19531417 19531390
19531373 19531322
19531313 19531266
19531365 19531288
19531388 19531446
19531326 19531377
19531366 19531372
19531443 19531310
19531384 19531377
19531273 19531328
19531293 19531262
19531294 19531391
19531269 19531252
19531270 19531400
19531338 19531255
19531449 19531371
19531289 19531448
19531319 19531253
19531384 19531280
19531317 19531304
19531367 19531410
19531325 19531303
19531279 19531293
19531302 19531309
19531380 19531417
19531443 19531391
19531360 19531433
19531384 19531407
19531346 19531293
19531266 19531304
19531443 19531271
19531408 19531366
19531381 19531391
19531278 19531267
19531350 19531258
19531370 19531327
19531314 19531332
19531297 19531255
19531408 19531342
19531296 19531367
19531358 19531373
19531343 19531351
19531427 19531386
19531402 19531386
19531375 19531332
19531326 19531401
19531292 19531412
19531287 19531431
19531269 19531406
19531285 19531291
19531408 19531268
19531271 19531297
19531382 19531436
19531431 19531255
19531379 19531446
19531409 19531342
19531318 19531390
19531368 19531292
19531274 19531422
19531382 19531361
19531286 19531414
19531358 19531438
19531360 19531312
19531448 19531416
19531417 19531308
19531270 19531283
97 176
94 131
31 193
179 185
116 72
39 58
90 114
71 148
65 12
161 103
24 47
123 47
90 69
165 150
192 25
110 34
43 101
39 127
51 124
14 184
73 118
83 145
88 78
29 179
133 160
88 145
93 161
162 20
127 24
81 194
60 189
18 139
72 72
28 167
197 95
195 47
76 50
50 135
70 28
88 84
53 145
124 87
116 195
44 192
89 154
167 125
87 176
56 28
6 109
196 100
23 76
146 148
99 111
196 157
140 147
121 93
122 126
126 94
105 84
40 129
191 132
90 193
105 1
150 171
73 20
198 191
165 176
107 100
12 176
160 196
89 32
179 186
72 38
107 168
137 54
74 53
144 184
160 8
186 106
12 155
131 153
189 124
74 62
169 107
25 132
11 91
113 65
14 182
145 169
182 43
99 22
86 68
17 73
88 126
86 122
45 53
102 112
138 74
111 157
127 32
27 13
28 113
171 150
83 192
35 23
97 2
48 147
161 122
69 111
127 99
150 88
20 52
31 26
161 20
98 153
146 191
161 178
11 147
133 163
152 115
167 153
93 44
67 199
28 161
129 183
31 126
14 90
91 8
100 189
126 91
96 56
182 67
84 61
7 191
178 3
161 140
92 194
21 107
59 165
154 194
184 151
177 69
13 62
18 80
5 40
137 180
145 128
163 125
9 107
22 67
125 1
51 96
85 25
101 35
128 27
113 178
102 83
187 12
22 42
187 88
20 27
69 72
27 152
129 126
103 39
133 162
139 72
81 123
75 109
39 57
162 30
121 82
128 200
195 186
82 44
43 97
171 33
54 109
179 45
142 98
68 143
1 22
33 198
137 148
155 167
139 1
95 23
71 108
55 18
162 28
153 78
96 143
20 185
115 193
137 91
123 73
186 59
65 31
165 94
50 153
28 42
67 171
174 166
132 8
89 24
88 61
63 77
17 171
188 182
50 75
138 79
115 140
146 33
164 152
72 187
183 8
142 33
178 52
165 45
169 4
58 151
110 32
173 161
97 113
144 66
70 108
56 130
188 65
30 25
115 91
71 68
191 147
184 15
157 122
142 192
172 16
32 61
66 45
117 35
126 127
195 183
180 87
136 118
135 43
67 124
81 182
103 22
196 131
185 137
186 69
102 103
44 3
122 120
61 169
129 183
65 63
191 34
72 167
188 126
42 23
194 107
11 20
126 11
55 106
47 98
18 153
120 188
152 59
139 151
18 173
5 163
139 20
95 187
101 70
5 155
95 80
70 19
6 82
41 121
170 91
140 173
103 43
200 63
109 183
190 27
170 34
89 33
131 18
132 136
78 37
144 7
24 158
38 98
146 174
133 160
90 189
52 166
151 156
42 32
47 94
26 74
52 153
75 148
38 18
132 13
105 58
102 149
