# source: JorikJooken
# original path: jj_extract\knapsackProblemInstances-master\problemInstances\n_400_c_100000000_g_14_f_0.2_eps_0_s_200\test.in
# optimal value: 100010753
# format: n capacity, then weight value
400 100000000
50000026 50000157
50000015 50000028
50000192 50000159
50000148 50000173
50000148 50000165
50000093 50000133
50000198 50000101
50000118 50000190
50000085 50000102
50000018 50000123
50000064 50000181
50000144 50000064
50000187 50000050
50000175 50000107
50000051 50000101
50000153 50000123
50000158 50000018
50000185 50000141
50000184 50000044
50000053 50000111
50000143 50000150
50000037 50000104
50000015 50000060
50000077 50000069
25000191 25000048
25000043 25000158
25000045 25000156
25000162 25000163
25000151 25000082
25000036 25000080
25000084 25000193
25000092 25000101
25000057 25000065
25000017 25000116
25000152 25000005
25000152 25000131
25000192 25000115
25000119 25000001
25000115 25000096
25000079 25000060
25000050 25000020
25000027 25000150
25000200 25000193
25000064 25000065
25000064 25000139
25000027 25000016
25000158 25000002
25000089 25000061
12500151 12500048
12500024 12500001
12500056 12500151
12500178 12500080
12500123 12500142
12500119 12500187
12500184 12500069
12500075 12500190
12500186 12500077
12500067 12500051
12500158 12500039
12500079 12500153
12500146 12500063
12500105 12500200
12500122 12500196
12500099 12500112
12500062 12500145
12500104 12500138
12500145 12500109
12500006 12500139
12500009 12500051
12500059 12500116
12500158 12500118
12500050 12500057
6250142 6250109
6250037 6250117
6250052 6250077
6250154 6250107
6250011 6250104
6250161 6250070
6250060 6250052
6250108 6250106
6250177 6250137
6250008 6250149
6250180 6250107
6250127 6250027
6250111 6250064
6250017 6250102
6250090 6250141
6250166 6250074
6250082 6250082
6250158 6250063
6250132 6250110
6250093 6250171
6250030 6250137
6250101 6250032
6250038 6250164
6250088 6250015
3125079 3125040
3125054 3125180
3125019 3125125
3125145 3125047
3125079 3125192
3125087 3125128
3125077 3125148
3125197 3125194
3125176 3125194
3125117 3125170
3125060 3125173
3125129 3125143
3125077 3125127
3125153 3125036
3125098 3125135
3125124 3125192
3125071 3125031
3125115 3125134
3125024 3125025
3125041 3125199
3125123 3125123
3125074 3125061
3125001 3125105
3125043 3125032
1562680 1562596
1562534 1562538
1562643 1562589
1562615 1562601
1562609 1562633
1562664 1562651
1562516 1562520
1562636 1562501
1562643 1562594
1562502 1562639
1562565 1562557
1562603 1562575
1562681 1562587
1562633 1562682
1562522 1562584
1562573 1562605
1562642 1562614
1562569 1562564
1562672 1562524
1562615 1562537
1562653 1562678
1562607 1562521
1562559 1562586
1562623 1562642
781385 781283
781333 781291
781281 781287
781322 781401
781296 781368
781420 781301
781278 781278
781297 781278
781441 781380
781254 781387
781388 781297
781413 781273
781266 781253
781267 781415
781442 781315
781300 781355
781293 781437
781395 781427
781281 781327
781417 781307
781276 781438
781391 781346
781313 781259
781382 781274
390705 390799
390762 390683
390654 390639
390636 390687
390780 390716
390805 390628
390692 390814
390735 390797
390743 390734
390721 390649
390804 390662
390649 390731
390631 390822
390775 390700
390726 390763
390825 390654
390737 390660
390710 390772
390801 390708
390672 390773
390760 390656
390712 390751
390776 390812
390825 390777
195397 195347
195491 195471
195479 195379
195420 195337
195406 195378
195504 195362
195346 195406
195422 195348
195330 195494
195324 195410
195370 195328
195509 195452
195382 195451
195494 195321
195389 195496
195396 195421
195328 195337
195403 195378
195401 195420
195317 195326
195394 195486
195500 195434
195400 195387
195365 195426
97805 97725
97711 97682
97788 97662
97856 97708
97785 97774
97733 97760
97712 97750
97853 97699
97707 97838
97813 97847
97794 97706
97838 97679
97802 97737
97690 97853
97668 97851
97844 97747
97799 97757
97788 97766
97760 97818
97671 97836
97812 97668
97790 97694
97696 97795
97657 97748
48961 48971
48919 48956
48862 48969
48862 48877
48924 48960
48997 48892
48923 48955
48837 48839
48995 48948
48977 49022
49025 48895
48879 48931
48958 48966
49014 48909
48940 48977
48876 48947
48961 49027
48961 48986
48921 48871
48902 48997
48845 49026
48903 48996
48994 49019
48980 48890
24555 24570
24449 24504
24584 24592
24578 24460
24448 24448
24577 24529
24432 24560
24522 24472
24585 24602
24564 24570
24443 24435
24515 24592
24586 24454
24504 24418
24605 24496
24566 24467
24564 24573
24443 24605
24452 24566
24566 24611
24608 24490
24486 24586
24583 24494
24428 24430
12321 12237
12327 12342
12374 12358
12277 12237
12346 12307
12246 12257
12233 12295
12364 12258
12348 12219
12217 12268
12386 12382
12216 12371
12319 12387
12382 12361
12291 12219
12339 12290
12253 12354
12258 12389
12330 12323
12287 12281
12249 12305
12220 12403
12365 12401
12369 12374
85 34
119 163
4 200
57 198
185 92
80 20
37 115
196 152
36 100
45 123
113 103
109 142
151 85
10 186
117 75
12 17
99 88
21 148
147 161
144 31
169 29
20 187
177 6
124 150
36 49
23 62
54 87
188 18
109 184
151 176
43 11
180 184
128 98
15 43
6 56
165 188
172 73
121 64
85 54
65 12
100 83
180 27
64 184
147 132
119 104
1 95
109 1
54 51
43 170
104 164
156 128
1 199
109 185
66 142
143 78
187 74
22 28
91 127
45 24
146 91
39 186
104 172
180 46
31 61
97 55
81 66
58 131
89 108
173 106
30 97
186 54
180 89
85 25
152 62
194 104
114 82
72 179
82 35
173 56
68 54
86 179
172 152
18 82
195 138
22 102
167 25
46 12
169 158
